waveform;Bridge;FTC1;FTC2;Bridge (Filtered);T_env;T_cell
t0;30/11/2021  10:22:48,365522;30/11/2021  10:22:48,365522;30/11/2021  10:22:48,365522;30/11/2021  10:22:48,365522;30/11/2021  10:22:46,225623;30/11/2021  10:22:46,225623
delta t;0,000100;0,000100;0,000100;0,000100;0,512821;0,512821

time;Bridge;FTC1;FTC2;Bridge (Filtered);T_env;T_cell
30/11/2021  10:22:48,365522;9,435994E-1;1,044459E+1;3,680107E-3;2,750261E-5;1,077365E+2;1,080745E+2
30/11/2021  10:22:48,365622;9,435904E-1;1,044459E+1;3,996039E-3;1,890625E-4;;
30/11/2021  10:22:48,365722;9,429318E-1;1,044459E+1;3,996039E-3;6,601207E-4;;
30/11/2021  10:22:48,365822;9,432328E-1;1,044459E+1;3,364175E-3;1,620480E-3;;
30/11/2021  10:22:48,365922;9,422910E-1;1,044459E+1;3,680107E-3;3,224852E-3;;
30/11/2021  10:22:48,366022;9,417188E-1;1,044459E+1;3,996039E-3;5,604505E-3;;
30/11/2021  10:22:48,366122;9,415281E-1;1,044459E+1;3,364175E-3;8,868859E-3;;
30/11/2021  10:22:48,366222;9,404433E-1;1,044459E+1;3,364175E-3;1,310706E-2;;
30/11/2021  10:22:48,366322;9,405476E-1;1,044459E+1;3,680107E-3;1,838951E-2;;
30/11/2021  10:22:48,366422;9,403449E-1;1,044459E+1;3,680107E-3;2,476932E-2;;
30/11/2021  10:22:48,366522;9,401720E-1;1,044459E+1;6,523495E-3;3,228381E-2;;
30/11/2021  10:22:48,366622;9,401542E-1;1,044459E+1;3,996039E-3;4,095579E-2;;
30/11/2021  10:22:48,366722;9,397548E-1;1,044459E+1;5,575699E-3;5,079489E-2;;
30/11/2021  10:22:48,366822;9,386521E-1;1,044459E+1;5,575699E-3;6,179871E-2;;
30/11/2021  10:22:48,366922;9,385210E-1;1,044459E+1;7,787223E-3;7,395392E-2;;
30/11/2021  10:22:48,367022;9,381276E-1;1,044459E+1;1,221027E-2;8,723739E-2;;
30/11/2021  10:22:48,367122;9,379815E-1;1,044459E+1;1,094654E-2;1,016173E-1;;
30/11/2021  10:22:48,367222;9,378176E-1;1,044459E+1;8,103155E-3;1,170542E-1;;
30/11/2021  10:22:48,367322;9,371560E-1;1,044459E+1;1,568552E-2;1,335018E-1;;
30/11/2021  10:22:48,367422;9,361576E-1;1,044459E+1;1,284213E-2;1,509082E-1;;
30/11/2021  10:22:48,367522;9,349237E-1;1,044459E+1;1,378993E-2;1,692162E-1;;
30/11/2021  10:22:48,367622;9,347688E-1;1,044459E+1;1,568552E-2;1,883642E-1;;
30/11/2021  10:22:48,367722;9,339700E-1;1,044459E+1;1,442179E-2;2,082874E-1;;
30/11/2021  10:22:48,367822;9,332816E-1;1,044459E+1;1,694925E-2;2,289179E-1;;
30/11/2021  10:22:48,367922;9,324352E-1;1,044459E+1;1,568552E-2;2,501858E-1;;
30/11/2021  10:22:48,368022;9,317646E-1;1,044459E+1;2,232009E-2;2,720198E-1;;
30/11/2021  10:22:48,368122;9,306679E-1;1,044459E+1;1,694925E-2;2,943474E-1;;
30/11/2021  10:22:48,368222;9,299079E-1;1,044459E+1;1,694925E-2;3,170958E-1;;
30/11/2021  10:22:48,368322;9,292671E-1;1,044459E+1;1,631739E-2;3,401921E-1;;
30/11/2021  10:22:48,368422;9,294042E-1;1,044459E+1;9,998747E-3;3,635640E-1;;
30/11/2021  10:22:48,368522;9,292224E-1;1,044459E+1;1,536959E-2;3,871402E-1;;
30/11/2021  10:22:48,368622;9,280094E-1;1,044459E+1;1,442179E-2;4,108508E-1;;
30/11/2021  10:22:48,368722;9,274491E-1;1,044459E+1;1,221027E-2;4,346275E-1;;
30/11/2021  10:22:48,368822;9,269961E-1;1,044459E+1;1,852891E-2;4,584038E-1;;
30/11/2021  10:22:48,368922;9,265402E-1;1,044459E+1;1,442179E-2;4,821155E-1;;
30/11/2021  10:22:48,369022;9,263911E-1;1,044459E+1;1,157841E-2;5,057006E-1;;
30/11/2021  10:22:48,369122;9,260544E-1;1,044459E+1;1,726518E-2;5,291001E-1;;
30/11/2021  10:22:48,369222;9,263613E-1;1,044459E+1;1,821298E-2;5,522575E-1;;
30/11/2021  10:22:48,369322;9,252467E-1;1,044459E+1;8,419087E-3;5,751195E-1;;
30/11/2021  10:22:48,369422;9,246417E-1;1,044459E+1;1,789705E-2;5,976359E-1;;
30/11/2021  10:22:48,369522;9,238221E-1;1,044459E+1;2,232009E-2;6,197592E-1;;
30/11/2021  10:22:48,369622;9,235300E-1;1,044459E+1;1,473773E-2;6,414453E-1;;
30/11/2021  10:22:48,369722;9,239264E-1;1,044459E+1;1,315807E-2;6,626534E-1;;
30/11/2021  10:22:48,369822;9,230234E-1;1,044459E+1;1,916077E-2;6,833459E-1;;
30/11/2021  10:22:48,369922;9,228654E-1;1,044459E+1;1,568552E-2;7,034885E-1;;
30/11/2021  10:22:48,370022;9,219833E-1;1,044459E+1;1,979264E-2;7,230503E-1;;
30/11/2021  10:22:48,370122;9,212740E-1;1,044459E+1;1,916077E-2;7,420034E-1;;
30/11/2021  10:22:48,370222;9,208001E-1;1,044459E+1;1,600145E-2;7,603233E-1;;
30/11/2021  10:22:48,370322;9,208776E-1;1,044459E+1;1,221027E-2;7,779884E-1;;
30/11/2021  10:22:48,370422;9,208835E-1;1,044459E+1;1,126247E-2;7,949803E-1;;
30/11/2021  10:22:48,370522;9,202487E-1;1,044459E+1;1,063061E-2;8,112839E-1;;
30/11/2021  10:22:48,370622;9,199179E-1;1,044459E+1;9,682815E-3;8,268868E-1;;
30/11/2021  10:22:48,370722;9,195156E-1;1,044459E+1;1,094654E-2;8,417796E-1;;
30/11/2021  10:22:48,370822;9,188569E-1;1,044459E+1;1,568552E-2;8,559555E-1;;
30/11/2021  10:22:48,370922;9,183205E-1;1,044459E+1;1,568552E-2;8,694104E-1;;
30/11/2021  10:22:48,371022;9,184606E-1;1,044459E+1;1,694925E-2;8,821427E-1;;
30/11/2021  10:22:48,371122;9,188897E-1;1,044459E+1;1,631739E-2;8,941533E-1;;
30/11/2021  10:22:48,371222;9,185828E-1;1,044459E+1;1,694925E-2;9,054453E-1;;
30/11/2021  10:22:48,371322;9,185351E-1;1,044459E+1;1,347400E-2;9,160243E-1;;
30/11/2021  10:22:48,371422;9,180940E-1;1,044459E+1;1,979264E-2;9,258978E-1;;
30/11/2021  10:22:48,371522;9,178854E-1;1,044459E+1;1,568552E-2;9,350752E-1;;
30/11/2021  10:22:48,371622;9,179181E-1;1,044459E+1;1,536959E-2;9,435678E-1;;
30/11/2021  10:22:48,371722;9,188182E-1;1,044459E+1;1,536959E-2;9,513885E-1;;
30/11/2021  10:22:48,371822;9,188689E-1;1,044459E+1;1,758111E-2;9,585517E-1;;
30/11/2021  10:22:48,371922;9,188391E-1;1,044459E+1;1,536959E-2;9,650737E-1;;
30/11/2021  10:22:48,372022;9,193874E-1;1,044459E+1;1,726518E-2;9,709716E-1;;
30/11/2021  10:22:48,372122;9,188301E-1;1,044459E+1;1,631739E-2;9,762641E-1;;
30/11/2021  10:22:48,372222;9,176797E-1;1,044459E+1;1,315807E-2;9,809706E-1;;
30/11/2021  10:22:48,372322;9,189970E-1;1,044459E+1;1,694925E-2;9,851113E-1;;
30/11/2021  10:22:48,372422;9,197480E-1;1,044459E+1;1,821298E-2;9,887074E-1;;
30/11/2021  10:22:48,372522;9,199328E-1;1,044459E+1;1,631739E-2;9,917807E-1;;
30/11/2021  10:22:48,372622;9,198732E-1;1,044459E+1;1,694925E-2;9,943538E-1;;
30/11/2021  10:22:48,372722;9,197898E-1;1,044459E+1;1,252620E-2;9,964494E-1;;
30/11/2021  10:22:48,372822;9,198494E-1;1,044459E+1;1,600145E-2;9,980909E-1;;
30/11/2021  10:22:48,372922;9,200938E-1;1,044459E+1;1,726518E-2;9,993017E-1;;
30/11/2021  10:22:48,373022;9,207703E-1;1,044459E+1;1,663332E-2;1,000105E+0;;
30/11/2021  10:22:48,373122;9,214766E-1;1,044459E+1;9,998747E-3;1,000525E+0;;
30/11/2021  10:22:48,373222;9,216197E-1;1,044459E+1;1,378993E-2;1,000586E+0;;
30/11/2021  10:22:48,373322;9,220578E-1;1,044459E+1;1,852891E-2;1,000310E+0;;
30/11/2021  10:22:48,373422;9,218670E-1;1,044459E+1;1,758111E-2;9,997208E-1;;
30/11/2021  10:22:48,373522;9,224661E-1;1,044459E+1;1,884484E-2;9,988423E-1;;
30/11/2021  10:22:48,373622;9,225704E-1;1,044459E+1;1,884484E-2;9,976970E-1;;
30/11/2021  10:22:48,373722;9,236731E-1;1,044459E+1;1,821298E-2;9,963071E-1;;
30/11/2021  10:22:48,373822;9,244957E-1;1,044459E+1;1,600145E-2;9,946946E-1;;
30/11/2021  10:22:48,373922;9,244510E-1;1,044459E+1;1,789705E-2;9,928812E-1;;
30/11/2021  10:22:48,374022;9,250947E-1;1,044459E+1;1,726518E-2;9,908877E-1;;
30/11/2021  10:22:48,374122;9,251126E-1;1,044459E+1;1,694925E-2;9,887348E-1;;
30/11/2021  10:22:48,374222;9,247609E-1;1,044459E+1;1,442179E-2;9,864419E-1;;
30/11/2021  10:22:48,374322;9,255060E-1;1,044459E+1;1,473773E-2;9,840282E-1;;
30/11/2021  10:22:48,374422;9,272346E-1;1,044459E+1;1,694925E-2;9,815117E-1;;
30/11/2021  10:22:48,374522;9,271273E-1;1,044459E+1;1,568552E-2;9,789102E-1;;
30/11/2021  10:22:48,374622;9,277293E-1;1,044459E+1;1,284213E-2;9,762406E-1;;
30/11/2021  10:22:48,374722;9,283075E-1;1,044459E+1;1,726518E-2;9,735191E-1;;
30/11/2021  10:22:48,374822;9,286085E-1;1,044459E+1;2,010857E-2;9,707610E-1;;
30/11/2021  10:22:48,374922;9,286651E-1;1,044459E+1;1,789705E-2;9,679809E-1;;
30/11/2021  10:22:48,375022;9,300658E-1;1,044459E+1;2,010857E-2;9,651927E-1;;
30/11/2021  10:22:48,375122;9,307334E-1;1,044459E+1;1,694925E-2;9,624092E-1;;
30/11/2021  10:22:48,375222;9,317736E-1;1,044459E+1;1,789705E-2;9,596429E-1;;
30/11/2021  10:22:48,375322;9,323249E-1;1,044459E+1;1,252620E-2;9,569051E-1;;
30/11/2021  10:22:48,375422;9,323428E-1;1,044459E+1;1,694925E-2;9,542068E-1;;
30/11/2021  10:22:48,375522;9,329985E-1;1,044459E+1;1,726518E-2;9,515579E-1;;
30/11/2021  10:22:48,375622;9,335886E-1;1,044459E+1;1,726518E-2;9,489675E-1;;
30/11/2021  10:22:48,375722;9,348790E-1;1,044459E+1;1,758111E-2;9,464439E-1;;
30/11/2021  10:22:48,375822;9,357344E-1;1,044459E+1;1,631739E-2;9,439949E-1;;
30/11/2021  10:22:48,375922;9,362798E-1;1,044459E+1;1,189434E-2;9,416275E-1;;
30/11/2021  10:22:48,376022;9,366493E-1;1,044459E+1;1,600145E-2;9,393481E-1;;
30/11/2021  10:22:48,376122;9,376835E-1;1,044459E+1;1,473773E-2;9,371622E-1;;
30/11/2021  10:22:48,376222;9,382050E-1;1,044459E+1;1,852891E-2;9,350747E-1;;
30/11/2021  10:22:48,376322;9,396594E-1;1,044459E+1;1,663332E-2;9,330900E-1;;
30/11/2021  10:22:48,376422;9,404015E-1;1,044459E+1;1,663332E-2;9,312117E-1;;
30/11/2021  10:22:48,376522;9,416413E-1;1,044459E+1;1,821298E-2;9,294432E-1;;
30/11/2021  10:22:48,376622;9,422165E-1;1,044459E+1;1,221027E-2;9,277869E-1;;
30/11/2021  10:22:48,376722;9,429139E-1;1,044459E+1;1,789705E-2;9,262451E-1;;
30/11/2021  10:22:48,376822;9,428811E-1;1,044459E+1;1,473773E-2;9,248193E-1;;
30/11/2021  10:22:48,376922;9,438676E-1;1,044459E+1;1,568552E-2;9,235103E-1;;
30/11/2021  10:22:48,377022;9,451551E-1;1,044459E+1;1,031468E-2;9,223188E-1;;
30/11/2021  10:22:48,377122;9,462310E-1;1,044459E+1;1,568552E-2;9,212445E-1;;
30/11/2021  10:22:48,377222;9,472085E-1;1,044459E+1;1,694925E-2;9,202873E-1;;
30/11/2021  10:22:48,377322;9,485288E-1;1,044459E+1;1,600145E-2;9,194465E-1;;
30/11/2021  10:22:48,377422;9,490176E-1;1,044459E+1;1,663332E-2;9,187210E-1;;
30/11/2021  10:22:48,377522;9,486212E-1;1,044459E+1;1,189434E-2;9,181096E-1;;
30/11/2021  10:22:48,377622;9,498729E-1;1,044459E+1;1,694925E-2;9,176103E-1;;
30/11/2021  10:22:48,377722;9,508832E-1;1,044459E+1;1,568552E-2;9,172210E-1;;
30/11/2021  10:22:48,377822;9,518518E-1;1,044459E+1;1,600145E-2;9,169394E-1;;
30/11/2021  10:22:48,377922;9,522065E-1;1,044459E+1;1,284213E-2;9,167626E-1;;
30/11/2021  10:22:48,378022;9,526953E-1;1,044459E+1;1,505366E-2;9,166879E-1;;
30/11/2021  10:22:48,378122;9,526208E-1;1,044459E+1;1,726518E-2;9,167121E-1;;
30/11/2021  10:22:48,378222;9,528353E-1;1,044459E+1;1,758111E-2;9,168316E-1;;
30/11/2021  10:22:48,378322;9,536251E-1;1,044459E+1;1,821298E-2;9,170428E-1;;
30/11/2021  10:22:48,378422;9,540036E-1;1,044459E+1;2,010857E-2;9,173417E-1;;
30/11/2021  10:22:48,378522;9,548053E-1;1,044459E+1;1,947671E-2;9,177243E-1;;
30/11/2021  10:22:48,378622;9,549543E-1;1,044459E+1;1,916077E-2;9,181864E-1;;
30/11/2021  10:22:48,378722;9,553537E-1;1,044459E+1;1,221027E-2;9,187239E-1;;
30/11/2021  10:22:48,378822;9,549931E-1;1,044459E+1;1,347400E-2;9,193323E-1;;
30/11/2021  10:22:48,378922;9,549990E-1;1,044459E+1;8,103155E-3;9,200073E-1;;
30/11/2021  10:22:48,379022;9,553060E-1;1,044459E+1;8,735019E-3;9,207441E-1;;
30/11/2021  10:22:48,379122;9,557680E-1;1,044459E+1;1,126247E-2;9,215382E-1;;
30/11/2021  10:22:48,379222;9,561286E-1;1,044459E+1;1,410586E-2;9,223849E-1;;
30/11/2021  10:22:48,379322;9,561107E-1;1,044459E+1;1,631739E-2;9,232796E-1;;
30/11/2021  10:22:48,379422;9,564773E-1;1,044459E+1;1,410586E-2;9,242177E-1;;
30/11/2021  10:22:48,379522;9,556785E-1;1,044459E+1;1,758111E-2;9,251949E-1;;
30/11/2021  10:22:48,379622;9,556756E-1;1,044459E+1;1,852891E-2;9,262064E-1;;
30/11/2021  10:22:48,379722;9,569631E-1;1,044459E+1;1,663332E-2;9,272478E-1;;
30/11/2021  10:22:48,379822;9,567008E-1;1,044459E+1;1,663332E-2;9,283147E-1;;
30/11/2021  10:22:48,379922;9,569213E-1;1,044459E+1;1,916077E-2;9,294030E-1;;
30/11/2021  10:22:48,380022;9,573654E-1;1,044459E+1;1,568552E-2;9,305085E-1;;
30/11/2021  10:22:48,380122;9,570793E-1;1,044459E+1;1,315807E-2;9,316274E-1;;
30/11/2021  10:22:48,380222;9,565786E-1;1,044459E+1;1,821298E-2;9,327559E-1;;
30/11/2021  10:22:48,380322;9,563193E-1;1,044459E+1;1,726518E-2;9,338901E-1;;
30/11/2021  10:22:48,380422;9,570018E-1;1,044459E+1;1,758111E-2;9,350265E-1;;
30/11/2021  10:22:48,380522;9,567216E-1;1,044459E+1;1,410586E-2;9,361614E-1;;
30/11/2021  10:22:48,380622;9,571508E-1;1,044459E+1;1,505366E-2;9,372917E-1;;
30/11/2021  10:22:48,380722;9,564594E-1;1,044459E+1;1,600145E-2;9,384142E-1;;
30/11/2021  10:22:48,380822;9,552643E-1;1,044459E+1;1,221027E-2;9,395258E-1;;
30/11/2021  10:22:48,380922;9,550229E-1;1,044459E+1;2,105637E-2;9,406235E-1;;
30/11/2021  10:22:48,381022;9,551779E-1;1,044459E+1;1,789705E-2;9,417044E-1;;
30/11/2021  10:22:48,381122;9,551361E-1;1,044459E+1;1,221027E-2;9,427657E-1;;
30/11/2021  10:22:48,381222;9,551779E-1;1,044459E+1;1,758111E-2;9,438049E-1;;
30/11/2021  10:22:48,381322;9,546354E-1;1,044459E+1;1,031468E-2;9,448196E-1;;
30/11/2021  10:22:48,381422;9,543553E-1;1,044459E+1;1,126247E-2;9,458076E-1;;
30/11/2021  10:22:48,381522;9,544477E-1;1,044459E+1;1,126247E-2;9,467669E-1;;
30/11/2021  10:22:48,381622;9,545132E-1;1,044459E+1;1,347400E-2;9,476957E-1;;
30/11/2021  10:22:48,381722;9,547457E-1;1,044459E+1;1,694925E-2;9,485924E-1;;
30/11/2021  10:22:48,381822;9,552404E-1;1,044459E+1;1,221027E-2;9,494556E-1;;
30/11/2021  10:22:48,381922;9,559080E-1;1,044459E+1;1,663332E-2;9,502844E-1;;
30/11/2021  10:22:48,382022;9,561405E-1;1,044459E+1;1,410586E-2;9,510779E-1;;
30/11/2021  10:22:48,382122;9,563640E-1;1,044459E+1;1,852891E-2;9,518357E-1;;
30/11/2021  10:22:48,382222;9,564624E-1;1,044459E+1;1,947671E-2;9,525574E-1;;
30/11/2021  10:22:48,382322;9,565548E-1;1,044459E+1;1,347400E-2;9,532430E-1;;
30/11/2021  10:22:48,382422;9,572402E-1;1,044459E+1;7,471291E-3;9,538925E-1;;
30/11/2021  10:22:48,382522;9,578929E-1;1,044459E+1;1,726518E-2;9,545061E-1;;
30/11/2021  10:22:48,382622;9,584234E-1;1,044459E+1;2,042450E-2;9,550843E-1;;
30/11/2021  10:22:48,382722;9,580151E-1;1,044459E+1;3,996039E-3;9,556278E-1;;
30/11/2021  10:22:48,382822;9,579674E-1;1,044459E+1;6,207563E-3;9,561372E-1;;
30/11/2021  10:22:48,382922;9,580747E-1;1,044459E+1;1,094654E-2;9,566133E-1;;
30/11/2021  10:22:48,383022;9,575681E-1;1,044459E+1;4,311971E-3;9,570570E-1;;
30/11/2021  10:22:48,383122;9,586320E-1;1,044459E+1;3,996039E-3;9,574689E-1;;
30/11/2021  10:22:48,383222;9,584592E-1;1,044459E+1;3,680107E-3;9,578499E-1;;
30/11/2021  10:22:48,383322;9,583787E-1;1,044459E+1;7,787223E-3;9,582012E-1;;
30/11/2021  10:22:48,383422;9,577737E-1;1,044459E+1;8,419087E-3;9,585236E-1;;
30/11/2021  10:22:48,383522;9,574786E-1;1,044459E+1;3,680107E-3;9,588181E-1;;
30/11/2021  10:22:48,383622;9,569929E-1;1,044459E+1;1,094654E-2;9,590856E-1;;
30/11/2021  10:22:48,383722;9,576783E-1;1,044459E+1;4,311971E-3;9,593269E-1;;
30/11/2021  10:22:48,383822;9,576396E-1;1,044459E+1;1,157841E-2;9,595429E-1;;
30/11/2021  10:22:48,383922;9,578333E-1;1,044459E+1;3,364175E-3;9,597345E-1;;
30/11/2021  10:22:48,384022;9,579227E-1;1,044459E+1;3,364175E-3;9,599028E-1;;
30/11/2021  10:22:48,384122;9,576366E-1;1,044459E+1;3,364175E-3;9,600488E-1;;
30/11/2021  10:22:48,384222;9,574816E-1;1,044459E+1;3,364175E-3;9,601736E-1;;
30/11/2021  10:22:48,384322;9,575234E-1;1,044459E+1;3,680107E-3;9,602781E-1;;
30/11/2021  10:22:48,384422;9,577260E-1;1,044459E+1;3,364175E-3;9,603633E-1;;
30/11/2021  10:22:48,384522;9,587035E-1;1,044459E+1;3,364175E-3;9,604302E-1;;
30/11/2021  10:22:48,384622;9,589748E-1;1,044459E+1;3,680107E-3;9,604801E-1;;
30/11/2021  10:22:48,384722;9,587065E-1;1,044459E+1;4,311971E-3;9,605142E-1;;
30/11/2021  10:22:48,384822;9,586886E-1;1,044459E+1;3,048243E-3;9,605336E-1;;
30/11/2021  10:22:48,384922;9,586886E-1;1,044459E+1;3,680107E-3;9,605396E-1;;
30/11/2021  10:22:48,385022;9,586410E-1;1,044459E+1;3,680107E-3;9,605332E-1;;
30/11/2021  10:22:48,385122;9,589777E-1;1,044459E+1;3,364175E-3;9,605155E-1;;
30/11/2021  10:22:48,385222;9,596185E-1;1,044459E+1;3,048243E-3;9,604877E-1;;
30/11/2021  10:22:48,385322;9,594844E-1;1,044459E+1;4,311971E-3;9,604508E-1;;
30/11/2021  10:22:48,385422;9,595798E-1;1,044459E+1;3,996039E-3;9,604060E-1;;
30/11/2021  10:22:48,385522;9,595768E-1;1,044459E+1;2,732311E-3;9,603543E-1;;
30/11/2021  10:22:48,385622;9,593980E-1;1,044459E+1;3,048243E-3;9,602966E-1;;
30/11/2021  10:22:48,385722;9,590701E-1;1,044459E+1;3,680107E-3;9,602341E-1;;
30/11/2021  10:22:48,385822;9,599463E-1;1,044459E+1;3,364175E-3;9,601673E-1;;
30/11/2021  10:22:48,385922;9,598510E-1;1,044459E+1;4,311971E-3;9,600973E-1;;
30/11/2021  10:22:48,386022;9,600149E-1;1,044459E+1;3,996039E-3;9,600249E-1;;
30/11/2021  10:22:48,386122;9,599702E-1;1,044459E+1;3,996039E-3;9,599507E-1;;
30/11/2021  10:22:48,386222;9,595291E-1;1,044459E+1;3,996039E-3;9,598757E-1;;
30/11/2021  10:22:48,386322;9,592221E-1;1,044459E+1;3,364175E-3;9,598003E-1;;
30/11/2021  10:22:48,386422;9,592102E-1;1,044459E+1;1,126247E-2;9,597251E-1;;
30/11/2021  10:22:48,386522;9,594695E-1;1,044459E+1;1,126247E-2;9,596505E-1;;
30/11/2021  10:22:48,386622;9,591327E-1;1,044459E+1;5,575699E-3;9,595769E-1;;
30/11/2021  10:22:48,386722;9,589122E-1;1,044459E+1;9,366883E-3;9,595047E-1;;
30/11/2021  10:22:48,386822;9,584800E-1;1,044459E+1;1,663332E-2;9,594341E-1;;
30/11/2021  10:22:48,386922;9,583757E-1;1,044459E+1;1,473773E-2;9,593652E-1;;
30/11/2021  10:22:48,387022;9,583251E-1;1,044459E+1;1,094654E-2;9,592981E-1;;
30/11/2021  10:22:48,387122;9,584294E-1;1,044459E+1;1,126247E-2;9,592330E-1;;
30/11/2021  10:22:48,387222;9,594427E-1;1,044459E+1;1,315807E-2;9,591699E-1;;
30/11/2021  10:22:48,387322;9,589777E-1;1,044459E+1;1,284213E-2;9,591088E-1;;
30/11/2021  10:22:48,387422;9,584294E-1;1,044459E+1;4,311971E-3;9,590501E-1;;
30/11/2021  10:22:48,387522;9,585307E-1;1,044459E+1;8,735019E-3;9,589938E-1;;
30/11/2021  10:22:48,387622;9,583608E-1;1,044459E+1;1,252620E-2;9,589400E-1;;
30/11/2021  10:22:48,387722;9,586171E-1;1,044459E+1;1,221027E-2;9,588885E-1;;
30/11/2021  10:22:48,387822;9,587959E-1;1,044459E+1;1,694925E-2;9,588395E-1;;
30/11/2021  10:22:48,387922;9,595529E-1;1,044459E+1;1,473773E-2;9,587929E-1;;
30/11/2021  10:22:48,388022;9,592847E-1;1,044459E+1;2,295196E-2;9,587490E-1;;
30/11/2021  10:22:48,388122;9,592579E-1;1,044459E+1;1,536959E-2;9,587078E-1;;
30/11/2021  10:22:48,388222;9,585963E-1;1,044459E+1;1,442179E-2;9,586694E-1;;
30/11/2021  10:22:48,388322;9,588496E-1;1,044459E+1;1,726518E-2;9,586339E-1;;
30/11/2021  10:22:48,388422;9,589330E-1;1,044459E+1;1,884484E-2;9,586012E-1;;
30/11/2021  10:22:48,388522;9,599404E-1;1,044459E+1;1,568552E-2;9,585714E-1;;
30/11/2021  10:22:48,388622;9,594456E-1;1,044459E+1;1,789705E-2;9,585444E-1;;
30/11/2021  10:22:48,388722;9,598748E-1;1,044459E+1;1,694925E-2;9,585204E-1;;
30/11/2021  10:22:48,388822;9,596006E-1;1,044459E+1;1,663332E-2;9,584995E-1;;
30/11/2021  10:22:48,388922;9,587155E-1;1,044459E+1;1,663332E-2;9,584818E-1;;
30/11/2021  10:22:48,389022;9,587542E-1;1,044459E+1;1,789705E-2;9,584671E-1;;
30/11/2021  10:22:48,389122;9,587989E-1;1,044459E+1;1,568552E-2;9,584553E-1;;
30/11/2021  10:22:48,389222;9,593741E-1;1,044459E+1;1,505366E-2;9,584462E-1;;
30/11/2021  10:22:48,389322;9,595976E-1;1,044459E+1;1,726518E-2;9,584397E-1;;
30/11/2021  10:22:48,389422;9,590105E-1;1,044459E+1;1,663332E-2;9,584358E-1;;
30/11/2021  10:22:48,389522;9,584174E-1;1,044459E+1;1,789705E-2;9,584344E-1;;
30/11/2021  10:22:48,389622;9,579823E-1;1,044459E+1;1,315807E-2;9,584352E-1;;
30/11/2021  10:22:48,389722;9,580896E-1;1,044459E+1;1,315807E-2;9,584380E-1;;
30/11/2021  10:22:48,389822;9,587095E-1;1,044459E+1;1,568552E-2;9,584424E-1;;
30/11/2021  10:22:48,389922;9,585903E-1;1,044459E+1;1,758111E-2;9,584483E-1;;
30/11/2021  10:22:48,390022;9,585396E-1;1,044459E+1;1,473773E-2;9,584553E-1;;
30/11/2021  10:22:48,390122;9,584085E-1;1,044459E+1;2,105637E-2;9,584634E-1;;
30/11/2021  10:22:48,390222;9,580658E-1;1,044459E+1;1,821298E-2;9,584724E-1;;
30/11/2021  10:22:48,390322;9,579048E-1;1,044459E+1;1,758111E-2;9,584820E-1;;
30/11/2021  10:22:48,390422;9,578691E-1;1,044459E+1;1,442179E-2;9,584920E-1;;
30/11/2021  10:22:48,390522;9,582178E-1;1,044459E+1;1,694925E-2;9,585021E-1;;
30/11/2021  10:22:48,390622;9,586588E-1;1,044459E+1;1,694925E-2;9,585122E-1;;
30/11/2021  10:22:48,390722;9,588794E-1;1,044459E+1;1,694925E-2;9,585221E-1;;
30/11/2021  10:22:48,390822;9,592698E-1;1,044459E+1;1,663332E-2;9,585319E-1;;
30/11/2021  10:22:48,390922;9,583996E-1;1,044459E+1;1,726518E-2;9,585416E-1;;
30/11/2021  10:22:48,391022;9,577767E-1;1,044459E+1;1,473773E-2;9,585512E-1;;
30/11/2021  10:22:48,391122;9,579406E-1;1,044459E+1;1,347400E-2;9,585606E-1;;
30/11/2021  10:22:48,391222;9,584770E-1;1,044459E+1;1,694925E-2;9,585695E-1;;
30/11/2021  10:22:48,391322;9,585992E-1;1,044459E+1;1,284213E-2;9,585779E-1;;
30/11/2021  10:22:48,391422;9,587512E-1;1,044459E+1;9,998747E-3;9,585858E-1;;
30/11/2021  10:22:48,391522;9,572611E-1;1,044459E+1;1,347400E-2;9,585931E-1;;
30/11/2021  10:22:48,391622;9,565488E-1;1,044459E+1;1,663332E-2;9,585997E-1;;
30/11/2021  10:22:48,391722;9,559885E-1;1,044459E+1;1,947671E-2;9,586052E-1;;
30/11/2021  10:22:48,391822;9,558723E-1;1,044459E+1;1,726518E-2;9,586093E-1;;
30/11/2021  10:22:48,391922;9,556607E-1;1,044459E+1;1,758111E-2;9,586114E-1;;
30/11/2021  10:22:48,392022;9,552136E-1;1,044459E+1;1,663332E-2;9,586111E-1;;
30/11/2021  10:22:48,392122;9,536996E-1;1,044459E+1;1,473773E-2;9,586079E-1;;
30/11/2021  10:22:48,392222;9,527340E-1;1,044459E+1;2,042450E-2;9,586012E-1;;
30/11/2021  10:22:48,392322;9,517893E-1;1,044459E+1;2,295196E-2;9,585902E-1;;
30/11/2021  10:22:48,392422;9,511515E-1;1,044459E+1;1,315807E-2;9,585740E-1;;
30/11/2021  10:22:48,392522;9,512081E-1;1,044459E+1;1,694925E-2;9,585517E-1;;
30/11/2021  10:22:48,392622;9,507998E-1;1,044459E+1;1,663332E-2;9,585226E-1;;
30/11/2021  10:22:48,392722;9,503885E-1;1,044459E+1;1,505366E-2;9,584857E-1;;
30/11/2021  10:22:48,392822;9,495361E-1;1,044459E+1;2,168823E-2;9,584406E-1;;
30/11/2021  10:22:48,392922;9,480013E-1;1,044459E+1;1,726518E-2;9,583865E-1;;
30/11/2021  10:22:48,393022;9,473277E-1;1,044459E+1;1,726518E-2;9,583225E-1;;
30/11/2021  10:22:48,393122;9,471042E-1;1,044459E+1;1,852891E-2;9,582479E-1;;
30/11/2021  10:22:48,393222;9,471489E-1;1,044459E+1;3,495737E-2;9,581620E-1;;
30/11/2021  10:22:48,393322;9,468867E-1;1,044459E+1;1,947671E-2;9,580641E-1;;
30/11/2021  10:22:48,393422;9,460462E-1;1,044459E+1;1,979264E-2;9,579537E-1;;
30/11/2021  10:22:48,393522;9,453607E-1;1,044459E+1;1,726518E-2;9,578305E-1;;
30/11/2021  10:22:48,393622;9,444428E-1;1,044459E+1;1,947671E-2;9,576940E-1;;
30/11/2021  10:22:48,393722;9,439004E-1;1,044459E+1;9,182514E-2;9,575438E-1;;
30/11/2021  10:22:48,393822;9,429705E-1;1,044459E+1;1,852891E-2;9,573795E-1;;
30/11/2021  10:22:48,393922;9,428603E-1;1,044459E+1;1,631739E-2;9,572008E-1;;
30/11/2021  10:22:48,394022;9,427440E-1;1,044459E+1;1,789705E-2;9,570073E-1;;
30/11/2021  10:22:48,394122;9,420973E-1;1,044459E+1;1,536959E-2;9,567988E-1;;
30/11/2021  10:22:48,394222;9,410602E-1;1,044459E+1;1,726518E-2;9,565754E-1;;
30/11/2021  10:22:48,394322;9,399694E-1;1,044459E+1;6,465498E-2;9,563368E-1;;
30/11/2021  10:22:48,394422;9,393405E-1;1,044459E+1;1,663332E-2;9,560829E-1;;
30/11/2021  10:22:48,394522;9,396863E-1;1,044459E+1;1,600145E-2;9,558136E-1;;
30/11/2021  10:22:48,394622;9,392720E-1;1,044459E+1;2,516348E-2;9,555289E-1;;
30/11/2021  10:22:48,394722;9,386849E-1;1,044459E+1;1,252620E-2;9,552290E-1;;
30/11/2021  10:22:48,394822;9,375047E-1;1,044459E+1;2,263603E-2;9,549139E-1;;
30/11/2021  10:22:48,394922;9,373229E-1;1,044459E+1;9,998747E-3;9,545839E-1;;
30/11/2021  10:22:48,395022;9,361427E-1;1,044459E+1;5,928414E-2;9,542391E-1;;
30/11/2021  10:22:48,395122;9,362828E-1;1,044459E+1;1,505366E-2;9,538798E-1;;
30/11/2021  10:22:48,395222;9,364288E-1;1,044459E+1;1,568552E-2;9,535062E-1;;
30/11/2021  10:22:48,395322;9,366851E-1;1,044459E+1;1,694925E-2;9,531186E-1;;
30/11/2021  10:22:48,395422;9,368371E-1;1,044459E+1;3,780076E-2;9,527179E-1;;
30/11/2021  10:22:48,395522;9,365599E-1;1,044459E+1;2,042450E-2;9,523046E-1;;
30/11/2021  10:22:48,395622;9,353201E-1;1,044459E+1;1,979264E-2;9,518796E-1;;
30/11/2021  10:22:48,395722;9,355168E-1;1,044459E+1;1,947671E-2;9,514436E-1;;
30/11/2021  10:22:48,395822;9,355228E-1;1,044459E+1;1,821298E-2;9,509976E-1;;
30/11/2021  10:22:48,395922;9,357344E-1;1,044459E+1;1,315807E-2;9,505422E-1;;
30/11/2021  10:22:48,396022;9,362172E-1;1,044459E+1;7,787223E-3;9,500785E-1;;
30/11/2021  10:22:48,396122;9,360175E-1;1,044459E+1;9,998747E-3;9,496076E-1;;
30/11/2021  10:22:48,396222;9,360145E-1;1,044459E+1;1,252620E-2;9,491305E-1;;
30/11/2021  10:22:48,396322;9,354006E-1;1,044459E+1;1,600145E-2;9,486484E-1;;
30/11/2021  10:22:48,396422;9,353320E-1;1,044459E+1;8,103155E-3;9,481624E-1;;
30/11/2021  10:22:48,396522;9,354125E-1;1,044459E+1;1,789705E-2;9,476736E-1;;
30/11/2021  10:22:48,396622;9,358268E-1;1,044459E+1;1,726518E-2;9,471830E-1;;
30/11/2021  10:22:48,396722;9,353767E-1;1,044459E+1;1,852891E-2;9,466916E-1;;
30/11/2021  10:22:48,396822;9,350728E-1;1,044459E+1;1,726518E-2;9,462006E-1;;
30/11/2021  10:22:48,396922;9,339164E-1;1,044459E+1;1,568552E-2;9,457109E-1;;
30/11/2021  10:22:48,397022;9,336422E-1;1,044459E+1;7,787223E-3;9,452234E-1;;
30/11/2021  10:22:48,397122;9,334843E-1;1,044459E+1;1,568552E-2;9,447386E-1;;
30/11/2021  10:22:48,397222;9,331505E-1;1,044459E+1;1,694925E-2;9,442572E-1;;
30/11/2021  10:22:48,397322;9,326557E-1;1,044459E+1;1,473773E-2;9,437798E-1;;
30/11/2021  10:22:48,397422;9,323696E-1;1,044459E+1;1,600145E-2;9,433068E-1;;
30/11/2021  10:22:48,397522;9,314368E-1;1,044459E+1;1,568552E-2;9,428387E-1;;
30/11/2021  10:22:48,397622;9,307454E-1;1,044459E+1;1,663332E-2;9,423756E-1;;
30/11/2021  10:22:48,397722;9,297172E-1;1,044459E+1;1,726518E-2;9,419178E-1;;
30/11/2021  10:22:48,397822;9,298691E-1;1,044459E+1;1,663332E-2;9,414654E-1;;
30/11/2021  10:22:48,397922;9,299675E-1;1,044459E+1;1,758111E-2;9,410182E-1;;
30/11/2021  10:22:48,398022;9,297589E-1;1,044459E+1;1,663332E-2;9,405763E-1;;
30/11/2021  10:22:48,398122;9,295085E-1;1,044459E+1;1,916077E-2;9,401398E-1;;
30/11/2021  10:22:48,398222;9,293297E-1;1,044459E+1;1,505366E-2;9,397088E-1;;
30/11/2021  10:22:48,398322;9,285995E-1;1,044459E+1;1,284213E-2;9,392834E-1;;
30/11/2021  10:22:48,398422;9,280184E-1;1,044459E+1;1,031468E-2;9,388637E-1;;
30/11/2021  10:22:48,398522;9,292612E-1;1,044459E+1;1,600145E-2;9,384496E-1;;
30/11/2021  10:22:48,398622;9,291032E-1;1,044459E+1;1,505366E-2;9,380411E-1;;
30/11/2021  10:22:48,398722;9,294430E-1;1,044459E+1;1,947671E-2;9,376386E-1;;
30/11/2021  10:22:48,398822;9,292820E-1;1,044459E+1;7,471291E-3;9,372424E-1;;
30/11/2021  10:22:48,398922;9,288022E-1;1,044459E+1;1,347400E-2;9,368526E-1;;
30/11/2021  10:22:48,399022;9,280661E-1;1,044459E+1;1,758111E-2;9,364695E-1;;
30/11/2021  10:22:48,399122;9,279409E-1;1,044459E+1;1,789705E-2;9,360934E-1;;
30/11/2021  10:22:48,399222;9,284088E-1;1,044459E+1;1,789705E-2;9,357242E-1;;
30/11/2021  10:22:48,399322;9,294370E-1;1,044459E+1;1,568552E-2;9,353622E-1;;
30/11/2021  10:22:48,399422;9,292850E-1;1,044459E+1;1,505366E-2;9,350075E-1;;
30/11/2021  10:22:48,399522;9,291777E-1;1,044459E+1;1,694925E-2;9,346606E-1;;
30/11/2021  10:22:48,399622;9,282955E-1;1,044459E+1;1,821298E-2;9,343218E-1;;
30/11/2021  10:22:48,399722;9,281376E-1;1,044459E+1;1,694925E-2;9,339914E-1;;
30/11/2021  10:22:48,399822;9,281465E-1;1,044459E+1;1,600145E-2;9,336693E-1;;
30/11/2021  10:22:48,399922;9,284088E-1;1,044459E+1;1,758111E-2;9,333557E-1;;
30/11/2021  10:22:48,400022;9,292641E-1;1,044459E+1;1,631739E-2;9,330508E-1;;
30/11/2021  10:22:48,400122;9,291241E-1;1,044459E+1;1,726518E-2;9,327547E-1;;
30/11/2021  10:22:48,400222;9,287694E-1;1,044459E+1;1,631739E-2;9,324677E-1;;
30/11/2021  10:22:48,400322;9,289333E-1;1,044459E+1;1,852891E-2;9,321900E-1;;
30/11/2021  10:22:48,400422;9,291092E-1;1,044459E+1;1,852891E-2;9,319218E-1;;
30/11/2021  10:22:48,400522;9,289810E-1;1,044459E+1;1,821298E-2;9,316632E-1;;
30/11/2021  10:22:48,400622;9,292403E-1;1,044459E+1;1,758111E-2;9,314144E-1;;
30/11/2021  10:22:48,400722;9,295056E-1;1,044459E+1;1,694925E-2;9,311755E-1;;
30/11/2021  10:22:48,400822;9,296248E-1;1,044459E+1;1,631739E-2;9,309466E-1;;
30/11/2021  10:22:48,400922;9,294042E-1;1,044459E+1;1,631739E-2;9,307280E-1;;
30/11/2021  10:22:48,401022;9,286264E-1;1,044459E+1;1,663332E-2;9,305196E-1;;
30/11/2021  10:22:48,401122;9,286085E-1;1,044459E+1;1,726518E-2;9,303215E-1;;
30/11/2021  10:22:48,401222;9,286949E-1;1,044459E+1;2,042450E-2;9,301335E-1;;
30/11/2021  10:22:48,401322;9,294519E-1;1,044459E+1;1,852891E-2;9,299554E-1;;
30/11/2021  10:22:48,401422;9,298185E-1;1,044459E+1;1,821298E-2;9,297873E-1;;
30/11/2021  10:22:48,401522;9,298125E-1;1,044459E+1;1,473773E-2;9,296290E-1;;
30/11/2021  10:22:48,401622;9,293685E-1;1,044459E+1;1,758111E-2;9,294807E-1;;
30/11/2021  10:22:48,401722;9,297499E-1;1,044459E+1;1,852891E-2;9,293422E-1;;
30/11/2021  10:22:48,401822;9,291569E-1;1,044459E+1;1,631739E-2;9,292134E-1;;
30/11/2021  10:22:48,401922;9,297022E-1;1,044459E+1;1,694925E-2;9,290943E-1;;
30/11/2021  10:22:48,402022;9,308020E-1;1,044459E+1;1,979264E-2;9,289846E-1;;
30/11/2021  10:22:48,402122;9,310225E-1;1,044459E+1;1,663332E-2;9,288844E-1;;
30/11/2021  10:22:48,402222;9,314606E-1;1,044459E+1;1,947671E-2;9,287936E-1;;
30/11/2021  10:22:48,402322;9,317467E-1;1,044459E+1;1,916077E-2;9,287125E-1;;
30/11/2021  10:22:48,402422;9,316037E-1;1,044459E+1;1,821298E-2;9,286411E-1;;
30/11/2021  10:22:48,402522;9,317438E-1;1,044459E+1;1,758111E-2;9,285795E-1;;
30/11/2021  10:22:48,402622;9,321699E-1;1,044459E+1;1,568552E-2;9,285277E-1;;
30/11/2021  10:22:48,402722;9,333174E-1;1,044459E+1;1,094654E-2;9,284858E-1;;
30/11/2021  10:22:48,402822;9,339551E-1;1,044459E+1;8,735019E-3;9,284539E-1;;
30/11/2021  10:22:48,402922;9,343694E-1;1,044459E+1;4,943835E-3;9,284323E-1;;
30/11/2021  10:22:48,403022;9,344886E-1;1,044459E+1;9,682815E-3;9,284213E-1;;
30/11/2021  10:22:48,403122;9,346108E-1;1,044459E+1;1,126247E-2;9,284209E-1;;
30/11/2021  10:22:48,403222;9,357225E-1;1,044459E+1;8,103155E-3;9,284315E-1;;
30/11/2021  10:22:48,403322;9,365361E-1;1,044459E+1;4,311971E-3;9,284533E-1;;
30/11/2021  10:22:48,403422;9,377967E-1;1,044459E+1;1,315807E-2;9,284865E-1;;
30/11/2021  10:22:48,403522;9,383839E-1;1,044459E+1;4,627903E-3;9,285317E-1;;
30/11/2021  10:22:48,403622;9,394240E-1;1,044459E+1;3,364175E-3;9,285892E-1;;
30/11/2021  10:22:48,403722;9,394568E-1;1,044459E+1;4,943835E-3;9,286597E-1;;
30/11/2021  10:22:48,403822;9,402793E-1;1,044459E+1;6,207563E-3;9,287435E-1;;
30/11/2021  10:22:48,403922;9,415311E-1;1,044459E+1;3,680107E-3;9,288411E-1;;
30/11/2021  10:22:48,404022;9,431643E-1;1,044459E+1;3,364175E-3;9,289530E-1;;
30/11/2021  10:22:48,404122;9,440971E-1;1,044459E+1;2,100447E-3;9,290798E-1;;
30/11/2021  10:22:48,404222;9,449197E-1;1,044459E+1;3,680107E-3;9,292221E-1;;
30/11/2021  10:22:48,404322;9,456022E-1;1,044459E+1;3,996039E-3;9,293808E-1;;
30/11/2021  10:22:48,404422;9,464158E-1;1,044459E+1;3,996039E-3;9,295563E-1;;
30/11/2021  10:22:48,404522;9,466274E-1;1,044459E+1;4,627903E-3;9,297493E-1;;
30/11/2021  10:22:48,404622;9,481741E-1;1,044459E+1;4,311971E-3;9,299601E-1;;
30/11/2021  10:22:48,404722;9,493812E-1;1,044459E+1;3,996039E-3;9,301893E-1;;
30/11/2021  10:22:48,404822;9,505375E-1;1,044459E+1;3,364175E-3;9,304374E-1;;
30/11/2021  10:22:48,404922;9,507670E-1;1,044459E+1;3,048243E-3;9,307047E-1;;
30/11/2021  10:22:48,405022;9,514167E-1;1,044459E+1;3,680107E-3;9,309917E-1;;
30/11/2021  10:22:48,405122;9,518936E-1;1,044459E+1;3,364175E-3;9,312988E-1;;
30/11/2021  10:22:48,405222;9,522750E-1;1,044459E+1;3,680107E-3;9,316259E-1;;
30/11/2021  10:22:48,405322;9,530708E-1;1,044459E+1;3,680107E-3;9,319732E-1;;
30/11/2021  10:22:48,405422;9,540066E-1;1,044459E+1;3,364175E-3;9,323406E-1;;
30/11/2021  10:22:48,405522;9,553537E-1;1,044459E+1;3,364175E-3;9,327279E-1;;
30/11/2021  10:22:48,405622;9,548768E-1;1,044459E+1;3,048243E-3;9,331351E-1;;
30/11/2021  10:22:48,405722;9,543911E-1;1,044459E+1;3,996039E-3;9,335618E-1;;
30/11/2021  10:22:48,405822;9,554967E-1;1,044459E+1;1,126247E-2;9,340078E-1;;
30/11/2021  10:22:48,405922;9,553686E-1;1,044459E+1;3,680107E-3;9,344722E-1;;
30/11/2021  10:22:48,406022;9,562776E-1;1,044459E+1;3,680107E-3;9,349545E-1;;
30/11/2021  10:22:48,406122;9,567544E-1;1,044459E+1;3,364175E-3;9,354538E-1;;
30/11/2021  10:22:48,406222;9,567157E-1;1,044459E+1;4,311971E-3;9,359694E-1;;
30/11/2021  10:22:48,406322;9,564385E-1;1,044459E+1;2,732311E-3;9,365005E-1;;
30/11/2021  10:22:48,406422;9,562627E-1;1,044459E+1;3,364175E-3;9,370459E-1;;
30/11/2021  10:22:48,406522;9,568558E-1;1,044459E+1;3,996039E-3;9,376046E-1;;
30/11/2021  10:22:48,406622;9,567813E-1;1,044459E+1;3,996039E-3;9,381753E-1;;
30/11/2021  10:22:48,406722;9,568081E-1;1,044459E+1;8,735019E-3;9,387568E-1;;
30/11/2021  10:22:48,406822;9,566203E-1;1,044459E+1;8,419087E-3;9,393478E-1;;
30/11/2021  10:22:48,406922;9,569958E-1;1,044459E+1;6,839427E-3;9,399468E-1;;
30/11/2021  10:22:48,407022;9,562627E-1;1,044459E+1;9,682815E-3;9,405524E-1;;
30/11/2021  10:22:48,407122;9,561733E-1;1,044459E+1;1,315807E-2;9,411633E-1;;
30/11/2021  10:22:48,407222;9,557918E-1;1,044459E+1;1,442179E-2;9,417778E-1;;
30/11/2021  10:22:48,407322;9,558693E-1;1,044459E+1;1,758111E-2;9,423943E-1;;
30/11/2021  10:22:48,407422;9,561375E-1;1,044459E+1;1,694925E-2;9,430113E-1;;
30/11/2021  10:22:48,407522;9,561554E-1;1,044459E+1;1,442179E-2;9,436272E-1;;
30/11/2021  10:22:48,407622;9,553418E-1;1,044459E+1;1,189434E-2;9,442405E-1;;
30/11/2021  10:22:48,407722;9,548649E-1;1,044459E+1;1,916077E-2;9,448498E-1;;
30/11/2021  10:22:48,407822;9,539231E-1;1,044459E+1;1,315807E-2;9,454534E-1;;
30/11/2021  10:22:48,407922;9,542718E-1;1,044459E+1;1,568552E-2;9,460497E-1;;
30/11/2021  10:22:48,408022;9,544805E-1;1,044459E+1;1,505366E-2;9,466371E-1;;
30/11/2021  10:22:48,408122;9,541854E-1;1,044459E+1;1,473773E-2;9,472142E-1;;
30/11/2021  10:22:48,408222;9,539559E-1;1,044459E+1;1,536959E-2;9,477796E-1;;
30/11/2021  10:22:48,408322;9,540066E-1;1,044459E+1;1,505366E-2;9,483321E-1;;
30/11/2021  10:22:48,408422;9,532645E-1;1,044459E+1;1,631739E-2;9,488705E-1;;
30/11/2021  10:22:48,408522;9,533956E-1;1,044459E+1;1,473773E-2;9,493935E-1;;
30/11/2021  10:22:48,408622;9,535983E-1;1,044459E+1;1,442179E-2;9,499001E-1;;
30/11/2021  10:22:48,408722;9,541884E-1;1,044459E+1;1,758111E-2;9,503895E-1;;
30/11/2021  10:22:48,408822;9,539619E-1;1,044459E+1;1,852891E-2;9,508609E-1;;
30/11/2021  10:22:48,408922;9,544805E-1;1,044459E+1;1,473773E-2;9,513137E-1;;
30/11/2021  10:22:48,409022;9,538188E-1;1,044459E+1;1,758111E-2;9,517475E-1;;
30/11/2021  10:22:48,409122;9,541646E-1;1,044459E+1;1,600145E-2;9,521618E-1;;
30/11/2021  10:22:48,409222;9,546235E-1;1,044459E+1;1,663332E-2;9,525566E-1;;
30/11/2021  10:22:48,409322;9,549543E-1;1,044459E+1;1,473773E-2;9,529315E-1;;
30/11/2021  10:22:48,409422;9,555564E-1;1,044459E+1;1,505366E-2;9,532866E-1;;
30/11/2021  10:22:48,409522;9,561971E-1;1,044459E+1;2,010857E-2;9,536222E-1;;
30/11/2021  10:22:48,409622;9,560958E-1;1,044459E+1;1,442179E-2;9,539386E-1;;
30/11/2021  10:22:48,409722;9,558067E-1;1,044459E+1;1,694925E-2;9,542363E-1;;
30/11/2021  10:22:48,409822;9,555534E-1;1,044459E+1;1,884484E-2;9,545156E-1;;
30/11/2021  10:22:48,409922;9,557292E-1;1,044459E+1;1,726518E-2;9,547771E-1;;
30/11/2021  10:22:48,410022;9,568736E-1;1,044459E+1;1,663332E-2;9,550211E-1;;
30/11/2021  10:22:48,410122;9,568736E-1;1,044459E+1;1,568552E-2;9,552482E-1;;
30/11/2021  10:22:48,410222;9,559199E-1;1,044459E+1;1,821298E-2;9,554591E-1;;
30/11/2021  10:22:48,410322;9,556607E-1;1,044459E+1;1,631739E-2;9,556543E-1;;
30/11/2021  10:22:48,410422;9,552464E-1;1,044459E+1;1,378993E-2;9,558344E-1;;
30/11/2021  10:22:48,410522;9,550676E-1;1,044459E+1;1,505366E-2;9,559996E-1;;
30/11/2021  10:22:48,410622;9,553239E-1;1,044459E+1;1,568552E-2;9,561505E-1;;
30/11/2021  10:22:48,410722;9,547248E-1;1,044459E+1;1,821298E-2;9,562873E-1;;
30/11/2021  10:22:48,410822;9,547785E-1;1,044459E+1;1,821298E-2;9,564104E-1;;
30/11/2021  10:22:48,410922;9,545878E-1;1,044459E+1;1,094654E-2;9,565202E-1;;
30/11/2021  10:22:48,411022;9,531811E-1;1,044459E+1;1,631739E-2;9,566169E-1;;
30/11/2021  10:22:48,411122;9,527608E-1;1,044459E+1;1,631739E-2;9,567008E-1;;
30/11/2021  10:22:48,411222;9,518489E-1;1,044459E+1;1,378993E-2;9,567719E-1;;
30/11/2021  10:22:48,411322;9,520277E-1;1,044459E+1;1,442179E-2;9,568301E-1;;
30/11/2021  10:22:48,411422;9,524568E-1;1,044459E+1;1,694925E-2;9,568755E-1;;
30/11/2021  10:22:48,411522;9,517445E-1;1,044459E+1;1,410586E-2;9,569081E-1;;
30/11/2021  10:22:48,411622;9,510740E-1;1,044459E+1;1,568552E-2;9,569280E-1;;
30/11/2021  10:22:48,411722;9,499474E-1;1,044459E+1;1,536959E-2;9,569354E-1;;
30/11/2021  10:22:48,411822;9,491904E-1;1,044459E+1;1,473773E-2;9,569301E-1;;
30/11/2021  10:22:48,411922;9,487315E-1;1,044459E+1;1,126247E-2;9,569119E-1;;
30/11/2021  10:22:48,412022;9,485467E-1;1,044459E+1;1,600145E-2;9,568808E-1;;
30/11/2021  10:22:48,412122;9,487017E-1;1,044459E+1;1,505366E-2;9,568365E-1;;
30/11/2021  10:22:48,412222;9,483023E-1;1,044459E+1;1,347400E-2;9,567790E-1;;
30/11/2021  10:22:48,412322;9,475662E-1;1,044459E+1;1,631739E-2;9,567083E-1;;
30/11/2021  10:22:48,412422;9,467078E-1;1,044459E+1;1,631739E-2;9,566244E-1;;
30/11/2021  10:22:48,412522;9,461565E-1;1,044459E+1;1,568552E-2;9,565274E-1;;
30/11/2021  10:22:48,412622;9,452892E-1;1,044459E+1;1,821298E-2;9,564170E-1;;
30/11/2021  10:22:48,412722;9,458972E-1;1,044459E+1;1,758111E-2;9,562933E-1;;
30/11/2021  10:22:48,412822;9,458763E-1;1,044459E+1;4,032822E-2;9,561562E-1;;
30/11/2021  10:22:48,412922;9,453548E-1;1,044459E+1;2,010857E-2;9,560059E-1;;
30/11/2021  10:22:48,413022;9,448034E-1;1,044459E+1;1,947671E-2;9,558426E-1;;
30/11/2021  10:22:48,413122;9,442670E-1;1,044459E+1;1,631739E-2;9,556666E-1;;
30/11/2021  10:22:48,413222;9,434444E-1;1,044459E+1;1,442179E-2;9,554780E-1;;
30/11/2021  10:22:48,413322;9,435815E-1;1,044459E+1;1,347400E-2;9,552769E-1;;
30/11/2021  10:22:48,413422;9,445292E-1;1,044459E+1;1,884484E-2;9,550637E-1;;
30/11/2021  10:22:48,413522;9,439093E-1;1,044459E+1;1,631739E-2;9,548387E-1;;
30/11/2021  10:22:48,413622;9,435785E-1;1,044459E+1;1,758111E-2;9,546025E-1;;
30/11/2021  10:22:48,413722;9,429616E-1;1,044459E+1;1,852891E-2;9,543556E-1;;
30/11/2021  10:22:48,413822;9,425771E-1;1,044459E+1;2,010857E-2;9,540984E-1;;
30/11/2021  10:22:48,413922;9,423030E-1;1,044459E+1;1,758111E-2;9,538314E-1;;
30/11/2021  10:22:48,414022;9,424520E-1;1,044459E+1;1,852891E-2;9,535551E-1;;
30/11/2021  10:22:48,414122;9,435070E-1;1,044459E+1;4,285567E-2;9,532701E-1;;
30/11/2021  10:22:48,414222;9,434414E-1;1,044459E+1;1,126247E-2;9,529770E-1;;
30/11/2021  10:22:48,414322;9,427232E-1;1,044459E+1;2,105637E-2;9,526766E-1;;
30/11/2021  10:22:48,414422;9,430033E-1;1,044459E+1;1,663332E-2;9,523699E-1;;
30/11/2021  10:22:48,414522;9,427351E-1;1,044459E+1;1,821298E-2;9,520575E-1;;
30/11/2021  10:22:48,414622;9,426606E-1;1,044459E+1;1,821298E-2;9,517404E-1;;
30/11/2021  10:22:48,414722;9,431285E-1;1,044459E+1;1,758111E-2;9,514191E-1;;
30/11/2021  10:22:48,414822;9,430778E-1;1,044459E+1;4,569906E-2;9,510947E-1;;
30/11/2021  10:22:48,414922;9,438766E-1;1,044459E+1;1,505366E-2;9,507680E-1;;
30/11/2021  10:22:48,415022;9,432865E-1;1,044459E+1;1,947671E-2;9,504400E-1;;
30/11/2021  10:22:48,415122;9,431583E-1;1,044459E+1;1,442179E-2;9,501115E-1;;
30/11/2021  10:22:48,415222;9,426397E-1;1,044459E+1;2,042450E-2;9,497834E-1;;
30/11/2021  10:22:48,415322;9,431374E-1;1,044459E+1;1,884484E-2;9,494565E-1;;
30/11/2021  10:22:48,415422;9,438080E-1;1,044459E+1;1,726518E-2;9,491315E-1;;
30/11/2021  10:22:48,415522;9,434504E-1;1,044459E+1;1,694925E-2;9,488093E-1;;
30/11/2021  10:22:48,415622;9,428782E-1;1,044459E+1;1,663332E-2;9,484906E-1;;
30/11/2021  10:22:48,415722;9,425324E-1;1,044459E+1;1,663332E-2;9,481760E-1;;
30/11/2021  10:22:48,415822;9,417337E-1;1,044459E+1;1,821298E-2;9,478662E-1;;
30/11/2021  10:22:48,415922;9,419125E-1;1,044459E+1;1,568552E-2;9,475615E-1;;
30/11/2021  10:22:48,416022;9,418708E-1;1,044459E+1;1,789705E-2;9,472622E-1;;
30/11/2021  10:22:48,416122;9,422523E-1;1,044459E+1;1,884484E-2;9,469685E-1;;
30/11/2021  10:22:48,416222;9,417844E-1;1,044459E+1;1,631739E-2;9,466809E-1;;
30/11/2021  10:22:48,416322;9,411138E-1;1,044459E+1;1,157841E-2;9,463996E-1;;
30/11/2021  10:22:48,416422;9,406966E-1;1,044459E+1;2,421569E-2;9,461247E-1;;
30/11/2021  10:22:48,416522;9,407115E-1;1,044459E+1;2,105637E-2;9,458563E-1;;
30/11/2021  10:22:48,416622;9,406757E-1;1,044459E+1;1,378993E-2;9,455945E-1;;
30/11/2021  10:22:48,416722;9,407383E-1;1,044459E+1;1,726518E-2;9,453391E-1;;
30/11/2021  10:22:48,416822;9,409380E-1;1,044459E+1;1,600145E-2;9,450902E-1;;
30/11/2021  10:22:48,416922;9,414864E-1;1,044459E+1;1,726518E-2;9,448480E-1;;
30/11/2021  10:22:48,417022;9,415400E-1;1,044459E+1;1,536959E-2;9,446125E-1;;
30/11/2021  10:22:48,417122;9,406161E-1;1,044459E+1;1,821298E-2;9,443838E-1;;
30/11/2021  10:22:48,417222;9,408516E-1;1,044459E+1;1,663332E-2;9,441622E-1;;
30/11/2021  10:22:48,417322;9,407741E-1;1,044459E+1;1,726518E-2;9,439475E-1;;
30/11/2021  10:22:48,417422;9,415519E-1;1,044459E+1;1,758111E-2;9,437399E-1;;
30/11/2021  10:22:48,417522;9,417695E-1;1,044459E+1;1,694925E-2;9,435394E-1;;
30/11/2021  10:22:48,417622;9,418857E-1;1,044459E+1;1,631739E-2;9,433462E-1;;
30/11/2021  10:22:48,417722;9,419692E-1;1,044459E+1;1,631739E-2;9,431605E-1;;
30/11/2021  10:22:48,417822;9,412599E-1;1,044459E+1;2,042450E-2;9,429824E-1;;
30/11/2021  10:22:48,417922;9,411555E-1;1,044459E+1;9,682815E-3;9,428120E-1;;
30/11/2021  10:22:48,418022;9,408873E-1;1,044459E+1;1,126247E-2;9,426494E-1;;
30/11/2021  10:22:48,418122;9,416652E-1;1,044459E+1;1,442179E-2;9,424943E-1;;
30/11/2021  10:22:48,418222;9,412509E-1;1,044459E+1;1,694925E-2;9,423468E-1;;
30/11/2021  10:22:48,418322;9,409827E-1;1,044459E+1;1,252620E-2;9,422068E-1;;
30/11/2021  10:22:48,418422;9,412777E-1;1,044459E+1;1,852891E-2;9,420742E-1;;
30/11/2021  10:22:48,418522;9,408426E-1;1,044459E+1;1,442179E-2;9,419488E-1;;
30/11/2021  10:22:48,418622;9,414446E-1;1,044459E+1;1,600145E-2;9,418307E-1;;
30/11/2021  10:22:48,418722;9,413999E-1;1,044459E+1;1,189434E-2;9,417195E-1;;
30/11/2021  10:22:48,418822;9,426189E-1;1,044459E+1;1,473773E-2;9,416152E-1;;
30/11/2021  10:22:48,418922;9,425950E-1;1,044459E+1;8,103155E-3;9,415179E-1;;
30/11/2021  10:22:48,419022;9,425414E-1;1,044459E+1;1,694925E-2;9,414278E-1;;
30/11/2021  10:22:48,419122;9,430391E-1;1,044459E+1;5,259767E-3;9,413447E-1;;
30/11/2021  10:22:48,419222;9,435010E-1;1,044459E+1;1,473773E-2;9,412690E-1;;
30/11/2021  10:22:48,419322;9,438170E-1;1,044459E+1;1,726518E-2;9,412007E-1;;
30/11/2021  10:22:48,419422;9,445054E-1;1,044459E+1;1,916077E-2;9,411401E-1;;
30/11/2021  10:22:48,419522;9,459300E-1;1,044459E+1;1,789705E-2;9,410874E-1;;
30/11/2021  10:22:48,419622;9,461028E-1;1,044459E+1;1,789705E-2;9,410430E-1;;
30/11/2021  10:22:48,419722;9,458227E-1;1,044459E+1;1,505366E-2;9,410074E-1;;
30/11/2021  10:22:48,419822;9,464307E-1;1,044459E+1;1,505366E-2;9,409809E-1;;
30/11/2021  10:22:48,419922;9,468092E-1;1,044459E+1;1,631739E-2;9,409639E-1;;
30/11/2021  10:22:48,420022;9,474201E-1;1,044459E+1;1,631739E-2;9,409568E-1;;
30/11/2021  10:22:48,420122;9,484096E-1;1,044459E+1;1,568552E-2;9,409598E-1;;
30/11/2021  10:22:48,420222;9,489013E-1;1,044459E+1;1,536959E-2;9,409733E-1;;
30/11/2021  10:22:48,420322;9,491934E-1;1,044459E+1;1,442179E-2;9,409979E-1;;
30/11/2021  10:22:48,420422;9,492411E-1;1,044459E+1;1,568552E-2;9,410338E-1;;
30/11/2021  10:22:48,420522;9,488268E-1;1,044459E+1;1,600145E-2;9,410813E-1;;
30/11/2021  10:22:48,420622;9,491755E-1;1,044459E+1;1,916077E-2;9,411407E-1;;
30/11/2021  10:22:48,420722;9,496643E-1;1,044459E+1;1,600145E-2;9,412119E-1;;
30/11/2021  10:22:48,420822;9,497686E-1;1,044459E+1;1,536959E-2;9,412949E-1;;
30/11/2021  10:22:48,420922;9,497925E-1;1,044459E+1;1,821298E-2;9,413896E-1;;
30/11/2021  10:22:48,421022;9,493335E-1;1,044459E+1;1,663332E-2;9,414960E-1;;
30/11/2021  10:22:48,421122;9,481771E-1;1,044459E+1;1,568552E-2;9,416137E-1;;
30/11/2021  10:22:48,421222;9,480698E-1;1,044459E+1;2,042450E-2;9,417422E-1;;
30/11/2021  10:22:48,421322;9,474112E-1;1,044459E+1;1,979264E-2;9,418808E-1;;
30/11/2021  10:22:48,421422;9,478135E-1;1,044459E+1;1,916077E-2;9,420286E-1;;
30/11/2021  10:22:48,421522;9,476437E-1;1,044459E+1;1,473773E-2;9,421849E-1;;
30/11/2021  10:22:48,421622;9,475840E-1;1,044459E+1;1,157841E-2;9,423487E-1;;
30/11/2021  10:22:48,421722;9,469820E-1;1,044459E+1;8,103155E-3;9,425192E-1;;
30/11/2021  10:22:48,421822;9,467585E-1;1,044459E+1;8,735019E-3;9,426954E-1;;
30/11/2021  10:22:48,421922;9,464366E-1;1,044459E+1;1,252620E-2;9,428764E-1;;
30/11/2021  10:22:48,422022;9,452475E-1;1,044459E+1;1,378993E-2;9,430612E-1;;
30/11/2021  10:22:48,422122;9,462280E-1;1,044459E+1;1,631739E-2;9,432485E-1;;
30/11/2021  10:22:48,422222;9,461893E-1;1,044459E+1;1,221027E-2;9,434374E-1;;
30/11/2021  10:22:48,422322;9,461893E-1;1,044459E+1;1,663332E-2;9,436269E-1;;
30/11/2021  10:22:48,422422;9,448034E-1;1,044459E+1;1,631739E-2;9,438162E-1;;
30/11/2021  10:22:48,422522;9,447170E-1;1,044459E+1;1,568552E-2;9,440041E-1;;
30/11/2021  10:22:48,422622;9,441418E-1;1,044459E+1;1,347400E-2;9,441898E-1;;
30/11/2021  10:22:48,422722;9,437871E-1;1,044459E+1;1,126247E-2;9,443722E-1;;
30/11/2021  10:22:48,422822;9,441090E-1;1,044459E+1;4,627903E-3;9,445503E-1;;
30/11/2021  10:22:48,422922;9,437842E-1;1,044459E+1;5,891631E-3;9,447231E-1;;
30/11/2021  10:22:48,423022;9,431821E-1;1,044459E+1;6,523495E-3;9,448898E-1;;
30/11/2021  10:22:48,423122;9,427798E-1;1,044459E+1;4,943835E-3;9,450496E-1;;
30/11/2021  10:22:48,423222;9,420854E-1;1,044459E+1;3,364175E-3;9,452017E-1;;
30/11/2021  10:22:48,423322;9,419870E-1;1,044459E+1;3,048243E-3;9,453451E-1;;
30/11/2021  10:22:48,423422;9,420496E-1;1,044459E+1;3,680107E-3;9,454791E-1;;
30/11/2021  10:22:48,423522;9,428454E-1;1,044459E+1;3,364175E-3;9,456032E-1;;
30/11/2021  10:22:48,423622;9,427858E-1;1,044459E+1;3,680107E-3;9,457167E-1;;
30/11/2021  10:22:48,423722;9,419930E-1;1,044459E+1;3,996039E-3;9,458195E-1;;
30/11/2021  10:22:48,423822;9,421629E-1;1,044459E+1;4,311971E-3;9,459111E-1;;
30/11/2021  10:22:48,423922;9,420496E-1;1,044459E+1;3,680107E-3;9,459915E-1;;
30/11/2021  10:22:48,424022;9,428484E-1;1,044459E+1;3,048243E-3;9,460604E-1;;
30/11/2021  10:22:48,424122;9,436530E-1;1,044459E+1;3,364175E-3;9,461179E-1;;
30/11/2021  10:22:48,424222;9,442402E-1;1,044459E+1;3,680107E-3;9,461643E-1;;
30/11/2021  10:22:48,424322;9,443176E-1;1,044459E+1;3,364175E-3;9,461999E-1;;
30/11/2021  10:22:48,424422;9,439868E-1;1,044459E+1;3,996039E-3;9,462254E-1;;
30/11/2021  10:22:48,424522;9,447408E-1;1,044459E+1;3,680107E-3;9,462412E-1;;
30/11/2021  10:22:48,424622;9,443594E-1;1,044459E+1;3,364175E-3;9,462479E-1;;
30/11/2021  10:22:48,424722;9,452445E-1;1,044459E+1;3,048243E-3;9,462463E-1;;
30/11/2021  10:22:48,424822;9,461475E-1;1,044459E+1;3,364175E-3;9,462369E-1;;
30/11/2021  10:22:48,424922;9,459836E-1;1,044459E+1;3,364175E-3;9,462207E-1;;
30/11/2021  10:22:48,425022;9,461088E-1;1,044459E+1;4,627903E-3;9,461984E-1;;
30/11/2021  10:22:48,425122;9,461803E-1;1,044459E+1;3,364175E-3;9,461709E-1;;
30/11/2021  10:22:48,425222;9,460969E-1;1,044459E+1;3,996039E-3;9,461391E-1;;
30/11/2021  10:22:48,425322;9,458555E-1;1,044459E+1;3,680107E-3;9,461036E-1;;
30/11/2021  10:22:48,425422;9,471966E-1;1,044459E+1;3,048243E-3;9,460652E-1;;
30/11/2021  10:22:48,425522;9,481741E-1;1,044459E+1;3,364175E-3;9,460247E-1;;
30/11/2021  10:22:48,425622;9,483202E-1;1,044459E+1;3,996039E-3;9,459828E-1;;
30/11/2021  10:22:48,425722;9,481652E-1;1,044459E+1;3,364175E-3;9,459407E-1;;
30/11/2021  10:22:48,425822;9,476615E-1;1,044459E+1;3,680107E-3;9,458991E-1;;
30/11/2021  10:22:48,425922;9,474797E-1;1,044459E+1;3,680107E-3;9,458588E-1;;
30/11/2021  10:22:48,426022;9,478076E-1;1,044459E+1;3,364175E-3;9,458203E-1;;
30/11/2021  10:22:48,426122;9,482397E-1;1,044459E+1;7,787223E-3;9,457841E-1;;
30/11/2021  10:22:48,426222;9,486003E-1;1,044459E+1;3,680107E-3;9,457508E-1;;
30/11/2021  10:22:48,426322;9,492173E-1;1,044459E+1;3,680107E-3;9,457209E-1;;
30/11/2021  10:22:48,426422;9,481175E-1;1,044459E+1;3,680107E-3;9,456949E-1;;
30/11/2021  10:22:48,426522;9,486272E-1;1,044459E+1;3,680107E-3;9,456732E-1;;
30/11/2021  10:22:48,426622;9,481384E-1;1,044459E+1;3,680107E-3;9,456561E-1;;
30/11/2021  10:22:48,426722;9,476645E-1;1,044459E+1;5,575699E-3;9,456438E-1;;
30/11/2021  10:22:48,426822;9,487702E-1;1,044459E+1;6,207563E-3;9,456364E-1;;
30/11/2021  10:22:48,426922;9,490206E-1;1,044459E+1;1,315807E-2;9,456340E-1;;
30/11/2021  10:22:48,427022;9,485318E-1;1,044459E+1;1,568552E-2;9,456368E-1;;
30/11/2021  10:22:48,427122;9,485765E-1;1,044459E+1;1,315807E-2;9,456448E-1;;
30/11/2021  10:22:48,427222;9,483381E-1;1,044459E+1;1,600145E-2;9,456580E-1;;
30/11/2021  10:22:48,427322;9,481175E-1;1,044459E+1;1,726518E-2;9,456764E-1;;
30/11/2021  10:22:48,427422;9,482844E-1;1,044459E+1;9,682815E-3;9,456998E-1;;
30/11/2021  10:22:48,427522;9,486540E-1;1,044459E+1;1,378993E-2;9,457282E-1;;
30/11/2021  10:22:48,427622;9,491606E-1;1,044459E+1;1,694925E-2;9,457612E-1;;
30/11/2021  10:22:48,427722;9,487076E-1;1,044459E+1;1,315807E-2;9,457989E-1;;
30/11/2021  10:22:48,427822;9,479953E-1;1,044459E+1;1,758111E-2;9,458411E-1;;
30/11/2021  10:22:48,427922;9,477122E-1;1,044459E+1;1,852891E-2;9,458876E-1;;
30/11/2021  10:22:48,428022;9,480043E-1;1,044459E+1;1,663332E-2;9,459380E-1;;
30/11/2021  10:22:48,428122;9,485199E-1;1,044459E+1;1,126247E-2;9,459919E-1;;
30/11/2021  10:22:48,428222;9,486719E-1;1,044459E+1;1,600145E-2;9,460491E-1;;
30/11/2021  10:22:48,428322;9,488268E-1;1,044459E+1;1,821298E-2;9,461094E-1;;
30/11/2021  10:22:48,428422;9,485407E-1;1,044459E+1;1,536959E-2;9,461725E-1;;
30/11/2021  10:22:48,428522;9,491219E-1;1,044459E+1;2,074043E-2;9,462382E-1;;
30/11/2021  10:22:48,428622;9,481503E-1;1,044459E+1;1,947671E-2;9,463064E-1;;
30/11/2021  10:22:48,428722;9,490563E-1;1,044459E+1;1,505366E-2;9,463768E-1;;
30/11/2021  10:22:48,428822;9,496583E-1;1,044459E+1;1,726518E-2;9,464492E-1;;
30/11/2021  10:22:48,428922;9,487195E-1;1,044459E+1;1,600145E-2;9,465234E-1;;
30/11/2021  10:22:48,429022;9,492739E-1;1,044459E+1;9,998747E-3;9,465994E-1;;
30/11/2021  10:22:48,429122;9,488060E-1;1,044459E+1;1,600145E-2;9,466769E-1;;
30/11/2021  10:22:48,429222;9,480639E-1;1,044459E+1;1,663332E-2;9,467557E-1;;
30/11/2021  10:22:48,429322;9,477152E-1;1,044459E+1;1,631739E-2;9,468354E-1;;
30/11/2021  10:22:48,429422;9,480669E-1;1,044459E+1;1,536959E-2;9,469157E-1;;
30/11/2021  10:22:48,429522;9,480311E-1;1,044459E+1;1,600145E-2;9,469961E-1;;
30/11/2021  10:22:48,429622;9,484066E-1;1,044459E+1;1,694925E-2;9,470763E-1;;
30/11/2021  10:22:48,429722;9,477301E-1;1,044459E+1;1,852891E-2;9,471560E-1;;
30/11/2021  10:22:48,429822;9,472801E-1;1,044459E+1;1,821298E-2;9,472348E-1;;
30/11/2021  10:22:48,429922;9,472145E-1;1,044459E+1;2,516348E-2;9,473123E-1;;
30/11/2021  10:22:48,430022;9,471400E-1;1,044459E+1;1,063061E-2;9,473882E-1;;
30/11/2021  10:22:48,430122;9,472562E-1;1,044459E+1;1,505366E-2;9,474620E-1;;
30/11/2021  10:22:48,430222;9,475364E-1;1,044459E+1;7,471291E-3;9,475333E-1;;
30/11/2021  10:22:48,430322;9,474648E-1;1,044459E+1;9,366883E-3;9,476020E-1;;
30/11/2021  10:22:48,430422;9,475215E-1;1,044459E+1;4,311971E-3;9,476677E-1;;
30/11/2021  10:22:48,430522;9,470536E-1;1,044459E+1;1,252620E-2;9,477304E-1;;
30/11/2021  10:22:48,430622;9,470834E-1;1,044459E+1;1,189434E-2;9,477897E-1;;
30/11/2021  10:22:48,430722;9,472681E-1;1,044459E+1;1,568552E-2;9,478456E-1;;
30/11/2021  10:22:48,430822;9,475781E-1;1,044459E+1;6,207563E-3;9,478978E-1;;
30/11/2021  10:22:48,430922;9,479894E-1;1,044459E+1;1,789705E-2;9,479464E-1;;
30/11/2021  10:22:48,431022;9,483023E-1;1,044459E+1;1,031468E-2;9,479913E-1;;
30/11/2021  10:22:48,431122;9,479625E-1;1,044459E+1;1,758111E-2;9,480326E-1;;
30/11/2021  10:22:48,431222;9,474857E-1;1,044459E+1;1,631739E-2;9,480706E-1;;
30/11/2021  10:22:48,431322;9,472592E-1;1,044459E+1;1,726518E-2;9,481052E-1;;
30/11/2021  10:22:48,431422;9,471161E-1;1,044459E+1;1,663332E-2;9,481364E-1;;
30/11/2021  10:22:48,431522;9,478553E-1;1,044459E+1;1,758111E-2;9,481642E-1;;
30/11/2021  10:22:48,431622;9,481265E-1;1,044459E+1;1,568552E-2;9,481887E-1;;
30/11/2021  10:22:48,431722;9,475036E-1;1,044459E+1;1,536959E-2;9,482099E-1;;
30/11/2021  10:22:48,431822;9,472801E-1;1,044459E+1;1,442179E-2;9,482280E-1;;
30/11/2021  10:22:48,431922;9,466125E-1;1,044459E+1;1,600145E-2;9,482431E-1;;
30/11/2021  10:22:48,432022;9,460730E-1;1,044459E+1;1,442179E-2;9,482551E-1;;
30/11/2021  10:22:48,432122;9,468032E-1;1,044459E+1;1,663332E-2;9,482638E-1;;
30/11/2021  10:22:48,432222;9,471132E-1;1,044459E+1;1,284213E-2;9,482691E-1;;
30/11/2021  10:22:48,432322;9,469850E-1;1,044459E+1;1,694925E-2;9,482712E-1;;
30/11/2021  10:22:48,432422;9,462966E-1;1,044459E+1;1,063061E-2;9,482701E-1;;
30/11/2021  10:22:48,432522;9,456320E-1;1,044459E+1;1,284213E-2;9,482656E-1;;
30/11/2021  10:22:48,432622;9,459359E-1;1,044459E+1;1,378993E-2;9,482579E-1;;
30/11/2021  10:22:48,432722;9,461714E-1;1,044459E+1;1,410586E-2;9,482467E-1;;
30/11/2021  10:22:48,432822;9,460581E-1;1,044459E+1;2,326789E-2;9,482320E-1;;
30/11/2021  10:22:48,432922;9,467973E-1;1,044459E+1;1,568552E-2;9,482139E-1;;
30/11/2021  10:22:48,433022;9,467853E-1;1,044459E+1;2,295196E-2;9,481925E-1;;
30/11/2021  10:22:48,433122;9,467883E-1;1,044459E+1;1,631739E-2;9,481680E-1;;
30/11/2021  10:22:48,433222;9,467823E-1;1,044459E+1;1,884484E-2;9,481405E-1;;
30/11/2021  10:22:48,433322;9,460015E-1;1,044459E+1;1,126247E-2;9,481104E-1;;
30/11/2021  10:22:48,433422;9,460939E-1;1,044459E+1;1,442179E-2;9,480778E-1;;
30/11/2021  10:22:48,433522;9,468688E-1;1,044459E+1;1,536959E-2;9,480427E-1;;
30/11/2021  10:22:48,433622;9,474261E-1;1,044459E+1;2,232009E-2;9,480054E-1;;
30/11/2021  10:22:48,433722;9,474887E-1;1,044459E+1;1,347400E-2;9,479661E-1;;
30/11/2021  10:22:48,433822;9,474768E-1;1,044459E+1;1,916077E-2;9,479253E-1;;
30/11/2021  10:22:48,433922;9,470118E-1;1,044459E+1;2,137230E-2;9,478834E-1;;
30/11/2021  10:22:48,434022;9,466006E-1;1,044459E+1;1,821298E-2;9,478405E-1;;
30/11/2021  10:22:48,434122;9,468211E-1;1,044459E+1;1,758111E-2;9,477969E-1;;
30/11/2021  10:22:48,434222;9,470953E-1;1,044459E+1;1,852891E-2;9,477528E-1;;
30/11/2021  10:22:48,434322;9,475572E-1;1,044459E+1;1,505366E-2;9,477084E-1;;
30/11/2021  10:22:48,434422;9,469194E-1;1,044459E+1;1,600145E-2;9,476639E-1;;
30/11/2021  10:22:48,434522;9,462310E-1;1,044459E+1;1,600145E-2;9,476195E-1;;
30/11/2021  10:22:48,434622;9,459896E-1;1,044459E+1;1,442179E-2;9,475753E-1;;
30/11/2021  10:22:48,434722;9,453578E-1;1,044459E+1;1,473773E-2;9,475312E-1;;
30/11/2021  10:22:48,434822;9,453280E-1;1,044459E+1;3,811669E-2;9,474872E-1;;
30/11/2021  10:22:48,434922;9,454204E-1;1,044459E+1;1,631739E-2;9,474431E-1;;
30/11/2021  10:22:48,435022;9,453607E-1;1,044459E+1;1,884484E-2;9,473987E-1;;
30/11/2021  10:22:48,435122;9,447259E-1;1,044459E+1;9,050951E-3;9,473539E-1;;
30/11/2021  10:22:48,435222;9,445292E-1;1,044459E+1;2,042450E-2;9,473086E-1;;
30/11/2021  10:22:48,435322;9,437752E-1;1,044459E+1;1,600145E-2;9,472624E-1;;
30/11/2021  10:22:48,435422;9,433103E-1;1,044459E+1;1,979264E-2;9,472151E-1;;
30/11/2021  10:22:48,435522;9,424877E-1;1,044459E+1;1,821298E-2;9,471663E-1;;
30/11/2021  10:22:48,435622;9,432119E-1;1,044459E+1;1,726518E-2;9,471157E-1;;
30/11/2021  10:22:48,435722;9,422374E-1;1,044459E+1;1,821298E-2;9,470627E-1;;
30/11/2021  10:22:48,435822;9,412956E-1;1,044459E+1;1,789705E-2;9,470069E-1;;
30/11/2021  10:22:48,435922;9,406817E-1;1,044459E+1;1,410586E-2;9,469480E-1;;
30/11/2021  10:22:48,436022;9,394478E-1;1,044459E+1;1,631739E-2;9,468853E-1;;
30/11/2021  10:22:48,436122;9,386342E-1;1,044459E+1;1,631739E-2;9,468181E-1;;
30/11/2021  10:22:48,436222;9,381603E-1;1,044459E+1;1,726518E-2;9,467457E-1;;
30/11/2021  10:22:48,436322;9,380888E-1;1,044459E+1;9,998747E-3;9,466672E-1;;
30/11/2021  10:22:48,436422;9,369414E-1;1,044459E+1;1,821298E-2;9,465820E-1;;
30/11/2021  10:22:48,436522;9,356658E-1;1,044459E+1;1,789705E-2;9,464893E-1;;
30/11/2021  10:22:48,436622;9,348701E-1;1,044459E+1;1,726518E-2;9,463883E-1;;
30/11/2021  10:22:48,436722;9,336690E-1;1,044459E+1;1,663332E-2;9,462781E-1;;
30/11/2021  10:22:48,436822;9,338002E-1;1,044459E+1;1,600145E-2;9,461579E-1;;
30/11/2021  10:22:48,436922;9,340744E-1;1,044459E+1;1,505366E-2;9,460269E-1;;
30/11/2021  10:22:48,437022;9,335409E-1;1,044459E+1;1,410586E-2;9,458844E-1;;
30/11/2021  10:22:48,437122;9,326676E-1;1,044459E+1;1,821298E-2;9,457300E-1;;
30/11/2021  10:22:48,437222;9,321759E-1;1,044459E+1;1,568552E-2;9,455634E-1;;
30/11/2021  10:22:48,437322;9,316186E-1;1,044459E+1;1,600145E-2;9,453840E-1;;
30/11/2021  10:22:48,437422;9,308228E-1;1,044459E+1;1,536959E-2;9,451916E-1;;
30/11/2021  10:22:48,437522;9,307096E-1;1,044459E+1;1,852891E-2;9,449858E-1;;
30/11/2021  10:22:48,437622;9,314874E-1;1,044459E+1;9,998747E-3;9,447666E-1;;
30/11/2021  10:22:48,437722;9,313563E-1;1,044459E+1;1,600145E-2;9,445338E-1;;
30/11/2021  10:22:48,437822;9,305397E-1;1,044459E+1;1,252620E-2;9,442876E-1;;
30/11/2021  10:22:48,437922;9,304056E-1;1,044459E+1;1,663332E-2;9,440285E-1;;
30/11/2021  10:22:48,438022;9,298602E-1;1,044459E+1;1,631739E-2;9,437565E-1;;
30/11/2021  10:22:48,438122;9,307156E-1;1,044459E+1;1,378993E-2;9,434721E-1;;
30/11/2021  10:22:48,438222;9,309987E-1;1,044459E+1;1,442179E-2;9,431758E-1;;
30/11/2021  10:22:48,438322;9,313355E-1;1,044459E+1;2,010857E-2;9,428682E-1;;
30/11/2021  10:22:48,438422;9,316454E-1;1,044459E+1;1,663332E-2;9,425502E-1;;
30/11/2021  10:22:48,438522;9,314487E-1;1,044459E+1;1,852891E-2;9,422228E-1;;
30/11/2021  10:22:48,438622;9,308705E-1;1,044459E+1;9,682815E-3;9,418869E-1;;
30/11/2021  10:22:48,438722;9,312252E-1;1,044459E+1;9,682815E-3;9,415435E-1;;
30/11/2021  10:22:48,438822;9,315679E-1;1,044459E+1;7,155359E-3;9,411937E-1;;
30/11/2021  10:22:48,438922;9,326915E-1;1,044459E+1;9,050951E-3;9,408383E-1;;
30/11/2021  10:22:48,439022;9,339462E-1;1,044459E+1;1,347400E-2;9,404788E-1;;
30/11/2021  10:22:48,439122;9,333025E-1;1,044459E+1;1,126247E-2;9,401164E-1;;
30/11/2021  10:22:48,439222;9,338270E-1;1,044459E+1;1,631739E-2;9,397526E-1;;
30/11/2021  10:22:48,439322;9,334872E-1;1,044459E+1;1,694925E-2;9,393889E-1;;
30/11/2021  10:22:48,439422;9,339522E-1;1,044459E+1;1,442179E-2;9,390265E-1;;
30/11/2021  10:22:48,439522;9,349476E-1;1,044459E+1;1,726518E-2;9,386667E-1;;
30/11/2021  10:22:48,439622;9,350936E-1;1,044459E+1;1,568552E-2;9,383109E-1;;
30/11/2021  10:22:48,439722;9,359817E-1;1,044459E+1;1,821298E-2;9,379603E-1;;
30/11/2021  10:22:48,439822;9,358953E-1;1,044459E+1;1,884484E-2;9,376165E-1;;
30/11/2021  10:22:48,439922;9,354244E-1;1,044459E+1;1,726518E-2;9,372806E-1;;
30/11/2021  10:22:48,440022;9,354691E-1;1,044459E+1;1,789705E-2;9,369538E-1;;
30/11/2021  10:22:48,440122;9,365033E-1;1,044459E+1;3,996039E-3;9,366371E-1;;
30/11/2021  10:22:48,440222;9,368073E-1;1,044459E+1;1,157841E-2;9,363315E-1;;
30/11/2021  10:22:48,440322;9,375136E-1;1,044459E+1;1,600145E-2;9,360379E-1;;
30/11/2021  10:22:48,440422;9,368162E-1;1,044459E+1;1,315807E-2;9,357574E-1;;
30/11/2021  10:22:48,440522;9,374480E-1;1,044459E+1;1,410586E-2;9,354907E-1;;
30/11/2021  10:22:48,440622;9,373169E-1;1,044459E+1;2,295196E-2;9,352386E-1;;
30/11/2021  10:22:48,440722;9,367000E-1;1,044459E+1;2,200416E-2;9,350017E-1;;
30/11/2021  10:22:48,440822;9,375851E-1;1,044459E+1;1,315807E-2;9,347803E-1;;
30/11/2021  10:22:48,440922;9,382110E-1;1,044459E+1;1,694925E-2;9,345749E-1;;
30/11/2021  10:22:48,441022;9,383302E-1;1,044459E+1;1,884484E-2;9,343858E-1;;
30/11/2021  10:22:48,441122;9,378981E-1;1,044459E+1;1,694925E-2;9,342134E-1;;
30/11/2021  10:22:48,441222;9,380620E-1;1,044459E+1;1,221027E-2;9,340578E-1;;
30/11/2021  10:22:48,441322;9,375553E-1;1,044459E+1;1,758111E-2;9,339191E-1;;
30/11/2021  10:22:48,441422;9,370368E-1;1,044459E+1;1,821298E-2;9,337973E-1;;
30/11/2021  10:22:48,441522;9,374242E-1;1,044459E+1;1,758111E-2;9,336920E-1;;
30/11/2021  10:22:48,441622;9,381037E-1;1,044459E+1;1,852891E-2;9,336029E-1;;
30/11/2021  10:22:48,441722;9,380888E-1;1,044459E+1;1,916077E-2;9,335298E-1;;
30/11/2021  10:22:48,441822;9,385806E-1;1,044459E+1;1,631739E-2;9,334723E-1;;
30/11/2021  10:22:48,441922;9,378921E-1;1,044459E+1;1,631739E-2;9,334301E-1;;
30/11/2021  10:22:48,442022;9,374153E-1;1,044459E+1;1,663332E-2;9,334028E-1;;
30/11/2021  10:22:48,442122;9,370099E-1;1,044459E+1;1,979264E-2;9,333899E-1;;
30/11/2021  10:22:48,442222;9,375673E-1;1,044459E+1;1,031468E-2;9,333907E-1;;
30/11/2021  10:22:48,442322;9,378027E-1;1,044459E+1;1,252620E-2;9,334044E-1;;
30/11/2021  10:22:48,442422;9,385448E-1;1,044459E+1;1,568552E-2;9,334305E-1;;
30/11/2021  10:22:48,442522;9,377908E-1;1,044459E+1;6,523495E-3;9,334684E-1;;
30/11/2021  10:22:48,442622;9,373020E-1;1,044459E+1;1,631739E-2;9,335174E-1;;
30/11/2021  10:22:48,442722;9,367685E-1;1,044459E+1;1,284213E-2;9,335769E-1;;
30/11/2021  10:22:48,442822;9,373020E-1;1,044459E+1;9,998747E-3;9,336460E-1;;
30/11/2021  10:22:48,442922;9,376358E-1;1,044459E+1;9,366883E-3;9,337239E-1;;
30/11/2021  10:22:48,443022;9,374987E-1;1,044459E+1;8,735019E-3;9,338098E-1;;
30/11/2021  10:22:48,443122;9,373884E-1;1,044459E+1;5,575699E-3;9,339030E-1;;
30/11/2021  10:22:48,443222;9,373348E-1;1,044459E+1;9,366883E-3;9,340028E-1;;
30/11/2021  10:22:48,443322;9,363692E-1;1,044459E+1;9,050951E-3;9,341085E-1;;
30/11/2021  10:22:48,443422;9,368043E-1;1,044459E+1;4,311971E-3;9,342192E-1;;
30/11/2021  10:22:48,443522;9,373080E-1;1,044459E+1;3,680107E-3;9,343341E-1;;
30/11/2021  10:22:48,443622;9,376149E-1;1,044459E+1;3,680107E-3;9,344526E-1;;
30/11/2021  10:22:48,443722;9,386014E-1;1,044459E+1;4,627903E-3;9,345740E-1;;
30/11/2021  10:22:48,443822;9,384375E-1;1,044459E+1;3,996039E-3;9,346980E-1;;
30/11/2021  10:22:48,443922;9,386998E-1;1,044459E+1;4,311971E-3;9,348242E-1;;
30/11/2021  10:22:48,444022;9,391647E-1;1,044459E+1;3,364175E-3;9,349522E-1;;
30/11/2021  10:22:48,444122;9,396445E-1;1,044459E+1;6,839427E-3;9,350820E-1;;
30/11/2021  10:22:48,444222;9,402495E-1;1,044459E+1;3,048243E-3;9,352133E-1;;
30/11/2021  10:22:48,444322;9,416980E-1;1,044459E+1;7,155359E-3;9,353461E-1;;
30/11/2021  10:22:48,444422;9,426219E-1;1,044459E+1;3,680107E-3;9,354807E-1;;
30/11/2021  10:22:48,444522;9,435547E-1;1,044459E+1;3,048243E-3;9,356173E-1;;
30/11/2021  10:22:48,444622;9,435755E-1;1,044459E+1;3,680107E-3;9,357564E-1;;
30/11/2021  10:22:48,444722;9,436769E-1;1,044459E+1;3,048243E-3;9,358986E-1;;
30/11/2021  10:22:48,444822;9,442968E-1;1,044459E+1;3,364175E-3;9,360442E-1;;
30/11/2021  10:22:48,444922;9,449763E-1;1,044459E+1;3,996039E-3;9,361937E-1;;
30/11/2021  10:22:48,445022;9,459836E-1;1,044459E+1;3,680107E-3;9,363474E-1;;
30/11/2021  10:22:48,445122;9,462280E-1;1,044459E+1;3,996039E-3;9,365059E-1;;
30/11/2021  10:22:48,445222;9,465380E-1;1,044459E+1;3,364175E-3;9,366697E-1;;
30/11/2021  10:22:48,445322;9,460760E-1;1,044459E+1;3,048243E-3;9,368392E-1;;
30/11/2021  10:22:48,445422;9,466631E-1;1,044459E+1;3,364175E-3;9,370146E-1;;
30/11/2021  10:22:48,445522;9,469522E-1;1,044459E+1;3,996039E-3;9,371963E-1;;
30/11/2021  10:22:48,445622;9,481891E-1;1,044459E+1;3,680107E-3;9,373844E-1;;
30/11/2021  10:22:48,445722;9,492113E-1;1,044459E+1;6,207563E-3;9,375791E-1;;
30/11/2021  10:22:48,445822;9,505316E-1;1,044459E+1;7,155359E-3;9,377809E-1;;
30/11/2021  10:22:48,445922;9,506150E-1;1,044459E+1;3,680107E-3;9,379903E-1;;
30/11/2021  10:22:48,446022;9,513959E-1;1,044459E+1;3,996039E-3;9,382077E-1;;
30/11/2021  10:22:48,446122;9,520932E-1;1,044459E+1;3,680107E-3;9,384336E-1;;
30/11/2021  10:22:48,446222;9,527847E-1;1,044459E+1;6,839427E-3;9,386685E-1;;
30/11/2021  10:22:48,446322;9,544238E-1;1,044459E+1;3,996039E-3;9,389128E-1;;
30/11/2021  10:22:48,446422;9,546563E-1;1,044459E+1;3,048243E-3;9,391670E-1;;
30/11/2021  10:22:48,446522;9,556309E-1;1,044459E+1;8,419087E-3;9,394317E-1;;
30/11/2021  10:22:48,446622;9,559647E-1;1,044459E+1;8,735019E-3;9,397073E-1;;
30/11/2021  10:22:48,446722;9,558574E-1;1,044459E+1;1,094654E-2;9,399944E-1;;
30/11/2021  10:22:48,446822;9,565756E-1;1,044459E+1;9,366883E-3;9,402930E-1;;
30/11/2021  10:22:48,446922;9,574578E-1;1,044459E+1;5,575699E-3;9,406036E-1;;
30/11/2021  10:22:48,447022;9,583757E-1;1,044459E+1;8,103155E-3;9,409261E-1;;
30/11/2021  10:22:48,447122;9,591119E-1;1,044459E+1;8,735019E-3;9,412609E-1;;
30/11/2021  10:22:48,447222;9,590046E-1;1,044459E+1;3,996039E-3;9,416080E-1;;
30/11/2021  10:22:48,447322;9,589122E-1;1,044459E+1;6,839427E-3;9,419675E-1;;
30/11/2021  10:22:48,447422;9,591297E-1;1,044459E+1;6,523495E-3;9,423393E-1;;
30/11/2021  10:22:48,447522;9,586946E-1;1,044459E+1;8,419087E-3;9,427231E-1;;
30/11/2021  10:22:48,447622;9,593294E-1;1,044459E+1;1,252620E-2;9,431184E-1;;
30/11/2021  10:22:48,447722;9,594844E-1;1,044459E+1;1,189434E-2;9,435248E-1;;
30/11/2021  10:22:48,447822;9,593384E-1;1,044459E+1;1,031468E-2;9,439417E-1;;
30/11/2021  10:22:48,447922;9,586857E-1;1,044459E+1;1,600145E-2;9,443683E-1;;
30/11/2021  10:22:48,448022;9,583757E-1;1,044459E+1;1,726518E-2;9,448038E-1;;
30/11/2021  10:22:48,448122;9,574101E-1;1,044459E+1;1,726518E-2;9,452471E-1;;
30/11/2021  10:22:48,448222;9,571836E-1;1,044459E+1;1,600145E-2;9,456971E-1;;
30/11/2021  10:22:48,448322;9,578720E-1;1,044459E+1;1,758111E-2;9,461524E-1;;
30/11/2021  10:22:48,448422;9,579406E-1;1,044459E+1;1,600145E-2;9,466117E-1;;
30/11/2021  10:22:48,448522;9,575800E-1;1,044459E+1;1,600145E-2;9,470739E-1;;
30/11/2021  10:22:48,448622;9,570852E-1;1,044459E+1;1,694925E-2;9,475376E-1;;
30/11/2021  10:22:48,448722;9,570078E-1;1,044459E+1;1,758111E-2;9,480016E-1;;
30/11/2021  10:22:48,448822;9,566203E-1;1,044459E+1;1,663332E-2;9,484646E-1;;
30/11/2021  10:22:48,448922;9,566084E-1;1,044459E+1;1,536959E-2;9,489252E-1;;
30/11/2021  10:22:48,449022;9,570197E-1;1,044459E+1;1,536959E-2;9,493823E-1;;
30/11/2021  10:22:48,449122;9,569571E-1;1,044459E+1;1,631739E-2;9,498345E-1;;
30/11/2021  10:22:48,449222;9,571061E-1;1,044459E+1;1,821298E-2;9,502809E-1;;
30/11/2021  10:22:48,449322;9,560451E-1;1,044459E+1;1,726518E-2;9,507204E-1;;
30/11/2021  10:22:48,449422;9,560183E-1;1,044459E+1;1,694925E-2;9,511520E-1;;
30/11/2021  10:22:48,449522;9,552494E-1;1,044459E+1;1,284213E-2;9,515746E-1;;
30/11/2021  10:22:48,449622;9,553030E-1;1,044459E+1;1,600145E-2;9,519872E-1;;
30/11/2021  10:22:48,449722;9,547189E-1;1,044459E+1;9,050951E-3;9,523886E-1;;
30/11/2021  10:22:48,449822;9,551957E-1;1,044459E+1;1,631739E-2;9,527779E-1;;
30/11/2021  10:22:48,449922;9,543016E-1;1,044459E+1;9,682815E-3;9,531542E-1;;
30/11/2021  10:22:48,450022;9,537473E-1;1,044459E+1;1,663332E-2;9,535166E-1;;
30/11/2021  10:22:48,450122;9,533807E-1;1,044459E+1;1,789705E-2;9,538642E-1;;
30/11/2021  10:22:48,450222;9,525820E-1;1,044459E+1;1,663332E-2;9,541962E-1;;
30/11/2021  10:22:48,450322;9,531155E-1;1,044459E+1;1,473773E-2;9,545117E-1;;
30/11/2021  10:22:48,450422;9,532734E-1;1,044459E+1;1,726518E-2;9,548100E-1;;
30/11/2021  10:22:48,450522;9,526476E-1;1,044459E+1;1,568552E-2;9,550906E-1;;
30/11/2021  10:22:48,450622;9,519621E-1;1,044459E+1;1,600145E-2;9,553529E-1;;
30/11/2021  10:22:48,450722;9,512766E-1;1,044459E+1;1,789705E-2;9,555965E-1;;
30/11/2021  10:22:48,450822;9,507551E-1;1,044459E+1;1,789705E-2;9,558210E-1;;
30/11/2021  10:22:48,450922;9,507521E-1;1,044459E+1;1,694925E-2;9,560258E-1;;
30/11/2021  10:22:48,451022;9,507104E-1;1,044459E+1;1,536959E-2;9,562105E-1;;
30/11/2021  10:22:48,451122;9,503736E-1;1,044459E+1;1,505366E-2;9,563749E-1;;
30/11/2021  10:22:48,451222;9,502961E-1;1,044459E+1;1,315807E-2;9,565189E-1;;
30/11/2021  10:22:48,451322;9,495242E-1;1,044459E+1;1,884484E-2;9,566422E-1;;
30/11/2021  10:22:48,451422;9,487464E-1;1,044459E+1;1,536959E-2;9,567449E-1;;
30/11/2021  10:22:48,451522;9,488715E-1;1,044459E+1;1,631739E-2;9,568270E-1;;
30/11/2021  10:22:48,451622;9,483798E-1;1,044459E+1;1,410586E-2;9,568883E-1;;
30/11/2021  10:22:48,451722;9,492500E-1;1,044459E+1;1,600145E-2;9,569290E-1;;
30/11/2021  10:22:48,451822;9,489699E-1;1,044459E+1;1,852891E-2;9,569493E-1;;
30/11/2021  10:22:48,451922;9,485377E-1;1,044459E+1;1,505366E-2;9,569497E-1;;
30/11/2021  10:22:48,452022;9,485914E-1;1,044459E+1;1,663332E-2;9,569305E-1;;
30/11/2021  10:22:48,452122;9,474350E-1;1,044459E+1;1,663332E-2;9,568923E-1;;
30/11/2021  10:22:48,452222;9,474201E-1;1,044459E+1;1,378993E-2;9,568356E-1;;
30/11/2021  10:22:48,452322;9,474887E-1;1,044459E+1;1,600145E-2;9,567606E-1;;
30/11/2021  10:22:48,452422;9,481473E-1;1,044459E+1;1,726518E-2;9,566681E-1;;
30/11/2021  10:22:48,452522;9,476288E-1;1,044459E+1;1,726518E-2;9,565587E-1;;
30/11/2021  10:22:48,452622;9,477480E-1;1,044459E+1;8,103155E-3;9,564331E-1;;
30/11/2021  10:22:48,452722;9,472443E-1;1,044459E+1;1,758111E-2;9,562921E-1;;
30/11/2021  10:22:48,452822;9,466900E-1;1,044459E+1;6,970989E-2;9,561365E-1;;
30/11/2021  10:22:48,452922;9,462787E-1;1,044459E+1;1,568552E-2;9,559670E-1;;
30/11/2021  10:22:48,453022;9,465976E-1;1,044459E+1;1,631739E-2;9,557844E-1;;
30/11/2021  10:22:48,453122;9,459568E-1;1,044459E+1;2,074043E-2;9,555892E-1;;
30/11/2021  10:22:48,453222;9,451909E-1;1,044459E+1;1,726518E-2;9,553823E-1;;
30/11/2021  10:22:48,453322;9,450419E-1;1,044459E+1;2,105637E-2;9,551643E-1;;
30/11/2021  10:22:48,453422;9,438646E-1;1,044459E+1;1,758111E-2;9,549356E-1;;
30/11/2021  10:22:48,453522;9,428513E-1;1,044459E+1;9,340479E-2;9,546968E-1;;
30/11/2021  10:22:48,453622;9,429735E-1;1,044459E+1;2,010857E-2;9,544482E-1;;
30/11/2021  10:22:48,453722;9,426874E-1;1,044459E+1;1,947671E-2;9,541900E-1;;
30/11/2021  10:22:48,453822;9,423417E-1;1,044459E+1;1,600145E-2;9,539228E-1;;
30/11/2021  10:22:48,453922;9,419304E-1;1,044459E+1;2,074043E-2;9,536467E-1;;
30/11/2021  10:22:48,454022;9,414983E-1;1,044459E+1;1,979264E-2;9,533622E-1;;
30/11/2021  10:22:48,454122;9,405982E-1;1,044459E+1;3,337771E-2;9,530696E-1;;
30/11/2021  10:22:48,454222;9,398442E-1;1,044459E+1;1,979783E-1;9,527693E-1;;
30/11/2021  10:22:48,454322;9,396922E-1;1,044459E+1;1,726518E-2;9,524613E-1;;
30/11/2021  10:22:48,454422;9,402913E-1;1,044459E+1;1,631739E-2;9,521460E-1;;
30/11/2021  10:22:48,454522;9,399634E-1;1,044459E+1;2,263603E-2;9,518236E-1;;
30/11/2021  10:22:48,454622;9,392958E-1;1,044459E+1;1,189434E-2;9,514946E-1;;
30/11/2021  10:22:48,454722;9,393584E-1;1,044459E+1;1,473773E-2;9,511595E-1;;
30/11/2021  10:22:48,454822;9,380739E-1;1,044459E+1;1,789705E-2;9,508185E-1;;
30/11/2021  10:22:48,454922;9,384017E-1;1,044459E+1;1,821298E-2;9,504722E-1;;
30/11/2021  10:22:48,455022;9,391289E-1;1,044459E+1;1,536959E-2;9,501208E-1;;
30/11/2021  10:22:48,455122;9,389412E-1;1,044459E+1;1,536959E-2;9,497648E-1;;
30/11/2021  10:22:48,455222;9,389918E-1;1,044459E+1;1,821298E-2;9,494050E-1;;
30/11/2021  10:22:48,455322;9,388160E-1;1,044459E+1;1,663332E-2;9,490418E-1;;
30/11/2021  10:22:48,455422;9,383749E-1;1,044459E+1;2,200416E-2;9,486760E-1;;
30/11/2021  10:22:48,455522;9,383719E-1;1,044459E+1;1,884484E-2;9,483083E-1;;
30/11/2021  10:22:48,455622;9,383749E-1;1,044459E+1;1,631739E-2;9,479392E-1;;
30/11/2021  10:22:48,455722;9,386402E-1;1,044459E+1;1,442179E-2;9,475693E-1;;
30/11/2021  10:22:48,455822;9,385269E-1;1,044459E+1;7,787223E-3;9,471994E-1;;
30/11/2021  10:22:48,455922;9,392511E-1;1,044459E+1;1,378993E-2;9,468302E-1;;
30/11/2021  10:22:48,456022;9,389740E-1;1,044459E+1;1,347400E-2;9,464624E-1;;
30/11/2021  10:22:48,456122;9,383213E-1;1,044459E+1;1,315807E-2;9,460967E-1;;
30/11/2021  10:22:48,456222;9,387475E-1;1,044459E+1;2,168823E-2;9,457339E-1;;
30/11/2021  10:22:48,456322;9,387206E-1;1,044459E+1;1,600145E-2;9,453747E-1;;
30/11/2021  10:22:48,456422;9,395581E-1;1,044459E+1;2,010857E-2;9,450197E-1;;
30/11/2021  10:22:48,456522;9,400022E-1;1,044459E+1;1,726518E-2;9,446696E-1;;
30/11/2021  10:22:48,456622;9,398859E-1;1,044459E+1;1,600145E-2;9,443252E-1;;
30/11/2021  10:22:48,456722;9,396863E-1;1,044459E+1;1,126247E-2;9,439874E-1;;
30/11/2021  10:22:48,456822;9,403449E-1;1,044459E+1;9,366883E-3;9,436568E-1;;
30/11/2021  10:22:48,456922;9,404641E-1;1,044459E+1;1,916077E-2;9,433343E-1;;
30/11/2021  10:22:48,457022;9,412002E-1;1,044459E+1;1,473773E-2;9,430205E-1;;
30/11/2021  10:22:48,457122;9,418112E-1;1,044459E+1;1,505366E-2;9,427161E-1;;
30/11/2021  10:22:48,457222;9,424639E-1;1,044459E+1;1,758111E-2;9,424221E-1;;
30/11/2021  10:22:48,457322;9,429497E-1;1,044459E+1;1,473773E-2;9,421392E-1;;
30/11/2021  10:22:48,457422;9,430749E-1;1,044459E+1;1,916077E-2;9,418684E-1;;
30/11/2021  10:22:48,457522;9,426904E-1;1,044459E+1;1,189434E-2;9,416104E-1;;
30/11/2021  10:22:48,457622;9,431464E-1;1,044459E+1;1,789705E-2;9,413659E-1;;
30/11/2021  10:22:48,457722;9,438497E-1;1,044459E+1;1,347400E-2;9,411355E-1;;
30/11/2021  10:22:48,457822;9,438408E-1;1,044459E+1;1,694925E-2;9,409197E-1;;
30/11/2021  10:22:48,457922;9,442133E-1;1,044459E+1;1,726518E-2;9,407191E-1;;
30/11/2021  10:22:48,458022;9,444935E-1;1,044459E+1;2,074043E-2;9,405341E-1;;
30/11/2021  10:22:48,458122;9,443266E-1;1,044459E+1;1,347400E-2;9,403651E-1;;
30/11/2021  10:22:48,458222;9,433788E-1;1,044459E+1;1,758111E-2;9,402124E-1;;
30/11/2021  10:22:48,458322;9,434951E-1;1,044459E+1;1,663332E-2;9,400759E-1;;
30/11/2021  10:22:48,458422;9,443415E-1;1,044459E+1;1,631739E-2;9,399557E-1;;
30/11/2021  10:22:48,458522;9,441120E-1;1,044459E+1;1,568552E-2;9,398515E-1;;
30/11/2021  10:22:48,458622;9,437514E-1;1,044459E+1;1,568552E-2;9,397633E-1;;
30/11/2021  10:22:48,458722;9,434981E-1;1,044459E+1;1,505366E-2;9,396908E-1;;
30/11/2021  10:22:48,458822;9,428633E-1;1,044459E+1;1,347400E-2;9,396335E-1;;
30/11/2021  10:22:48,458922;9,427649E-1;1,044459E+1;1,221027E-2;9,395909E-1;;
30/11/2021  10:22:48,459022;9,423745E-1;1,044459E+1;1,536959E-2;9,395624E-1;;
30/11/2021  10:22:48,459122;9,424132E-1;1,044459E+1;1,157841E-2;9,395471E-1;;
30/11/2021  10:22:48,459222;9,426219E-1;1,044459E+1;1,600145E-2;9,395444E-1;;
30/11/2021  10:22:48,459322;9,423983E-1;1,044459E+1;1,821298E-2;9,395534E-1;;
30/11/2021  10:22:48,459422;9,418052E-1;1,044459E+1;1,600145E-2;9,395734E-1;;
30/11/2021  10:22:48,459522;9,419304E-1;1,044459E+1;1,663332E-2;9,396035E-1;;
30/11/2021  10:22:48,459622;9,420079E-1;1,044459E+1;8,419087E-3;9,396428E-1;;
30/11/2021  10:22:48,459722;9,421867E-1;1,044459E+1;1,631739E-2;9,396905E-1;;
30/11/2021  10:22:48,459822;9,427679E-1;1,044459E+1;1,789705E-2;9,397459E-1;;
30/11/2021  10:22:48,459922;9,428066E-1;1,044459E+1;1,852891E-2;9,398083E-1;;
30/11/2021  10:22:48,460022;9,426785E-1;1,044459E+1;1,694925E-2;9,398770E-1;;
30/11/2021  10:22:48,460122;9,421927E-1;1,044459E+1;1,473773E-2;9,399515E-1;;
30/11/2021  10:22:48,460222;9,419721E-1;1,044459E+1;1,694925E-2;9,400311E-1;;
30/11/2021  10:22:48,460322;9,419274E-1;1,044459E+1;1,694925E-2;9,401151E-1;;
30/11/2021  10:22:48,460422;9,432179E-1;1,044459E+1;1,789705E-2;9,402029E-1;;
30/11/2021  10:22:48,460522;9,431583E-1;1,044459E+1;1,473773E-2;9,402940E-1;;
30/11/2021  10:22:48,460622;9,432745E-1;1,044459E+1;1,473773E-2;9,403878E-1;;
30/11/2021  10:22:48,460722;9,432537E-1;1,044459E+1;1,758111E-2;9,404841E-1;;
30/11/2021  10:22:48,460822;9,428245E-1;1,044459E+1;1,694925E-2;9,405825E-1;;
30/11/2021  10:22:48,460922;9,426576E-1;1,044459E+1;1,884484E-2;9,406826E-1;;
30/11/2021  10:22:48,461022;9,426069E-1;1,044459E+1;1,884484E-2;9,407840E-1;;
30/11/2021  10:22:48,461122;9,436083E-1;1,044459E+1;1,852891E-2;9,408862E-1;;
30/11/2021  10:22:48,461222;9,437871E-1;1,044459E+1;1,726518E-2;9,409889E-1;;
30/11/2021  10:22:48,461322;9,439332E-1;1,044459E+1;1,663332E-2;9,410919E-1;;
30/11/2021  10:22:48,461422;9,432865E-1;1,044459E+1;1,758111E-2;9,411951E-1;;
30/11/2021  10:22:48,461522;9,426844E-1;1,044459E+1;1,758111E-2;9,412982E-1;;
30/11/2021  10:22:48,461622;9,431374E-1;1,044459E+1;1,663332E-2;9,414009E-1;;
30/11/2021  10:22:48,461722;9,431792E-1;1,044459E+1;1,189434E-2;9,415029E-1;;
30/11/2021  10:22:48,461822;9,444696E-1;1,044459E+1;1,378993E-2;9,416038E-1;;
30/11/2021  10:22:48,461922;9,441656E-1;1,044459E+1;1,600145E-2;9,417037E-1;;
30/11/2021  10:22:48,462022;9,442074E-1;1,044459E+1;1,284213E-2;9,418025E-1;;
30/11/2021  10:22:48,462122;9,446842E-1;1,044459E+1;1,663332E-2;9,419001E-1;;
30/11/2021  10:22:48,462222;9,448124E-1;1,044459E+1;1,789705E-2;9,419966E-1;;
30/11/2021  10:22:48,462322;9,452743E-1;1,044459E+1;1,315807E-2;9,420921E-1;;
30/11/2021  10:22:48,462422;9,459479E-1;1,044459E+1;1,473773E-2;9,421866E-1;;
30/11/2021  10:22:48,462522;9,471638E-1;1,044459E+1;1,758111E-2;9,422805E-1;;
30/11/2021  10:22:48,462622;9,471996E-1;1,044459E+1;1,726518E-2;9,423740E-1;;
30/11/2021  10:22:48,462722;9,476854E-1;1,044459E+1;1,442179E-2;9,424678E-1;;
30/11/2021  10:22:48,462822;9,483083E-1;1,044459E+1;5,575699E-3;9,425621E-1;;
30/11/2021  10:22:48,462922;9,489580E-1;1,044459E+1;1,189434E-2;9,426576E-1;;
30/11/2021  10:22:48,463022;9,490563E-1;1,044459E+1;3,680107E-3;9,427547E-1;;
30/11/2021  10:22:48,463122;9,501084E-1;1,044459E+1;3,680107E-3;9,428541E-1;;
30/11/2021  10:22:48,463222;9,507909E-1;1,044459E+1;3,680107E-3;9,429563E-1;;
30/11/2021  10:22:48,463322;9,519949E-1;1,044459E+1;4,943835E-3;9,430620E-1;;
30/11/2021  10:22:48,463422;9,517207E-1;1,044459E+1;3,048243E-3;9,431720E-1;;
30/11/2021  10:22:48,463522;9,516551E-1;1,044459E+1;3,364175E-3;9,432869E-1;;
30/11/2021  10:22:48,463622;9,521469E-1;1,044459E+1;3,364175E-3;9,434072E-1;;
30/11/2021  10:22:48,463722;9,528622E-1;1,044459E+1;3,364175E-3;9,435335E-1;;
30/11/2021  10:22:48,463822;9,532198E-1;1,044459E+1;1,094654E-2;9,436663E-1;;
30/11/2021  10:22:48,463922;9,542122E-1;1,044459E+1;3,680107E-3;9,438059E-1;;
30/11/2021  10:22:48,464022;9,539321E-1;1,044459E+1;3,680107E-3;9,439529E-1;;
30/11/2021  10:22:48,464122;9,536758E-1;1,044459E+1;4,627903E-3;9,441076E-1;;
30/11/2021  10:22:48,464222;9,537920E-1;1,044459E+1;4,627903E-3;9,442702E-1;;
30/11/2021  10:22:48,464322;9,535178E-1;1,044459E+1;3,364175E-3;9,444409E-1;;
30/11/2021  10:22:48,464422;9,537324E-1;1,044459E+1;3,364175E-3;9,446196E-1;;
30/11/2021  10:22:48,464522;9,548649E-1;1,044459E+1;3,048243E-3;9,448062E-1;;
30/11/2021  10:22:48,464622;9,549722E-1;1,044459E+1;3,364175E-3;9,450005E-1;;
30/11/2021  10:22:48,464722;9,547338E-1;1,044459E+1;3,364175E-3;9,452026E-1;;
30/11/2021  10:22:48,464822;9,546563E-1;1,044459E+1;3,680107E-3;9,454123E-1;;
30/11/2021  10:22:48,464922;9,540900E-1;1,044459E+1;3,364175E-3;9,456293E-1;;
30/11/2021  10:22:48,465022;9,542510E-1;1,044459E+1;3,680107E-3;9,458532E-1;;
30/11/2021  10:22:48,465122;9,555504E-1;1,044459E+1;3,680107E-3;9,460836E-1;;
30/11/2021  10:22:48,465222;9,555564E-1;1,044459E+1;3,680107E-3;9,463200E-1;;
30/11/2021  10:22:48,465322;9,552464E-1;1,044459E+1;7,471291E-3;9,465622E-1;;
30/11/2021  10:22:48,465422;9,544209E-1;1,044459E+1;3,364175E-3;9,468097E-1;;
30/11/2021  10:22:48,465522;9,347777E-1;1,691068E-1;1,818658E-1;9,470613E-1;;
30/11/2021  10:22:48,465622;9,343545E-1;5,780180E-4;5,707262E-2;9,473143E-1;;
30/11/2021  10:22:48,465722;9,345810E-1;6,779840E-2;1,407946E-1;9,475641E-1;;
30/11/2021  10:22:48,465822;9,350787E-1;1,225942E-1;1,717559E-1;9,478064E-1;;
30/11/2021  10:22:48,465922;9,346108E-1;9,997498E-2;1,038306E-1;9,480372E-1;;
30/11/2021  10:22:48,466022;9,344499E-1;9,137332E-2;8,803395E-2;9,482530E-1;;
30/11/2021  10:22:48,466122;9,336482E-1;7,735580E-2;8,234717E-2;9,484509E-1;;
30/11/2021  10:22:48,466222;9,337197E-1;9,392196E-2;9,877564E-2;9,486282E-1;;
30/11/2021  10:22:48,466322;9,337465E-1;6,588692E-2;1,082536E-1;9,487825E-1;;
30/11/2021  10:22:48,466422;9,338061E-1;1,133553E-1;1,202590E-1;9,489119E-1;;
30/11/2021  10:22:48,466522;9,344171E-1;1,343816E-1;1,641736E-1;9,490150E-1;;
30/11/2021  10:22:48,466622;9,341429E-1;1,420275E-1;1,351078E-1;9,490905E-1;;
30/11/2021  10:22:48,466722;9,338389E-1;1,471248E-1;1,442698E-1;9,491378E-1;;
30/11/2021  10:22:48,466822;9,337048E-1;1,257800E-1;1,031987E-1;9,491562E-1;;
30/11/2021  10:22:48,466922;9,333770E-1;1,694254E-1;1,338441E-1;9,491455E-1;;
30/11/2021  10:22:48,467022;9,330283E-1;1,691068E-1;1,483770E-1;9,491055E-1;;
30/11/2021  10:22:48,467122;9,337078E-1;1,706997E-1;1,922915E-1;9,490363E-1;;
30/11/2021  10:22:48,467222;9,343843E-1;1,111253E-1;1,464814E-1;9,489383E-1;;
30/11/2021  10:22:48,467322;9,340833E-1;1,343816E-1;1,411105E-1;9,488120E-1;;
30/11/2021  10:22:48,467422;9,345691E-1;1,366117E-1;1,376353E-1;9,486583E-1;;
30/11/2021  10:22:48,467522;9,339641E-1;1,264171E-1;1,272095E-1;9,484782E-1;;
30/11/2021  10:22:48,467622;9,338627E-1;1,238685E-1;1,262617E-1;9,482729E-1;;
30/11/2021  10:22:48,467722;9,344409E-1;1,219570E-1;1,256299E-1;9,480434E-1;;
30/11/2021  10:22:48,467822;9,351353E-1;1,060280E-1;9,150920E-2;9,477911E-1;;
30/11/2021  10:22:48,467922;9,351353E-1;1,245056E-1;1,249980E-1;9,475176E-1;;
30/11/2021  10:22:48,468022;9,352456E-1;1,280100E-1;1,249980E-1;9,472243E-1;;
30/11/2021  10:22:48,468122;9,353052E-1;1,203641E-1;1,107811E-1;9,469129E-1;;
30/11/2021  10:22:48,468222;9,347330E-1;9,360338E-2;8,898175E-2;9,465853E-1;;
30/11/2021  10:22:48,468322;9,351830E-1;1,366117E-1;1,572231E-1;9,462428E-1;;
30/11/2021  10:22:48,468422;9,356181E-1;1,238685E-1;1,272095E-1;9,458873E-1;;
30/11/2021  10:22:48,468522;9,360354E-1;1,378860E-1;1,407946E-1;9,455204E-1;;
30/11/2021  10:22:48,468622;9,361010E-1;7,098420E-2;4,032822E-2;9,451439E-1;;
30/11/2021  10:22:48,468722;9,368281E-1;1,114439E-1;1,035146E-1;9,447594E-1;;
30/11/2021  10:22:48,468822;9,360354E-1;1,149482E-1;1,603824E-1;9,443690E-1;;
30/11/2021  10:22:48,468922;9,362768E-1;1,471248E-1;1,483770E-1;9,439741E-1;;
30/11/2021  10:22:48,469022;9,367060E-1;1,203641E-1;1,253139E-1;9,435765E-1;;
30/11/2021  10:22:48,469122;9,374510E-1;1,340630E-1;1,278414E-1;9,431777E-1;;
30/11/2021  10:22:48,469222;9,381961E-1;1,289658E-1;1,319485E-1;9,427793E-1;;
30/11/2021  10:22:48,469322;9,385984E-1;1,283286E-1;1,253139E-1;9,423832E-1;;
30/11/2021  10:22:48,469422;9,392362E-1;1,305587E-1;1,243661E-1;9,419908E-1;;
30/11/2021  10:22:48,469522;9,391766E-1;1,353374E-1;1,306848E-1;9,416041E-1;;
30/11/2021  10:22:48,469622;9,394210E-1;1,382046E-1;1,278414E-1;9,412244E-1;;
30/11/2021  10:22:48,469722;9,397965E-1;1,229127E-1;1,313166E-1;9,408534E-1;;
30/11/2021  10:22:48,469822;9,407949E-1;7,034704E-2;5,644075E-2;9,404925E-1;;
30/11/2021  10:22:48,469922;9,416652E-1;1,305587E-1;1,234183E-1;9,401430E-1;;
30/11/2021  10:22:48,470022;9,420616E-1;1,257800E-1;1,155200E-1;9,398064E-1;;
30/11/2021  10:22:48,470122;9,426219E-1;1,289658E-1;1,275255E-1;9,394842E-1;;
30/11/2021  10:22:48,470222;9,420794E-1;1,455319E-1;1,385831E-1;9,391775E-1;;
30/11/2021  10:22:48,470322;9,429169E-1;1,366117E-1;1,379512E-1;9,388876E-1;;
30/11/2021  10:22:48,470422;9,435815E-1;1,168597E-1;1,319485E-1;9,386155E-1;;
30/11/2021  10:22:48,470522;9,436232E-1;1,299215E-1;1,256299E-1;9,383621E-1;;
30/11/2021  10:22:48,470622;9,443236E-1;1,703812E-1;1,976624E-1;9,381283E-1;;
30/11/2021  10:22:48,470722;9,451134E-1;1,347002E-1;1,310007E-1;9,379148E-1;;
30/11/2021  10:22:48,470822;9,446872E-1;1,308772E-1;1,287892E-1;9,377224E-1;;
30/11/2021  10:22:48,470922;9,440733E-1;1,350188E-1;1,325804E-1;9,375516E-1;;
30/11/2021  10:22:48,471022;9,444160E-1;1,280100E-1;1,360556E-1;9,374028E-1;;
30/11/2021  10:22:48,471122;9,452266E-1;1,088952E-1;8,929768E-2;9,372760E-1;;
30/11/2021  10:22:48,471222;9,455336E-1;1,519035E-1;1,480610E-1;9,371713E-1;;
30/11/2021  10:22:48,471322;9,453935E-1;9,933782E-2;1,073058E-1;9,370888E-1;;
30/11/2021  10:22:48,471422;9,457541E-1;1,248242E-1;1,253139E-1;9,370285E-1;;
30/11/2021  10:22:48,471522;9,456916E-1;1,362931E-1;1,379512E-1;9,369900E-1;;
30/11/2021  10:22:48,471622;9,458942E-1;1,541336E-1;1,578549E-1;9,369733E-1;;
30/11/2021  10:22:48,471722;9,461386E-1;8,978042E-2;9,182514E-2;9,369778E-1;;
30/11/2021  10:22:48,471822;9,472801E-1;1,356559E-1;1,322644E-1;9,370032E-1;;
30/11/2021  10:22:48,471922;9,475542E-1;1,308772E-1;1,107811E-1;9,370490E-1;;
30/11/2021  10:22:48,472022;9,482218E-1;1,401161E-1;1,648054E-1;9,371151E-1;;
30/11/2021  10:22:48,472122;9,481324E-1;1,385232E-1;1,641736E-1;9,372008E-1;;
30/11/2021  10:22:48,472222;9,485526E-1;1,286472E-1;1,259458E-1;9,373060E-1;;
30/11/2021  10:22:48,472322;9,487285E-1;1,305587E-1;1,291051E-1;9,374301E-1;;
30/11/2021  10:22:48,472422;9,497626E-1;1,280100E-1;1,265777E-1;9,375725E-1;;
30/11/2021  10:22:48,472522;9,503677E-1;1,047537E-1;9,308886E-2;9,377329E-1;;
30/11/2021  10:22:48,472622;9,513750E-1;1,241871E-1;1,022509E-1;9,379107E-1;;
30/11/2021  10:22:48,472722;9,515300E-1;1,324701E-1;1,354238E-1;9,381057E-1;;
30/11/2021  10:22:48,472822;9,514942E-1;1,123996E-1;1,114129E-1;9,383175E-1;;
30/11/2021  10:22:48,472922;9,514793E-1;1,273729E-1;1,385831E-1;9,385456E-1;;
30/11/2021  10:22:48,473022;9,521260E-1;4,071910E-2;8,550650E-2;9,387894E-1;;
30/11/2021  10:22:48,473122;9,532198E-1;1,353374E-1;1,411105E-1;9,390485E-1;;
30/11/2021  10:22:48,473222;9,535327E-1;1,413904E-1;1,449017E-1;9,393222E-1;;
30/11/2021  10:22:48,473322;9,543106E-1;1,528593E-1;1,616461E-1;9,396101E-1;;
30/11/2021  10:22:48,473422;9,544447E-1;1,433019E-1;1,328963E-1;9,399117E-1;;
30/11/2021  10:22:48,473522;9,538963E-1;1,331073E-1;1,310007E-1;9,402267E-1;;
30/11/2021  10:22:48,473622;9,542748E-1;1,544522E-1;1,335282E-1;9,405543E-1;;
30/11/2021  10:22:48,473722;9,542480E-1;1,162226E-1;1,262617E-1;9,408938E-1;;
30/11/2021  10:22:48,473822;9,551868E-1;1,095324E-1;1,044624E-1;9,412445E-1;;
30/11/2021  10:22:48,473922;9,554997E-1;9,965640E-2;1,088855E-1;9,416057E-1;;
30/11/2021  10:22:48,474022;9,557113E-1;1,034794E-1;9,277293E-2;9,419766E-1;;
30/11/2021  10:22:48,474122;9,555951E-1;1,238685E-1;1,597505E-1;9,423566E-1;;
30/11/2021  10:22:48,474222;9,553895E-1;1,455319E-1;1,853410E-1;9,427449E-1;;
30/11/2021  10:22:48,474322;9,556934E-1;8,372740E-2;8,929768E-2;9,431406E-1;;
30/11/2021  10:22:48,474422;9,566650E-1;9,615202E-2;1,019350E-1;9,435430E-1;;
30/11/2021  10:22:48,474522;9,568409E-1;6,206396E-2;1,085695E-1;9,439513E-1;;
30/11/2021  10:22:48,474622;9,568766E-1;6,015248E-2;6,813023E-2;9,443647E-1;;
30/11/2021  10:22:48,474722;9,572998E-1;1,041165E-1;1,366875E-1;9,447825E-1;;
30/11/2021  10:22:48,474822;9,576783E-1;1,002936E-1;1,155200E-1;9,452040E-1;;
30/11/2021  10:22:48,474922;9,576753E-1;1,187712E-1;1,291051E-1;9,456287E-1;;
30/11/2021  10:22:48,475022;9,572909E-1;1,286472E-1;1,354238E-1;9,460557E-1;;
30/11/2021  10:22:48,475122;9,583906E-1;1,245056E-1;1,281573E-1;9,464843E-1;;
30/11/2021  10:22:48,475222;9,581850E-1;1,544522E-1;1,395309E-1;9,469140E-1;;
30/11/2021  10:22:48,475322;9,590969E-1;1,726112E-1;1,540637E-1;9,473441E-1;;
30/11/2021  10:22:48,475422;9,593056E-1;1,754784E-1;1,597505E-1;9,477741E-1;;
30/11/2021  10:22:48,475522;9,592817E-1;1,643281E-1;1,486929E-1;9,482034E-1;;
30/11/2021  10:22:48,475622;9,592281E-1;1,375674E-1;1,395309E-1;9,486317E-1;;
30/11/2021  10:22:48,475722;9,586678E-1;1,114439E-1;1,202590E-1;9,490582E-1;;
30/11/2021  10:22:48,475822;9,587542E-1;8,786894E-2;9,372073E-2;9,494825E-1;;
30/11/2021  10:22:48,475922;9,593562E-1;1,050723E-1;1,038306E-1;9,499039E-1;;
30/11/2021  10:22:48,476022;9,594397E-1;4,390490E-2;1,094654E-2;9,503218E-1;;
30/11/2021  10:22:48,476122;9,589807E-1;1,662396E-1;1,869207E-1;9,507357E-1;;
30/11/2021  10:22:48,476222;9,585218E-1;1,165411E-1;1,262617E-1;9,511449E-1;;
30/11/2021  10:22:48,476322;9,572790E-1;1,362931E-1;1,464814E-1;9,515488E-1;;
30/11/2021  10:22:48,476422;9,582833E-1;1,582751E-1;1,483770E-1;9,519465E-1;;
30/11/2021  10:22:48,476522;9,579793E-1;1,296029E-1;1,262617E-1;9,523374E-1;;
30/11/2021  10:22:48,476622;9,578214E-1;6,970988E-2;9,182514E-2;9,527206E-1;;
30/11/2021  10:22:48,476722;9,573773E-1;1,267357E-1;1,177316E-1;9,530954E-1;;
30/11/2021  10:22:48,476822;9,569720E-1;1,216384E-1;1,414265E-1;9,534612E-1;;
30/11/2021  10:22:48,476922;9,568170E-1;1,015679E-1;9,214107E-2;9,538173E-1;;
30/11/2021  10:22:48,477022;9,565011E-1;1,241871E-1;1,284732E-1;9,541628E-1;;
30/11/2021  10:22:48,477122;9,566233E-1;1,423461E-1;1,426902E-1;9,544972E-1;;
30/11/2021  10:22:48,477222;9,572104E-1;1,120810E-1;1,227865E-1;9,548197E-1;;
30/11/2021  10:22:48,477322;9,569869E-1;1,280100E-1;1,313166E-1;9,551300E-1;;
30/11/2021  10:22:48,477422;9,566501E-1;1,235499E-1;1,297370E-1;9,554276E-1;;
30/11/2021  10:22:48,477522;9,564385E-1;1,608238E-1;1,550115E-1;9,557122E-1;;
30/11/2021  10:22:48,477622;9,558454E-1;1,363980E-2;9,245700E-2;9,559834E-1;;
30/11/2021  10:22:48,477722;9,556607E-1;1,353374E-1;1,531159E-1;9,562408E-1;;
30/11/2021  10:22:48,477822;9,561614E-1;-3,777220E-4;7,729226E-2;9,564842E-1;;
30/11/2021  10:22:48,477922;9,558901E-1;1,289658E-1;1,622780E-1;9,567133E-1;;
30/11/2021  10:22:48,478022;9,566412E-1;1,047537E-1;1,035146E-1;9,569279E-1;;
30/11/2021  10:22:48,478122;9,563700E-1;2,574584E-2;6,465498E-2;9,571280E-1;;
30/11/2021  10:22:48,478222;9,555504E-1;6,949618E-3;7,034176E-2;9,573137E-1;;
30/11/2021  10:22:48,478322;9,546086E-1;4,263058E-2;4,159195E-2;9,574850E-1;;
30/11/2021  10:22:48,478422;9,546176E-1;5,537378E-2;1,164678E-1;9,576418E-1;;
30/11/2021  10:22:48,478522;9,544864E-1;1,245056E-1;1,196272E-1;9,577840E-1;;
30/11/2021  10:22:48,478622;9,548947E-1;1,372488E-1;1,502726E-1;9,579115E-1;;
30/11/2021  10:22:48,478722;9,542391E-1;1,276914E-1;1,167838E-1;9,580244E-1;;
30/11/2021  10:22:48,478822;9,540036E-1;1,264171E-1;1,411105E-1;9,581227E-1;;
30/11/2021  10:22:48,478922;9,533271E-1;5,983390E-2;7,223735E-2;9,582066E-1;;
30/11/2021  10:22:48,479022;9,521558E-1;8,595746E-2;9,150920E-2;9,582760E-1;;
30/11/2021  10:22:48,479122;9,525552E-1;1,181340E-1;1,076217E-1;9,583309E-1;;
30/11/2021  10:22:48,479222;9,525254E-1;1,519035E-1;1,989261E-1;9,583711E-1;;
30/11/2021  10:22:48,479322;9,521409E-1;5,951532E-2;6,844617E-2;9,583969E-1;;
30/11/2021  10:22:48,479422;9,513303E-1;1,248242E-1;1,445858E-1;9,584082E-1;;
30/11/2021  10:22:48,479522;9,511962E-1;1,477620E-1;1,420583E-1;9,584052E-1;;
30/11/2021  10:22:48,479622;9,500190E-1;1,120810E-1;1,148882E-1;9,583878E-1;;
30/11/2021  10:22:48,479722;9,494914E-1;1,232313E-1;1,262617E-1;9,583561E-1;;
30/11/2021  10:22:48,479822;9,499206E-1;1,311958E-1;1,316326E-1;9,583101E-1;;
30/11/2021  10:22:48,479922;9,494825E-1;8,882468E-2;6,023194E-2;9,582497E-1;;
30/11/2021  10:22:48,480022;9,485348E-1;1,203641E-1;1,170997E-1;9,581750E-1;;
30/11/2021  10:22:48,480122;9,481503E-1;1,076209E-1;9,688005E-2;9,580863E-1;;
30/11/2021  10:22:48,480222;9,477837E-1;6,811698E-2;8,203124E-2;9,579834E-1;;
30/11/2021  10:22:48,480322;9,464635E-1;1,082581E-1;1,038306E-1;9,578665E-1;;
30/11/2021  10:22:48,480422;9,463740E-1;1,152668E-1;1,335282E-1;9,577356E-1;;
30/11/2021  10:22:48,480522;9,465856E-1;1,053908E-1;1,050943E-1;9,575908E-1;;
30/11/2021  10:22:48,480622;9,462519E-1;1,015679E-1;1,316326E-1;9,574320E-1;;
30/11/2021  10:22:48,480722;9,462936E-1;-3,892590E-2;1,600145E-2;9,572595E-1;;
30/11/2021  10:22:48,480822;9,454829E-1;4,135626E-2;9,214107E-2;9,570738E-1;;
30/11/2021  10:22:48,480922;9,449405E-1;1,378860E-1;1,376353E-1;9,568749E-1;;
30/11/2021  10:22:48,481022;9,445322E-1;1,585937E-1;1,774427E-1;9,566633E-1;;
30/11/2021  10:22:48,481122;9,441805E-1;1,382046E-1;1,376353E-1;9,564392E-1;;
30/11/2021  10:22:48,481222;9,444041E-1;1,216384E-1;1,212068E-1;9,562029E-1;;
30/11/2021  10:22:48,481322;9,446842E-1;1,203641E-1;1,265777E-1;9,559549E-1;;
30/11/2021  10:22:48,481422;9,436203E-1;1,337445E-1;1,316326E-1;9,556956E-1;;
30/11/2021  10:22:48,481522;9,437186E-1;1,095324E-1;1,104651E-1;9,554255E-1;;
30/11/2021  10:22:48,481622;9,429080E-1;1,289658E-1;1,199431E-1;9,551452E-1;;
30/11/2021  10:22:48,481722;9,418976E-1;1,350188E-1;1,240502E-1;9,548552E-1;;
30/11/2021  10:22:48,481822;9,418619E-1;1,455319E-1;1,370034E-1;9,545558E-1;;
30/11/2021  10:22:48,481922;9,427768E-1;1,130368E-1;1,148882E-1;9,542473E-1;;
30/11/2021  10:22:48,482022;9,423268E-1;1,194084E-1;1,079377E-1;9,539305E-1;;
30/11/2021  10:22:48,482122;9,417456E-1;1,117624E-1;1,177316E-1;9,536057E-1;;
30/11/2021  10:22:48,482222;9,419274E-1;9,838208E-2;1,095173E-1;9,532738E-1;;
30/11/2021  10:22:48,482322;9,413046E-1;9,997498E-2;1,104651E-1;9,529352E-1;;
30/11/2021  10:22:48,482422;9,412837E-1;1,073023E-1;1,167838E-1;9,525907E-1;;
30/11/2021  10:22:48,482522;9,416026E-1;9,615202E-2;1,357397E-1;9,522407E-1;;
30/11/2021  10:22:48,482622;9,412867E-1;9,615202E-2;9,782784E-2;9,518860E-1;;
30/11/2021  10:22:48,482722;9,418052E-1;1,292843E-1;1,948190E-1;9,515273E-1;;
30/11/2021  10:22:48,482822;9,418589E-1;9,201048E-2;1,013031E-1;9,511654E-1;;
30/11/2021  10:22:48,482922;9,413910E-1;9,360338E-2;9,877564E-2;9,508011E-1;;
30/11/2021  10:22:48,483022;9,409201E-1;-7,269538E-2;1,568552E-2;9,504351E-1;;
30/11/2021  10:22:48,483122;9,412628E-1;8,277166E-2;1,161519E-1;9,500683E-1;;
30/11/2021  10:22:48,483222;9,420168E-1;6,206396E-2;6,939396E-2;9,497013E-1;;
30/11/2021  10:22:48,483322;9,420377E-1;1,404346E-1;1,436380E-1;9,493349E-1;;
30/11/2021  10:22:48,483422;9,419811E-1;1,181340E-1;1,060421E-1;9,489701E-1;;
30/11/2021  10:22:48,483522;9,420586E-1;1,417090E-1;1,316326E-1;9,486076E-1;;
30/11/2021  10:22:48,483622;9,419364E-1;1,598680E-1;1,458495E-1;9,482483E-1;;
30/11/2021  10:22:48,483722;9,413582E-1;1,904517E-1;1,648054E-1;9,478931E-1;;
30/11/2021  10:22:48,483822;9,419483E-1;1,002936E-1;1,076217E-1;9,475424E-1;;
30/11/2021  10:22:48,483922;9,426427E-1;1,614609E-1;1,521681E-1;9,471972E-1;;
30/11/2021  10:22:48,484022;9,425950E-1;1,452133E-1;1,322644E-1;9,468580E-1;;
30/11/2021  10:22:48,484122;9,422135E-1;1,534964E-1;1,809180E-1;9,465256E-1;;
30/11/2021  10:22:48,484222;9,421331E-1;1,050723E-1;1,550115E-1;9,462006E-1;;
30/11/2021  10:22:48,484322;9,411257E-1;1,260985E-1;1,246821E-1;9,458837E-1;;
30/11/2021  10:22:48,484422;9,413403E-1;1,206827E-1;1,208909E-1;9,455752E-1;;
30/11/2021  10:22:48,484522;9,412151E-1;1,254614E-1;1,300529E-1;9,452753E-1;;
30/11/2021  10:22:48,484622;9,417009E-1;2,988738E-2;6,181159E-2;9,449843E-1;;
30/11/2021  10:22:48,484722;9,413463E-1;1,044351E-1;1,638576E-1;9,447025E-1;;
30/11/2021  10:22:48,484822;9,412151E-1;1,477620E-1;1,812339E-1;9,444301E-1;;
30/11/2021  10:22:48,484922;9,407592E-1;1,152668E-1;1,095173E-1;9,441671E-1;;
30/11/2021  10:22:48,485022;9,401184E-1;1,280100E-1;1,388990E-1;9,439138E-1;;
30/11/2021  10:22:48,485122;9,403866E-1;1,375674E-1;1,464814E-1;9,436699E-1;;
30/11/2021  10:22:48,485222;9,400022E-1;8,723178E-2;1,101492E-1;9,434354E-1;;
30/11/2021  10:22:48,485322;9,399813E-1;1,334259E-1;1,392149E-1;9,432100E-1;;
30/11/2021  10:22:48,485422;9,401601E-1;7,544432E-2;1,272095E-1;9,429937E-1;;
30/11/2021  10:22:48,485522;9,395462E-1;1,340630E-1;1,310007E-1;9,427863E-1;;
30/11/2021  10:22:48,485622;9,388667E-1;1,397975E-1;1,392149E-1;9,425874E-1;;
30/11/2021  10:22:48,485722;9,387087E-1;1,162226E-1;1,215227E-1;9,423968E-1;;
30/11/2021  10:22:48,485822;9,386730E-1;1,273729E-1;1,310007E-1;9,422141E-1;;
30/11/2021  10:22:48,485922;9,386223E-1;1,327887E-1;1,306848E-1;9,420388E-1;;
30/11/2021  10:22:48,486022;9,386849E-1;1,340630E-1;1,376353E-1;9,418706E-1;;
30/11/2021  10:22:48,486122;9,384912E-1;1,245056E-1;1,224705E-1;9,417091E-1;;
30/11/2021  10:22:48,486222;9,382527E-1;1,506292E-1;1,502726E-1;9,415539E-1;;
30/11/2021  10:22:48,486322;9,379428E-1;1,585937E-1;1,467973E-1;9,414047E-1;;
30/11/2021  10:22:48,486422;9,379547E-1;9,424054E-2;1,009872E-1;9,412612E-1;;
30/11/2021  10:22:48,486522;9,377699E-1;1,302401E-1;1,278414E-1;9,411228E-1;;
30/11/2021  10:22:48,486622;9,382647E-1;1,439390E-1;1,730197E-1;9,409893E-1;;
30/11/2021  10:22:48,486722;9,376090E-1;1,347002E-1;1,294210E-1;9,408604E-1;;
30/11/2021  10:22:48,486822;9,376388E-1;1,321516E-1;1,486929E-1;9,407358E-1;;
30/11/2021  10:22:48,486922;9,370248E-1;1,283286E-1;1,379512E-1;9,406151E-1;;
30/11/2021  10:22:48,487022;9,362410E-1;1,311958E-1;1,332122E-1;9,404980E-1;;
30/11/2021  10:22:48,487122;9,369950E-1;1,359745E-1;1,395309E-1;9,403840E-1;;
30/11/2021  10:22:48,487222;9,369772E-1;1,225942E-1;1,319485E-1;9,402728E-1;;
30/11/2021  10:22:48,487322;9,374242E-1;1,350188E-1;1,275255E-1;9,401640E-1;;
30/11/2021  10:22:48,487422;9,377431E-1;1,340630E-1;1,575390E-1;9,400576E-1;;
30/11/2021  10:22:48,487522;9,377550E-1;1,241871E-1;1,351078E-1;9,399533E-1;;
30/11/2021  10:22:48,487622;9,373080E-1;1,885402E-1;2,791728E-1;9,398512E-1;;
30/11/2021  10:22:48,487722;9,373229E-1;3,625898E-2;1,126766E-1;9,397513E-1;;
30/11/2021  10:22:48,487822;9,381961E-1;1,270543E-1;1,249980E-1;9,396534E-1;;
30/11/2021  10:22:48,487922;9,389978E-1;-2,299690E-2;1,663332E-2;9,395576E-1;;
30/11/2021  10:22:48,488022;9,395164E-1;4,103768E-2;8,203124E-2;9,394642E-1;;
30/11/2021  10:22:48,488122;9,401273E-1;8,755036E-2;8,992954E-2;9,393734E-1;;
30/11/2021  10:22:48,488222;9,401929E-1;1,286472E-1;1,196272E-1;9,392858E-1;;
30/11/2021  10:22:48,488322;9,400171E-1;1,343816E-1;1,452176E-1;9,392018E-1;;
30/11/2021  10:22:48,488422;9,404731E-1;1,347002E-1;1,426902E-1;9,391217E-1;;
30/11/2021  10:22:48,488522;9,409201E-1;3,976336E-2;8,519056E-2;9,390460E-1;;
30/11/2021  10:22:48,488622;9,419841E-1;1,378860E-1;1,303688E-1;9,389752E-1;;
30/11/2021  10:22:48,488722;9,426904E-1;7,863012E-2;9,182514E-2;9,389097E-1;;
30/11/2021  10:22:48,488822;9,431494E-1;1,229127E-1;1,208909E-1;9,388501E-1;;
30/11/2021  10:22:48,488922;9,432269E-1;1,401161E-1;1,445858E-1;9,387973E-1;;
30/11/2021  10:22:48,489022;9,429765E-1;2,606442E-2;9,087734E-2;9,387516E-1;;
30/11/2021  10:22:48,489122;9,435308E-1;1,289658E-1;1,218387E-1;9,387138E-1;;
30/11/2021  10:22:48,489222;9,439660E-1;1,318330E-1;1,275255E-1;9,386841E-1;;
30/11/2021  10:22:48,489322;9,443266E-1;1,120810E-1;1,095173E-1;9,386630E-1;;
30/11/2021  10:22:48,489422;9,444428E-1;1,509478E-1;1,496407E-1;9,386509E-1;;
30/11/2021  10:22:48,489522;9,445024E-1;1,190898E-1;1,240502E-1;9,386482E-1;;
30/11/2021  10:22:48,489622;9,438527E-1;1,114439E-1;1,013031E-1;9,386552E-1;;
30/11/2021  10:22:48,489722;9,437246E-1;2,070179E-1;2,292556E-1;9,386718E-1;;
30/11/2021  10:22:48,489822;9,438527E-1;1,592309E-1;1,610142E-1;9,386982E-1;;
30/11/2021  10:22:48,489922;9,442253E-1;9,933782E-2;1,079377E-1;9,387340E-1;;
30/11/2021  10:22:48,490022;9,441269E-1;1,461691E-1;1,268936E-1;9,387792E-1;;
30/11/2021  10:22:48,490122;9,443057E-1;1,480806E-1;1,654373E-1;9,388336E-1;;
30/11/2021  10:22:48,490222;9,441865E-1;1,181340E-1;9,877564E-2;9,388970E-1;;
30/11/2021  10:22:48,490322;9,434653E-1;1,133553E-1;9,972343E-2;9,389690E-1;;
30/11/2021  10:22:48,490422;9,432716E-1;8,404598E-2;7,286922E-2;9,390493E-1;;
30/11/2021  10:22:48,490522;9,437365E-1;1,159040E-1;1,133085E-1;9,391373E-1;;
30/11/2021  10:22:48,490622;9,442700E-1;1,006121E-1;9,688005E-2;9,392325E-1;;
30/11/2021  10:22:48,490722;9,444577E-1;1,222756E-1;1,524841E-1;9,393345E-1;;
30/11/2021  10:22:48,490822;9,440405E-1;1,133553E-1;1,044624E-1;9,394428E-1;;
30/11/2021  10:22:48,490922;9,435517E-1;1,194084E-1;1,392149E-1;9,395571E-1;;
30/11/2021  10:22:48,491022;9,437216E-1;7,894870E-2;8,076751E-2;9,396767E-1;;
30/11/2021  10:22:48,491122;9,435428E-1;1,031608E-1;1,275255E-1;9,398012E-1;;
30/11/2021  10:22:48,491222;9,432060E-1;9,838208E-2;8,992954E-2;9,399299E-1;;
30/11/2021  10:22:48,491322;9,435368E-1;1,159040E-1;1,347919E-1;9,400622E-1;;
30/11/2021  10:22:48,491422;9,437067E-1;1,069837E-1;1,319485E-1;9,401975E-1;;
30/11/2021  10:22:48,491522;9,437246E-1;1,276914E-1;1,493248E-1;9,403352E-1;;
30/11/2021  10:22:48,491622;9,432090E-1;1,286472E-1;1,205749E-1;9,404749E-1;;
30/11/2021  10:22:48,491722;9,429586E-1;1,270543E-1;1,281573E-1;9,406159E-1;;
30/11/2021  10:22:48,491822;9,425056E-1;1,519035E-1;1,417424E-1;9,407576E-1;;
30/11/2021  10:22:48,491922;9,428275E-1;1,633724E-1;1,395309E-1;9,408995E-1;;
30/11/2021  10:22:48,492022;9,433103E-1;1,714418E-2;6,876210E-2;9,410408E-1;;
30/11/2021  10:22:48,492122;9,430868E-1;1,710183E-1;1,518522E-1;9,411811E-1;;
30/11/2021  10:22:48,492222;9,427053E-1;1,455319E-1;1,338441E-1;9,413200E-1;;
30/11/2021  10:22:48,492322;9,421718E-1;7,576290E-2;8,834988E-2;9,414568E-1;;
30/11/2021  10:22:48,492422;9,424102E-1;1,299215E-1;1,139404E-1;9,415912E-1;;
30/11/2021  10:22:48,492522;9,425801E-1;1,197269E-1;1,038306E-1;9,417226E-1;;
30/11/2021  10:22:48,492622;9,427858E-1;7,417000E-2;1,145722E-1;9,418506E-1;;
30/11/2021  10:22:48,492722;9,426248E-1;2,287862E-2;7,824006E-2;9,419748E-1;;
30/11/2021  10:22:48,492822;9,421867E-1;1,315144E-1;1,452176E-1;9,420950E-1;;
30/11/2021  10:22:48,492922;9,423387E-1;1,241871E-1;1,240502E-1;9,422107E-1;;
30/11/2021  10:22:48,493022;9,418947E-1;1,289658E-1;1,268936E-1;9,423218E-1;;
30/11/2021  10:22:48,493122;9,424311E-1;1,805757E-1;1,673329E-1;9,424278E-1;;
30/11/2021  10:22:48,493222;9,430003E-1;1,257800E-1;1,275255E-1;9,425287E-1;;
30/11/2021  10:22:48,493322;9,436650E-1;1,200455E-1;1,306848E-1;9,426242E-1;;
30/11/2021  10:22:48,493422;9,437395E-1;1,229127E-1;1,268936E-1;9,427146E-1;;
30/11/2021  10:22:48,493522;9,437514E-1;1,292843E-1;1,265777E-1;9,427999E-1;;
30/11/2021  10:22:48,493622;9,440435E-1;1,181340E-1;1,107811E-1;9,428804E-1;;
30/11/2021  10:22:48,493722;9,437246E-1;1,378860E-1;1,284732E-1;9,429562E-1;;
30/11/2021  10:22:48,493822;9,444905E-1;1,356559E-1;1,193112E-1;9,430276E-1;;
30/11/2021  10:22:48,493922;9,449554E-1;1,391603E-1;1,332122E-1;9,430949E-1;;
30/11/2021  10:22:48,494022;9,447945E-1;1,171783E-1;1,404787E-1;9,431584E-1;;
30/11/2021  10:22:48,494122;9,445531E-1;1,203641E-1;1,079377E-1;9,432185E-1;;
30/11/2021  10:22:48,494222;9,451491E-1;1,286472E-1;1,322644E-1;9,432755E-1;;
30/11/2021  10:22:48,494322;9,449495E-1;1,222756E-1;1,180475E-1;9,433297E-1;;
30/11/2021  10:22:48,494422;9,449971E-1;1,264171E-1;1,249980E-1;9,433815E-1;;
30/11/2021  10:22:48,494522;9,447081E-1;1,210013E-1;1,234183E-1;9,434311E-1;;
30/11/2021  10:22:48,494622;9,456737E-1;1,534964E-1;1,619620E-1;9,434787E-1;;
30/11/2021  10:22:48,494722;9,455008E-1;1,283286E-1;1,212068E-1;9,435247E-1;;
30/11/2021  10:22:48,494822;9,450389E-1;1,477620E-1;1,581709E-1;9,435694E-1;;
30/11/2021  10:22:48,494922;9,452684E-1;9,997498E-2;1,114129E-1;9,436129E-1;;
30/11/2021  10:22:48,495022;9,449077E-1;1,299215E-1;1,224705E-1;9,436556E-1;;
30/11/2021  10:22:48,495122;9,437544E-1;1,216384E-1;1,123607E-1;9,436974E-1;;
30/11/2021  10:22:48,495222;9,440643E-1;1,235499E-1;1,417424E-1;9,437383E-1;;
30/11/2021  10:22:48,495322;9,437186E-1;1,276914E-1;1,202590E-1;9,437782E-1;;
30/11/2021  10:22:48,495422;9,439898E-1;1,719741E-1;1,467973E-1;9,438169E-1;;
30/11/2021  10:22:48,495522;9,440464E-1;1,092138E-1;9,403666E-2;9,438544E-1;;
30/11/2021  10:22:48,495622;9,439123E-1;1,238685E-1;1,202590E-1;9,438905E-1;;
30/11/2021  10:22:48,495722;9,435249E-1;1,254614E-1;1,297370E-1;9,439251E-1;;
30/11/2021  10:22:48,495822;9,422553E-1;1,251428E-1;1,221546E-1;9,439581E-1;;
30/11/2021  10:22:48,495922;9,430093E-1;1,245056E-1;1,237343E-1;9,439892E-1;;
30/11/2021  10:22:48,496022;9,434891E-1;1,260985E-1;1,268936E-1;9,440181E-1;;
30/11/2021  10:22:48,496122;9,430540E-1;8,914326E-2;1,546956E-1;9,440447E-1;;
30/11/2021  10:22:48,496222;9,432328E-1;1,630538E-1;1,840773E-1;9,440688E-1;;
30/11/2021  10:22:48,496322;9,430212E-1;1,165411E-1;1,174156E-1;9,440904E-1;;
30/11/2021  10:22:48,496422;9,420675E-1;1,299215E-1;1,259458E-1;9,441094E-1;;
30/11/2021  10:22:48,496522;9,425473E-1;1,120810E-1;1,199431E-1;9,441255E-1;;
30/11/2021  10:22:48,496622;9,429914E-1;1,152668E-1;1,224705E-1;9,441387E-1;;
30/11/2021  10:22:48,496722;9,432477E-1;1,210013E-1;1,129926E-1;9,441488E-1;;
30/11/2021  10:22:48,496822;9,433282E-1;1,331073E-1;7,760819E-2;9,441558E-1;;
30/11/2021  10:22:48,496922;9,434563E-1;1,426647E-1;1,518522E-1;9,441600E-1;;
30/11/2021  10:22:48,497022;9,430212E-1;1,120810E-1;1,098333E-1;9,441613E-1;;
30/11/2021  10:22:48,497122;9,425742E-1;1,238685E-1;1,382671E-1;9,441599E-1;;
30/11/2021  10:22:48,497222;9,432149E-1;1,308772E-1;1,411105E-1;9,441559E-1;;
30/11/2021  10:22:48,497322;9,436143E-1;1,391603E-1;1,445858E-1;9,441492E-1;;
30/11/2021  10:22:48,497422;9,437663E-1;1,595494E-1;1,670170E-1;9,441402E-1;;
30/11/2021  10:22:48,497522;9,441269E-1;1,299215E-1;1,420583E-1;9,441289E-1;;
30/11/2021  10:22:48,497622;9,436620E-1;1,299215E-1;1,284732E-1;9,441158E-1;;
30/11/2021  10:22:48,497722;9,436024E-1;1,445762E-1;1,388990E-1;9,441010E-1;;
30/11/2021  10:22:48,497822;9,437544E-1;1,165411E-1;1,246821E-1;9,440848E-1;;
30/11/2021  10:22:48,497922;9,436828E-1;1,308772E-1;1,433221E-1;9,440673E-1;;
30/11/2021  10:22:48,498022;9,442104E-1;1,251428E-1;1,183634E-1;9,440489E-1;;
30/11/2021  10:22:48,498122;9,441895E-1;1,194084E-1;1,167838E-1;9,440296E-1;;
30/11/2021  10:22:48,498222;9,444935E-1;1,092138E-1;6,970989E-2;9,440097E-1;;
30/11/2021  10:22:48,498322;9,441627E-1;1,388417E-1;1,325804E-1;9,439897E-1;;
30/11/2021  10:22:48,498422;9,439064E-1;1,251428E-1;1,180475E-1;9,439696E-1;;
30/11/2021  10:22:48,498522;9,448750E-1;7,735580E-2;9,214107E-2;9,439497E-1;;
30/11/2021  10:22:48,498622;9,454531E-1;1,235499E-1;1,193112E-1;9,439302E-1;;
30/11/2021  10:22:48,498722;9,460701E-1;1,372488E-1;1,862888E-1;9,439115E-1;;
30/11/2021  10:22:48,498822;9,461386E-1;7,863012E-2;1,050943E-1;9,438941E-1;;
30/11/2021  10:22:48,498922;9,464664E-1;1,114439E-1;1,455336E-1;9,438784E-1;;
30/11/2021  10:22:48,499022;9,462966E-1;9,838208E-2;1,262617E-1;9,438650E-1;;
30/11/2021  10:22:48,499122;9,465141E-1;1,101695E-1;1,167838E-1;9,438542E-1;;
30/11/2021  10:22:48,499222;9,465976E-1;1,015679E-1;1,110970E-1;9,438464E-1;;
30/11/2021  10:22:48,499322;9,472175E-1;8,882468E-2;1,076217E-1;9,438419E-1;;
30/11/2021  10:22:48,499422;9,475185E-1;9,742634E-2;1,069899E-1;9,438411E-1;;
30/11/2021  10:22:48,499522;9,483202E-1;1,155854E-1;1,354238E-1;9,438445E-1;;
30/11/2021  10:22:48,499622;9,482695E-1;9,455912E-2;1,155200E-1;9,438524E-1;;
30/11/2021  10:22:48,499722;9,478553E-1;9,742634E-2;1,082536E-1;9,438652E-1;;
30/11/2021  10:22:48,499822;9,479536E-1;1,006121E-1;1,104651E-1;9,438833E-1;;
30/11/2021  10:22:48,499922;9,483261E-1;3,817046E-2;9,751191E-2;9,439068E-1;;
30/11/2021  10:22:48,500022;9,485348E-1;9,232906E-2;7,918786E-2;9,439359E-1;;
30/11/2021  10:22:48,500122;9,491159E-1;1,350188E-1;1,294210E-1;9,439709E-1;;
30/11/2021  10:22:48,500222;9,493126E-1;3,848904E-2;9,340479E-2;9,440119E-1;;
30/11/2021  10:22:48,500322;9,485437E-1;1,579565E-1;1,265777E-1;9,440590E-1;;
30/11/2021  10:22:48,500422;9,482099E-1;1,802571E-1;1,831295E-1;9,441123E-1;;
30/11/2021  10:22:48,500522;9,482367E-1;1,582751E-1;1,676488E-1;9,441717E-1;;
30/11/2021  10:22:48,500622;9,483410E-1;1,410718E-1;1,417424E-1;9,442371E-1;;
30/11/2021  10:22:48,500722;9,488268E-1;1,372488E-1;1,310007E-1;9,443081E-1;;
30/11/2021  10:22:48,500822;9,490951E-1;8,468314E-2;1,073058E-1;9,443847E-1;;
30/11/2021  10:22:48,500922;9,483977E-1;1,206827E-1;1,126766E-1;9,444665E-1;;
30/11/2021  10:22:48,501022;9,486927E-1;1,305587E-1;1,581709E-1;9,445535E-1;;
30/11/2021  10:22:48,501122;9,480281E-1;1,480806E-1;1,850251E-1;9,446452E-1;;
30/11/2021  10:22:48,501222;9,483589E-1;1,257800E-1;1,249980E-1;9,447414E-1;;
30/11/2021  10:22:48,501322;9,493842E-1;1,264171E-1;1,256299E-1;9,448417E-1;;
30/11/2021  10:22:48,501422;9,496881E-1;8,436456E-2;1,066739E-1;9,449457E-1;;
30/11/2021  10:22:48,501522;9,496107E-1;1,321516E-1;1,291051E-1;9,450533E-1;;
30/11/2021  10:22:48,501622;9,500130E-1;1,165411E-1;1,275255E-1;9,451644E-1;;
30/11/2021  10:22:48,501722;9,499802E-1;1,650702E-2;6,591871E-2;9,452788E-1;;
30/11/2021  10:22:48,501822;9,501233E-1;2,165753E-1;2,491593E-1;9,453965E-1;;
30/11/2021  10:22:48,501922;9,510591E-1;1,251428E-1;1,227865E-1;9,455172E-1;;
30/11/2021  10:22:48,502022;9,515002E-1;5,728526E-2;1,082536E-1;9,456409E-1;;
30/11/2021  10:22:48,502122;9,523078E-1;1,267357E-1;1,297370E-1;9,457677E-1;;
30/11/2021  10:22:48,502222;9,522870E-1;1,445762E-1;1,632258E-1;9,458977E-1;;
30/11/2021  10:22:48,502322;9,525582E-1;1,523270E-2;6,686651E-2;9,460311E-1;;
30/11/2021  10:22:48,502422;9,524926E-1;1,187712E-1;1,398468E-1;9,461679E-1;;
30/11/2021  10:22:48,502522;9,526655E-1;1,372488E-1;2,058766E-1;9,463083E-1;;
30/11/2021  10:22:48,502622;9,529337E-1;1,586986E-2;6,844617E-2;9,464523E-1;;
30/11/2021  10:22:48,502722;9,534523E-1;1,155854E-1;1,073058E-1;9,465998E-1;;
30/11/2021  10:22:48,502822;9,544685E-1;1,413904E-1;1,588027E-1;9,467510E-1;;
30/11/2021  10:22:48,502922;9,538784E-1;1,245056E-1;1,028828E-1;9,469059E-1;;
30/11/2021  10:22:48,503022;9,534910E-1;1,280100E-1;1,328963E-1;9,470647E-1;;
30/11/2021  10:22:48,503122;9,535566E-1;6,493118E-2;1,031987E-1;9,472272E-1;;
30/11/2021  10:22:48,503222;9,537145E-1;1,235499E-1;1,455336E-1;9,473934E-1;;
30/11/2021  10:22:48,503322;9,545401E-1;1,031608E-1;9,340479E-2;9,475631E-1;;
30/11/2021  10:22:48,503422;9,544387E-1;1,327887E-1;1,433221E-1;9,477361E-1;;
30/11/2021  10:22:48,503522;9,545073E-1;1,378860E-1;1,581709E-1;9,479124E-1;;
30/11/2021  10:22:48,503622;9,544149E-1;1,366117E-1;1,635417E-1;9,480917E-1;;
30/11/2021  10:22:48,503722;9,542242E-1;1,184526E-1;1,000394E-1;9,482740E-1;;
30/11/2021  10:22:48,503822;9,537413E-1;1,299215E-1;1,148882E-1;9,484588E-1;;
30/11/2021  10:22:48,503922;9,539410E-1;1,276914E-1;1,268936E-1;9,486460E-1;;
30/11/2021  10:22:48,504022;9,546414E-1;1,327887E-1;1,360556E-1;9,488350E-1;;
30/11/2021  10:22:48,504122;9,547696E-1;1,267357E-1;1,256299E-1;9,490256E-1;;
30/11/2021  10:22:48,504222;9,543046E-1;1,359745E-1;1,354238E-1;9,492174E-1;;
30/11/2021  10:22:48,504322;9,542301E-1;1,194084E-1;1,110970E-1;9,494102E-1;;
30/11/2021  10:22:48,504422;9,538665E-1;8,914326E-2;8,487463E-2;9,496035E-1;;
30/11/2021  10:22:48,504522;9,539321E-1;1,206827E-1;9,719598E-2;9,497970E-1;;
30/11/2021  10:22:48,504622;9,533927E-1;1,015679E-1;1,031987E-1;9,499901E-1;;
30/11/2021  10:22:48,504722;9,536341E-1;1,391603E-1;1,382671E-1;9,501823E-1;;
30/11/2021  10:22:48,504822;9,537086E-1;1,273729E-1;1,401627E-1;9,503732E-1;;
30/11/2021  10:22:48,504922;9,536549E-1;1,369303E-1;1,395309E-1;9,505622E-1;;
30/11/2021  10:22:48,505022;9,525373E-1;1,321516E-1;1,234183E-1;9,507489E-1;;
30/11/2021  10:22:48,505122;9,523615E-1;1,184526E-1;1,193112E-1;9,509328E-1;;
30/11/2021  10:22:48,505222;9,514167E-1;1,659210E-1;1,986102E-1;9,511132E-1;;
30/11/2021  10:22:48,505322;9,513362E-1;1,267357E-1;1,291051E-1;9,512893E-1;;
30/11/2021  10:22:48,505422;9,512617E-1;1,222756E-1;1,243661E-1;9,514605E-1;;
30/11/2021  10:22:48,505522;9,513839E-1;1,321516E-1;1,335282E-1;9,516260E-1;;
30/11/2021  10:22:48,505622;9,508326E-1;1,378860E-1;1,351078E-1;9,517853E-1;;
30/11/2021  10:22:48,505722;9,500666E-1;1,292843E-1;1,170997E-1;9,519376E-1;;
30/11/2021  10:22:48,505822;9,491845E-1;1,241871E-1;1,129926E-1;9,520824E-1;;
30/11/2021  10:22:48,505922;9,493752E-1;1,232313E-1;1,110970E-1;9,522189E-1;;
30/11/2021  10:22:48,506022;9,493067E-1;1,375674E-1;1,319485E-1;9,523465E-1;;
30/11/2021  10:22:48,506122;9,488030E-1;7,703722E-2;7,539667E-2;9,524646E-1;;
30/11/2021  10:22:48,506222;9,487583E-1;8,691320E-2;7,097362E-2;9,525726E-1;;
30/11/2021  10:22:48,506322;9,487672E-1;1,318330E-1;1,338441E-1;9,526700E-1;;
30/11/2021  10:22:48,506422;9,485109E-1;1,382046E-1;1,347919E-1;9,527566E-1;;
30/11/2021  10:22:48,506522;9,473933E-1;1,321516E-1;1,249980E-1;9,528319E-1;;
30/11/2021  10:22:48,506622;9,476109E-1;1,343816E-1;1,313166E-1;9,528955E-1;;
30/11/2021  10:22:48,506722;9,476317E-1;1,200455E-1;1,287892E-1;9,529473E-1;;
30/11/2021  10:22:48,506822;9,478642E-1;1,385232E-1;1,256299E-1;9,529869E-1;;
30/11/2021  10:22:48,506922;9,480460E-1;1,060280E-1;1,843932E-1;9,530144E-1;;
30/11/2021  10:22:48,507022;9,479238E-1;1,114439E-1;1,164678E-1;9,530296E-1;;
30/11/2021  10:22:48,507122;9,470893E-1;1,060280E-1;1,085695E-1;9,530329E-1;;
30/11/2021  10:22:48,507222;9,468330E-1;9,901924E-2;9,150920E-2;9,530242E-1;;
30/11/2021  10:22:48,507322;9,462578E-1;7,735580E-2;1,202590E-1;9,530036E-1;;
30/11/2021  10:22:48,507422;9,470565E-1;1,015679E-1;1,227865E-1;9,529713E-1;;
30/11/2021  10:22:48,507522;9,467853E-1;9,105474E-2;1,212068E-1;9,529273E-1;;
30/11/2021  10:22:48,507622;9,473874E-1;5,601094E-2;4,222381E-2;9,528720E-1;;
30/11/2021  10:22:48,507722;9,464575E-1;1,050723E-1;1,057261E-1;9,528057E-1;;
30/11/2021  10:22:48,507822;9,462668E-1;1,047537E-1;1,278414E-1;9,527289E-1;;
30/11/2021  10:22:48,507922;9,454531E-1;1,044351E-1;1,291051E-1;9,526418E-1;;
30/11/2021  10:22:48,508022;9,452028E-1;5,983390E-2;1,120448E-1;9,525447E-1;;
30/11/2021  10:22:48,508122;9,456647E-1;1,130368E-1;1,202590E-1;9,524379E-1;;
30/11/2021  10:22:48,508222;9,450866E-1;1,315144E-1;1,373193E-1;9,523216E-1;;
30/11/2021  10:22:48,508322;9,444696E-1;1,525407E-1;1,654373E-1;9,521962E-1;;
30/11/2021  10:22:48,508422;9,440464E-1;1,382046E-1;1,341600E-1;9,520619E-1;;
30/11/2021  10:22:48,508522;9,431792E-1;1,538150E-1;1,376353E-1;9,519190E-1;;
30/11/2021  10:22:48,508622;9,428036E-1;1,742041E-1;1,496407E-1;9,517675E-1;;
30/11/2021  10:22:48,508722;9,423894E-1;1,646467E-1;1,490088E-1;9,516076E-1;;
30/11/2021  10:22:48,508822;9,423685E-1;1,407532E-1;1,227865E-1;9,514393E-1;;
30/11/2021  10:22:48,508922;9,421897E-1;6,047106E-2;5,012211E-2;9,512627E-1;;
30/11/2021  10:22:48,509022;9,417069E-1;1,643281E-1;1,995579E-1;9,510780E-1;;
30/11/2021  10:22:48,509122;9,408963E-1;1,146297E-1;1,148882E-1;9,508854E-1;;
30/11/2021  10:22:48,509222;9,404939E-1;1,369303E-1;1,284732E-1;9,506849E-1;;
30/11/2021  10:22:48,509322;9,401303E-1;1,350188E-1;1,294210E-1;9,504766E-1;;
30/11/2021  10:22:48,509422;9,404850E-1;1,174969E-1;1,158360E-1;9,502607E-1;;
30/11/2021  10:22:48,509522;9,402048E-1;1,299215E-1;1,310007E-1;9,500373E-1;;
30/11/2021  10:22:48,509622;9,393942E-1;1,372488E-1;1,550115E-1;9,498066E-1;;
30/11/2021  10:22:48,509722;9,387504E-1;1,296029E-1;1,265777E-1;9,495688E-1;;
30/11/2021  10:22:48,509822;9,387624E-1;1,315144E-1;1,256299E-1;9,493241E-1;;
30/11/2021  10:22:48,509922;9,378325E-1;1,197269E-1;1,268936E-1;9,490726E-1;;
30/11/2021  10:22:48,510022;9,385180E-1;1,187712E-1;1,328963E-1;9,488144E-1;;
30/11/2021  10:22:48,510122;9,390962E-1;1,283286E-1;1,161519E-1;9,485498E-1;;
30/11/2021  10:22:48,510222;9,385418E-1;1,286472E-1;1,268936E-1;9,482792E-1;;
30/11/2021  10:22:48,510322;9,389620E-1;1,311958E-1;1,224705E-1;9,480030E-1;;
30/11/2021  10:22:48,510422;9,382736E-1;1,324701E-1;1,313166E-1;9,477218E-1;;
30/11/2021  10:22:48,510522;9,379219E-1;1,343816E-1;1,360556E-1;9,474361E-1;;
30/11/2021  10:22:48,510622;9,380381E-1;1,417090E-1;1,471132E-1;9,471462E-1;;
30/11/2021  10:22:48,510722;9,386789E-1;1,178155E-1;1,107811E-1;9,468528E-1;;
30/11/2021  10:22:48,510822;9,389203E-1;1,347002E-1;1,439539E-1;9,465564E-1;;
30/11/2021  10:22:48,510922;9,390693E-1;3,594040E-2;7,729226E-2;9,462577E-1;;
30/11/2021  10:22:48,511022;9,386193E-1;1,257800E-1;1,455336E-1;9,459574E-1;;
30/11/2021  10:22:48,511122;9,381097E-1;1,353374E-1;1,556434E-1;9,456563E-1;;
30/11/2021  10:22:48,511222;9,384822E-1;1,321516E-1;1,347919E-1;9,453549E-1;;
30/11/2021  10:22:48,511322;9,380918E-1;1,334259E-1;1,325804E-1;9,450539E-1;;
30/11/2021  10:22:48,511422;9,387326E-1;1,203641E-1;1,224705E-1;9,447539E-1;;
30/11/2021  10:22:48,511522;9,388160E-1;1,302401E-1;1,199431E-1;9,444553E-1;;
30/11/2021  10:22:48,511622;9,394627E-1;9,615202E-2;1,676488E-1;9,441590E-1;;
30/11/2021  10:22:48,511722;9,394150E-1;1,324701E-1;1,474292E-1;9,438657E-1;;
30/11/2021  10:22:48,511822;9,391438E-1;1,267357E-1;1,243661E-1;9,435761E-1;;
30/11/2021  10:22:48,511922;9,394001E-1;1,828058E-1;1,929234E-1;9,432908E-1;;
30/11/2021  10:22:48,512022;9,396356E-1;1,302401E-1;1,240502E-1;9,430105E-1;;
30/11/2021  10:22:48,512122;9,403151E-1;3,976336E-2;7,539667E-2;9,427359E-1;;
30/11/2021  10:22:48,512222;9,408635E-1;1,248242E-1;1,202590E-1;9,424677E-1;;
30/11/2021  10:22:48,512322;9,417039E-1;7,926728E-2;7,634447E-2;9,422066E-1;;
30/11/2021  10:22:48,512422;9,421361E-1;7,193994E-2;8,171531E-2;9,419535E-1;;
30/11/2021  10:22:48,512522;9,427679E-1;1,385232E-1;1,325804E-1;9,417093E-1;;
30/11/2021  10:22:48,512622;9,434891E-1;1,225942E-1;1,496407E-1;9,414749E-1;;
30/11/2021  10:22:48,512722;9,440733E-1;1,334259E-1;1,370034E-1;9,412513E-1;;
30/11/2021  10:22:48,512822;9,446246E-1;1,334259E-1;1,347919E-1;9,410393E-1;;
30/11/2021  10:22:48,512922;9,455306E-1;1,225942E-1;1,262617E-1;9,408399E-1;;
30/11/2021  10:22:48,513022;9,459091E-1;1,299215E-1;1,215227E-1;9,406541E-1;;
30/11/2021  10:22:48,513122;9,459896E-1;1,362931E-1;1,407946E-1;9,404829E-1;;
30/11/2021  10:22:48,513222;9,457452E-1;1,726112E-1;1,774427E-1;9,403269E-1;;
30/11/2021  10:22:48,513322;9,464575E-1;1,028422E-1;1,079377E-1;9,401868E-1;;
30/11/2021  10:22:48,513422;9,464307E-1;1,292843E-1;1,259458E-1;9,400632E-1;;
30/11/2021  10:22:48,513522;9,475215E-1;1,394789E-1;1,373193E-1;9,399565E-1;;
30/11/2021  10:22:48,513622;9,476288E-1;1,216384E-1;1,117289E-1;9,398672E-1;;
30/11/2021  10:22:48,513722;9,477033E-1;1,194084E-1;1,338441E-1;9,397955E-1;;
30/11/2021  10:22:48,513822;9,475960E-1;1,206827E-1;1,246821E-1;9,397418E-1;;
30/11/2021  10:22:48,513922;9,476705E-1;1,235499E-1;1,265777E-1;9,397062E-1;;
30/11/2021  10:22:48,514022;9,475513E-1;1,305587E-1;1,256299E-1;9,396887E-1;;
30/11/2021  10:22:48,514122;9,475930E-1;-1,981110E-2;1,152041E-1;9,396891E-1;;
30/11/2021  10:22:48,514222;9,480341E-1;1,245056E-1;1,338441E-1;9,397071E-1;;
30/11/2021  10:22:48,514322;9,482397E-1;1,366117E-1;1,363715E-1;9,397424E-1;;
30/11/2021  10:22:48,514422;9,482367E-1;1,130368E-1;7,918786E-2;9,397947E-1;;
30/11/2021  10:22:48,514522;9,474201E-1;1,315144E-1;1,559593E-1;9,398635E-1;;
30/11/2021  10:22:48,514622;9,471847E-1;1,270543E-1;1,117289E-1;9,399482E-1;;
30/11/2021  10:22:48,514722;9,481235E-1;1,356559E-1;1,335282E-1;9,400480E-1;;
30/11/2021  10:22:48,514822;9,482516E-1;1,382046E-1;1,240502E-1;9,401624E-1;;
30/11/2021  10:22:48,514922;9,489580E-1;1,461691E-1;1,404787E-1;9,402904E-1;;
30/11/2021  10:22:48,515022;9,491278E-1;1,359745E-1;1,114129E-1;9,404317E-1;;
30/11/2021  10:22:48,515122;9,485556E-1;1,468062E-1;1,430061E-1;9,405854E-1;;
30/11/2021  10:22:48,515222;9,484483E-1;1,174969E-1;1,414265E-1;9,407510E-1;;
30/11/2021  10:22:48,515322;9,487166E-1;1,178155E-1;1,237343E-1;9,409277E-1;;
30/11/2021  10:22:48,515422;9,491547E-1;2,351578E-2;6,244346E-2;9,411146E-1;;
30/11/2021  10:22:48,515522;9,492471E-1;1,085766E-1;1,268936E-1;9,413111E-1;;
30/11/2021  10:22:48,515622;9,500786E-1;1,050723E-1;1,085695E-1;9,415163E-1;;
30/11/2021  10:22:48,515722;9,503736E-1;1,136739E-1;1,439539E-1;9,417298E-1;;
30/11/2021  10:22:48,515822;9,502723E-1;5,186940E-2;7,666040E-2;9,419508E-1;;
30/11/2021  10:22:48,515922;9,494408E-1;9,073616E-2;9,972343E-2;9,421788E-1;;
30/11/2021  10:22:48,516022;9,496941E-1;8,818752E-2;1,009872E-1;9,424132E-1;;
30/11/2021  10:22:48,516122;9,507283E-1;1,006121E-1;1,161519E-1;9,426531E-1;;
30/11/2021  10:22:48,516222;9,509577E-1;8,595746E-2;9,119327E-2;9,428980E-1;;
30/11/2021  10:22:48,516322;9,504243E-1;9,137332E-2;9,782784E-2;9,431472E-1;;
30/11/2021  10:22:48,516422;9,497835E-1;7,385142E-2;9,277293E-2;9,434002E-1;;
30/11/2021  10:22:48,516522;9,494259E-1;1,168597E-1;1,291051E-1;9,436562E-1;;
30/11/2021  10:22:48,516622;9,487225E-1;1,327887E-1;1,736515E-1;9,439145E-1;;
30/11/2021  10:22:48,516722;9,483142E-1;1,624167E-1;1,610142E-1;9,441740E-1;;
30/11/2021  10:22:48,516822;9,488477E-1;2,121151E-1;1,821817E-1;9,444337E-1;;
30/11/2021  10:22:48,516922;9,482278E-1;1,656025E-1;1,426902E-1;9,446928E-1;;
30/11/2021  10:22:48,517022;9,482487E-1;1,028422E-1;9,751191E-2;9,449502E-1;;
30/11/2021  10:22:48,517122;9,480609E-1;1,582751E-1;1,347919E-1;9,452050E-1;;
30/11/2021  10:22:48,517222;9,473248E-1;1,356559E-1;1,139404E-1;9,454565E-1;;
30/11/2021  10:22:48,517322;9,466423E-1;9,965640E-2;8,297904E-2;9,457035E-1;;
30/11/2021  10:22:48,517422;9,469880E-1;1,388417E-1;1,392149E-1;9,459453E-1;;
30/11/2021  10:22:48,517522;9,477211E-1;1,079395E-1;1,170997E-1;9,461808E-1;;
30/11/2021  10:22:48,517622;9,475274E-1;1,229127E-1;1,351078E-1;9,464094E-1;;
30/11/2021  10:22:48,517722;9,468092E-1;1,260985E-1;1,253139E-1;9,466304E-1;;
30/11/2021  10:22:48,517822;9,466780E-1;1,085766E-1;9,814378E-2;9,468433E-1;;
30/11/2021  10:22:48,517922;9,459151E-1;1,015679E-1;8,234717E-2;9,470475E-1;;
30/11/2021  10:22:48,518022;9,455485E-1;1,248242E-1;1,445858E-1;9,472422E-1;;
30/11/2021  10:22:48,518122;9,460939E-1;1,299215E-1;1,148882E-1;9,474269E-1;;
30/11/2021  10:22:48,518222;9,463830E-1;1,254614E-1;1,231024E-1;9,476011E-1;;
30/11/2021  10:22:48,518322;9,459568E-1;7,926728E-2;7,729226E-2;9,477643E-1;;
30/11/2021  10:22:48,518422;9,459747E-1;1,267357E-1;1,325804E-1;9,479164E-1;;
30/11/2021  10:22:48,518522;9,451223E-1;1,174969E-1;1,436380E-1;9,480570E-1;;
30/11/2021  10:22:48,518622;9,441299E-1;1,276914E-1;1,297370E-1;9,481858E-1;;
30/11/2021  10:22:48,518722;9,448004E-1;1,232313E-1;1,300529E-1;9,483026E-1;;
30/11/2021  10:22:48,518822;9,456320E-1;1,276914E-1;1,287892E-1;9,484070E-1;;
30/11/2021  10:22:48,518922;9,459002E-1;1,350188E-1;1,275255E-1;9,484990E-1;;
30/11/2021  10:22:48,519022;9,459479E-1;1,238685E-1;1,341600E-1;9,485787E-1;;
30/11/2021  10:22:48,519122;9,455992E-1;1,257800E-1;1,246821E-1;9,486464E-1;;
30/11/2021  10:22:48,519222;9,449793E-1;1,216384E-1;1,148882E-1;9,487023E-1;;
30/11/2021  10:22:48,519322;9,448690E-1;1,114439E-1;1,028828E-1;9,487465E-1;;
30/11/2021  10:22:48,519422;9,456111E-1;-3,382862E-2;1,028828E-1;9,487794E-1;;
30/11/2021  10:22:48,519522;9,455992E-1;1,315144E-1;1,294210E-1;9,488011E-1;;
30/11/2021  10:22:48,519622;9,463174E-1;1,267357E-1;1,325804E-1;9,488121E-1;;
30/11/2021  10:22:48,519722;9,459598E-1;1,162226E-1;1,038306E-1;9,488129E-1;;
30/11/2021  10:22:48,519822;9,454323E-1;3,625898E-2;7,002583E-2;9,488040E-1;;
30/11/2021  10:22:48,519922;9,450627E-1;1,238685E-1;1,265777E-1;9,487860E-1;;
30/11/2021  10:22:48,520022;9,450508E-1;1,267357E-1;1,278414E-1;9,487591E-1;;
30/11/2021  10:22:48,520122;9,456349E-1;8,786894E-2;8,866581E-2;9,487239E-1;;
30/11/2021  10:22:48,520222;9,462638E-1;5,855958E-2;1,189953E-1;9,486808E-1;;
30/11/2021  10:22:48,520322;9,464277E-1;1,095324E-1;1,325804E-1;9,486304E-1;;
30/11/2021  10:22:48,520422;9,460254E-1;1,531778E-1;1,594346E-1;9,485733E-1;;
30/11/2021  10:22:48,520522;9,457929E-1;1,152668E-1;1,148882E-1;9,485102E-1;;
30/11/2021  10:22:48,520622;9,456081E-1;1,235499E-1;1,164678E-1;9,484418E-1;;
30/11/2021  10:22:48,520722;9,463204E-1;1,251428E-1;1,120448E-1;9,483684E-1;;
30/11/2021  10:22:48,520822;9,461237E-1;1,286472E-1;1,303688E-1;9,482906E-1;;
30/11/2021  10:22:48,520922;9,467138E-1;4,517922E-2;6,370719E-2;9,482092E-1;;
30/11/2021  10:22:48,521022;9,471638E-1;1,656025E-1;1,954508E-1;9,481246E-1;;
30/11/2021  10:22:48,521122;9,469940E-1;1,433019E-1;1,490088E-1;9,480376E-1;;
30/11/2021  10:22:48,521222;9,467317E-1;1,184526E-1;1,265777E-1;9,479488E-1;;
30/11/2021  10:22:48,521322;9,470536E-1;1,184526E-1;1,215227E-1;9,478589E-1;;
30/11/2021  10:22:48,521422;9,472950E-1;1,257800E-1;1,300529E-1;9,477685E-1;;
30/11/2021  10:22:48,521522;9,481056E-1;1,088952E-1;1,205749E-1;9,476781E-1;;
30/11/2021  10:22:48,521622;9,483440E-1;5,123224E-2;9,182514E-2;9,475884E-1;;
30/11/2021  10:22:48,521722;9,479059E-1;1,299215E-1;1,565912E-1;9,475001E-1;;
30/11/2021  10:22:48,521822;9,478463E-1;1,229127E-1;1,287892E-1;9,474139E-1;;
30/11/2021  10:22:48,521922;9,474738E-1;1,327887E-1;1,272095E-1;9,473301E-1;;
30/11/2021  10:22:48,522022;9,470804E-1;1,149482E-1;1,120448E-1;9,472492E-1;;
30/11/2021  10:22:48,522122;9,480311E-1;9,264764E-2;8,139938E-2;9,471716E-1;;
30/11/2021  10:22:48,522222;9,484483E-1;1,315144E-1;1,278414E-1;9,470974E-1;;
30/11/2021  10:22:48,522322;9,477271E-1;1,248242E-1;1,234183E-1;9,470270E-1;;
30/11/2021  10:22:48,522422;9,468479E-1;2,861306E-2;4,854245E-2;9,469608E-1;;
30/11/2021  10:22:48,522522;9,466393E-1;1,296029E-1;1,237343E-1;9,468987E-1;;
30/11/2021  10:22:48,522622;9,458138E-1;1,359745E-1;1,398468E-1;9,468408E-1;;
30/11/2021  10:22:48,522722;9,460611E-1;1,375674E-1;1,376353E-1;9,467868E-1;;
30/11/2021  10:22:48,522822;9,457899E-1;1,395838E-2;7,034176E-2;9,467365E-1;;
30/11/2021  10:22:48,522922;9,465886E-1;1,308772E-1;1,537478E-1;9,466896E-1;;
30/11/2021  10:22:48,523022;9,461863E-1;1,324701E-1;1,249980E-1;9,466460E-1;;
30/11/2021  10:22:48,523122;9,451134E-1;1,356559E-1;1,556434E-1;9,466054E-1;;
30/11/2021  10:22:48,523222;9,444279E-1;1,311958E-1;1,268936E-1;9,465677E-1;;
30/11/2021  10:22:48,523322;9,441507E-1;1,289658E-1;1,300529E-1;9,465322E-1;;
30/11/2021  10:22:48,523422;9,444249E-1;1,299215E-1;1,234183E-1;9,464986E-1;;
30/11/2021  10:22:48,523522;9,446634E-1;1,149482E-1;1,193112E-1;9,464663E-1;;
30/11/2021  10:22:48,523622;9,446634E-1;1,069837E-1;1,079377E-1;9,464349E-1;;
30/11/2021  10:22:48,523722;9,442968E-1;9,455912E-2;1,310007E-1;9,464043E-1;;
30/11/2021  10:22:48,523822;9,437812E-1;1,031608E-1;1,107811E-1;9,463739E-1;;
30/11/2021  10:22:48,523922;9,432686E-1;9,615202E-2;1,016190E-1;9,463436E-1;;
30/11/2021  10:22:48,524022;9,431225E-1;1,139925E-1;1,363715E-1;9,463127E-1;;
30/11/2021  10:22:48,524122;9,431970E-1;1,190898E-1;1,120448E-1;9,462810E-1;;
30/11/2021  10:22:48,524222;9,438646E-1;7,353284E-2;7,729226E-2;9,462481E-1;;
30/11/2021  10:22:48,524322;9,442074E-1;8,691320E-2;1,025668E-1;9,462136E-1;;
30/11/2021  10:22:48,524422;9,437067E-1;4,549780E-2;7,002583E-2;9,461776E-1;;
30/11/2021  10:22:48,524522;9,433788E-1;1,678325E-1;1,720719E-1;9,461398E-1;;
30/11/2021  10:22:48,524622;9,428513E-1;1,069837E-1;1,240502E-1;9,461003E-1;;
30/11/2021  10:22:48,524722;9,424073E-1;1,458505E-1;1,695444E-1;9,460587E-1;;
30/11/2021  10:22:48,524822;9,428573E-1;1,318330E-1;1,430061E-1;9,460149E-1;;
30/11/2021  10:22:48,524922;9,436799E-1;1,471248E-1;1,445858E-1;9,459686E-1;;
30/11/2021  10:22:48,525022;9,438348E-1;1,509478E-1;1,376353E-1;9,459200E-1;;
30/11/2021  10:22:48,525122;9,435040E-1;1,519035E-1;1,199431E-1;9,458690E-1;;
30/11/2021  10:22:48,525222;9,428931E-1;1,885402E-1;2,055607E-1;9,458158E-1;;
30/11/2021  10:22:48,525322;9,433371E-1;7,990444E-2;1,092014E-1;9,457604E-1;;
30/11/2021  10:22:48,525422;9,433252E-1;1,598680E-1;1,679647E-1;9,457030E-1;;
30/11/2021  10:22:48,525522;9,446902E-1;1,305587E-1;1,319485E-1;9,456436E-1;;
30/11/2021  10:22:48,525622;9,450776E-1;1,337445E-1;1,433221E-1;9,455826E-1;;
30/11/2021  10:22:48,525722;9,459836E-1;1,152668E-1;1,107811E-1;9,455203E-1;;
30/11/2021  10:22:48,525822;9,458465E-1;1,197269E-1;1,278414E-1;9,454575E-1;;
30/11/2021  10:22:48,525922;9,460522E-1;1,280100E-1;1,360556E-1;9,453947E-1;;
30/11/2021  10:22:48,526022;9,461714E-1;1,219570E-1;1,341600E-1;9,453324E-1;;
30/11/2021  10:22:48,526122;9,472771E-1;1,296029E-1;1,341600E-1;9,452714E-1;;
30/11/2021  10:22:48,526222;9,479655E-1;1,251428E-1;1,183634E-1;9,452122E-1;;
30/11/2021  10:22:48,526322;9,479417E-1;9,392196E-2;9,940750E-2;9,451556E-1;;
30/11/2021  10:22:48,526422;9,488417E-1;1,356559E-1;1,398468E-1;9,451024E-1;;
30/11/2021  10:22:48,526522;9,486480E-1;9,105474E-2;1,066739E-1;9,450533E-1;;
30/11/2021  10:22:48,526622;9,481920E-1;1,372488E-1;1,471132E-1;9,450090E-1;;
30/11/2021  10:22:48,526722;9,484126E-1;4,549780E-2;1,490088E-1;9,449701E-1;;
30/11/2021  10:22:48,526822;9,485139E-1;1,292843E-1;1,332122E-1;9,449370E-1;;
30/11/2021  10:22:48,526922;9,493454E-1;1,292843E-1;1,265777E-1;9,449100E-1;;
30/11/2021  10:22:48,527022;9,504064E-1;1,311958E-1;1,243661E-1;9,448898E-1;;
30/11/2021  10:22:48,527122;9,497388E-1;1,273729E-1;1,152041E-1;9,448766E-1;;
30/11/2021  10:22:48,527222;9,495510E-1;1,369303E-1;1,338441E-1;9,448710E-1;;
30/11/2021  10:22:48,527322;9,483798E-1;1,378860E-1;1,524841E-1;9,448733E-1;;
30/11/2021  10:22:48,527422;9,489580E-1;1,273729E-1;1,325804E-1;9,448833E-1;;
30/11/2021  10:22:48,527522;9,494557E-1;1,324701E-1;1,287892E-1;9,449011E-1;;
30/11/2021  10:22:48,527622;9,495600E-1;3,785188E-2;9,498445E-2;9,449266E-1;;
30/11/2021  10:22:48,527722;9,497299E-1;1,859916E-1;1,891322E-1;9,449598E-1;;
30/11/2021  10:22:48,527822;9,494885E-1;1,410718E-1;1,670170E-1;9,450007E-1;;
30/11/2021  10:22:48,527922;9,489311E-1;1,114439E-1;8,424277E-2;9,450489E-1;;
30/11/2021  10:22:48,528022;9,489043E-1;1,347002E-1;1,170997E-1;9,451044E-1;;
30/11/2021  10:22:48,528122;9,491606E-1;1,174969E-1;1,107811E-1;9,451668E-1;;
30/11/2021  10:22:48,528222;9,492888E-1;1,159040E-1;1,208909E-1;9,452356E-1;;
30/11/2021  10:22:48,528322;9,492411E-1;1,276914E-1;1,291051E-1;9,453106E-1;;
30/11/2021  10:22:48,528422;9,494527E-1;8,946184E-2;1,186794E-1;9,453914E-1;;
30/11/2021  10:22:48,528522;9,491517E-1;1,073023E-1;1,038306E-1;9,454776E-1;;
30/11/2021  10:22:48,528622;9,487315E-1;1,047537E-1;1,000394E-1;9,455689E-1;;
30/11/2021  10:22:48,528722;9,483142E-1;1,251428E-1;1,477451E-1;9,456648E-1;;
30/11/2021  10:22:48,528822;9,484871E-1;1,254614E-1;1,243661E-1;9,457647E-1;;
30/11/2021  10:22:48,528922;9,486301E-1;1,213198E-1;1,164678E-1;9,458680E-1;;
30/11/2021  10:22:48,529022;9,490176E-1;1,761156E-1;1,796542E-1;9,459742E-1;;
30/11/2021  10:22:48,529122;9,492739E-1;8,500172E-2;1,076217E-1;9,460828E-1;;
30/11/2021  10:22:48,529222;9,487374E-1;1,238685E-1;1,231024E-1;9,461936E-1;;
30/11/2021  10:22:48,529322;9,484007E-1;1,229127E-1;1,196272E-1;9,463059E-1;;
30/11/2021  10:22:48,529422;9,479119E-1;1,286472E-1;1,281573E-1;9,464195E-1;;
30/11/2021  10:22:48,529522;9,476884E-1;1,359745E-1;1,376353E-1;9,465336E-1;;
30/11/2021  10:22:48,529622;9,491517E-1;1,302401E-1;1,281573E-1;9,466478E-1;;
30/11/2021  10:22:48,529722;9,488328E-1;1,267357E-1;1,313166E-1;9,467616E-1;;
30/11/2021  10:22:48,529822;9,483977E-1;1,305587E-1;1,259458E-1;9,468748E-1;;
30/11/2021  10:22:48,529922;9,472294E-1;1,149482E-1;1,054102E-1;9,469868E-1;;
30/11/2021  10:22:48,530022;9,473277E-1;1,013542E-2;5,296550E-2;9,470973E-1;;
30/11/2021  10:22:48,530122;9,465916E-1;1,391603E-1;1,534319E-1;9,472057E-1;;
30/11/2021  10:22:48,530222;9,468986E-1;1,331073E-1;1,202590E-1;9,473114E-1;;
30/11/2021  10:22:48,530322;9,471698E-1;1,047537E-1;1,101492E-1;9,474138E-1;;
30/11/2021  10:22:48,530422;9,473724E-1;1,149482E-1;1,486929E-1;9,475125E-1;;
30/11/2021  10:22:48,530522;9,463919E-1;1,337445E-1;1,344760E-1;9,476071E-1;;
30/11/2021  10:22:48,530622;9,464247E-1;1,280100E-1;1,509044E-1;9,476973E-1;;
30/11/2021  10:22:48,530722;9,459240E-1;1,321516E-1;1,268936E-1;9,477825E-1;;
30/11/2021  10:22:48,530822;9,471817E-1;1,366117E-1;1,379512E-1;9,478625E-1;;
30/11/2021  10:22:48,530922;9,472443E-1;1,350188E-1;1,385831E-1;9,479369E-1;;
30/11/2021  10:22:48,531022;9,473307E-1;1,366117E-1;1,170997E-1;9,480057E-1;;
30/11/2021  10:22:48,531122;9,461446E-1;1,187712E-1;1,215227E-1;9,480689E-1;;
30/11/2021  10:22:48,531222;9,471012E-1;1,321516E-1;1,243661E-1;9,481263E-1;;
30/11/2021  10:22:48,531322;9,469880E-1;1,347002E-1;1,167838E-1;9,481779E-1;;
30/11/2021  10:22:48,531422;9,465529E-1;1,101695E-1;8,677022E-2;9,482238E-1;;
30/11/2021  10:22:48,531522;9,472175E-1;1,410718E-1;1,591187E-1;9,482638E-1;;
30/11/2021  10:22:48,531622;9,480669E-1;1,238685E-1;1,016190E-1;9,482982E-1;;
30/11/2021  10:22:48,531722;9,480102E-1;1,280100E-1;1,287892E-1;9,483272E-1;;
30/11/2021  10:22:48,531822;9,486659E-1;1,044351E-1;1,009872E-1;9,483512E-1;;
30/11/2021  10:22:48,531922;9,482397E-1;-1,407666E-2;4,506720E-2;9,483704E-1;;
30/11/2021  10:22:48,532022;9,476735E-1;1,095324E-1;1,133085E-1;9,483854E-1;;
30/11/2021  10:22:48,532122;9,478880E-1;1,098510E-1;1,287892E-1;9,483965E-1;;
30/11/2021  10:22:48,532222;9,485467E-1;6,939130E-2;8,992954E-2;9,484039E-1;;
30/11/2021  10:22:48,532322;9,494616E-1;8,691320E-2;1,423743E-1;9,484080E-1;;
30/11/2021  10:22:48,532422;9,489460E-1;2,574584E-2;7,444887E-2;9,484092E-1;;
30/11/2021  10:22:48,532522;9,486659E-1;1,127182E-1;1,208909E-1;9,484081E-1;;
30/11/2021  10:22:48,532622;9,479983E-1;9,933782E-2;1,044624E-1;9,484050E-1;;
30/11/2021  10:22:48,532722;9,481801E-1;9,678918E-2;1,041465E-1;9,484001E-1;;
30/11/2021  10:22:48,532822;9,475364E-1;9,392196E-2;1,000394E-1;9,483937E-1;;
30/11/2021  10:22:48,532922;9,478284E-1;1,006121E-1;1,098333E-1;9,483858E-1;;
30/11/2021  10:22:48,533022;9,477271E-1;1,146297E-1;1,231024E-1;9,483765E-1;;
30/11/2021  10:22:48,533122;9,479059E-1;1,324701E-1;8,045158E-2;9,483660E-1;;
30/11/2021  10:22:48,533222;9,472264E-1;1,439390E-1;1,414265E-1;9,483542E-1;;
30/11/2021  10:22:48,533322;9,466035E-1;1,624167E-1;1,543797E-1;9,483413E-1;;
30/11/2021  10:22:48,533422;9,464962E-1;1,550893E-1;1,366875E-1;9,483270E-1;;
30/11/2021  10:22:48,533522;9,464068E-1;1,659210E-1;1,559593E-1;9,483114E-1;;
30/11/2021  10:22:48,533622;9,461207E-1;1,490363E-1;1,518522E-1;9,482942E-1;;
30/11/2021  10:22:48,533722;9,462995E-1;5,027650E-2;9,561632E-2;9,482753E-1;;
30/11/2021  10:22:48,533822;9,464217E-1;1,420275E-1;1,613302E-1;9,482545E-1;;
30/11/2021  10:22:48,533922;9,457780E-1;1,292843E-1;1,291051E-1;9,482318E-1;;
30/11/2021  10:22:48,534022;9,450687E-1;1,324701E-1;1,253139E-1;9,482070E-1;;
30/11/2021  10:22:48,534122;9,447408E-1;1,267357E-1;1,234183E-1;9,481800E-1;;
30/11/2021  10:22:48,534222;9,445501E-1;1,194084E-1;1,442698E-1;9,481503E-1;;
30/11/2021  10:22:48,534322;9,449763E-1;1,187712E-1;1,126766E-1;9,481178E-1;;
30/11/2021  10:22:48,534422;9,449882E-1;1,257800E-1;1,303688E-1;9,480823E-1;;
30/11/2021  10:22:48,534522;9,446783E-1;1,254614E-1;1,234183E-1;9,480436E-1;;
30/11/2021  10:22:48,534622;9,444905E-1;1,194084E-1;1,202590E-1;9,480016E-1;;
30/11/2021  10:22:48,534722;9,435368E-1;1,334259E-1;1,442698E-1;9,479563E-1;;
30/11/2021  10:22:48,534822;9,427828E-1;1,397975E-1;1,373193E-1;9,479073E-1;;
30/11/2021  10:22:48,534922;9,427232E-1;1,155854E-1;1,215227E-1;9,478545E-1;;
30/11/2021  10:22:48,535022;9,433163E-1;1,378860E-1;1,727037E-1;9,477974E-1;;
30/11/2021  10:22:48,535122;9,426129E-1;1,225942E-1;1,170997E-1;9,477359E-1;;
30/11/2021  10:22:48,535222;9,421212E-1;1,257800E-1;1,562753E-1;9,476699E-1;;
30/11/2021  10:22:48,535322;9,416443E-1;1,165411E-1;1,174156E-1;9,475990E-1;;
30/11/2021  10:22:48,535422;9,413373E-1;1,251428E-1;1,240502E-1;9,475231E-1;;
30/11/2021  10:22:48,535522;9,420019E-1;1,245056E-1;1,215227E-1;9,474420E-1;;
30/11/2021  10:22:48,535622;9,414804E-1;1,171783E-1;1,186794E-1;9,473554E-1;;
30/11/2021  10:22:48,535722;9,414655E-1;1,315144E-1;1,158360E-1;9,472634E-1;;
30/11/2021  10:22:48,535822;9,414268E-1;1,219570E-1;1,294210E-1;9,471659E-1;;
30/11/2021  10:22:48,535922;9,404313E-1;1,267357E-1;1,515363E-1;9,470629E-1;;
30/11/2021  10:22:48,536022;9,409112E-1;1,139925E-1;1,095173E-1;9,469544E-1;;
30/11/2021  10:22:48,536122;9,401750E-1;1,311958E-1;1,477451E-1;9,468404E-1;;
30/11/2021  10:22:48,536222;9,413850E-1;8,818752E-2;8,771802E-2;9,467209E-1;;
30/11/2021  10:22:48,536322;9,409261E-1;1,315144E-1;1,256299E-1;9,465961E-1;;
30/11/2021  10:22:48,536422;9,407085E-1;1,159040E-1;1,164678E-1;9,464662E-1;;
30/11/2021  10:22:48,536522;9,405893E-1;6,365686E-2;7,097362E-2;9,463314E-1;;
30/11/2021  10:22:48,536622;9,398025E-1;1,251428E-1;1,300529E-1;9,461920E-1;;
30/11/2021  10:22:48,536722;9,400350E-1;1,356559E-1;1,335282E-1;9,460481E-1;;
30/11/2021  10:22:48,536822;9,395015E-1;1,630538E-1;1,723878E-1;9,458999E-1;;
30/11/2021  10:22:48,536922;9,396326E-1;1,280100E-1;1,316326E-1;9,457476E-1;;
30/11/2021  10:22:48,537022;9,405774E-1;1,321516E-1;1,357397E-1;9,455913E-1;;
30/11/2021  10:22:48,537122;9,402525E-1;1,499920E-1;1,831295E-1;9,454314E-1;;
30/11/2021  10:22:48,537222;9,399098E-1;1,117624E-1;1,038306E-1;9,452682E-1;;
30/11/2021  10:22:48,537322;9,399902E-1;1,824872E-1;1,847091E-1;9,451022E-1;;
30/11/2021  10:22:48,537422;9,395194E-1;2,319720E-2;7,666040E-2;9,449337E-1;;
30/11/2021  10:22:48,537522;9,396237E-1;1,401161E-1;1,521681E-1;9,447629E-1;;
30/11/2021  10:22:48,537622;9,398114E-1;1,190898E-1;1,215227E-1;9,445903E-1;;
30/11/2021  10:22:48,537722;9,407234E-1;1,260985E-1;1,278414E-1;9,444162E-1;;
30/11/2021  10:22:48,537822;9,405505E-1;9,232906E-2;9,719598E-2;9,442410E-1;;
30/11/2021  10:22:48,537922;9,395641E-1;1,178155E-1;1,259458E-1;9,440653E-1;;
30/11/2021  10:22:48,538022;9,388518E-1;1,324701E-1;1,449017E-1;9,438895E-1;;
30/11/2021  10:22:48,538122;9,384852E-1;1,649653E-1;1,783905E-1;9,437137E-1;;
30/11/2021  10:22:48,538222;9,383362E-1;1,292843E-1;1,275255E-1;9,435382E-1;;
30/11/2021  10:22:48,538322;9,387773E-1;1,289658E-1;1,284732E-1;9,433629E-1;;
30/11/2021  10:22:48,538422;9,389352E-1;1,442576E-1;1,717559E-1;9,431881E-1;;
30/11/2021  10:22:48,538522;9,382766E-1;1,305587E-1;1,433221E-1;9,430138E-1;;
30/11/2021  10:22:48,538622;9,378325E-1;1,350188E-1;1,401627E-1;9,428404E-1;;
30/11/2021  10:22:48,538722;9,374630E-1;1,519035E-1;1,932393E-1;9,426677E-1;;
30/11/2021  10:22:48,538822;9,368043E-1;1,375674E-1;1,234183E-1;9,424959E-1;;
30/11/2021  10:22:48,538922;9,373676E-1;1,331073E-1;1,328963E-1;9,423249E-1;;
30/11/2021  10:22:48,539022;9,375047E-1;1,203641E-1;1,092014E-1;9,421545E-1;;
30/11/2021  10:22:48,539122;9,372782E-1;1,270543E-1;1,256299E-1;9,419849E-1;;
30/11/2021  10:22:48,539222;9,367179E-1;1,280100E-1;1,019350E-1;9,418161E-1;;
30/11/2021  10:22:48,539322;9,363960E-1;1,264171E-1;1,234183E-1;9,416482E-1;;
30/11/2021  10:22:48,539422;9,360950E-1;1,665582E-1;1,910278E-1;9,414810E-1;;
30/11/2021  10:22:48,539522;9,361725E-1;1,203641E-1;1,294210E-1;9,413145E-1;;
30/11/2021  10:22:48,539622;9,364973E-1;1,190898E-1;1,297370E-1;9,411486E-1;;
30/11/2021  10:22:48,539722;9,374272E-1;1,311958E-1;1,278414E-1;9,409834E-1;;
30/11/2021  10:22:48,539822;9,377282E-1;1,289658E-1;1,199431E-1;9,408191E-1;;
30/11/2021  10:22:48,539922;9,376388E-1;1,726112E-1;1,897641E-1;9,406559E-1;;
30/11/2021  10:22:48,540022;9,376746E-1;1,267357E-1;1,237343E-1;9,404943E-1;;
30/11/2021  10:22:48,540122;9,373795E-1;2,829448E-2;8,992954E-2;9,403345E-1;;
30/11/2021  10:22:48,540222;9,389948E-1;9,838208E-2;1,098333E-1;9,401770E-1;;
30/11/2021  10:22:48,540322;9,389769E-1;1,037979E-1;1,167838E-1;9,400220E-1;;
30/11/2021  10:22:48,540422;9,394955E-1;1,047537E-1;1,177316E-1;9,398703E-1;;
30/11/2021  10:22:48,540522;9,398084E-1;1,299215E-1;1,265777E-1;9,397223E-1;;
30/11/2021  10:22:48,540622;9,395641E-1;8,978042E-2;9,656411E-2;9,395787E-1;;
30/11/2021  10:22:48,540722;9,392631E-1;8,882468E-2;9,593225E-2;9,394400E-1;;
30/11/2021  10:22:48,540822;9,392631E-1;9,997498E-2;1,275255E-1;9,393066E-1;;
30/11/2021  10:22:48,540922;9,401899E-1;7,735580E-2;1,629098E-1;9,391790E-1;;
30/11/2021  10:22:48,541022;9,405803E-1;7,671864E-2;1,259458E-1;9,390575E-1;;
30/11/2021  10:22:48,541122;9,407413E-1;1,493549E-1;1,866047E-1;9,389425E-1;;
30/11/2021  10:22:48,541222;9,406847E-1;4,454206E-2;5,928414E-2;9,388346E-1;;
30/11/2021  10:22:48,541322;9,400499E-1;1,079395E-1;1,041465E-1;9,387340E-1;;
30/11/2021  10:22:48,541422;9,400797E-1;9,933782E-2;9,056141E-2;9,386411E-1;;
30/11/2021  10:22:48,541522;9,401780E-1;1,340630E-1;1,291051E-1;9,385559E-1;;
30/11/2021  10:22:48,541622;9,407145E-1;1,493549E-1;1,370034E-1;9,384786E-1;;
30/11/2021  10:22:48,541722;9,418440E-1;1,509478E-1;1,294210E-1;9,384093E-1;;
30/11/2021  10:22:48,541822;9,414655E-1;1,633724E-1;1,613302E-1;9,383481E-1;;
30/11/2021  10:22:48,541922;9,419423E-1;1,757970E-1;1,423743E-1;9,382954E-1;;
30/11/2021  10:22:48,542022;9,416264E-1;9,264764E-2;9,150920E-2;9,382512E-1;;
30/11/2021  10:22:48,542122;9,412539E-1;1,050723E-1;9,530039E-2;9,382158E-1;;
30/11/2021  10:22:48,542222;9,424877E-1;7,448858E-2;8,613836E-2;9,381891E-1;;
30/11/2021  10:22:48,542322;9,430272E-1;1,225942E-1;1,193112E-1;9,381712E-1;;
30/11/2021  10:22:48,542422;9,441746E-1;1,315144E-1;1,509044E-1;9,381623E-1;;
30/11/2021  10:22:48,542522;9,439809E-1;7,480716E-2;1,180475E-1;9,381625E-1;;
30/11/2021  10:22:48,542622;9,445203E-1;1,260985E-1;1,319485E-1;9,381722E-1;;
30/11/2021  10:22:48,542722;9,444547E-1;1,343816E-1;1,382671E-1;9,381917E-1;;
30/11/2021  10:22:48,542822;9,441001E-1;1,235499E-1;1,249980E-1;9,382209E-1;;
30/11/2021  10:22:48,542922;9,443385E-1;1,149482E-1;1,199431E-1;9,382601E-1;;
30/11/2021  10:22:48,543022;9,450180E-1;1,289658E-1;1,291051E-1;9,383092E-1;;
30/11/2021  10:22:48,543122;9,456707E-1;1,289658E-1;1,129926E-1;9,383680E-1;;
30/11/2021  10:22:48,543222;9,453548E-1;1,216384E-1;1,237343E-1;9,384368E-1;;
30/11/2021  10:22:48,543322;9,446216E-1;1,305587E-1;1,313166E-1;9,385153E-1;;
30/11/2021  10:22:48,543422;9,450061E-1;1,276914E-1;1,189953E-1;9,386034E-1;;
30/11/2021  10:22:48,543522;9,446276E-1;1,254614E-1;1,189953E-1;9,387008E-1;;
30/11/2021  10:22:48,543622;9,456290E-1;2,829448E-2;5,233363E-2;9,388071E-1;;
30/11/2021  10:22:48,543722;9,457929E-1;1,101695E-1;1,240502E-1;9,389219E-1;;
30/11/2021  10:22:48,543822;9,467168E-1;1,302401E-1;1,297370E-1;9,390451E-1;;
30/11/2021  10:22:48,543922;9,461505E-1;1,417090E-1;9,214107E-2;9,391763E-1;;
30/11/2021  10:22:48,544022;9,461773E-1;9,647060E-2;9,182514E-2;9,393154E-1;;
30/11/2021  10:22:48,544122;9,464396E-1;1,289658E-1;1,202590E-1;9,394620E-1;;
30/11/2021  10:22:48,544222;9,461177E-1;1,337445E-1;1,360556E-1;9,396157E-1;;
30/11/2021  10:22:48,544322;9,471430E-1;1,174969E-1;1,145722E-1;9,397762E-1;;
30/11/2021  10:22:48,544422;9,478672E-1;1,229127E-1;1,284732E-1;9,399431E-1;;
30/11/2021  10:22:48,544522;9,477450E-1;1,251428E-1;1,294210E-1;9,401162E-1;;
30/11/2021  10:22:48,544622;9,475334E-1;1,375674E-1;1,360556E-1;9,402952E-1;;
30/11/2021  10:22:48,544722;9,471698E-1;1,206827E-1;1,208909E-1;9,404798E-1;;
30/11/2021  10:22:48,544822;9,473784E-1;1,283286E-1;1,278414E-1;9,406697E-1;;
30/11/2021  10:22:48,544922;9,472622E-1;1,264171E-1;1,231024E-1;9,408643E-1;;
30/11/2021  10:22:48,545022;9,482427E-1;1,302401E-1;1,297370E-1;9,410633E-1;;
30/11/2021  10:22:48,545122;9,480549E-1;9,232906E-2;8,519056E-2;9,412662E-1;;
30/11/2021  10:22:48,545222;9,482725E-1;1,305587E-1;1,272095E-1;9,414726E-1;;
30/11/2021  10:22:48,545322;9,480907E-1;1,296029E-1;1,360556E-1;9,416823E-1;;
30/11/2021  10:22:48,545422;9,475751E-1;1,401161E-1;1,401627E-1;9,418946E-1;;
30/11/2021  10:22:48,545522;9,469463E-1;1,085766E-1;1,458495E-1;9,421093E-1;;
30/11/2021  10:22:48,545622;9,475990E-1;1,382046E-1;1,385831E-1;9,423256E-1;;
30/11/2021  10:22:48,545722;9,478493E-1;1,694254E-1;1,660692E-1;9,425430E-1;;
30/11/2021  10:22:48,545822;9,487315E-1;1,321516E-1;1,262617E-1;9,427610E-1;;
30/11/2021  10:22:48,545922;9,479983E-1;1,493549E-1;1,682807E-1;9,429791E-1;;
30/11/2021  10:22:48,546022;9,472711E-1;1,318330E-1;1,341600E-1;9,431970E-1;;
30/11/2021  10:22:48,546122;9,471787E-1;1,350188E-1;1,366875E-1;9,434142E-1;;
30/11/2021  10:22:48,546222;9,468718E-1;1,296029E-1;1,202590E-1;9,436300E-1;;
30/11/2021  10:22:48,546322;9,470714E-1;2,224146E-2;5,043804E-2;9,438439E-1;;
30/11/2021  10:22:48,546422;9,469940E-1;1,117624E-1;9,909157E-2;9,440552E-1;;
30/11/2021  10:22:48,546522;9,470655E-1;1,321516E-1;1,373193E-1;9,442634E-1;;
30/11/2021  10:22:48,546622;9,468330E-1;1,292843E-1;1,227865E-1;9,444680E-1;;
30/11/2021  10:22:48,546722;9,469075E-1;1,264171E-1;1,231024E-1;9,446684E-1;;
30/11/2021  10:22:48,546822;9,458644E-1;1,267357E-1;1,278414E-1;9,448643E-1;;
30/11/2021  10:22:48,546922;9,457541E-1;1,356559E-1;1,471132E-1;9,450551E-1;;
30/11/2021  10:22:48,547022;9,464277E-1;9,392196E-2;1,006712E-1;9,452401E-1;;
30/11/2021  10:22:48,547122;9,471340E-1;1,302401E-1;1,363715E-1;9,454190E-1;;
30/11/2021  10:22:48,547222;9,468777E-1;1,296029E-1;1,158360E-1;9,455915E-1;;
30/11/2021  10:22:48,547322;9,468509E-1;1,589123E-1;1,919756E-1;9,457573E-1;;
30/11/2021  10:22:48,547422;9,457750E-1;1,452133E-1;1,632258E-1;9,459163E-1;;
30/11/2021  10:22:48,547522;9,460164E-1;1,334259E-1;1,363715E-1;9,460683E-1;;
30/11/2021  10:22:48,547622;9,462966E-1;1,433019E-1;1,433221E-1;9,462128E-1;;
30/11/2021  10:22:48,547722;9,462250E-1;1,299215E-1;1,306848E-1;9,463498E-1;;
30/11/2021  10:22:48,547822;9,465529E-1;1,133553E-1;1,038306E-1;9,464792E-1;;
30/11/2021  10:22:48,547922;9,463144E-1;1,334259E-1;1,167838E-1;9,466007E-1;;
30/11/2021  10:22:48,548022;9,461982E-1;1,302401E-1;1,379512E-1;9,467145E-1;;
30/11/2021  10:22:48,548122;9,457631E-1;1,334259E-1;1,155200E-1;9,468205E-1;;
30/11/2021  10:22:48,548222;9,452713E-1;1,041165E-1;1,038306E-1;9,469186E-1;;
30/11/2021  10:22:48,548322;9,454204E-1;1,327887E-1;1,253139E-1;9,470088E-1;;
30/11/2021  10:22:48,548422;9,460701E-1;-6,430742E-3;1,050943E-1;9,470909E-1;;
30/11/2021  10:22:48,548522;9,461565E-1;1,187712E-1;1,316326E-1;9,471651E-1;;
30/11/2021  10:22:48,548622;9,456528E-1;1,232313E-1;1,322644E-1;9,472313E-1;;
30/11/2021  10:22:48,548722;9,451104E-1;8,595746E-2;8,613836E-2;9,472899E-1;;
30/11/2021  10:22:48,548822;9,448839E-1;1,127182E-1;1,196272E-1;9,473407E-1;;
30/11/2021  10:22:48,548922;9,449346E-1;1,828058E-1;1,667010E-1;9,473838E-1;;
30/11/2021  10:22:48,549022;9,451998E-1;1,114439E-1;1,224705E-1;9,474192E-1;;
30/11/2021  10:22:48,549122;9,455843E-1;1,104881E-1;1,155200E-1;9,474471E-1;;
30/11/2021  10:22:48,549222;9,458346E-1;1,098510E-1;1,215227E-1;9,474677E-1;;
30/11/2021  10:22:48,549322;9,458287E-1;8,022302E-2;5,707262E-2;9,474812E-1;;
30/11/2021  10:22:48,549422;9,460879E-1;1,859916E-1;2,453681E-1;9,474880E-1;;
30/11/2021  10:22:48,549522;9,463562E-1;9,519628E-2;1,038306E-1;9,474884E-1;;
30/11/2021  10:22:48,549622;9,466333E-1;7,831154E-2;9,719598E-2;9,474831E-1;;
30/11/2021  10:22:48,549722;9,475453E-1;1,098510E-1;1,189953E-1;9,474724E-1;;
30/11/2021  10:22:48,549822;9,483142E-1;1,114439E-1;1,281573E-1;9,474569E-1;;
30/11/2021  10:22:48,549922;9,484811E-1;1,334259E-1;1,265777E-1;9,474376E-1;;
30/11/2021  10:22:48,550022;9,486808E-1;1,382046E-1;1,379512E-1;9,474151E-1;;
30/11/2021  10:22:48,550122;9,488805E-1;1,573194E-1;1,433221E-1;9,473902E-1;;
30/11/2021  10:22:48,550222;9,487821E-1;1,729298E-1;1,490088E-1;9,473638E-1;;
30/11/2021  10:22:48,550322;9,492798E-1;1,761156E-1;1,581709E-1;9,473366E-1;;
30/11/2021  10:22:48,550422;9,503080E-1;1,742041E-1;1,692285E-1;9,473093E-1;;
30/11/2021  10:22:48,550522;9,507134E-1;1,439390E-1;1,360556E-1;9,472827E-1;;
30/11/2021  10:22:48,550622;9,509607E-1;1,796200E-1;1,806020E-1;9,472576E-1;;
30/11/2021  10:22:48,550722;9,513720E-1;1,382046E-1;1,379512E-1;9,472348E-1;;
30/11/2021  10:22:48,550822;9,513064E-1;1,630538E-1;1,537478E-1;9,472152E-1;;
30/11/2021  10:22:48,550922;9,516730E-1;1,044351E-1;1,183634E-1;9,471995E-1;;
30/11/2021  10:22:48,551022;9,514733E-1;1,206827E-1;1,452176E-1;9,471884E-1;;
30/11/2021  10:22:48,551122;9,525135E-1;1,085766E-1;9,087734E-2;9,471824E-1;;
30/11/2021  10:22:48,551222;9,526923E-1;1,127182E-1;1,158360E-1;9,471821E-1;;
30/11/2021  10:22:48,551322;9,522452E-1;1,047537E-1;8,329497E-2;9,471880E-1;;
30/11/2021  10:22:48,551422;9,515717E-1;1,426647E-1;1,502726E-1;9,472006E-1;;
30/11/2021  10:22:48,551522;9,509995E-1;1,324701E-1;1,363715E-1;9,472201E-1;;
30/11/2021  10:22:48,551622;9,512617E-1;1,448948E-1;1,673329E-1;9,472465E-1;;
30/11/2021  10:22:48,551722;9,513839E-1;1,069837E-1;1,278414E-1;9,472797E-1;;
30/11/2021  10:22:48,551822;9,518578E-1;1,257800E-1;1,272095E-1;9,473197E-1;;
30/11/2021  10:22:48,551922;9,514495E-1;1,455319E-1;1,619620E-1;9,473662E-1;;
30/11/2021  10:22:48,552022;9,514465E-1;1,082581E-1;1,891322E-1;9,474193E-1;;
30/11/2021  10:22:48,552122;9,505971E-1;1,273729E-1;1,351078E-1;9,474786E-1;;
30/11/2021  10:22:48,552222;9,500160E-1;7,193994E-2;4,980618E-2;9,475439E-1;;
30/11/2021  10:22:48,552322;9,496285E-1;1,162226E-1;1,249980E-1;9,476145E-1;;
30/11/2021  10:22:48,552422;9,499772E-1;1,260985E-1;1,234183E-1;9,476899E-1;;
30/11/2021  10:22:48,552522;9,496911E-1;1,190898E-1;1,183634E-1;9,477694E-1;;
30/11/2021  10:22:48,552622;9,493156E-1;1,215178E-3;4,980618E-2;9,478525E-1;;
30/11/2021  10:22:48,552722;9,483649E-1;6,875414E-2;8,108345E-2;9,479384E-1;;
30/11/2021  10:22:48,552822;9,468390E-1;1,636910E-1;1,622780E-1;9,480265E-1;;
30/11/2021  10:22:48,552922;9,463293E-1;7,268198E-3;4,601499E-2;9,481157E-1;;
30/11/2021  10:22:48,553022;9,459985E-1;1,136739E-1;1,038306E-1;9,482049E-1;;
30/11/2021  10:22:48,553122;9,453905E-1;1,308772E-1;1,325804E-1;9,482929E-1;;
30/11/2021  10:22:48,553222;9,449048E-1;1,404346E-1;1,569071E-1;9,483787E-1;;
30/11/2021  10:22:48,553322;9,443981E-1;1,289658E-1;1,648054E-1;9,484612E-1;;
30/11/2021  10:22:48,553422;9,435755E-1;1,235499E-1;1,158360E-1;9,485392E-1;;
30/11/2021  10:22:48,553522;9,427351E-1;1,162226E-1;1,183634E-1;9,486117E-1;;
30/11/2021  10:22:48,553622;9,427738E-1;5,632952E-2;6,212753E-2;9,486774E-1;;
30/11/2021  10:22:48,553722;9,428126E-1;1,165411E-1;1,392149E-1;9,487354E-1;;
30/11/2021  10:22:48,553822;9,427709E-1;1,292843E-1;1,183634E-1;9,487848E-1;;
30/11/2021  10:22:48,553922;9,429646E-1;1,366117E-1;1,543797E-1;9,488248E-1;;
30/11/2021  10:22:48,554022;9,425175E-1;1,388417E-1;1,319485E-1;9,488549E-1;;
30/11/2021  10:22:48,554122;9,417248E-1;5,218798E-2;8,329497E-2;9,488745E-1;;
30/11/2021  10:22:48,554222;9,415370E-1;3,721472E-2;8,076751E-2;9,488831E-1;;
30/11/2021  10:22:48,554322;9,414744E-1;1,206827E-1;1,060421E-1;9,488804E-1;;
30/11/2021  10:22:48,554422;9,419155E-1;1,404346E-1;1,278414E-1;9,488660E-1;;
30/11/2021  10:22:48,554522;9,423864E-1;1,356559E-1;1,654373E-1;9,488397E-1;;
30/11/2021  10:22:48,554622;9,422970E-1;7,608148E-2;7,255328E-2;9,488016E-1;;
30/11/2021  10:22:48,554722;9,422046E-1;1,241871E-1;1,379512E-1;9,487518E-1;;
30/11/2021  10:22:48,554822;9,422583E-1;1,302401E-1;1,303688E-1;9,486904E-1;;
30/11/2021  10:22:48,554922;9,419483E-1;1,257800E-1;1,193112E-1;9,486180E-1;;
30/11/2021  10:22:48,555022;9,425742E-1;1,305587E-1;1,284732E-1;9,485346E-1;;
30/11/2021  10:22:48,555122;9,428245E-1;1,292843E-1;1,316326E-1;9,484409E-1;;
30/11/2021  10:22:48,555222;9,435368E-1;9,678918E-2;7,476481E-2;9,483374E-1;;
30/11/2021  10:22:48,555322;9,439779E-1;1,162226E-1;1,205749E-1;9,482248E-1;;
30/11/2021  10:22:48,555422;9,437633E-1;1,280100E-1;1,196272E-1;9,481039E-1;;
30/11/2021  10:22:48,555522;9,435755E-1;5,664810E-2;8,234717E-2;9,479756E-1;;
30/11/2021  10:22:48,555622;9,442878E-1;1,159040E-1;1,142563E-1;9,478407E-1;;
30/11/2021  10:22:48,555722;9,444905E-1;1,391603E-1;1,480610E-1;9,477001E-1;;
30/11/2021  10:22:48,555822;9,457482E-1;1,302401E-1;1,208909E-1;9,475548E-1;;
30/11/2021  10:22:48,555922;9,467943E-1;8,595746E-2;8,203124E-2;9,474057E-1;;
30/11/2021  10:22:48,556022;9,462757E-1;-2,554554E-2;4,759465E-2;9,472542E-1;;
30/11/2021  10:22:48,556122;9,468360E-1;9,296622E-2;1,035146E-1;9,471014E-1;;
30/11/2021  10:22:48,556222;9,470387E-1;1,458505E-1;1,376353E-1;9,469485E-1;;
30/11/2021  10:22:48,556322;9,470327E-1;1,413904E-1;1,733356E-1;9,467966E-1;;
30/11/2021  10:22:48,556422;9,477360E-1;1,260985E-1;1,237343E-1;9,466467E-1;;
30/11/2021  10:22:48,556522;9,488924E-1;1,340630E-1;1,310007E-1;9,465000E-1;;
30/11/2021  10:22:48,556622;9,491308E-1;1,315144E-1;1,338441E-1;9,463576E-1;;
30/11/2021  10:22:48,556722;9,489043E-1;1,436204E-1;1,351078E-1;9,462204E-1;;
30/11/2021  10:22:48,556822;9,487076E-1;1,280100E-1;1,174156E-1;9,460897E-1;;
30/11/2021  10:22:48,556922;9,487404E-1;1,219570E-1;1,202590E-1;9,459661E-1;;
30/11/2021  10:22:48,557022;9,482814E-1;1,136739E-1;1,148882E-1;9,458505E-1;;
30/11/2021  10:22:48,557122;9,488477E-1;1,031608E-1;1,227865E-1;9,457433E-1;;
30/11/2021  10:22:48,557222;9,493484E-1;7,480716E-2;7,824006E-2;9,456450E-1;;
30/11/2021  10:22:48,557322;9,491100E-1;1,041165E-1;1,101492E-1;9,455560E-1;;
30/11/2021  10:22:48,557422;9,492173E-1;1,369303E-1;1,837613E-1;9,454768E-1;;
30/11/2021  10:22:48,557522;9,487374E-1;1,197269E-1;1,281573E-1;9,454077E-1;;
30/11/2021  10:22:48,557622;9,485467E-1;6,907272E-2;1,294210E-1;9,453487E-1;;
30/11/2021  10:22:48,557722;9,485258E-1;1,079395E-1;1,202590E-1;9,452999E-1;;
30/11/2021  10:22:48,557822;9,491696E-1;1,395838E-2;8,834988E-2;9,452612E-1;;
30/11/2021  10:22:48,557922;9,498372E-1;1,006121E-1;1,079377E-1;9,452325E-1;;
30/11/2021  10:22:48,558022;9,488715E-1;1,111253E-1;1,610142E-1;9,452139E-1;;
30/11/2021  10:22:48,558122;9,480877E-1;9,997498E-2;1,044624E-1;9,452052E-1;;
30/11/2021  10:22:48,558222;9,484126E-1;1,136739E-1;1,189953E-1;9,452062E-1;;
30/11/2021  10:22:48,558322;9,474440E-1;1,155854E-1;1,240502E-1;9,452162E-1;;
30/11/2021  10:22:48,558422;9,477450E-1;1,280100E-1;1,385831E-1;9,452349E-1;;
30/11/2021  10:22:48,558522;9,470476E-1;1,433019E-1;1,174156E-1;9,452617E-1;;
30/11/2021  10:22:48,558622;9,469969E-1;1,662396E-1;1,528000E-1;9,452958E-1;;
30/11/2021  10:22:48,558722;9,469641E-1;1,662396E-1;1,619620E-1;9,453366E-1;;
30/11/2021  10:22:48,558822;9,459151E-1;1,656025E-1;1,553275E-1;9,453834E-1;;
30/11/2021  10:22:48,558922;9,448362E-1;8,500172E-2;1,088855E-1;9,454353E-1;;
30/11/2021  10:22:48,559022;9,441805E-1;1,448948E-1;1,572231E-1;9,454913E-1;;
30/11/2021  10:22:48,559122;9,436948E-1;7,512574E-2;8,171531E-2;9,455503E-1;;
30/11/2021  10:22:48,559222;9,436053E-1;1,264171E-1;1,278414E-1;9,456113E-1;;
30/11/2021  10:22:48,559322;9,428901E-1;9,360338E-2;9,593225E-2;9,456729E-1;;
30/11/2021  10:22:48,559422;9,415311E-1;1,598680E-1;1,970305E-1;9,457342E-1;;
30/11/2021  10:22:48,559522;9,407294E-1;1,464877E-1;1,648054E-1;9,457939E-1;;
30/11/2021  10:22:48,559622;9,408367E-1;1,222756E-1;1,234183E-1;9,458506E-1;;
30/11/2021  10:22:48,559722;9,395939E-1;1,321516E-1;1,328963E-1;9,459032E-1;;
30/11/2021  10:22:48,559822;9,383332E-1;1,257800E-1;1,316326E-1;9,459503E-1;;
30/11/2021  10:22:48,559922;9,382050E-1;7,799296E-2;8,992954E-2;9,459908E-1;;
30/11/2021  10:22:48,560022;9,377610E-1;1,283286E-1;1,388990E-1;9,460232E-1;;
30/11/2021  10:22:48,560122;9,365003E-1;1,270543E-1;1,509044E-1;9,460464E-1;;
30/11/2021  10:22:48,560222;9,362887E-1;1,257800E-1;1,212068E-1;9,460592E-1;;
30/11/2021  10:22:48,560322;9,361784E-1;1,073023E-1;1,092014E-1;9,460606E-1;;
30/11/2021  10:22:48,560422;9,358417E-1;1,264171E-1;1,278414E-1;9,460496E-1;;
30/11/2021  10:22:48,560522;9,364288E-1;1,362931E-1;1,243661E-1;9,460254E-1;;
30/11/2021  10:22:48,560622;9,363722E-1;9,455912E-2;1,110970E-1;9,459875E-1;;
30/11/2021  10:22:48,560722;9,361129E-1;1,372488E-1;1,524841E-1;9,459354E-1;;
30/11/2021  10:22:48,560822;9,356420E-1;8,149734E-2;8,929768E-2;9,458691E-1;;
30/11/2021  10:22:48,560922;9,360533E-1;1,254614E-1;1,325804E-1;9,457882E-1;;
30/11/2021  10:22:48,561022;9,361397E-1;1,407532E-1;1,401627E-1;9,456929E-1;;
30/11/2021  10:22:48,561122;9,363751E-1;1,232313E-1;1,275255E-1;9,455833E-1;;
30/11/2021  10:22:48,561222;9,370129E-1;1,248242E-1;1,215227E-1;9,454598E-1;;
30/11/2021  10:22:48,561322;9,371351E-1;1,327887E-1;1,366875E-1;9,453227E-1;;
30/11/2021  10:22:48,561422;9,365569E-1;9,583344E-2;1,016190E-1;9,451729E-1;;
30/11/2021  10:22:48,561522;9,362291E-1;1,458505E-1;1,512204E-1;9,450108E-1;;
30/11/2021  10:22:48,561622;9,359549E-1;1,229127E-1;1,202590E-1;9,448372E-1;;
30/11/2021  10:22:48,561722;9,359400E-1;1,213198E-1;1,202590E-1;9,446526E-1;;
30/11/2021  10:22:48,561822;9,360384E-1;1,238685E-1;1,265777E-1;9,444577E-1;;
30/11/2021  10:22:48,561922;9,362470E-1;1,178155E-1;1,249980E-1;9,442532E-1;;
30/11/2021  10:22:48,562022;9,358745E-1;1,302401E-1;1,167838E-1;9,440397E-1;;
30/11/2021  10:22:48,562122;9,360622E-1;1,197269E-1;1,306848E-1;9,438180E-1;;
30/11/2021  10:22:48,562222;9,354870E-1;1,127182E-1;1,212068E-1;9,435890E-1;;
30/11/2021  10:22:48,562322;9,360294E-1;1,264171E-1;1,300529E-1;9,433532E-1;;
30/11/2021  10:22:48,562422;9,361099E-1;1,324701E-1;1,281573E-1;9,431115E-1;;
30/11/2021  10:22:48,562522;9,369384E-1;1,241871E-1;1,259458E-1;9,428647E-1;;
30/11/2021  10:22:48,562622;9,378713E-1;1,273729E-1;1,259458E-1;9,426138E-1;;
30/11/2021  10:22:48,562722;9,383570E-1;1,232313E-1;2,090359E-1;9,423598E-1;;
30/11/2021  10:22:48,562822;9,385478E-1;1,378860E-1;1,449017E-1;9,421039E-1;;
30/11/2021  10:22:48,562922;9,387653E-1;1,350188E-1;1,404787E-1;9,418475E-1;;
30/11/2021  10:22:48,563022;9,387951E-1;3,785188E-2;6,970989E-2;9,415916E-1;;
30/11/2021  10:22:48,563122;9,396565E-1;7,268198E-3;6,370719E-2;9,413375E-1;;
30/11/2021  10:22:48,563222;9,409648E-1;4,103768E-2;2,326789E-2;9,410863E-1;;
30/11/2021  10:22:48,563322;9,408426E-1;1,127182E-1;1,085695E-1;9,408393E-1;;
30/11/2021  10:22:48,563422;9,407204E-1;1,171783E-1;8,487463E-2;9,405978E-1;;
30/11/2021  10:22:48,563522;9,406459E-1;1,716555E-1;1,632258E-1;9,403630E-1;;
30/11/2021  10:22:48,563622;9,407592E-1;1,267357E-1;1,395309E-1;9,401358E-1;;
30/11/2021  10:22:48,563722;9,409082E-1;1,305587E-1;1,682807E-1;9,399172E-1;;
30/11/2021  10:22:48,563822;9,411973E-1;1,088952E-1;8,613836E-2;9,397080E-1;;
30/11/2021  10:22:48,563922;9,420645E-1;1,362931E-1;1,379512E-1;9,395088E-1;;
30/11/2021  10:22:48,564022;9,417963E-1;1,477620E-1;1,553275E-1;9,393206E-1;;
30/11/2021  10:22:48,564122;9,413224E-1;1,302401E-1;1,284732E-1;9,391438E-1;;
30/11/2021  10:22:48,564222;9,416473E-1;1,468062E-1;1,543797E-1;9,389791E-1;;
30/11/2021  10:22:48,564322;9,407264E-1;1,570008E-1;1,433221E-1;9,388268E-1;;
30/11/2021  10:22:48,564422;9,408486E-1;1,206827E-1;1,218387E-1;9,386870E-1;;
30/11/2021  10:22:48,564522;9,408307E-1;1,343816E-1;1,341600E-1;9,385599E-1;;
30/11/2021  10:22:48,564622;9,413373E-1;1,238685E-1;1,275255E-1;9,384453E-1;;
30/11/2021  10:22:48,564722;9,415072E-1;1,671954E-1;1,641736E-1;9,383434E-1;;
30/11/2021  10:22:48,564822;9,410274E-1;7,034704E-2;7,539667E-2;9,382540E-1;;
30/11/2021  10:22:48,564922;9,404373E-1;1,464877E-1;1,407946E-1;9,381769E-1;;
30/11/2021  10:22:48,565022;9,402585E-1;1,206827E-1;1,294210E-1;9,381120E-1;;
30/11/2021  10:22:48,565122;9,403568E-1;1,200455E-1;1,082536E-1;9,380587E-1;;
30/11/2021  10:22:48,565222;9,412509E-1;1,133553E-1;1,208909E-1;9,380166E-1;;
30/11/2021  10:22:48,565322;9,413016E-1;1,617795E-1;1,708081E-1;9,379854E-1;;
30/11/2021  10:22:48,565422;9,416085E-1;-3,797016E-2;5,170177E-2;9,379648E-1;;
30/11/2021  10:22:48,565522;9,527310E-1;9,498258E-3;7,350108E-2;9,379548E-1;;
30/11/2021  10:22:48,565622;9,523615E-1;8,404598E-2;8,171531E-2;9,379563E-1;;
30/11/2021  10:22:48,565722;9,516641E-1;1,229127E-1;1,281573E-1;9,379711E-1;;
30/11/2021  10:22:48,565822;9,517475E-1;2,417431E-1;2,223051E-1;9,380007E-1;;
30/11/2021  10:22:48,565922;9,517207E-1;1,225942E-1;1,341600E-1;9,380464E-1;;
30/11/2021  10:22:48,566022;9,518578E-1;1,194084E-1;1,148882E-1;9,381092E-1;;
30/11/2021  10:22:48,566122;9,517922E-1;1,257800E-1;1,278414E-1;9,381897E-1;;
30/11/2021  10:22:48,566222;9,518787E-1;1,111253E-1;7,918786E-2;9,382885E-1;;
30/11/2021  10:22:48,566322;9,525403E-1;1,716555E-1;2,140908E-1;9,384059E-1;;
30/11/2021  10:22:48,566422;9,514435E-1;1,397975E-1;1,265777E-1;9,385419E-1;;
30/11/2021  10:22:48,566522;9,517982E-1;1,162226E-1;1,193112E-1;9,386966E-1;;
30/11/2021  10:22:48,566622;9,515777E-1;1,292843E-1;1,281573E-1;9,388696E-1;;
30/11/2021  10:22:48,566722;9,525582E-1;1,378860E-1;1,711241E-1;9,390605E-1;;
30/11/2021  10:22:48,566822;9,519979E-1;1,206827E-1;1,193112E-1;9,392689E-1;;
30/11/2021  10:22:48,566922;9,524121E-1;1,442576E-1;1,606983E-1;9,394941E-1;;
30/11/2021  10:22:48,567022;9,524479E-1;1,378860E-1;1,423743E-1;9,397355E-1;;
30/11/2021  10:22:48,567122;9,518399E-1;1,206827E-1;1,259458E-1;9,399923E-1;;
30/11/2021  10:22:48,567222;9,526148E-1;1,334259E-1;1,373193E-1;9,402638E-1;;
30/11/2021  10:22:48,567322;9,520992E-1;1,245056E-1;1,341600E-1;9,405490E-1;;
30/11/2021  10:22:48,567422;9,530648E-1;1,276914E-1;1,294210E-1;9,408469E-1;;
30/11/2021  10:22:48,567522;9,529426E-1;1,506292E-1;1,496407E-1;9,411567E-1;;
30/11/2021  10:22:48,567622;9,532258E-1;1,385232E-1;1,420583E-1;9,414774E-1;;
30/11/2021  10:22:48,567722;9,527310E-1;1,534964E-1;1,388990E-1;9,418080E-1;;
30/11/2021  10:22:48,567822;9,524509E-1;1,716555E-1;2,153545E-1;9,421476E-1;;
30/11/2021  10:22:48,567922;9,525224E-1;1,200455E-1;1,347919E-1;9,424951E-1;;
30/11/2021  10:22:48,568022;9,525612E-1;7,767438E-2;9,245700E-2;9,428493E-1;;
30/11/2021  10:22:48,568122;9,529575E-1;1,123996E-1;1,104651E-1;9,432092E-1;;
30/11/2021  10:22:48,568222;9,524360E-1;7,671864E-2;5,138584E-2;9,435736E-1;;
30/11/2021  10:22:48,568322;9,526416E-1;1,461691E-1;1,392149E-1;9,439415E-1;;
30/11/2021  10:22:48,568422;9,518399E-1;1,283286E-1;1,449017E-1;9,443117E-1;;
30/11/2021  10:22:48,568522;9,516104E-1;1,531778E-1;1,742834E-1;9,446832E-1;;
30/11/2021  10:22:48,568622;9,514406E-1;9,360338E-2;1,085695E-1;9,450547E-1;;
30/11/2021  10:22:48,568722;9,512886E-1;1,264171E-1;1,306848E-1;9,454251E-1;;
30/11/2021  10:22:48,568822;9,512826E-1;1,079395E-1;1,073058E-1;9,457931E-1;;
30/11/2021  10:22:48,568922;9,501411E-1;1,429833E-1;1,366875E-1;9,461575E-1;;
30/11/2021  10:22:48,569022;9,499146E-1;1,159040E-1;9,466852E-2;9,465173E-1;;
30/11/2021  10:22:48,569122;9,495868E-1;1,241871E-1;1,167838E-1;9,468712E-1;;
30/11/2021  10:22:48,569222;9,489729E-1;1,311958E-1;1,284732E-1;9,472179E-1;;
30/11/2021  10:22:48,569322;9,491040E-1;1,496735E-1;1,420583E-1;9,475562E-1;;
30/11/2021  10:22:48,569422;9,491755E-1;1,203641E-1;1,180475E-1;9,478851E-1;;
30/11/2021  10:22:48,569522;9,488000E-1;8,723178E-2;1,013031E-1;9,482035E-1;;
30/11/2021  10:22:48,569622;9,487136E-1;1,108067E-1;1,265777E-1;9,485105E-1;;
30/11/2021  10:22:48,569722;9,475334E-1;1,114439E-1;1,057261E-1;9,488052E-1;;
30/11/2021  10:22:48,569822;9,475572E-1;1,066652E-1;1,550115E-1;9,490869E-1;;
30/11/2021  10:22:48,569922;9,477360E-1;8,117876E-2;7,255328E-2;9,493546E-1;;
30/11/2021  10:22:48,570022;9,479834E-1;-4,519262E-3;6,623464E-2;9,496077E-1;;
30/11/2021  10:22:48,570122;9,479745E-1;1,375674E-1;1,505885E-1;9,498456E-1;;
30/11/2021  10:22:48,570222;9,473695E-1;8,946184E-2;1,196272E-1;9,500680E-1;;
30/11/2021  10:22:48,570322;9,471757E-1;8,468314E-2;9,024547E-2;9,502744E-1;;
30/11/2021  10:22:48,570422;9,471757E-1;8,309024E-2;9,561632E-2;9,504645E-1;;
30/11/2021  10:22:48,570522;9,464635E-1;1,251428E-1;1,676488E-1;9,506382E-1;;
30/11/2021  10:22:48,570622;9,463472E-1;1,098510E-1;1,512204E-1;9,507952E-1;;
30/11/2021  10:22:48,570722;9,472294E-1;1,092138E-1;1,092014E-1;9,509354E-1;;
30/11/2021  10:22:48,570822;9,466780E-1;1,232313E-1;1,436380E-1;9,510586E-1;;
30/11/2021  10:22:48,570922;9,466512E-1;1,130368E-1;1,126766E-1;9,511651E-1;;
30/11/2021  10:22:48,571022;9,455366E-1;1,413904E-1;1,455336E-1;9,512550E-1;;
30/11/2021  10:22:48,571122;9,450836E-1;1,305587E-1;1,183634E-1;9,513284E-1;;
30/11/2021  10:22:48,571222;9,450448E-1;1,493549E-1;1,243661E-1;9,513853E-1;;
30/11/2021  10:22:48,571322;9,452564E-1;1,630538E-1;1,341600E-1;9,514257E-1;;
30/11/2021  10:22:48,571422;9,451879E-1;1,891774E-1;2,144068E-1;9,514500E-1;;
30/11/2021  10:22:48,571522;9,450597E-1;1,853544E-1;1,755471E-1;9,514582E-1;;
30/11/2021  10:22:48,571622;9,445680E-1;1,238685E-1;1,471132E-1;9,514509E-1;;
30/11/2021  10:22:48,571722;9,436471E-1;1,178155E-1;1,205749E-1;9,514283E-1;;
30/11/2021  10:22:48,571822;9,428603E-1;1,241871E-1;1,231024E-1;9,513906E-1;;
30/11/2021  10:22:48,571922;9,433312E-1;1,270543E-1;1,249980E-1;9,513381E-1;;
30/11/2021  10:22:48,572022;9,433937E-1;1,296029E-1;1,319485E-1;9,512710E-1;;
30/11/2021  10:22:48,572122;9,438229E-1;5,346230E-2;5,422923E-2;9,511896E-1;;
30/11/2021  10:22:48,572222;9,437484E-1;1,315144E-1;1,322644E-1;9,510946E-1;;
30/11/2021  10:22:48,572322;9,438587E-1;1,280100E-1;1,145722E-1;9,509864E-1;;
30/11/2021  10:22:48,572422;9,434832E-1;6,652408E-2;8,740209E-2;9,508657E-1;;
30/11/2021  10:22:48,572522;9,433997E-1;1,824872E-1;1,569071E-1;9,507332E-1;;
30/11/2021  10:22:48,572622;9,440822E-1;1,324701E-1;1,338441E-1;9,505897E-1;;
30/11/2021  10:22:48,572722;9,444190E-1;1,171783E-1;1,167838E-1;9,504358E-1;;
30/11/2021  10:22:48,572822;9,448094E-1;1,241871E-1;1,401627E-1;9,502724E-1;;
30/11/2021  10:22:48,572922;9,454382E-1;7,958586E-2;9,751191E-2;9,501006E-1;;
30/11/2021  10:22:48,573022;9,453488E-1;1,015679E-1;1,082536E-1;9,499215E-1;;
30/11/2021  10:22:48,573122;9,449375E-1;1,413904E-1;1,360556E-1;9,497360E-1;;
30/11/2021  10:22:48,573222;9,444726E-1;1,120810E-1;1,347919E-1;9,495454E-1;;
30/11/2021  10:22:48,573322;9,453131E-1;1,296029E-1;1,316326E-1;9,493503E-1;;
30/11/2021  10:22:48,573422;9,456439E-1;1,283286E-1;1,297370E-1;9,491519E-1;;
30/11/2021  10:22:48,573522;9,458674E-1;1,276914E-1;1,360556E-1;9,489510E-1;;
30/11/2021  10:22:48,573622;9,456975E-1;1,334259E-1;1,284732E-1;9,487487E-1;;
30/11/2021  10:22:48,573722;9,451879E-1;1,270543E-1;1,161519E-1;9,485459E-1;;
30/11/2021  10:22:48,573822;9,457512E-1;1,280100E-1;1,234183E-1;9,483434E-1;;
30/11/2021  10:22:48,573922;9,453816E-1;1,283286E-1;1,256299E-1;9,481420E-1;;
30/11/2021  10:22:48,574022;9,454919E-1;1,184526E-1;1,177316E-1;9,479424E-1;;
30/11/2021  10:22:48,574122;9,458883E-1;3,498466E-2;7,918786E-2;9,477454E-1;;
30/11/2021  10:22:48,574222;9,461893E-1;1,289658E-1;1,180475E-1;9,475515E-1;;
30/11/2021  10:22:48,574322;9,463025E-1;1,311958E-1;1,363715E-1;9,473615E-1;;
30/11/2021  10:22:48,574422;9,464962E-1;1,165411E-1;1,246821E-1;9,471760E-1;;
30/11/2021  10:22:48,574522;9,464992E-1;1,289658E-1;1,199431E-1;9,469957E-1;;
30/11/2021  10:22:48,574622;9,469940E-1;1,334259E-1;1,278414E-1;9,468211E-1;;
30/11/2021  10:22:48,574722;9,476884E-1;9,328480E-2;1,278414E-1;9,466529E-1;;
30/11/2021  10:22:48,574822;9,480400E-1;1,232313E-1;1,177316E-1;9,464917E-1;;
30/11/2021  10:22:48,574922;9,480877E-1;1,493549E-1;1,831295E-1;9,463381E-1;;
30/11/2021  10:22:48,575022;9,480728E-1;1,203641E-1;1,177316E-1;9,461928E-1;;
30/11/2021  10:22:48,575122;9,483619E-1;1,238685E-1;1,183634E-1;9,460563E-1;;
30/11/2021  10:22:48,575222;9,479327E-1;1,254614E-1;1,110970E-1;9,459290E-1;;
30/11/2021  10:22:48,575322;9,485497E-1;1,225942E-1;1,265777E-1;9,458114E-1;;
30/11/2021  10:22:48,575422;9,490802E-1;1,053908E-1;8,740209E-2;9,457036E-1;;
30/11/2021  10:22:48,575522;9,490563E-1;1,305587E-1;1,313166E-1;9,456061E-1;;
30/11/2021  10:22:48,575622;9,493514E-1;1,136739E-1;1,050943E-1;9,455192E-1;;
30/11/2021  10:22:48,575722;9,487583E-1;1,213198E-1;1,196272E-1;9,454430E-1;;
30/11/2021  10:22:48,575822;9,480430E-1;1,159040E-1;1,256299E-1;9,453777E-1;;
30/11/2021  10:22:48,575922;9,484185E-1;1,235499E-1;1,449017E-1;9,453232E-1;;
30/11/2021  10:22:48,576022;9,478195E-1;8,914326E-2;8,424277E-2;9,452793E-1;;
30/11/2021  10:22:48,576122;9,483679E-1;1,292843E-1;1,218387E-1;9,452457E-1;;
30/11/2021  10:22:48,576222;9,485944E-1;8,850610E-2;9,056141E-2;9,452222E-1;;
30/11/2021  10:22:48,576322;9,487404E-1;1,480806E-1;1,755471E-1;9,452085E-1;;
30/11/2021  10:22:48,576422;9,479596E-1;1,471248E-1;1,581709E-1;9,452043E-1;;
30/11/2021  10:22:48,576522;9,474559E-1;1,219570E-1;1,208909E-1;9,452092E-1;;
30/11/2021  10:22:48,576622;9,472443E-1;1,213198E-1;1,202590E-1;9,452228E-1;;
30/11/2021  10:22:48,576722;9,470327E-1;1,264171E-1;1,218387E-1;9,452443E-1;;
30/11/2021  10:22:48,576822;9,476317E-1;3,657756E-2;6,876210E-2;9,452732E-1;;
30/11/2021  10:22:48,576922;9,474112E-1;1,436204E-1;1,534319E-1;9,453089E-1;;
30/11/2021  10:22:48,577022;9,475274E-1;1,117624E-1;1,303688E-1;9,453508E-1;;
30/11/2021  10:22:48,577122;9,467317E-1;1,229127E-1;1,177316E-1;9,453983E-1;;
30/11/2021  10:22:48,577222;9,458942E-1;1,009307E-1;2,001898E-1;9,454508E-1;;
30/11/2021  10:22:48,577322;9,463025E-1;1,037979E-1;1,031987E-1;9,455076E-1;;
30/11/2021  10:22:48,577422;9,468896E-1;1,534964E-1;1,575390E-1;9,455679E-1;;
30/11/2021  10:22:48,577522;9,469463E-1;1,324701E-1;1,414265E-1;9,456311E-1;;
30/11/2021  10:22:48,577622;9,465380E-1;1,468062E-1;1,502726E-1;9,456967E-1;;
30/11/2021  10:22:48,577722;9,464605E-1;1,318330E-1;1,281573E-1;9,457642E-1;;
30/11/2021  10:22:48,577822;9,456886E-1;1,260985E-1;1,259458E-1;9,458329E-1;;
30/11/2021  10:22:48,577922;9,456707E-1;1,200455E-1;1,193112E-1;9,459023E-1;;
30/11/2021  10:22:48,578022;9,463621E-1;1,149482E-1;1,186794E-1;9,459719E-1;;
30/11/2021  10:22:48,578122;9,461922E-1;1,114439E-1;1,139404E-1;9,460410E-1;;
30/11/2021  10:22:48,578222;9,473248E-1;1,041165E-1;1,161519E-1;9,461093E-1;;
30/11/2021  10:22:48,578322;9,473158E-1;9,678918E-2;9,245700E-2;9,461766E-1;;
30/11/2021  10:22:48,578422;9,472056E-1;1,063466E-1;1,101492E-1;9,462427E-1;;
30/11/2021  10:22:48,578522;9,466751E-1;9,965640E-2;1,073058E-1;9,463075E-1;;
30/11/2021  10:22:48,578622;9,468777E-1;1,002936E-1;1,047783E-1;9,463708E-1;;
30/11/2021  10:22:48,578722;9,469880E-1;9,551486E-2;1,050943E-1;9,464325E-1;;
30/11/2021  10:22:48,578822;9,468122E-1;9,742634E-2;1,322644E-1;9,464924E-1;;
30/11/2021  10:22:48,578922;9,476437E-1;6,142680E-2;7,729226E-2;9,465504E-1;;
30/11/2021  10:22:48,579022;9,473754E-1;1,136739E-1;1,385831E-1;9,466064E-1;;
30/11/2021  10:22:48,579122;9,466065E-1;1,143111E-1;1,347919E-1;9,466605E-1;;
30/11/2021  10:22:48,579222;9,466006E-1;1,232313E-1;1,306848E-1;9,467125E-1;;
30/11/2021  10:22:48,579322;9,462757E-1;1,404346E-1;1,354238E-1;9,467623E-1;;
30/11/2021  10:22:48,579422;9,470774E-1;1,608238E-1;1,430061E-1;9,468098E-1;;
30/11/2021  10:22:48,579522;9,469790E-1;1,773899E-1;1,490088E-1;9,468548E-1;;
30/11/2021  10:22:48,579622;9,471400E-1;1,812129E-1;1,815498E-1;9,468974E-1;;
30/11/2021  10:22:48,579722;9,472801E-1;5,314372E-2;3,148212E-2;9,469376E-1;;
30/11/2021  10:22:48,579822;9,463144E-1;1,570008E-1;1,847091E-1;9,469753E-1;;
30/11/2021  10:22:48,579922;9,460432E-1;8,309024E-2;1,126766E-1;9,470106E-1;;
30/11/2021  10:22:48,580022;9,461058E-1;5,314372E-2;9,245700E-2;9,470433E-1;;
30/11/2021  10:22:48,580122;9,466721E-1;4,517922E-2;7,350108E-2;9,470732E-1;;
30/11/2021  10:22:48,580222;9,469373E-1;9,264764E-2;9,150920E-2;9,471004E-1;;
30/11/2021  10:22:48,580322;9,471161E-1;-4,211170E-2;-1,058873E-3;9,471249E-1;;
30/11/2021  10:22:48,580422;9,465529E-1;1,445762E-1;1,297370E-1;9,471467E-1;;
30/11/2021  10:22:48,580522;9,462072E-1;1,267357E-1;1,426902E-1;9,471660E-1;;
30/11/2021  10:22:48,580622;9,448571E-1;1,382046E-1;1,493248E-1;9,471827E-1;;
30/11/2021  10:22:48,580722;9,455723E-1;7,385142E-2;7,381701E-2;9,471966E-1;;
30/11/2021  10:22:48,580822;9,454055E-1;1,194084E-1;1,212068E-1;9,472075E-1;;
30/11/2021  10:22:48,580922;9,453667E-1;8,691320E-2;9,845971E-2;9,472152E-1;;
30/11/2021  10:22:48,581022;9,456498E-1;1,216384E-1;1,180475E-1;9,472198E-1;;
30/11/2021  10:22:48,581122;9,449226E-1;1,292843E-1;1,449017E-1;9,472211E-1;;
30/11/2021  10:22:48,581222;9,441776E-1;8,659462E-2;1,041465E-1;9,472189E-1;;
30/11/2021  10:22:48,581322;9,435755E-1;1,340630E-1;1,373193E-1;9,472131E-1;;
30/11/2021  10:22:48,581422;9,437931E-1;1,270543E-1;1,287892E-1;9,472035E-1;;
30/11/2021  10:22:48,581522;9,438527E-1;1,053908E-1;1,110970E-1;9,471897E-1;;
30/11/2021  10:22:48,581622;9,441001E-1;1,697440E-1;1,682807E-1;9,471716E-1;;
30/11/2021  10:22:48,581722;9,435964E-1;1,264171E-1;1,291051E-1;9,471490E-1;;
30/11/2021  10:22:48,581822;9,428036E-1;1,031608E-1;1,035146E-1;9,471218E-1;;
30/11/2021  10:22:48,581922;9,414446E-1;4,454206E-2;1,657532E-1;9,470898E-1;;
30/11/2021  10:22:48,582022;9,413671E-1;1,350188E-1;1,569071E-1;9,470528E-1;;
30/11/2021  10:22:48,582122;9,409827E-1;1,808943E-1;2,049288E-1;9,470102E-1;;
30/11/2021  10:22:48,582222;9,413314E-1;1,369303E-1;1,354238E-1;9,469617E-1;;
30/11/2021  10:22:48,582322;9,408665E-1;1,235499E-1;1,493248E-1;9,469070E-1;;
30/11/2021  10:22:48,582422;9,405386E-1;1,299215E-1;1,205749E-1;9,468458E-1;;
30/11/2021  10:22:48,582522;9,398084E-1;1,260985E-1;1,170997E-1;9,467779E-1;;
30/11/2021  10:22:48,582622;9,398323E-1;1,088952E-1;8,677022E-2;9,467031E-1;;
30/11/2021  10:22:48,582722;9,398174E-1;7,703722E-2;8,992954E-2;9,466212E-1;;
30/11/2021  10:22:48,582822;9,399515E-1;1,260985E-1;1,110970E-1;9,465320E-1;;
30/11/2021  10:22:48,582922;9,399634E-1;1,382046E-1;1,616461E-1;9,464354E-1;;
30/11/2021  10:22:48,583022;9,399664E-1;1,159040E-1;1,050943E-1;9,463316E-1;;
30/11/2021  10:22:48,583122;9,403240E-1;1,347002E-1;1,445858E-1;9,462207E-1;;
30/11/2021  10:22:48,583222;9,394210E-1;1,343816E-1;1,287892E-1;9,461028E-1;;
30/11/2021  10:22:48,583322;9,392243E-1;1,044351E-1;9,150920E-2;9,459782E-1;;
30/11/2021  10:22:48,583422;9,401363E-1;1,149482E-1;1,082536E-1;9,458471E-1;;
30/11/2021  10:22:48,583522;9,404939E-1;1,601866E-1;1,787064E-1;9,457099E-1;;
30/11/2021  10:22:48,583622;9,401840E-1;1,022050E-1;9,308886E-2;9,455668E-1;;
30/11/2021  10:22:48,583722;9,407919E-1;1,442576E-1;1,565912E-1;9,454185E-1;;
30/11/2021  10:22:48,583822;9,405356E-1;1,181340E-1;1,373193E-1;9,452655E-1;;
30/11/2021  10:22:48,583922;9,404105E-1;1,276914E-1;1,313166E-1;9,451084E-1;;
30/11/2021  10:22:48,584022;9,402883E-1;1,308772E-1;1,332122E-1;9,449478E-1;;
30/11/2021  10:22:48,584122;9,406489E-1;1,318330E-1;1,338441E-1;9,447841E-1;;
30/11/2021  10:22:48,584222;9,406727E-1;2,319720E-2;7,192142E-2;9,446180E-1;;
30/11/2021  10:22:48,584322;9,412181E-1;1,385232E-1;1,354238E-1;9,444499E-1;;
30/11/2021  10:22:48,584422;9,414715E-1;1,311958E-1;1,265777E-1;9,442806E-1;;
30/11/2021  10:22:48,584522;9,406608E-1;1,098510E-1;9,782784E-2;9,441108E-1;;
30/11/2021  10:22:48,584622;9,407860E-1;4,963934E-2;6,844617E-2;9,439409E-1;;
30/11/2021  10:22:48,584722;9,403449E-1;1,933189E-1;1,954508E-1;9,437715E-1;;
30/11/2021  10:22:48,584822;9,412092E-1;9,870066E-2;1,104651E-1;9,436032E-1;;
30/11/2021  10:22:48,584922;9,414655E-1;1,362931E-1;1,467973E-1;9,434362E-1;;
30/11/2021  10:22:48,585022;9,416443E-1;1,264171E-1;1,363715E-1;9,432712E-1;;
30/11/2021  10:22:48,585122;9,415877E-1;3,052454E-2;8,171531E-2;9,431088E-1;;
30/11/2021  10:22:48,585222;9,414715E-1;1,353374E-1;1,278414E-1;9,429494E-1;;
30/11/2021  10:22:48,585322;9,409499E-1;1,302401E-1;1,344760E-1;9,427936E-1;;
30/11/2021  10:22:48,585422;9,414387E-1;1,280100E-1;1,319485E-1;9,426417E-1;;
30/11/2021  10:22:48,585522;9,428096E-1;1,331073E-1;1,316326E-1;9,424940E-1;;
30/11/2021  10:22:48,585622;9,427053E-1;1,260985E-1;1,300529E-1;9,423510E-1;;
30/11/2021  10:22:48,585722;9,431374E-1;1,283286E-1;1,205749E-1;9,422134E-1;;
30/11/2021  10:22:48,585822;9,424073E-1;1,305587E-1;1,249980E-1;9,420815E-1;;
30/11/2021  10:22:48,585922;9,427649E-1;1,397975E-1;1,294210E-1;9,419560E-1;;
30/11/2021  10:22:48,586022;9,430689E-1;1,311958E-1;1,246821E-1;9,418370E-1;;
30/11/2021  10:22:48,586122;9,433371E-1;1,174969E-1;1,196272E-1;9,417249E-1;;
30/11/2021  10:22:48,586222;9,438199E-1;1,225942E-1;1,370034E-1;9,416202E-1;;
30/11/2021  10:22:48,586322;9,440584E-1;1,111253E-1;1,139404E-1;9,415231E-1;;
30/11/2021  10:22:48,586422;9,439153E-1;1,069837E-1;1,095173E-1;9,414340E-1;;
30/11/2021  10:22:48,586522;9,438617E-1;1,047537E-1;1,183634E-1;9,413532E-1;;
30/11/2021  10:22:48,586622;9,431106E-1;1,082581E-1;1,177316E-1;9,412809E-1;;
30/11/2021  10:22:48,586722;9,435517E-1;1,063466E-1;1,180475E-1;9,412171E-1;;
30/11/2021  10:22:48,586822;9,440375E-1;1,022050E-1;1,133085E-1;9,411618E-1;;
30/11/2021  10:22:48,586922;9,436441E-1;9,455912E-2;1,006712E-1;9,411150E-1;;
30/11/2021  10:22:48,587022;9,439481E-1;1,174969E-1;1,445858E-1;9,410767E-1;;
30/11/2021  10:22:48,587122;9,430540E-1;9,073616E-2;1,038306E-1;9,410468E-1;;
30/11/2021  10:22:48,587222;9,431851E-1;9,615202E-2;1,082536E-1;9,410251E-1;;
30/11/2021  10:22:48,587322;9,430719E-1;1,031608E-1;1,126766E-1;9,410112E-1;;
30/11/2021  10:22:48,587422;9,427440E-1;1,210013E-1;1,464814E-1;9,410049E-1;;
30/11/2021  10:22:48,587522;9,429795E-1;6,461260E-2;9,530039E-2;9,410057E-1;;
30/11/2021  10:22:48,587622;9,430242E-1;1,541336E-1;1,452176E-1;9,410132E-1;;
30/11/2021  10:22:48,587722;9,431374E-1;1,372488E-1;1,208909E-1;9,410271E-1;;
30/11/2021  10:22:48,587822;9,427738E-1;1,745227E-1;1,505885E-1;9,410469E-1;;
30/11/2021  10:22:48,587922;9,423238E-1;1,719741E-1;1,632258E-1;9,410722E-1;;
30/11/2021  10:22:48,588022;9,421659E-1;1,082581E-1;1,461654E-1;9,411027E-1;;
30/11/2021  10:22:48,588122;9,427113E-1;1,445762E-1;1,477451E-1;9,411376E-1;;
30/11/2021  10:22:48,588222;9,438617E-1;1,471248E-1;1,445858E-1;9,411766E-1;;
30/11/2021  10:22:48,588322;9,442759E-1;1,362931E-1;1,588027E-1;9,412194E-1;;
30/11/2021  10:22:48,588422;9,440107E-1;1,436204E-1;1,824976E-1;9,412659E-1;;
30/11/2021  10:22:48,588522;9,439272E-1;1,200455E-1;1,528000E-1;9,413160E-1;;
30/11/2021  10:22:48,588622;9,438438E-1;1,270543E-1;1,300529E-1;9,413694E-1;;
30/11/2021  10:22:48,588722;9,443206E-1;1,254614E-1;1,278414E-1;9,414260E-1;;
30/11/2021  10:22:48,588822;9,448869E-1;1,210013E-1;1,259458E-1;9,414856E-1;;
30/11/2021  10:22:48,588922;9,450866E-1;1,232313E-1;1,152041E-1;9,415483E-1;;
30/11/2021  10:22:48,589022;9,459061E-1;1,155854E-1;1,054102E-1;9,416139E-1;;
30/11/2021  10:22:48,589122;9,460015E-1;1,235499E-1;1,420583E-1;9,416825E-1;;
30/11/2021  10:22:48,589222;9,452922E-1;1,216384E-1;1,177316E-1;9,417543E-1;;
30/11/2021  10:22:48,589322;9,460164E-1;1,159040E-1;1,347919E-1;9,418292E-1;;
30/11/2021  10:22:48,589422;9,464366E-1;1,347002E-1;1,452176E-1;9,419073E-1;;
30/11/2021  10:22:48,589522;9,469880E-1;1,264171E-1;1,417424E-1;9,419887E-1;;
30/11/2021  10:22:48,589622;9,471400E-1;1,560451E-1;1,670170E-1;9,420733E-1;;
30/11/2021  10:22:48,589722;9,467883E-1;8,340882E-2;1,243661E-1;9,421615E-1;;
30/11/2021  10:22:48,589822;9,466542E-1;1,235499E-1;1,218387E-1;9,422532E-1;;
30/11/2021  10:22:48,589922;9,466393E-1;1,232313E-1;1,253139E-1;9,423483E-1;;
30/11/2021  10:22:48,590022;9,462399E-1;1,270543E-1;1,297370E-1;9,424469E-1;;
30/11/2021  10:22:48,590122;9,465916E-1;1,302401E-1;1,430061E-1;9,425486E-1;;
30/11/2021  10:22:48,590222;9,471907E-1;1,280100E-1;1,199431E-1;9,426534E-1;;
30/11/2021  10:22:48,590322;9,466929E-1;1,289658E-1;1,306848E-1;9,427610E-1;;
30/11/2021  10:22:48,590422;9,467406E-1;7,225852E-2;4,001229E-2;9,428713E-1;;
30/11/2021  10:22:48,590522;9,468241E-1;1,299215E-1;1,259458E-1;9,429841E-1;;
30/11/2021  10:22:48,590622;9,466393E-1;1,111253E-1;1,107811E-1;9,430991E-1;;
30/11/2021  10:22:48,590722;9,460134E-1;8,309024E-2;9,087734E-2;9,432161E-1;;
30/11/2021  10:22:48,590822;9,458167E-1;1,219570E-1;1,186794E-1;9,433347E-1;;
30/11/2021  10:22:48,590922;9,465976E-1;1,394789E-1;1,787064E-1;9,434545E-1;;
30/11/2021  10:22:48,591022;9,472801E-1;1,162226E-1;1,139404E-1;9,435751E-1;;
30/11/2021  10:22:48,591122;9,465439E-1;1,289658E-1;1,543797E-1;9,436964E-1;;
30/11/2021  10:22:48,591222;9,462459E-1;1,299215E-1;1,379512E-1;9,438180E-1;;
30/11/2021  10:22:48,591322;9,458585E-1;1,308772E-1;1,303688E-1;9,439396E-1;;
30/11/2021  10:22:48,591422;9,460999E-1;1,225942E-1;1,208909E-1;9,440609E-1;;
30/11/2021  10:22:48,591522;9,466691E-1;1,213198E-1;1,272095E-1;9,441815E-1;;
30/11/2021  10:22:48,591622;9,473158E-1;1,308772E-1;1,275255E-1;9,443011E-1;;
30/11/2021  10:22:48,591722;9,473754E-1;1,464877E-1;1,464814E-1;9,444196E-1;;
30/11/2021  10:22:48,591822;9,467257E-1;1,219570E-1;1,310007E-1;9,445369E-1;;
30/11/2021  10:22:48,591922;9,464754E-1;1,292843E-1;1,268936E-1;9,446528E-1;;
30/11/2021  10:22:48,592022;9,458674E-1;1,464877E-1;1,420583E-1;9,447671E-1;;
30/11/2021  10:22:48,592122;9,464486E-1;1,012493E-1;8,076751E-2;9,448796E-1;;
30/11/2021  10:22:48,592222;9,463979E-1;9,073616E-2;7,981972E-2;9,449899E-1;;
30/11/2021  10:22:48,592322;9,466870E-1;1,248242E-1;1,262617E-1;9,450978E-1;;
30/11/2021  10:22:48,592422;9,463740E-1;1,394789E-1;1,379512E-1;9,452031E-1;;
30/11/2021  10:22:48,592522;9,458108E-1;1,566822E-1;1,572231E-1;9,453057E-1;;
30/11/2021  10:22:48,592622;9,453071E-1;1,299215E-1;1,344760E-1;9,454053E-1;;
30/11/2021  10:22:48,592722;9,449882E-1;1,369303E-1;1,464814E-1;9,455016E-1;;
30/11/2021  10:22:48,592822;9,450746E-1;1,382046E-1;1,411105E-1;9,455942E-1;;
30/11/2021  10:22:48,592922;9,452713E-1;1,165411E-1;1,231024E-1;9,456827E-1;;
30/11/2021  10:22:48,593022;9,456677E-1;1,283286E-1;1,319485E-1;9,457669E-1;;
30/11/2021  10:22:48,593122;9,449822E-1;1,178155E-1;9,719598E-2;9,458466E-1;;
30/11/2021  10:22:48,593222;9,447230E-1;1,452133E-1;1,787064E-1;9,459215E-1;;
30/11/2021  10:22:48,593322;9,443415E-1;1,700626E-1;2,049288E-1;9,459915E-1;;
30/11/2021  10:22:48,593422;9,443832E-1;1,331073E-1;1,325804E-1;9,460563E-1;;
30/11/2021  10:22:48,593522;9,446246E-1;1,331073E-1;1,335282E-1;9,461156E-1;;
30/11/2021  10:22:48,593622;9,449375E-1;7,385142E-2;9,877564E-2;9,461694E-1;;
30/11/2021  10:22:48,593722;9,449733E-1;6,684266E-2;9,940750E-2;9,462175E-1;;
30/11/2021  10:22:48,593822;9,452237E-1;1,324701E-1;1,357397E-1;9,462599E-1;;
30/11/2021  10:22:48,593922;9,451879E-1;2,309114E-1;1,663851E-1;9,462968E-1;;
30/11/2021  10:22:48,594022;9,444249E-1;8,117876E-2;1,588027E-1;9,463282E-1;;
30/11/2021  10:22:48,594122;9,449018E-1;1,410718E-1;1,606983E-1;9,463543E-1;;
30/11/2021  10:22:48,594222;9,455187E-1;1,111253E-1;1,050943E-1;9,463751E-1;;
30/11/2021  10:22:48,594322;9,458704E-1;1,391603E-1;1,335282E-1;9,463907E-1;;
30/11/2021  10:22:48,594422;9,461177E-1;1,053908E-1;1,351078E-1;9,464016E-1;;
30/11/2021  10:22:48,594522;9,463174E-1;-3,574010E-2;4,001229E-2;9,464081E-1;;
30/11/2021  10:22:48,594622;9,455366E-1;1,197269E-1;1,278414E-1;9,464107E-1;;
30/11/2021  10:22:48,594722;9,449822E-1;1,069837E-1;1,625939E-1;9,464095E-1;;
30/11/2021  10:22:48,594822;9,455932E-1;8,181592E-2;7,666040E-2;9,464049E-1;;
30/11/2021  10:22:48,594922;9,460283E-1;9,647060E-2;9,593225E-2;9,463970E-1;;
30/11/2021  10:22:48,595022;9,459061E-1;1,324701E-1;1,562753E-1;9,463861E-1;;
30/11/2021  10:22:48,595122;9,451044E-1;1,034794E-1;8,929768E-2;9,463726E-1;;
30/11/2021  10:22:48,595222;9,448750E-1;7,703722E-2;1,069899E-1;9,463567E-1;;
30/11/2021  10:22:48,595322;9,439540E-1;-2,873134E-2;2,611128E-2;9,463383E-1;;
30/11/2021  10:22:48,595422;9,438170E-1;9,009900E-2;1,183634E-1;9,463175E-1;;
30/11/2021  10:22:48,595522;9,434236E-1;8,117876E-2;8,045158E-2;9,462943E-1;;
30/11/2021  10:22:48,595622;9,433937E-1;1,136739E-1;1,366875E-1;9,462683E-1;;
30/11/2021  10:22:48,595722;9,437514E-1;1,267357E-1;1,471132E-1;9,462395E-1;;
30/11/2021  10:22:48,595822;9,426487E-1;1,292843E-1;1,521681E-1;9,462078E-1;;
30/11/2021  10:22:48,595922;9,426129E-1;1,541336E-1;1,234183E-1;9,461731E-1;;
30/11/2021  10:22:48,596022;9,416384E-1;1,598680E-1;1,338441E-1;9,461350E-1;;
30/11/2021  10:22:48,596122;9,417963E-1;1,722926E-1;1,509044E-1;9,460935E-1;;
30/11/2021  10:22:48,596222;9,415638E-1;1,716555E-1;1,569071E-1;9,460481E-1;;
30/11/2021  10:22:48,596322;9,415191E-1;1,436204E-1;1,398468E-1;9,459987E-1;;
30/11/2021  10:22:48,596422;9,416384E-1;1,321516E-1;1,196272E-1;9,459450E-1;;
30/11/2021  10:22:48,596522;9,410006E-1;1,136739E-1;1,038306E-1;9,458869E-1;;
30/11/2021  10:22:48,596622;9,405833E-1;-4,519262E-3;4,854245E-2;9,458243E-1;;
30/11/2021  10:22:48,596722;9,401512E-1;-3,096140E-2;2,958653E-2;9,457571E-1;;
30/11/2021  10:22:48,596822;9,404134E-1;1,152668E-1;1,126766E-1;9,456849E-1;;
30/11/2021  10:22:48,596922;9,404641E-1;7,034704E-2;8,361090E-2;9,456077E-1;;
30/11/2021  10:22:48,597022;9,407502E-1;8,181592E-2;8,455870E-2;9,455254E-1;;
30/11/2021  10:22:48,597122;9,410810E-1;1,213198E-1;1,249980E-1;9,454381E-1;;
30/11/2021  10:22:48,597222;9,409052E-1;1,276914E-1;1,246821E-1;9,453459E-1;;
30/11/2021  10:22:48,597322;9,403121E-1;1,337445E-1;1,284732E-1;9,452491E-1;;
30/11/2021  10:22:48,597422;9,403896E-1;1,321516E-1;1,509044E-1;9,451478E-1;;
30/11/2021  10:22:48,597522;9,407145E-1;1,210013E-1;1,224705E-1;9,450423E-1;;
30/11/2021  10:22:48,597622;9,415579E-1;1,235499E-1;1,224705E-1;9,449327E-1;;
30/11/2021  10:22:48,597722;9,415579E-1;1,311958E-1;1,360556E-1;9,448194E-1;;
30/11/2021  10:22:48,597822;9,415638E-1;1,369303E-1;1,328963E-1;9,447030E-1;;
30/11/2021  10:22:48,597922;9,408456E-1;1,181340E-1;1,088855E-1;9,445838E-1;;
30/11/2021  10:22:48,598022;9,405863E-1;1,289658E-1;1,186794E-1;9,444623E-1;;
30/11/2021  10:22:48,598122;9,409529E-1;1,452133E-1;1,338441E-1;9,443389E-1;;
30/11/2021  10:22:48,598222;9,413493E-1;1,232313E-1;1,291051E-1;9,442137E-1;;
30/11/2021  10:22:48,598322;9,423655E-1;1,353374E-1;1,417424E-1;9,440873E-1;;
30/11/2021  10:22:48,598422;9,424997E-1;1,139925E-1;9,814378E-2;9,439602E-1;;
30/11/2021  10:22:48,598522;9,426099E-1;1,181340E-1;1,234183E-1;9,438331E-1;;
30/11/2021  10:22:48,598622;9,422135E-1;1,187712E-1;1,205749E-1;9,437064E-1;;
30/11/2021  10:22:48,598722;9,422255E-1;1,321516E-1;1,341600E-1;9,435809E-1;;
30/11/2021  10:22:48,598822;9,429974E-1;1,356559E-1;1,297370E-1;9,434569E-1;;
30/11/2021  10:22:48,598922;9,439004E-1;1,280100E-1;1,243661E-1;9,433351E-1;;
30/11/2021  10:22:48,599022;9,450270E-1;1,305587E-1;1,189953E-1;9,432161E-1;;
30/11/2021  10:22:48,599122;9,456647E-1;1,034794E-1;2,093518E-1;9,431008E-1;;
30/11/2021  10:22:48,599222;9,459270E-1;1,232313E-1;1,221546E-1;9,429900E-1;;
30/11/2021  10:22:48,599322;9,460820E-1;1,210013E-1;1,208909E-1;9,428847E-1;;
30/11/2021  10:22:48,599422;9,460403E-1;1,216384E-1;1,114129E-1;9,427857E-1;;
30/11/2021  10:22:48,599522;9,468628E-1;1,181340E-1;1,319485E-1;9,426937E-1;;
30/11/2021  10:22:48,599622;9,476258E-1;1,385232E-1;1,467973E-1;9,426096E-1;;
30/11/2021  10:22:48,599722;9,488030E-1;9,838208E-2;1,262617E-1;9,425340E-1;;
30/11/2021  10:22:48,599822;9,488030E-1;1,213198E-1;9,845971E-2;9,424678E-1;;
30/11/2021  10:22:48,599922;9,488477E-1;1,260985E-1;1,196272E-1;9,424119E-1;;
30/11/2021  10:22:48,600022;9,488328E-1;1,359745E-1;1,439539E-1;9,423670E-1;;
30/11/2021  10:22:48,600122;9,488388E-1;1,257800E-1;1,335282E-1;9,423335E-1;;
30/11/2021  10:22:48,600222;9,498640E-1;1,327887E-1;1,281573E-1;9,423119E-1;;
30/11/2021  10:22:48,600322;9,497626E-1;1,331073E-1;1,347919E-1;9,423027E-1;;
30/11/2021  10:22:48,600422;9,503527E-1;1,311958E-1;1,313166E-1;9,423061E-1;;
30/11/2021  10:22:48,600522;9,498610E-1;2,121151E-1;2,175661E-1;9,423224E-1;;
30/11/2021  10:22:48,600622;9,494110E-1;1,302401E-1;1,316326E-1;9,423518E-1;;
30/11/2021  10:22:48,600722;9,495123E-1;1,245056E-1;1,215227E-1;9,423942E-1;;
30/11/2021  10:22:48,600822;9,497448E-1;1,397975E-1;1,325804E-1;9,424495E-1;;
30/11/2021  10:22:48,600922;9,496703E-1;1,270543E-1;1,328963E-1;9,425173E-1;;
30/11/2021  10:22:48,601022;9,500577E-1;1,225942E-1;1,152041E-1;9,425975E-1;;
30/11/2021  10:22:48,601122;9,499623E-1;8,850610E-2;6,813023E-2;9,426896E-1;;
30/11/2021  10:22:48,601222;9,492769E-1;1,139925E-1;1,524841E-1;9,427932E-1;;
30/11/2021  10:22:48,601322;9,487046E-1;1,130368E-1;1,095173E-1;9,429079E-1;;
30/11/2021  10:22:48,601422;9,483410E-1;1,369303E-1;1,480610E-1;9,430328E-1;;
30/11/2021  10:22:48,601522;9,487553E-1;1,490363E-1;1,635417E-1;9,431672E-1;;
30/11/2021  10:22:48,601622;9,492918E-1;1,143111E-1;1,388990E-1;9,433103E-1;;
30/11/2021  10:22:48,601722;9,494497E-1;1,694254E-1;1,597505E-1;9,434613E-1;;
30/11/2021  10:22:48,601822;9,487255E-1;1,579565E-1;1,572231E-1;9,436195E-1;;
30/11/2021  10:22:48,601922;9,490325E-1;1,257800E-1;1,272095E-1;9,437841E-1;;
30/11/2021  10:22:48,602022;9,479685E-1;1,194084E-1;1,234183E-1;9,439545E-1;;
30/11/2021  10:22:48,602122;9,480639E-1;1,082581E-1;9,656411E-2;9,441297E-1;;
30/11/2021  10:22:48,602222;9,480996E-1;1,334259E-1;1,287892E-1;9,443088E-1;;
30/11/2021  10:22:48,602322;9,492053E-1;1,241871E-1;1,145722E-1;9,444910E-1;;
30/11/2021  10:22:48,602422;9,487553E-1;1,283286E-1;1,313166E-1;9,446755E-1;;
30/11/2021  10:22:48,602522;9,488119E-1;1,299215E-1;1,313166E-1;9,448617E-1;;
30/11/2021  10:22:48,602622;9,490593E-1;1,347002E-1;1,234183E-1;9,450489E-1;;
30/11/2021  10:22:48,602722;9,488924E-1;8,786894E-2;9,719598E-2;9,452366E-1;;
30/11/2021  10:22:48,602822;9,492649E-1;3,084312E-2;8,076751E-2;9,454242E-1;;
30/11/2021  10:22:48,602922;9,493335E-1;1,047537E-1;1,088855E-1;9,456113E-1;;
30/11/2021  10:22:48,603022;9,502902E-1;1,608238E-1;1,998739E-1;9,457973E-1;;
30/11/2021  10:22:48,603122;9,500011E-1;9,201048E-2;8,645429E-2;9,459819E-1;;
30/11/2021  10:22:48,603222;9,499474E-1;1,216384E-1;1,486929E-1;9,461650E-1;;
30/11/2021  10:22:48,603322;9,496077E-1;1,028422E-1;1,224705E-1;9,463463E-1;;
30/11/2021  10:22:48,603422;9,493842E-1;1,066652E-1;1,205749E-1;9,465254E-1;;
30/11/2021  10:22:48,603522;9,498968E-1;8,213450E-2;1,022509E-1;9,467021E-1;;
30/11/2021  10:22:48,603622;9,501143E-1;9,105474E-2;1,044624E-1;9,468759E-1;;
30/11/2021  10:22:48,603722;9,508654E-1;1,006121E-1;1,060421E-1;9,470468E-1;;
30/11/2021  10:22:48,603822;9,505822E-1;1,420275E-1;2,024013E-1;9,472145E-1;;
30/11/2021  10:22:48,603922;9,506299E-1;1,092138E-1;1,370034E-1;9,473791E-1;;
30/11/2021  10:22:48,604022;9,505256E-1;1,961861E-1;2,229369E-1;9,475405E-1;;
30/11/2021  10:22:48,604122;9,503826E-1;2,351578E-2;7,286922E-2;9,476986E-1;;
30/11/2021  10:22:48,604222;9,508624E-1;1,340630E-1;1,183634E-1;9,478532E-1;;
30/11/2021  10:22:48,604322;9,513482E-1;1,710183E-1;1,603824E-1;9,480043E-1;;
30/11/2021  10:22:48,604422;9,516849E-1;1,722926E-1;1,622780E-1;9,481520E-1;;
30/11/2021  10:22:48,604522;9,522482E-1;1,152668E-1;1,006712E-1;9,482963E-1;;
30/11/2021  10:22:48,604622;9,521916E-1;1,519035E-1;1,328963E-1;9,484375E-1;;
30/11/2021  10:22:48,604722;9,518250E-1;1,471248E-1;1,695444E-1;9,485757E-1;;
30/11/2021  10:22:48,604822;9,519860E-1;1,452133E-1;1,499566E-1;9,487112E-1;;
30/11/2021  10:22:48,604922;9,526237E-1;1,366117E-1;1,411105E-1;9,488439E-1;;
30/11/2021  10:22:48,605022;9,528145E-1;1,225942E-1;1,303688E-1;9,489740E-1;;
30/11/2021  10:22:48,605122;9,532913E-1;1,232313E-1;1,265777E-1;9,491019E-1;;
30/11/2021  10:22:48,605222;9,528651E-1;1,315144E-1;1,272095E-1;9,492277E-1;;
30/11/2021  10:22:48,605322;9,525015E-1;1,292843E-1;1,414265E-1;9,493515E-1;;
30/11/2021  10:22:48,605422;9,522303E-1;9,328480E-2;1,152041E-1;9,494737E-1;;
30/11/2021  10:22:48,605522;9,524151E-1;1,359745E-1;1,373193E-1;9,495940E-1;;
30/11/2021  10:22:48,605622;9,521737E-1;1,426647E-1;1,398468E-1;9,497126E-1;;
30/11/2021  10:22:48,605722;9,526476E-1;9,169190E-2;1,133085E-1;9,498292E-1;;
30/11/2021  10:22:48,605822;9,518608E-1;1,264171E-1;1,196272E-1;9,499441E-1;;
30/11/2021  10:22:48,605922;9,513094E-1;1,385232E-1;1,445858E-1;9,500569E-1;;
30/11/2021  10:22:48,606022;9,502544E-1;1,311958E-1;1,354238E-1;9,501674E-1;;
30/11/2021  10:22:48,606122;9,498044E-1;9,965640E-2;1,919756E-1;9,502753E-1;;
30/11/2021  10:22:48,606222;9,493812E-1;1,315144E-1;1,366875E-1;9,503801E-1;;
30/11/2021  10:22:48,606322;9,496375E-1;3,976336E-2;8,108345E-2;9,504812E-1;;
30/11/2021  10:22:48,606422;9,492947E-1;1,350188E-1;1,205749E-1;9,505780E-1;;
30/11/2021  10:22:48,606522;9,484603E-1;1,308772E-1;1,745993E-1;9,506701E-1;;
30/11/2021  10:22:48,606622;9,473218E-1;1,206827E-1;9,340479E-2;9,507570E-1;;
30/11/2021  10:22:48,606722;9,466959E-1;9,965640E-2;8,234717E-2;9,508378E-1;;
30/11/2021  10:22:48,606822;9,459538E-1;3,753330E-2;9,466852E-2;9,509120E-1;;
30/11/2021  10:22:48,606922;9,464545E-1;1,155854E-1;1,148882E-1;9,509786E-1;;
30/11/2021  10:22:48,607022;9,465648E-1;9,933782E-2;9,751191E-2;9,510370E-1;;
30/11/2021  10:22:48,607122;9,461356E-1;1,327887E-1;1,287892E-1;9,510867E-1;;
30/11/2021  10:22:48,607222;9,453280E-1;1,232313E-1;9,308886E-2;9,511272E-1;;
30/11/2021  10:22:48,607322;9,446932E-1;1,375674E-1;1,540637E-1;9,511580E-1;;
30/11/2021  10:22:48,607422;9,439540E-1;1,474434E-1;1,161519E-1;9,511787E-1;;
30/11/2021  10:22:48,607522;9,431613E-1;1,245056E-1;1,420583E-1;9,511886E-1;;
30/11/2021  10:22:48,607622;9,433669E-1;1,012493E-1;8,929768E-2;9,511871E-1;;
30/11/2021  10:22:48,607722;9,443206E-1;1,407532E-1;1,625939E-1;9,511740E-1;;
30/11/2021  10:22:48,607822;9,435785E-1;1,372488E-1;1,528000E-1;9,511489E-1;;
30/11/2021  10:22:48,607922;9,430480E-1;1,445762E-1;1,600664E-1;9,511116E-1;;
30/11/2021  10:22:48,608022;9,426666E-1;9,806350E-2;1,009872E-1;9,510621E-1;;
30/11/2021  10:22:48,608122;9,420437E-1;1,273729E-1;1,303688E-1;9,510003E-1;;
30/11/2021  10:22:48,608222;9,428752E-1;1,273729E-1;1,341600E-1;9,509260E-1;;
30/11/2021  10:22:48,608322;9,426725E-1;1,324701E-1;1,278414E-1;9,508394E-1;;
30/11/2021  10:22:48,608422;9,429437E-1;1,321516E-1;1,310007E-1;9,507407E-1;;
30/11/2021  10:22:48,608522;9,423566E-1;1,245056E-1;1,234183E-1;9,506300E-1;;
30/11/2021  10:22:48,608622;9,423864E-1;1,197269E-1;1,221546E-1;9,505079E-1;;
30/11/2021  10:22:48,608722;9,420884E-1;6,939130E-2;8,550650E-2;9,503745E-1;;
30/11/2021  10:22:48,608822;9,417218E-1;8,117876E-2;8,992954E-2;9,502304E-1;;
30/11/2021  10:22:48,608922;9,419066E-1;1,133553E-1;1,082536E-1;9,500759E-1;;
30/11/2021  10:22:48,609022;9,425354E-1;9,901924E-2;1,088855E-1;9,499115E-1;;
30/11/2021  10:22:48,609122;9,426904E-1;1,420275E-1;1,622780E-1;9,497378E-1;;
30/11/2021  10:22:48,609222;9,423208E-1;8,149734E-2;1,376353E-1;9,495554E-1;;
30/11/2021  10:22:48,609322;9,423089E-1;1,299215E-1;1,262617E-1;9,493650E-1;;
30/11/2021  10:22:48,609422;9,421927E-1;1,270543E-1;1,243661E-1;9,491674E-1;;
30/11/2021  10:22:48,609522;9,425354E-1;1,980976E-1;1,812339E-1;9,489632E-1;;
30/11/2021  10:22:48,609622;9,433163E-1;1,280100E-1;1,272095E-1;9,487532E-1;;
30/11/2021  10:22:48,609722;9,432298E-1;1,286472E-1;1,275255E-1;9,485382E-1;;
30/11/2021  10:22:48,609822;9,433937E-1;1,232313E-1;1,297370E-1;9,483192E-1;;
30/11/2021  10:22:48,609922;9,433699E-1;1,267357E-1;1,196272E-1;9,480970E-1;;
30/11/2021  10:22:48,610022;9,435517E-1;1,523270E-2;6,370719E-2;9,478726E-1;;
30/11/2021  10:22:48,610122;9,432716E-1;1,139925E-1;1,082536E-1;9,476468E-1;;
30/11/2021  10:22:48,610222;9,434146E-1;1,324701E-1;1,215227E-1;9,474205E-1;;
30/11/2021  10:22:48,610322;9,438795E-1;1,152668E-1;1,221546E-1;9,471944E-1;;
30/11/2021  10:22:48,610422;9,441507E-1;8,468314E-2;9,119327E-2;9,469693E-1;;
30/11/2021  10:22:48,610522;9,439391E-1;1,254614E-1;1,069899E-1;9,467461E-1;;
30/11/2021  10:22:48,610622;9,434325E-1;1,350188E-1;1,370034E-1;9,465255E-1;;
30/11/2021  10:22:48,610722;9,433580E-1;1,366117E-1;1,325804E-1;9,463081E-1;;
30/11/2021  10:22:48,610822;9,427828E-1;1,404346E-1;1,376353E-1;9,460945E-1;;
30/11/2021  10:22:48,610922;9,432716E-1;1,315144E-1;1,303688E-1;9,458852E-1;;
30/11/2021  10:22:48,611022;9,434563E-1;1,171783E-1;1,212068E-1;9,456804E-1;;
30/11/2021  10:22:48,611122;9,439272E-1;1,098510E-1;1,050943E-1;9,454806E-1;;
30/11/2021  10:22:48,611222;9,429497E-1;1,184526E-1;1,227865E-1;9,452862E-1;;
30/11/2021  10:22:48,611322;9,422821E-1;9,647060E-2;1,066739E-1;9,450976E-1;;
30/11/2021  10:22:48,611422;9,423417E-1;1,057094E-1;1,057261E-1;9,449148E-1;;
30/11/2021  10:22:48,611522;9,414148E-1;8,309024E-2;8,613836E-2;9,447380E-1;;
30/11/2021  10:22:48,611622;9,416175E-1;1,216384E-1;1,493248E-1;9,445670E-1;;
30/11/2021  10:22:48,611722;9,421003E-1;9,073616E-2;8,898175E-2;9,444017E-1;;
30/11/2021  10:22:48,611822;9,420019E-1;8,181592E-2;8,171531E-2;9,442421E-1;;
30/11/2021  10:22:48,611922;9,413493E-1;-6,749322E-3;2,990246E-2;9,440881E-1;;
30/11/2021  10:22:48,612022;9,411883E-1;9,296622E-2;9,877564E-2;9,439396E-1;;
30/11/2021  10:22:48,612122;9,405744E-1;1,162226E-1;1,360556E-1;9,437965E-1;;
30/11/2021  10:22:48,612222;9,407204E-1;1,146297E-1;1,287892E-1;9,436584E-1;;
30/11/2021  10:22:48,612322;9,410870E-1;1,264171E-1;1,294210E-1;9,435251E-1;;
30/11/2021  10:22:48,612422;9,408068E-1;1,404346E-1;1,404787E-1;9,433964E-1;;
30/11/2021  10:22:48,612522;9,409380E-1;1,455319E-1;1,382671E-1;9,432721E-1;;
30/11/2021  10:22:48,612622;9,408486E-1;1,990534E-1;1,546956E-1;9,431520E-1;;
30/11/2021  10:22:48,612722;9,404820E-1;1,783457E-1;1,521681E-1;9,430360E-1;;
30/11/2021  10:22:48,612822;9,406966E-1;1,703812E-1;1,534319E-1;9,429239E-1;;
30/11/2021  10:22:48,612922;9,405654E-1;1,267357E-1;1,376353E-1;9,428156E-1;;
30/11/2021  10:22:48,613022;9,412748E-1;1,340630E-1;1,398468E-1;9,427108E-1;;
30/11/2021  10:22:48,613122;9,410512E-1;1,264171E-1;1,126766E-1;9,426095E-1;;
30/11/2021  10:22:48,613222;9,415936E-1;1,095324E-1;1,423743E-1;9,425117E-1;;
30/11/2021  10:22:48,613322;9,414744E-1;1,171783E-1;1,189953E-1;9,424174E-1;;
30/11/2021  10:22:48,613422;9,411734E-1;8,149734E-2;9,182514E-2;9,423266E-1;;
30/11/2021  10:22:48,613522;9,412241E-1;1,375674E-1;1,496407E-1;9,422394E-1;;
30/11/2021  10:22:48,613622;9,416294E-1;1,283286E-1;1,297370E-1;9,421558E-1;;
30/11/2021  10:22:48,613722;9,420556E-1;1,034794E-1;1,433221E-1;9,420758E-1;;
30/11/2021  10:22:48,613822;9,421510E-1;1,181340E-1;1,174156E-1;9,419995E-1;;
30/11/2021  10:22:48,613922;9,427709E-1;1,420275E-1;1,588027E-1;9,419270E-1;;
30/11/2021  10:22:48,614022;9,425324E-1;1,356559E-1;1,338441E-1;9,418585E-1;;
30/11/2021  10:22:48,614122;9,422523E-1;1,114439E-1;1,129926E-1;9,417943E-1;;
30/11/2021  10:22:48,614222;9,429348E-1;1,184526E-1;1,155200E-1;9,417344E-1;;
30/11/2021  10:22:48,614322;9,431523E-1;1,331073E-1;1,471132E-1;9,416790E-1;;
30/11/2021  10:22:48,614422;9,438408E-1;1,213198E-1;1,145722E-1;9,416282E-1;;
30/11/2021  10:22:48,614522;9,441507E-1;1,053908E-1;1,076217E-1;9,415825E-1;;
30/11/2021  10:22:48,614622;9,443564E-1;3,817046E-2;1,126247E-2;9,415419E-1;;
30/11/2021  10:22:48,614722;9,438199E-1;1,350188E-1;1,310007E-1;9,415069E-1;;
30/11/2021  10:22:48,614822;9,437871E-1;7,066562E-2;8,898175E-2;9,414776E-1;;
30/11/2021  10:22:48,614922;9,440882E-1;1,302401E-1;1,417424E-1;9,414541E-1;;
30/11/2021  10:22:48,615022;9,443981E-1;1,197269E-1;1,085695E-1;9,414365E-1;;
30/11/2021  10:22:48,615122;9,457810E-1;1,410718E-1;1,471132E-1;9,414250E-1;;
30/11/2021  10:22:48,615222;9,456856E-1;7,831154E-2;8,550650E-2;9,414197E-1;;
30/11/2021  10:22:48,615322;9,457810E-1;1,238685E-1;1,398468E-1;9,414208E-1;;
30/11/2021  10:22:48,615422;9,450180E-1;1,190898E-1;1,354238E-1;9,414287E-1;;
30/11/2021  10:22:48,615522;9,450895E-1;1,343816E-1;1,275255E-1;9,414434E-1;;
30/11/2021  10:22:48,615622;9,452773E-1;1,168597E-1;1,253139E-1;9,414648E-1;;
30/11/2021  10:22:48,615722;9,455872E-1;1,260985E-1;1,265777E-1;9,414929E-1;;
30/11/2021  10:22:48,615822;9,465648E-1;1,257800E-1;1,193112E-1;9,415276E-1;;
30/11/2021  10:22:48,615922;9,468747E-1;1,203641E-1;1,164678E-1;9,415690E-1;;
30/11/2021  10:22:48,616022;9,465707E-1;1,133553E-1;1,180475E-1;9,416171E-1;;
30/11/2021  10:22:48,616122;9,463115E-1;1,579565E-1;1,379512E-1;9,416719E-1;;
30/11/2021  10:22:48,616222;9,461565E-1;3,976336E-2;9,119327E-2;9,417334E-1;;
30/11/2021  10:22:48,616322;9,465231E-1;8,946184E-2;1,044624E-1;9,418014E-1;;
30/11/2021  10:22:48,616422;9,471310E-1;1,216384E-1;1,152041E-1;9,418757E-1;;
30/11/2021  10:22:48,616522;9,468330E-1;1,028422E-1;1,480610E-1;9,419562E-1;;
30/11/2021  10:22:48,616622;9,466244E-1;1,251428E-1;1,275255E-1;9,420427E-1;;
30/11/2021  10:22:48,616722;9,460701E-1;1,200455E-1;1,076217E-1;9,421349E-1;;
30/11/2021  10:22:48,616822;9,459538E-1;1,493549E-1;1,730197E-1;9,422324E-1;;
30/11/2021  10:22:48,616922;9,455515E-1;1,506292E-1;1,613302E-1;9,423349E-1;;
30/11/2021  10:22:48,617022;9,450478E-1;1,404346E-1;1,347919E-1;9,424418E-1;;
30/11/2021  10:22:48,617122;9,457601E-1;1,289658E-1;1,240502E-1;9,425524E-1;;
30/11/2021  10:22:48,617222;9,457154E-1;1,324701E-1;1,366875E-1;9,426663E-1;;
30/11/2021  10:22:48,617322;9,453935E-1;1,257800E-1;1,013031E-1;9,427828E-1;;
30/11/2021  10:22:48,617422;9,449971E-1;1,404346E-1;1,698603E-1;9,429014E-1;;
30/11/2021  10:22:48,617522;9,446574E-1;6,716124E-2;6,781430E-2;9,430216E-1;;
30/11/2021  10:22:48,617622;9,444607E-1;1,289658E-1;1,224705E-1;9,431427E-1;;
30/11/2021  10:22:48,617722;9,448660E-1;1,359745E-1;1,335282E-1;9,432642E-1;;
30/11/2021  10:22:48,617822;9,461386E-1;1,448948E-1;1,588027E-1;9,433853E-1;;
30/11/2021  10:22:48,617922;9,455962E-1;1,079395E-1;1,003553E-1;9,435058E-1;;
30/11/2021  10:22:48,618022;9,460224E-1;1,311958E-1;1,370034E-1;9,436253E-1;;
30/11/2021  10:22:48,618122;9,457124E-1;1,101695E-1;1,107811E-1;9,437437E-1;;
30/11/2021  10:22:48,618222;9,451849E-1;4,077233E-1;3,527850E-1;9,438606E-1;;
30/11/2021  10:22:48,618322;9,455813E-1;1,241871E-1;1,205749E-1;9,439758E-1;;
30/11/2021  10:22:48,618422;9,466125E-1;1,187712E-1;1,685966E-1;9,440890E-1;;
30/11/2021  10:22:48,618522;9,471549E-1;1,327887E-1;1,268936E-1;9,442001E-1;;
30/11/2021  10:22:48,618622;9,468479E-1;1,391603E-1;1,619620E-1;9,443091E-1;;
30/11/2021  10:22:48,618722;9,478553E-1;1,238685E-1;1,117289E-1;9,444162E-1;;
30/11/2021  10:22:48,618822;9,468390E-1;8,850610E-2;1,019350E-1;9,445213E-1;;
30/11/2021  10:22:48,618922;9,462966E-1;1,229127E-1;1,205749E-1;9,446246E-1;;
30/11/2021  10:22:48,619022;9,470625E-1;1,245056E-1;1,303688E-1;9,447261E-1;;
30/11/2021  10:22:48,619122;9,473128E-1;7,894870E-2;7,792413E-2;9,448257E-1;;
30/11/2021  10:22:48,619222;9,480877E-1;1,245056E-1;1,221546E-1;9,449234E-1;;
30/11/2021  10:22:48,619322;9,478374E-1;1,286472E-1;1,057261E-1;9,450195E-1;;
30/11/2021  10:22:48,619422;9,475870E-1;1,002936E-1;1,129926E-1;9,451139E-1;;
30/11/2021  10:22:48,619522;9,466780E-1;6,556834E-2;9,814378E-2;9,452070E-1;;
30/11/2021  10:22:48,619622;9,470148E-1;1,133553E-1;1,442698E-1;9,452985E-1;;
30/11/2021  10:22:48,619722;9,463591E-1;1,140974E-2;4,475127E-2;9,453883E-1;;
30/11/2021  10:22:48,619822;9,467913E-1;1,098510E-1;1,104651E-1;9,454764E-1;;
30/11/2021  10:22:48,619922;9,469910E-1;1,133553E-1;1,407946E-1;9,455626E-1;;
30/11/2021  10:22:48,620022;9,468360E-1;1,216384E-1;1,575390E-1;9,456467E-1;;
30/11/2021  10:22:48,620122;9,457392E-1;5,409946E-2;4,001229E-2;9,457286E-1;;
30/11/2021  10:22:48,620222;9,454770E-1;9,901924E-2;9,561632E-2;9,458081E-1;;
30/11/2021  10:22:48,620322;9,452594E-1;1,034794E-1;1,136244E-1;9,458850E-1;;
30/11/2021  10:22:48,620422;9,456647E-1;1,060280E-1;1,278414E-1;9,459588E-1;;
30/11/2021  10:22:48,620522;9,457273E-1;1,289658E-1;1,347919E-1;9,460293E-1;;
30/11/2021  10:22:48,620622;9,459568E-1;1,506292E-1;1,467973E-1;9,460962E-1;;
30/11/2021  10:22:48,620722;9,449703E-1;1,028422E-1;9,435259E-2;9,461595E-1;;
30/11/2021  10:22:48,620822;9,446276E-1;1,888588E-1;1,641736E-1;9,462188E-1;;
30/11/2021  10:22:48,620922;9,443087E-1;9,105474E-2;1,278414E-1;9,462740E-1;;
30/11/2021  10:22:48,621022;9,445978E-1;1,534964E-1;1,366875E-1;9,463247E-1;;
30/11/2021  10:22:48,621122;9,448809E-1;1,426647E-1;1,395309E-1;9,463706E-1;;
30/11/2021  10:22:48,621222;9,450508E-1;1,468062E-1;1,610142E-1;9,464116E-1;;
30/11/2021  10:22:48,621322;9,442968E-1;1,200455E-1;1,297370E-1;9,464476E-1;;
30/11/2021  10:22:48,621422;9,444607E-1;1,385232E-1;1,328963E-1;9,464785E-1;;
30/11/2021  10:22:48,621522;9,439332E-1;1,391603E-1;1,366875E-1;9,465043E-1;;
30/11/2021  10:22:48,621622;9,429437E-1;9,647060E-2;5,802041E-2;9,465247E-1;;
30/11/2021  10:22:48,621722;9,431225E-1;1,200455E-1;1,265777E-1;9,465395E-1;;
30/11/2021  10:22:48,621822;9,437514E-1;1,289658E-1;1,259458E-1;9,465486E-1;;
30/11/2021  10:22:48,621922;9,440554E-1;1,276914E-1;1,366875E-1;9,465517E-1;;
30/11/2021  10:22:48,622022;9,433461E-1;1,159040E-1;1,215227E-1;9,465490E-1;;
30/11/2021  10:22:48,622122;9,426666E-1;1,095324E-1;1,031987E-1;9,465405E-1;;
30/11/2021  10:22:48,622222;9,416592E-1;1,273729E-1;1,152041E-1;9,465260E-1;;
30/11/2021  10:22:48,622322;9,420228E-1;1,283286E-1;1,158360E-1;9,465054E-1;;
30/11/2021  10:22:48,622422;9,421629E-1;1,203641E-1;1,180475E-1;9,464785E-1;;
30/11/2021  10:22:48,622522;9,424073E-1;1,292843E-1;1,515363E-1;9,464453E-1;;
30/11/2021  10:22:48,622622;9,424907E-1;8,340882E-2;7,192142E-2;9,464057E-1;;
30/11/2021  10:22:48,622722;9,424490E-1;1,225942E-1;1,341600E-1;9,463598E-1;;
30/11/2021  10:22:48,622822;9,424907E-1;1,292843E-1;1,354238E-1;9,463079E-1;;
30/11/2021  10:22:48,622922;9,417754E-1;1,264171E-1;1,275255E-1;9,462501E-1;;
30/11/2021  10:22:48,623022;9,422702E-1;1,369303E-1;1,373193E-1;9,461865E-1;;
30/11/2021  10:22:48,623122;9,428722E-1;1,366117E-1;1,376353E-1;9,461174E-1;;
30/11/2021  10:22:48,623222;9,436053E-1;1,111253E-1;1,013031E-1;9,460432E-1;;
30/11/2021  10:22:48,623322;9,435815E-1;1,225942E-1;1,275255E-1;9,459642E-1;;
30/11/2021  10:22:48,623422;9,437812E-1;1,289658E-1;1,259458E-1;9,458811E-1;;
30/11/2021  10:22:48,623522;9,441329E-1;1,260985E-1;1,237343E-1;9,457945E-1;;
30/11/2021  10:22:48,623622;9,439719E-1;3,880762E-2;7,318515E-2;9,457049E-1;;
30/11/2021  10:22:48,623722;9,442610E-1;1,095324E-1;1,208909E-1;9,456130E-1;;
30/11/2021  10:22:48,623822;9,453160E-1;1,308772E-1;8,992954E-2;9,455194E-1;;
30/11/2021  10:22:48,623922;9,458912E-1;9,232906E-2;8,582243E-2;9,454249E-1;;
30/11/2021  10:22:48,624022;9,464575E-1;2,447152E-2;5,233363E-2;9,453302E-1;;
30/11/2021  10:22:48,624122;9,467406E-1;1,270543E-1;1,199431E-1;9,452363E-1;;
30/11/2021  10:22:48,624222;9,462131E-1;1,359745E-1;1,458495E-1;9,451441E-1;;
30/11/2021  10:22:48,624322;9,460939E-1;1,305587E-1;1,455336E-1;9,450542E-1;;
30/11/2021  10:22:48,624422;9,464754E-1;1,140974E-2;6,591871E-2;9,449674E-1;;
30/11/2021  10:22:48,624522;9,479715E-1;1,324701E-1;1,208909E-1;9,448844E-1;;
30/11/2021  10:22:48,624622;9,478642E-1;1,503106E-1;1,404787E-1;9,448057E-1;;
30/11/2021  10:22:48,624722;9,475185E-1;1,057094E-1;1,265777E-1;9,447322E-1;;
30/11/2021  10:22:48,624822;9,474470E-1;1,343816E-1;1,370034E-1;9,446644E-1;;
30/11/2021  10:22:48,624922;9,474201E-1;1,308772E-1;1,332122E-1;9,446028E-1;;
30/11/2021  10:22:48,625022;9,469641E-1;1,315144E-1;1,338441E-1;9,445478E-1;;
30/11/2021  10:22:48,625122;9,473844E-1;1,283286E-1;1,281573E-1;9,444997E-1;;
30/11/2021  10:22:48,625222;9,477211E-1;1,267357E-1;1,148882E-1;9,444586E-1;;
30/11/2021  10:22:48,625322;9,479357E-1;1,436204E-1;9,972343E-2;9,444248E-1;;
30/11/2021  10:22:48,625422;9,474738E-1;1,694254E-1;2,036651E-1;9,443983E-1;;
30/11/2021  10:22:48,625522;9,474410E-1;1,241871E-1;1,237343E-1;9,443793E-1;;
30/11/2021  10:22:48,625622;9,468390E-1;1,490363E-1;1,714400E-1;9,443677E-1;;
30/11/2021  10:22:48,625722;9,465201E-1;1,337445E-1;1,338441E-1;9,443635E-1;;
30/11/2021  10:22:48,625822;9,472085E-1;1,499920E-1;1,534319E-1;9,443662E-1;;
30/11/2021  10:22:48,625922;9,473128E-1;1,251428E-1;1,275255E-1;9,443757E-1;;
30/11/2021  10:22:48,626022;9,470685E-1;1,331073E-1;1,521681E-1;9,443918E-1;;
30/11/2021  10:22:48,626122;9,464724E-1;1,276914E-1;1,202590E-1;9,444142E-1;;
30/11/2021  10:22:48,626222;9,465469E-1;1,174969E-1;1,155200E-1;9,444425E-1;;
30/11/2021  10:22:48,626322;9,464277E-1;1,174969E-1;1,227865E-1;9,444764E-1;;
30/11/2021  10:22:48,626422;9,463413E-1;1,006121E-1;1,022509E-1;9,445153E-1;;
30/11/2021  10:22:48,626522;9,462608E-1;1,267357E-1;1,101492E-1;9,445589E-1;;
30/11/2021  10:22:48,626622;9,465976E-1;1,321516E-1;1,341600E-1;9,446067E-1;;
30/11/2021  10:22:48,626722;9,464694E-1;1,318330E-1;1,275255E-1;9,446583E-1;;
30/11/2021  10:22:48,626822;9,466155E-1;1,378860E-1;1,411105E-1;9,447132E-1;;
30/11/2021  10:22:48,626922;9,456290E-1;8,818752E-2;1,016190E-1;9,447712E-1;;
30/11/2021  10:22:48,627022;9,453131E-1;1,296029E-1;1,423743E-1;9,448316E-1;;
30/11/2021  10:22:48,627122;9,459032E-1;1,353374E-1;1,246821E-1;9,448941E-1;;
30/11/2021  10:22:48,627222;9,461267E-1;1,611423E-1;1,524841E-1;9,449579E-1;;
30/11/2021  10:22:48,627322;9,464217E-1;1,391603E-1;1,351078E-1;9,450229E-1;;
30/11/2021  10:22:48,627422;9,456856E-1;1,808943E-1;1,951349E-1;9,450886E-1;;
30/11/2021  10:22:48,627522;9,452505E-1;1,423461E-1;1,613302E-1;9,451546E-1;;
30/11/2021  10:22:48,627622;9,452624E-1;1,257800E-1;1,272095E-1;9,452206E-1;;
30/11/2021  10:22:48,627722;9,453250E-1;1,006121E-1;1,110970E-1;9,452860E-1;;
30/11/2021  10:22:48,627822;9,459717E-1;1,168597E-1;1,287892E-1;9,453505E-1;;
30/11/2021  10:22:48,627922;9,465320E-1;9,647060E-2;9,656411E-2;9,454139E-1;;
30/11/2021  10:22:48,628022;9,466155E-1;1,098510E-1;1,281573E-1;9,454759E-1;;
30/11/2021  10:22:48,628122;9,467436E-1;9,487770E-2;1,316326E-1;9,455365E-1;;
30/11/2021  10:22:48,628222;9,463353E-1;1,009307E-1;1,088855E-1;9,455957E-1;;
30/11/2021  10:22:48,628322;9,464575E-1;3,243602E-2;7,286922E-2;9,456534E-1;;
30/11/2021  10:22:48,628422;9,470714E-1;2,064856E-2;6,907803E-2;9,457097E-1;;
30/11/2021  10:22:48,628522;9,484543E-1;7,353284E-2;1,019350E-1;9,457645E-1;;
30/11/2021  10:22:48,628622;9,486629E-1;6,747982E-2;8,234717E-2;9,458180E-1;;
30/11/2021  10:22:48,628722;9,491457E-1;1,168597E-1;1,388990E-1;9,458707E-1;;
30/11/2021  10:22:48,628822;9,497925E-1;1,063466E-1;9,340479E-2;9,459230E-1;;
30/11/2021  10:22:48,628922;9,496703E-1;1,480806E-1;2,121952E-1;9,459753E-1;;
30/11/2021  10:22:48,629022;9,499117E-1;1,719741E-1;1,682807E-1;9,460281E-1;;
30/11/2021  10:22:48,629122;9,502991E-1;1,767528E-1;1,581709E-1;9,460819E-1;;
30/11/2021  10:22:48,629222;9,509190E-1;1,757970E-1;1,597505E-1;9,461372E-1;;
30/11/2021  10:22:48,629322;9,512588E-1;1,636910E-1;1,556434E-1;9,461943E-1;;
30/11/2021  10:22:48,629422;9,520247E-1;1,407532E-1;1,310007E-1;9,462538E-1;;
30/11/2021  10:22:48,629522;9,515419E-1;1,372488E-1;1,467973E-1;9,463162E-1;;
30/11/2021  10:22:48,629622;9,514555E-1;9,041758E-2;1,095173E-1;9,463819E-1;;
30/11/2021  10:22:48,629722;9,514048E-1;1,194084E-1;1,208909E-1;9,464514E-1;;
30/11/2021  10:22:48,629822;9,522125E-1;1,280100E-1;1,243661E-1;9,465248E-1;;
30/11/2021  10:22:48,629922;9,520485E-1;1,235499E-1;1,221546E-1;9,466023E-1;;
30/11/2021  10:22:48,630022;9,521320E-1;1,057094E-1;1,082536E-1;9,466842E-1;;
30/11/2021  10:22:48,630122;9,520485E-1;1,178155E-1;1,303688E-1;9,467706E-1;;
30/11/2021  10:22:48,630222;9,512081E-1;1,229127E-1;1,253139E-1;9,468616E-1;;
30/11/2021  10:22:48,630322;9,508892E-1;1,037979E-1;1,224705E-1;9,469571E-1;;
30/11/2021  10:22:48,630422;9,504392E-1;1,219570E-1;1,234183E-1;9,470568E-1;;
30/11/2021  10:22:48,630522;9,505673E-1;1,499920E-1;1,723878E-1;9,471603E-1;;
30/11/2021  10:22:48,630622;9,498074E-1;1,190898E-1;1,291051E-1;9,472672E-1;;
30/11/2021  10:22:48,630722;9,498074E-1;1,222756E-1;1,297370E-1;9,473770E-1;;
30/11/2021  10:22:48,630822;9,494646E-1;6,174538E-2;3,906449E-2;9,474891E-1;;
30/11/2021  10:22:48,630922;9,482010E-1;1,203641E-1;1,502726E-1;9,476029E-1;;
30/11/2021  10:22:48,631022;9,474380E-1;1,334259E-1;1,287892E-1;9,477177E-1;;
30/11/2021  10:22:48,631122;9,476019E-1;1,353374E-1;1,382671E-1;9,478325E-1;;
30/11/2021  10:22:48,631222;9,478821E-1;1,235499E-1;1,148882E-1;9,479465E-1;;
30/11/2021  10:22:48,631322;9,471251E-1;1,165411E-1;1,117289E-1;9,480589E-1;;
30/11/2021  10:22:48,631422;9,473248E-1;1,229127E-1;8,961361E-2;9,481688E-1;;
30/11/2021  10:22:48,631522;9,463979E-1;1,487177E-1;1,486929E-1;9,482756E-1;;
30/11/2021  10:22:48,631622;9,461922E-1;1,519035E-1;1,856569E-1;9,483785E-1;;
30/11/2021  10:22:48,631722;9,453488E-1;1,232313E-1;1,272095E-1;9,484768E-1;;
30/11/2021  10:22:48,631822;9,453280E-1;1,257800E-1;1,344760E-1;9,485696E-1;;
30/11/2021  10:22:48,631922;9,456945E-1;1,382046E-1;1,281573E-1;9,486562E-1;;
30/11/2021  10:22:48,632022;9,457601E-1;1,407532E-1;1,328963E-1;9,487359E-1;;
30/11/2021  10:22:48,632122;9,452028E-1;1,640096E-1;1,954508E-1;9,488083E-1;;
30/11/2021  10:22:48,632222;9,449048E-1;1,047537E-1;1,120448E-1;9,488729E-1;;
30/11/2021  10:22:48,632322;9,445203E-1;1,248242E-1;1,202590E-1;9,489293E-1;;
30/11/2021  10:22:48,632422;9,440941E-1;1,308772E-1;1,297370E-1;9,489770E-1;;
30/11/2021  10:22:48,632522;9,444071E-1;1,280100E-1;1,325804E-1;9,490157E-1;;
30/11/2021  10:22:48,632622;9,450270E-1;1,168597E-1;1,041465E-1;9,490450E-1;;
30/11/2021  10:22:48,632722;9,447289E-1;1,012493E-1;9,814378E-2;9,490648E-1;;
30/11/2021  10:22:48,632822;9,449584E-1;1,254614E-1;1,164678E-1;9,490752E-1;;
30/11/2021  10:22:48,632922;9,452475E-1;9,678918E-2;8,992954E-2;9,490761E-1;;
30/11/2021  10:22:48,633022;9,447587E-1;5,314372E-2;1,069899E-1;9,490678E-1;;
30/11/2021  10:22:48,633122;9,449495E-1;1,493549E-1;1,638576E-1;9,490504E-1;;
30/11/2021  10:22:48,633222;9,448899E-1;1,356559E-1;1,509044E-1;9,490242E-1;;
30/11/2021  10:22:48,633322;9,458138E-1;1,353374E-1;1,932393E-1;9,489895E-1;;
30/11/2021  10:22:48,633422;9,460701E-1;3,307318E-2;9,498445E-2;9,489466E-1;;
30/11/2021  10:22:48,633522;9,462459E-1;1,308772E-1;1,167838E-1;9,488962E-1;;
30/11/2021  10:22:48,633622;9,461982E-1;1,321516E-1;1,196272E-1;9,488389E-1;;
30/11/2021  10:22:48,633722;9,457124E-1;1,109116E-2;6,686651E-2;9,487752E-1;;
30/11/2021  10:22:48,633822;9,466721E-1;1,101695E-1;1,164678E-1;9,487058E-1;;
30/11/2021  10:22:48,633922;9,473158E-1;1,292843E-1;1,278414E-1;9,486312E-1;;
30/11/2021  10:22:48,634022;9,473844E-1;1,248242E-1;1,382671E-1;9,485523E-1;;
30/11/2021  10:22:48,634122;9,474350E-1;1,219570E-1;1,161519E-1;9,484698E-1;;
30/11/2021  10:22:48,634222;9,479119E-1;9,838208E-2;9,214107E-2;9,483845E-1;;
30/11/2021  10:22:48,634322;9,473993E-1;1,041165E-1;7,666040E-2;9,482972E-1;;
30/11/2021  10:22:48,634422;9,472860E-1;1,359745E-1;1,518522E-1;9,482086E-1;;
30/11/2021  10:22:48,634522;9,483649E-1;1,210013E-1;9,972343E-2;9,481193E-1;;
30/11/2021  10:22:48,634622;9,480132E-1;1,353374E-1;1,528000E-1;9,480300E-1;;
30/11/2021  10:22:48,634722;9,483947E-1;9,615202E-2;9,877564E-2;9,479413E-1;;
30/11/2021  10:22:48,634822;9,481324E-1;1,264171E-1;1,306848E-1;9,478540E-1;;
30/11/2021  10:22:48,634922;9,483291E-1;1,550893E-1;1,534319E-1;9,477685E-1;;
30/11/2021  10:22:48,635022;9,481414E-1;1,181340E-1;1,208909E-1;9,476854E-1;;
30/11/2021  10:22:48,635122;9,480430E-1;1,241871E-1;1,193112E-1;9,476052E-1;;
30/11/2021  10:22:48,635222;9,484394E-1;1,382046E-1;1,278414E-1;9,475281E-1;;
30/11/2021  10:22:48,635322;9,489818E-1;1,216384E-1;1,117289E-1;9,474546E-1;;
30/11/2021  10:22:48,635422;9,489431E-1;1,273729E-1;1,287892E-1;9,473851E-1;;
30/11/2021  10:22:48,635522;9,484573E-1;1,238685E-1;1,170997E-1;9,473200E-1;;
30/11/2021  10:22:48,635622;9,477301E-1;1,053908E-1;1,013031E-1;9,472595E-1;;
30/11/2021  10:22:48,635722;9,476258E-1;8,659462E-2;7,002583E-2;9,472036E-1;;
30/11/2021  10:22:48,635822;9,475185E-1;8,277166E-2;7,760819E-2;9,471525E-1;;
30/11/2021  10:22:48,635922;9,473754E-1;1,047537E-1;1,117289E-1;9,471060E-1;;
30/11/2021  10:22:48,636022;9,475513E-1;1,092138E-1;1,174156E-1;9,470640E-1;;
30/11/2021  10:22:48,636122;9,471966E-1;9,009900E-2;9,245700E-2;9,470263E-1;;
30/11/2021  10:22:48,636222;9,468122E-1;8,978042E-2;1,000394E-1;9,469928E-1;;
30/11/2021  10:22:48,636322;9,466631E-1;9,169190E-2;1,013031E-1;9,469633E-1;;
30/11/2021  10:22:48,636422;9,459985E-1;9,455912E-2;1,022509E-1;9,469374E-1;;
30/11/2021  10:22:48,636522;9,463591E-1;7,958586E-2;9,972343E-2;9,469147E-1;;
30/11/2021  10:22:48,636622;9,464247E-1;1,057094E-1;1,161519E-1;9,468950E-1;;
30/11/2021  10:22:48,636722;9,468002E-1;6,047106E-2;1,294210E-1;9,468778E-1;;
30/11/2021  10:22:48,636822;9,467973E-1;1,159040E-1;1,433221E-1;9,468630E-1;;
30/11/2021  10:22:48,636922;9,467406E-1;1,149482E-1;1,158360E-1;9,468503E-1;;
30/11/2021  10:22:48,637022;9,465797E-1;1,382046E-1;1,284732E-1;9,468395E-1;;
30/11/2021  10:22:48,637122;9,466572E-1;1,509478E-1;1,287892E-1;9,468306E-1;;
30/11/2021  10:22:48,637222;9,468628E-1;1,675139E-1;1,483770E-1;9,468232E-1;;
30/11/2021  10:22:48,637322;9,477241E-1;1,722926E-1;1,651214E-1;9,468173E-1;;
30/11/2021  10:22:48,637422;9,473665E-1;1,232313E-1;1,357397E-1;9,468128E-1;;
30/11/2021  10:22:48,637522;9,483083E-1;1,528593E-1;1,512204E-1;9,468097E-1;;
30/11/2021  10:22:48,637622;9,479983E-1;1,152668E-1;1,224705E-1;9,468082E-1;;
30/11/2021  10:22:48,637722;9,480013E-1;1,292843E-1;1,278414E-1;9,468084E-1;;
30/11/2021  10:22:48,637822;9,478344E-1;1,296029E-1;1,310007E-1;9,468104E-1;;
30/11/2021  10:22:48,637922;9,493394E-1;9,583344E-2;1,493248E-1;9,468141E-1;;
30/11/2021  10:22:48,638022;9,494259E-1;1,165411E-1;1,193112E-1;9,468199E-1;;
30/11/2021  10:22:48,638122;9,498729E-1;1,455319E-1;1,787064E-1;9,468280E-1;;
30/11/2021  10:22:48,638222;9,498044E-1;1,302401E-1;1,291051E-1;9,468387E-1;;
30/11/2021  10:22:48,638322;9,495510E-1;1,139925E-1;1,079377E-1;9,468523E-1;;
30/11/2021  10:22:48,638422;9,492500E-1;1,283286E-1;1,177316E-1;9,468690E-1;;
30/11/2021  10:22:48,638522;9,496971E-1;1,120810E-1;8,329497E-2;9,468889E-1;;
30/11/2021  10:22:48,638622;9,503557E-1;8,595746E-2;6,686651E-2;9,469122E-1;;
30/11/2021  10:22:48,638722;9,500279E-1;1,190898E-1;1,189953E-1;9,469390E-1;;
30/11/2021  10:22:48,638822;9,494378E-1;1,111253E-1;9,214107E-2;9,469694E-1;;
30/11/2021  10:22:48,638922;9,491696E-1;1,372488E-1;1,205749E-1;9,470034E-1;;
30/11/2021  10:22:48,639022;9,489282E-1;1,407532E-1;1,411105E-1;9,470408E-1;;
30/11/2021  10:22:48,639122;9,486748E-1;1,088952E-1;1,139404E-1;9,470815E-1;;
30/11/2021  10:22:48,639222;9,492709E-1;8,914326E-2;9,593225E-2;9,471252E-1;;
30/11/2021  10:22:48,639322;9,496434E-1;2,064856E-2;8,487463E-2;9,471717E-1;;
30/11/2021  10:22:48,639422;9,499921E-1;1,245056E-1;1,041465E-1;9,472208E-1;;
30/11/2021  10:22:48,639522;9,492441E-1;1,324701E-1;1,512204E-1;9,472724E-1;;
30/11/2021  10:22:48,639622;9,489252E-1;1,369303E-1;1,344760E-1;9,473265E-1;;
30/11/2021  10:22:48,639722;9,488596E-1;1,238685E-1;1,332122E-1;9,473826E-1;;
30/11/2021  10:22:48,639822;9,489431E-1;1,289658E-1;1,231024E-1;9,474407E-1;;
30/11/2021  10:22:48,639922;9,494348E-1;1,254614E-1;1,272095E-1;9,475002E-1;;
30/11/2021  10:22:48,640022;9,493305E-1;1,213198E-1;1,069899E-1;9,475611E-1;;
30/11/2021  10:22:48,640122;9,490861E-1;1,334259E-1;1,202590E-1;9,476231E-1;;
30/11/2021  10:22:48,640222;9,493812E-1;1,385232E-1;1,382671E-1;9,476861E-1;;
30/11/2021  10:22:48,640322;9,487404E-1;1,194084E-1;1,133085E-1;9,477497E-1;;
30/11/2021  10:22:48,640422;9,484454E-1;1,550893E-1;2,349423E-1;9,478138E-1;;
30/11/2021  10:22:48,640522;9,482755E-1;1,710183E-1;1,622780E-1;9,478780E-1;;
30/11/2021  10:22:48,640622;9,484036E-1;4,549780E-2;9,308886E-2;9,479420E-1;;
30/11/2021  10:22:48,640722;9,485705E-1;1,225942E-1;1,155200E-1;9,480054E-1;;
30/11/2021  10:22:48,640822;9,483351E-1;3,848904E-2;9,182514E-2;9,480679E-1;;
30/11/2021  10:22:48,640922;9,479566E-1;1,280100E-1;1,275255E-1;9,481293E-1;;
30/11/2021  10:22:48,641022;9,474261E-1;1,267357E-1;1,300529E-1;9,481892E-1;;
30/11/2021  10:22:48,641122;9,473754E-1;2,003277E-1;1,951349E-1;9,482473E-1;;
30/11/2021  10:22:48,641222;9,470089E-1;1,350188E-1;1,354238E-1;9,483032E-1;;
30/11/2021  10:22:48,641322;9,471042E-1;1,264171E-1;1,284732E-1;9,483564E-1;;
30/11/2021  10:22:48,641422;9,475840E-1;1,544522E-1;1,982942E-1;9,484066E-1;;
30/11/2021  10:22:48,641522;9,481771E-1;1,276914E-1;1,073058E-1;9,484535E-1;;
30/11/2021  10:22:48,641622;9,478165E-1;1,404346E-1;1,739675E-1;9,484972E-1;;
30/11/2021  10:22:48,641722;9,480728E-1;-5,358058E-2;3,969635E-2;9,485374E-1;;
30/11/2021  10:22:48,641822;9,481563E-1;1,471248E-1;1,559593E-1;9,485742E-1;;
30/11/2021  10:22:48,641922;9,487076E-1;1,378860E-1;1,310007E-1;9,486076E-1;;
30/11/2021  10:22:48,642022;9,498044E-1;1,273729E-1;1,310007E-1;9,486377E-1;;
30/11/2021  10:22:48,642122;9,504660E-1;1,063466E-1;1,126766E-1;9,486650E-1;;
30/11/2021  10:22:48,642222;9,505882E-1;1,302401E-1;1,449017E-1;9,486897E-1;;
30/11/2021  10:22:48,642322;9,508773E-1;1,270543E-1;1,417424E-1;9,487126E-1;;
30/11/2021  10:22:48,642422;9,517237E-1;1,206827E-1;1,278414E-1;9,487340E-1;;
30/11/2021  10:22:48,642522;9,517416E-1;1,334259E-1;1,322644E-1;9,487547E-1;;
30/11/2021  10:22:48,642622;9,528502E-1;1,229127E-1;1,161519E-1;9,487752E-1;;
30/11/2021  10:22:48,642722;9,532317E-1;1,678325E-1;1,685966E-1;9,487962E-1;;
30/11/2021  10:22:48,642822;9,534076E-1;1,439390E-1;1,452176E-1;9,488186E-1;;
30/11/2021  10:22:48,642922;9,541228E-1;9,933782E-2;1,019350E-1;9,488430E-1;;
30/11/2021  10:22:48,643022;9,541169E-1;9,742634E-2;1,079377E-1;9,488702E-1;;
30/11/2021  10:22:48,643122;9,538218E-1;8,882468E-2;1,531159E-1;9,489008E-1;;
30/11/2021  10:22:48,643222;9,543255E-1;1,213198E-1;1,341600E-1;9,489354E-1;;
30/11/2021  10:22:48,643322;9,555534E-1;1,302401E-1;1,199431E-1;9,489745E-1;;
30/11/2021  10:22:48,643422;9,554729E-1;1,439390E-1;1,370034E-1;9,490187E-1;;
30/11/2021  10:22:48,643522;9,552375E-1;1,264171E-1;9,498445E-2;9,490685E-1;;
30/11/2021  10:22:48,643622;9,549186E-1;1,570008E-1;1,534319E-1;9,491243E-1;;
30/11/2021  10:22:48,643722;9,545132E-1;1,554079E-1;1,685966E-1;9,491865E-1;;
30/11/2021  10:22:48,643822;9,543791E-1;1,200455E-1;1,297370E-1;9,492551E-1;;
30/11/2021  10:22:48,643922;9,550765E-1;9,997498E-2;1,063580E-1;9,493301E-1;;
30/11/2021  10:22:48,644022;9,554193E-1;-3,223572E-2;1,129926E-1;9,494114E-1;;
30/11/2021  10:22:48,644122;9,553120E-1;1,076209E-1;1,079377E-1;9,494991E-1;;
30/11/2021  10:22:48,644222;9,551928E-1;1,111253E-1;1,809180E-1;9,495932E-1;;
30/11/2021  10:22:48,644322;9,545907E-1;9,933782E-2;8,013565E-2;9,496934E-1;;
30/11/2021  10:22:48,644422;9,535953E-1;9,678918E-2;1,044624E-1;9,497995E-1;;
30/11/2021  10:22:48,644522;9,535804E-1;9,137332E-2;8,803395E-2;9,499111E-1;;
30/11/2021  10:22:48,644622;9,537682E-1;1,015679E-1;1,126766E-1;9,500276E-1;;
30/11/2021  10:22:48,644722;9,540811E-1;9,901924E-2;1,126766E-1;9,501484E-1;;
30/11/2021  10:22:48,644822;9,535864E-1;9,965640E-2;8,961361E-2;9,502730E-1;;
30/11/2021  10:22:48,644922;9,527102E-1;1,047537E-1;1,275255E-1;9,504008E-1;;
30/11/2021  10:22:48,645022;9,511276E-1;1,579565E-1;1,768108E-1;9,505311E-1;;
30/11/2021  10:22:48,645122;9,507253E-1;8,978042E-2;1,246821E-1;9,506631E-1;;
30/11/2021  10:22:48,645222;9,503378E-1;1,356559E-1;1,382671E-1;9,507956E-1;;
30/11/2021  10:22:48,645322;9,500249E-1;1,174969E-1;1,041465E-1;9,509275E-1;;
30/11/2021  10:22:48,645422;9,493663E-1;1,684697E-1;1,531159E-1;9,510579E-1;;
30/11/2021  10:22:48,645522;9,490653E-1;2,076550E-1;2,020854E-1;9,511855E-1;;
30/11/2021  10:22:48,645622;9,480281E-1;1,519035E-1;1,474292E-1;9,513094E-1;;
30/11/2021  10:22:48,645722;9,475423E-1;1,538150E-1;1,461654E-1;9,514284E-1;;
30/11/2021  10:22:48,645822;9,468151E-1;1,165411E-1;6,655058E-2;9,515413E-1;;
30/11/2021  10:22:48,645922;9,464486E-1;1,229127E-1;1,347919E-1;9,516471E-1;;
30/11/2021  10:22:48,646022;9,462101E-1;1,404346E-1;1,401627E-1;9,517447E-1;;
30/11/2021  10:22:48,646122;9,461982E-1;1,372488E-1;1,420583E-1;9,518330E-1;;
30/11/2021  10:22:48,646222;9,459240E-1;1,267357E-1;1,237343E-1;9,519113E-1;;
30/11/2021  10:22:48,646322;9,446544E-1;-2,618270E-2;5,264957E-2;9,519786E-1;;
30/11/2021  10:22:48,646422;9,443206E-1;1,190898E-1;1,199431E-1;9,520344E-1;;
30/11/2021  10:22:48,646522;9,439213E-1;1,257800E-1;1,278414E-1;9,520777E-1;;
30/11/2021  10:22:48,646622;9,438706E-1;1,069837E-1;9,308886E-2;9,521079E-1;;
30/11/2021  10:22:48,646722;9,436262E-1;1,197269E-1;1,246821E-1;9,521244E-1;;
30/11/2021  10:22:48,646822;9,439302E-1;8,850610E-2;1,148882E-1;9,521268E-1;;
30/11/2021  10:22:48,646922;9,425265E-1;1,264171E-1;1,316326E-1;9,521147E-1;;
30/11/2021  10:22:48,647022;9,430272E-1;1,276914E-1;1,212068E-1;9,520879E-1;;
30/11/2021  10:22:48,647122;9,427381E-1;1,260985E-1;1,281573E-1;9,520462E-1;;
30/11/2021  10:22:48,647222;9,425563E-1;1,235499E-1;1,284732E-1;9,519894E-1;;
30/11/2021  10:22:48,647322;9,426517E-1;1,308772E-1;1,360556E-1;9,519176E-1;;
30/11/2021  10:22:48,647422;9,432030E-1;9,965640E-2;8,803395E-2;9,518310E-1;;
30/11/2021  10:22:48,647522;9,432537E-1;1,270543E-1;1,322644E-1;9,517298E-1;;
30/11/2021  10:22:48,647622;9,428126E-1;1,241871E-1;1,161519E-1;9,516145E-1;;
30/11/2021  10:22:48,647722;9,430302E-1;1,260985E-1;1,101492E-1;9,514856E-1;;
30/11/2021  10:22:48,647822;9,431613E-1;1,321516E-1;1,588027E-1;9,513438E-1;;
30/11/2021  10:22:48,647922;9,425652E-1;1,461691E-1;1,572231E-1;9,511895E-1;;
30/11/2021  10:22:48,648022;9,434504E-1;1,327887E-1;1,262617E-1;9,510234E-1;;
30/11/2021  10:22:48,648122;9,438080E-1;1,159040E-1;1,328963E-1;9,508465E-1;;
30/11/2021  10:22:48,648222;9,435696E-1;8,468314E-2;1,066739E-1;9,506594E-1;;
30/11/2021  10:22:48,648322;9,430808E-1;1,200455E-1;1,193112E-1;9,504631E-1;;
30/11/2021  10:22:48,648422;9,428782E-1;1,254614E-1;1,284732E-1;9,502585E-1;;
30/11/2021  10:22:48,648522;9,431792E-1;1,331073E-1;1,528000E-1;9,500464E-1;;
30/11/2021  10:22:48,648622;9,434653E-1;1,238685E-1;1,281573E-1;9,498275E-1;;
30/11/2021  10:22:48,648722;9,437305E-1;1,299215E-1;1,370034E-1;9,496028E-1;;
30/11/2021  10:22:48,648822;9,437424E-1;1,359745E-1;1,347919E-1;9,493732E-1;;
30/11/2021  10:22:48,648922;9,437812E-1;1,225942E-1;1,256299E-1;9,491397E-1;;
30/11/2021  10:22:48,649022;9,427411E-1;1,331073E-1;1,284732E-1;9,489030E-1;;
30/11/2021  10:22:48,649122;9,423983E-1;1,289658E-1;1,196272E-1;9,486640E-1;;
30/11/2021  10:22:48,649222;9,418500E-1;9,997498E-2;9,624818E-2;9,484233E-1;;
30/11/2021  10:22:48,649322;9,418261E-1;1,302401E-1;1,262617E-1;9,481814E-1;;
30/11/2021  10:22:48,649422;9,414804E-1;1,203641E-1;1,170997E-1;9,479387E-1;;
30/11/2021  10:22:48,649522;9,411704E-1;1,229127E-1;1,076217E-1;9,476956E-1;;
30/11/2021  10:22:48,649622;9,406131E-1;1,420275E-1;1,461654E-1;9,474525E-1;;
30/11/2021  10:22:48,649722;9,395372E-1;1,152668E-1;1,354238E-1;9,472096E-1;;
30/11/2021  10:22:48,649822;9,391081E-1;1,273729E-1;1,291051E-1;9,469669E-1;;
30/11/2021  10:22:48,649922;9,375166E-1;1,082581E-1;1,240502E-1;9,467244E-1;;
30/11/2021  10:22:48,650022;9,379338E-1;1,305587E-1;1,328963E-1;9,464820E-1;;
30/11/2021  10:22:48,650122;9,381454E-1;2,256004E-2;9,435259E-2;9,462394E-1;;
30/11/2021  10:22:48,650222;9,366940E-1;1,499920E-1;1,745993E-1;9,459963E-1;;
30/11/2021  10:22:48,650322;9,365569E-1;1,372488E-1;1,306848E-1;9,457528E-1;;
30/11/2021  10:22:48,650422;9,352128E-1;1,362931E-1;1,303688E-1;9,455084E-1;;
30/11/2021  10:22:48,650522;9,344111E-1;8,213450E-2;7,602853E-2;9,452627E-1;;
30/11/2021  10:22:48,650622;9,340594E-1;1,289658E-1;1,373193E-1;9,450154E-1;;
30/11/2021  10:22:48,650722;9,340952E-1;1,273729E-1;1,117289E-1;9,447659E-1;;
30/11/2021  10:22:48,650822;9,338568E-1;1,321516E-1;1,401627E-1;9,445138E-1;;
30/11/2021  10:22:48,650922;9,336213E-1;1,241871E-1;1,170997E-1;9,442588E-1;;
30/11/2021  10:22:48,651022;9,339462E-1;1,267357E-1;1,142563E-1;9,440007E-1;;
30/11/2021  10:22:48,651122;9,330730E-1;1,487177E-1;1,553275E-1;9,437393E-1;;
30/11/2021  10:22:48,651222;9,321461E-1;1,130368E-1;1,249980E-1;9,434745E-1;;
30/11/2021  10:22:48,651322;9,333084E-1;1,264171E-1;1,256299E-1;9,432061E-1;;
30/11/2021  10:22:48,651422;9,334097E-1;-2,809418E-2;8,992954E-2;9,429342E-1;;
30/11/2021  10:22:48,651522;9,334157E-1;1,165411E-1;1,069899E-1;9,426588E-1;;
30/11/2021  10:22:48,651622;9,327451E-1;1,697440E-1;2,014535E-1;9,423803E-1;;
30/11/2021  10:22:48,651722;9,321431E-1;1,429833E-1;1,347919E-1;9,420987E-1;;
30/11/2021  10:22:48,651822;9,326051E-1;1,401161E-1;1,347919E-1;9,418144E-1;;
30/11/2021  10:22:48,651922;9,324739E-1;1,337445E-1;1,246821E-1;9,415275E-1;;
30/11/2021  10:22:48,652022;9,326676E-1;1,299215E-1;1,272095E-1;9,412384E-1;;
30/11/2021  10:22:48,652122;9,327869E-1;1,098510E-1;9,940750E-2;9,409473E-1;;
30/11/2021  10:22:48,652222;9,322057E-1;1,225942E-1;1,351078E-1;9,406548E-1;;
30/11/2021  10:22:48,652322;9,325395E-1;1,159040E-1;1,439539E-1;9,403611E-1;;
30/11/2021  10:22:48,652422;9,321252E-1;4,740928E-2;7,760819E-2;9,400668E-1;;
30/11/2021  10:22:48,652522;9,322146E-1;1,630538E-1;2,058766E-1;9,397723E-1;;
30/11/2021  10:22:48,652622;9,326229E-1;1,076209E-1;1,019350E-1;9,394779E-1;;
30/11/2021  10:22:48,652722;9,331832E-1;9,169190E-2;1,031987E-1;9,391843E-1;;
30/11/2021  10:22:48,652822;9,338955E-1;5,569236E-2;8,076751E-2;9,388919E-1;;
30/11/2021  10:22:48,652922;9,341906E-1;-1,280234E-2;6,623464E-2;9,386015E-1;;
30/11/2021  10:22:48,653022;9,345840E-1;9,647060E-2;1,117289E-1;9,383140E-1;;
30/11/2021  10:22:48,653122;9,344558E-1;8,914326E-2;1,069899E-1;9,380301E-1;;
30/11/2021  10:22:48,653222;9,350638E-1;1,719741E-1;1,749153E-1;9,377507E-1;;
30/11/2021  10:22:48,653322;9,353887E-1;1,171783E-1;1,300529E-1;9,374767E-1;;
30/11/2021  10:22:48,653422;9,357195E-1;1,203641E-1;1,332122E-1;9,372088E-1;;
30/11/2021  10:22:48,653522;9,367119E-1;1,439390E-1;1,986102E-1;9,369479E-1;;
30/11/2021  10:22:48,653622;9,368281E-1;1,283286E-1;1,126766E-1;9,366949E-1;;
30/11/2021  10:22:48,653722;9,367983E-1;2,102037E-1;2,001898E-1;9,364508E-1;;
30/11/2021  10:22:48,653822;9,367626E-1;1,633724E-1;1,392149E-1;9,362163E-1;;
30/11/2021  10:22:48,653922;9,374242E-1;1,706997E-1;1,682807E-1;9,359921E-1;;
30/11/2021  10:22:48,654022;9,374480E-1;1,662396E-1;1,524841E-1;9,357791E-1;;
30/11/2021  10:22:48,654122;9,384345E-1;1,433019E-1;1,392149E-1;9,355776E-1;;
30/11/2021  10:22:48,654222;9,382796E-1;8,086018E-2;1,013031E-1;9,353886E-1;;
30/11/2021  10:22:48,654322;9,385150E-1;1,251428E-1;1,366875E-1;9,352124E-1;;
30/11/2021  10:22:48,654422;9,383064E-1;1,206827E-1;1,379512E-1;9,350497E-1;;
30/11/2021  10:22:48,654522;9,383034E-1;1,429833E-1;1,224705E-1;9,349007E-1;;
30/11/2021  10:22:48,654622;9,377640E-1;1,292843E-1;1,253139E-1;9,347658E-1;;
30/11/2021  10:22:48,654722;9,387326E-1;1,178155E-1;1,196272E-1;9,346451E-1;;
30/11/2021  10:22:48,654822;9,394240E-1;1,331073E-1;1,306848E-1;9,345386E-1;;
30/11/2021  10:22:48,654922;9,391081E-1;1,327887E-1;1,480610E-1;9,344464E-1;;
30/11/2021  10:22:48,655022;9,391677E-1;1,117624E-1;1,281573E-1;9,343687E-1;;
30/11/2021  10:22:48,655122;9,390216E-1;1,353374E-1;1,619620E-1;9,343055E-1;;
30/11/2021  10:22:48,655222;9,393644E-1;6,907272E-2;8,582243E-2;9,342565E-1;;
30/11/2021  10:22:48,655322;9,400290E-1;9,933782E-2;1,129926E-1;9,342217E-1;;
30/11/2021  10:22:48,655422;9,409231E-1;1,203641E-1;1,082536E-1;9,342009E-1;;
30/11/2021  10:22:48,655522;9,409261E-1;1,248242E-1;1,256299E-1;9,341941E-1;;
30/11/2021  10:22:48,655622;9,412390E-1;1,050723E-1;6,339125E-2;9,342012E-1;;
30/11/2021  10:22:48,655722;9,409797E-1;1,576380E-1;1,224705E-1;9,342221E-1;;
30/11/2021  10:22:48,655822;9,410483E-1;1,563636E-1;1,824976E-1;9,342566E-1;;
30/11/2021  10:22:48,655922;9,412211E-1;1,194084E-1;1,278414E-1;9,343045E-1;;
30/11/2021  10:22:48,656022;9,418201E-1;1,101695E-1;1,619620E-1;9,343655E-1;;
30/11/2021  10:22:48,656122;9,425861E-1;1,455319E-1;1,783905E-1;9,344391E-1;;
30/11/2021  10:22:48,656222;9,430182E-1;2,829448E-2;4,759465E-2;9,345253E-1;;
30/11/2021  10:22:48,656322;9,430987E-1;1,343816E-1;1,284732E-1;9,346238E-1;;
30/11/2021  10:22:48,656422;9,422493E-1;4,932076E-2;7,918786E-2;9,347343E-1;;
30/11/2021  10:22:48,656522;9,425295E-1;1,108067E-1;1,117289E-1;9,348566E-1;;
30/11/2021  10:22:48,656622;9,424788E-1;1,232313E-1;1,161519E-1;9,349900E-1;;
30/11/2021  10:22:48,656722;9,432477E-1;1,375674E-1;1,344760E-1;9,351341E-1;;
30/11/2021  10:22:48,656822;9,434832E-1;1,296029E-1;1,268936E-1;9,352884E-1;;
30/11/2021  10:22:48,656922;9,443057E-1;1,079395E-1;1,028828E-1;9,354523E-1;;
30/11/2021  10:22:48,657022;9,434325E-1;5,346230E-2;8,613836E-2;9,356256E-1;;
30/11/2021  10:22:48,657122;9,433520E-1;1,413904E-1;1,562753E-1;9,358078E-1;;
30/11/2021  10:22:48,657222;9,441150E-1;1,748413E-1;1,771268E-1;9,359982E-1;;
30/11/2021  10:22:48,657322;9,446276E-1;1,216384E-1;1,246821E-1;9,361963E-1;;
30/11/2021  10:22:48,657422;9,452594E-1;9,965640E-2;1,066739E-1;9,364018E-1;;
30/11/2021  10:22:48,657522;9,460939E-1;1,238685E-1;1,237343E-1;9,366141E-1;;
30/11/2021  10:22:48,657622;9,464694E-1;1,366117E-1;1,635417E-1;9,368331E-1;;
30/11/2021  10:22:48,657722;9,461446E-1;1,251428E-1;1,079377E-1;9,370586E-1;;
30/11/2021  10:22:48,657822;9,465171E-1;1,292843E-1;1,155200E-1;9,372902E-1;;
30/11/2021  10:22:48,657922;9,462340E-1;1,331073E-1;1,167838E-1;9,375277E-1;;
30/11/2021  10:22:48,658022;9,476764E-1;9,009900E-2;1,215227E-1;9,377708E-1;;
30/11/2021  10:22:48,658122;9,484334E-1;1,283286E-1;1,224705E-1;9,380191E-1;;
30/11/2021  10:22:48,658222;9,487017E-1;1,254614E-1;1,464814E-1;9,382726E-1;;
30/11/2021  10:22:48,658322;9,490623E-1;1,324701E-1;1,158360E-1;9,385311E-1;;
30/11/2021  10:22:48,658422;9,486242E-1;-3,287288E-2;3,464144E-2;9,387947E-1;;
30/11/2021  10:22:48,658522;9,483798E-1;1,187712E-1;1,237343E-1;9,390631E-1;;
30/11/2021  10:22:48,658622;9,490027E-1;1,544522E-1;1,764949E-1;9,393359E-1;;
30/11/2021  10:22:48,658722;9,500726E-1;1,206827E-1;1,031987E-1;9,396130E-1;;
30/11/2021  10:22:48,658822;9,506001E-1;1,130368E-1;1,076217E-1;9,398940E-1;;
30/11/2021  10:22:48,658922;9,503557E-1;8,818752E-2;9,751191E-2;9,401789E-1;;
30/11/2021  10:22:48,659022;9,499772E-1;1,219570E-1;1,395309E-1;9,404675E-1;;
30/11/2021  10:22:48,659122;9,503617E-1;1,423461E-1;1,370034E-1;9,407596E-1;;
30/11/2021  10:22:48,659222;9,503349E-1;1,280100E-1;1,319485E-1;9,410547E-1;;
30/11/2021  10:22:48,659322;9,508594E-1;1,350188E-1;1,300529E-1;9,413526E-1;;
30/11/2021  10:22:48,659422;9,511306E-1;1,302401E-1;1,256299E-1;9,416529E-1;;
30/11/2021  10:22:48,659522;9,513988E-1;9,137332E-2;8,234717E-2;9,419553E-1;;
30/11/2021  10:22:48,659622;9,509339E-1;1,235499E-1;1,262617E-1;9,422596E-1;;
30/11/2021  10:22:48,659722;9,502753E-1;1,254614E-1;1,249980E-1;9,425652E-1;;
30/11/2021  10:22:48,659822;9,502723E-1;1,305587E-1;1,177316E-1;9,428717E-1;;
30/11/2021  10:22:48,659922;9,497776E-1;1,238685E-1;1,221546E-1;9,431786E-1;;
30/11/2021  10:22:48,660022;9,499683E-1;1,222756E-1;1,420583E-1;9,434850E-1;;
30/11/2021  10:22:48,660122;9,504362E-1;9,424054E-2;7,476481E-2;9,437904E-1;;
30/11/2021  10:22:48,660222;9,502902E-1;1,483991E-1;1,319485E-1;9,440941E-1;;
30/11/2021  10:22:48,660322;9,494438E-1;9,774492E-2;1,133085E-1;9,443955E-1;;
30/11/2021  10:22:48,660422;9,487553E-1;1,260985E-1;1,231024E-1;9,446940E-1;;
30/11/2021  10:22:48,660522;9,487434E-1;1,152668E-1;1,174156E-1;9,449888E-1;;
30/11/2021  10:22:48,660622;9,483381E-1;1,127182E-1;1,240502E-1;9,452790E-1;;
30/11/2021  10:22:48,660722;9,487464E-1;1,069837E-1;1,066739E-1;9,455638E-1;;
30/11/2021  10:22:48,660822;9,486450E-1;1,194084E-1;1,249980E-1;9,458425E-1;;
30/11/2021  10:22:48,660922;9,482695E-1;1,155854E-1;1,259458E-1;9,461145E-1;;
30/11/2021  10:22:48,661022;9,477897E-1;1,095324E-1;1,170997E-1;9,463790E-1;;
30/11/2021  10:22:48,661122;9,473397E-1;1,114439E-1;1,133085E-1;9,466354E-1;;
30/11/2021  10:22:48,661222;9,469969E-1;1,025236E-1;1,050943E-1;9,468830E-1;;
30/11/2021  10:22:48,661322;9,467764E-1;9,360338E-2;9,466852E-2;9,471212E-1;;
30/11/2021  10:22:48,661422;9,474976E-1;9,647060E-2;1,066739E-1;9,473492E-1;;
30/11/2021  10:22:48,661522;9,476377E-1;9,901924E-2;1,313166E-1;9,475665E-1;;
30/11/2021  10:22:48,661622;9,469761E-1;1,092138E-1;1,082536E-1;9,477729E-1;;
30/11/2021  10:22:48,661722;9,470446E-1;1,206827E-1;1,335282E-1;9,479679E-1;;
30/11/2021  10:22:48,661822;9,468718E-1;1,197269E-1;1,313166E-1;9,481513E-1;;
30/11/2021  10:22:48,661922;9,464694E-1;1,499920E-1;1,417424E-1;9,483228E-1;;
30/11/2021  10:22:48,662022;9,465350E-1;1,614609E-1;1,458495E-1;9,484822E-1;;
30/11/2021  10:22:48,662122;9,472860E-1;1,395838E-2;1,069899E-1;9,486293E-1;;
30/11/2021  10:22:48,662222;9,474708E-1;1,665582E-1;1,505885E-1;9,487641E-1;;
30/11/2021  10:22:48,662322;9,468807E-1;1,534964E-1;1,704922E-1;9,488868E-1;;
30/11/2021  10:22:48,662422;9,462489E-1;1,375674E-1;1,379512E-1;9,489974E-1;;
30/11/2021  10:22:48,662522;9,462280E-1;1,210013E-1;1,246821E-1;9,490959E-1;;
30/11/2021  10:22:48,662622;9,458346E-1;1,159040E-1;1,044624E-1;9,491825E-1;;
30/11/2021  10:22:48,662722;9,458883E-1;1,276914E-1;1,351078E-1;9,492572E-1;;
30/11/2021  10:22:48,662822;9,468390E-1;4,294916E-2;8,076751E-2;9,493201E-1;;
30/11/2021  10:22:48,662922;9,471161E-1;1,289658E-1;1,310007E-1;9,493715E-1;;
30/11/2021  10:22:48,663022;9,462280E-1;1,088952E-1;9,751191E-2;9,494116E-1;;
30/11/2021  10:22:48,663122;9,467257E-1;1,315144E-1;1,202590E-1;9,494410E-1;;
30/11/2021  10:22:48,663222;9,467764E-1;1,378860E-1;1,433221E-1;9,494600E-1;;
30/11/2021  10:22:48,663322;9,464694E-1;9,487770E-2;1,101492E-1;9,494691E-1;;
30/11/2021  10:22:48,663422;9,471132E-1;1,225942E-1;1,262617E-1;9,494686E-1;;
30/11/2021  10:22:48,663522;9,479476E-1;1,222756E-1;1,284732E-1;9,494592E-1;;
30/11/2021  10:22:48,663622;9,477450E-1;2,574584E-2;4,791059E-2;9,494415E-1;;
30/11/2021  10:22:48,663722;9,469940E-1;1,442576E-1;1,745993E-1;9,494162E-1;;
30/11/2021  10:22:48,663822;9,462042E-1;1,487177E-1;1,496407E-1;9,493838E-1;;
30/11/2021  10:22:48,663922;9,465171E-1;1,270543E-1;1,300529E-1;9,493449E-1;;
30/11/2021  10:22:48,664022;9,466512E-1;1,356559E-1;1,430061E-1;9,492998E-1;;
30/11/2021  10:22:48,664122;9,471608E-1;1,159040E-1;1,234183E-1;9,492489E-1;;
30/11/2021  10:22:48,664222;9,477509E-1;9,328480E-2;8,708615E-2;9,491928E-1;;
30/11/2021  10:22:48,664322;9,474440E-1;1,289658E-1;1,054102E-1;9,491321E-1;;
30/11/2021  10:22:48,664422;9,478523E-1;1,216384E-1;1,370034E-1;9,490674E-1;;
30/11/2021  10:22:48,664522;9,473933E-1;1,222756E-1;1,117289E-1;9,489992E-1;;
30/11/2021  10:22:48,664622;9,473367E-1;1,566822E-1;1,575390E-1;9,489283E-1;;
30/11/2021  10:22:48,664722;9,476705E-1;1,445762E-1;1,559593E-1;9,488550E-1;;
30/11/2021  10:22:48,664822;9,486540E-1;8,542518E-3;7,666040E-2;9,487799E-1;;
30/11/2021  10:22:48,664922;9,488566E-1;1,382046E-1;1,562753E-1;9,487036E-1;;
30/11/2021  10:22:48,665022;9,482814E-1;1,245056E-1;1,243661E-1;9,486269E-1;;
30/11/2021  10:22:48,665122;9,476943E-1;1,308772E-1;1,300529E-1;9,485501E-1;;
30/11/2021  10:22:48,665222;9,472592E-1;1,334259E-1;1,328963E-1;9,484739E-1;;
30/11/2021  10:22:48,665322;9,476675E-1;1,343816E-1;1,291051E-1;9,483985E-1;;
30/11/2021  10:22:48,665422;9,473367E-1;1,350188E-1;1,458495E-1;9,483241E-1;;
30/11/2021  10:22:48,665522;9,344052E-1;1,273729E-1;1,316326E-1;9,482505E-1;;
30/11/2021  10:22:48,665622;9,344558E-1;1,219570E-1;1,022509E-1;9,481766E-1;;
30/11/2021  10:22:48,665722;9,333948E-1;1,044351E-1;1,013031E-1;9,480999E-1;;
30/11/2021  10:22:48,665822;9,337793E-1;9,678918E-2;7,981972E-2;9,480182E-1;;
30/11/2021  10:22:48,665922;9,342353E-1;3,530324E-2;8,771802E-2;9,479293E-1;;
30/11/2021  10:22:48,666022;9,354214E-1;1,063466E-1;9,024547E-2;9,478314E-1;;
30/11/2021  10:22:48,666122;9,353887E-1;1,385232E-1;1,341600E-1;9,477233E-1;;
30/11/2021  10:22:48,666222;9,354751E-1;2,510868E-2;5,707262E-2;9,476041E-1;;
30/11/2021  10:22:48,666322;9,356479E-1;1,289658E-1;1,458495E-1;9,474731E-1;;
30/11/2021  10:22:48,666422;9,357731E-1;1,585937E-1;1,439539E-1;9,473299E-1;;
30/11/2021  10:22:48,666522;9,366106E-1;1,197269E-1;1,101492E-1;9,471744E-1;;
30/11/2021  10:22:48,666622;9,374302E-1;1,200455E-1;1,025668E-1;9,470064E-1;;
30/11/2021  10:22:48,666722;9,385597E-1;1,378860E-1;1,992420E-1;9,468265E-1;;
30/11/2021  10:22:48,666822;9,388935E-1;1,713369E-1;2,181979E-1;9,466353E-1;;
30/11/2021  10:22:48,666922;9,387773E-1;1,260985E-1;1,392149E-1;9,464336E-1;;
30/11/2021  10:22:48,667022;9,389084E-1;1,557265E-1;1,540637E-1;9,462223E-1;;
30/11/2021  10:22:48,667122;9,387147E-1;1,270543E-1;1,259458E-1;9,460025E-1;;
30/11/2021  10:22:48,667222;9,393912E-1;1,315144E-1;1,379512E-1;9,457750E-1;;
30/11/2021  10:22:48,667322;9,400439E-1;1,190898E-1;1,325804E-1;9,455410E-1;;
30/11/2021  10:22:48,667422;9,415013E-1;1,401161E-1;1,366875E-1;9,453014E-1;;
30/11/2021  10:22:48,667522;9,411228E-1;1,130368E-1;1,158360E-1;9,450577E-1;;
30/11/2021  10:22:48,667622;9,416413E-1;1,130368E-1;1,088855E-1;9,448113E-1;;
30/11/2021  10:22:48,667722;9,417546E-1;-2,235974E-2;6,655058E-2;9,445634E-1;;
30/11/2021  10:22:48,667822;9,422732E-1;1,280100E-1;1,281573E-1;9,443154E-1;;
30/11/2021  10:22:48,667922;9,442104E-1;1,238685E-1;1,240502E-1;9,440685E-1;;
30/11/2021  10:22:48,668022;9,455306E-1;6,811698E-2;1,063580E-1;9,438244E-1;;
30/11/2021  10:22:48,668122;9,463949E-1;1,356559E-1;1,262617E-1;9,435847E-1;;
30/11/2021  10:22:48,668222;9,472950E-1;1,331073E-1;1,499566E-1;9,433512E-1;;
30/11/2021  10:22:48,668322;9,484334E-1;1,372488E-1;1,303688E-1;9,431256E-1;;
30/11/2021  10:22:48,668422;9,494169E-1;1,260985E-1;1,205749E-1;9,429097E-1;;
30/11/2021  10:22:48,668522;9,502782E-1;1,703812E-1;1,619620E-1;9,427055E-1;;
30/11/2021  10:22:48,668622;9,519740E-1;1,190898E-1;1,265777E-1;9,425146E-1;;
30/11/2021  10:22:48,668722;9,524837E-1;1,273729E-1;1,325804E-1;9,423390E-1;;
30/11/2021  10:22:48,668822;9,532287E-1;1,267357E-1;1,294210E-1;9,421804E-1;;
30/11/2021  10:22:48,668922;9,535536E-1;1,337445E-1;1,265777E-1;9,420403E-1;;
30/11/2021  10:22:48,669022;9,536221E-1;1,101695E-1;1,031987E-1;9,419203E-1;;
30/11/2021  10:22:48,669122;9,536758E-1;1,321516E-1;1,218387E-1;9,418216E-1;;
30/11/2021  10:22:48,669222;9,536758E-1;1,353374E-1;1,351078E-1;9,417451E-1;;
30/11/2021  10:22:48,669322;9,543016E-1;1,337445E-1;1,287892E-1;9,416917E-1;;
30/11/2021  10:22:48,669422;9,545103E-1;1,340630E-1;1,509044E-1;9,416617E-1;;
30/11/2021  10:22:48,669522;9,547338E-1;1,139925E-1;9,308886E-2;9,416557E-1;;
30/11/2021  10:22:48,669622;9,544417E-1;1,343816E-1;1,382671E-1;9,416738E-1;;
30/11/2021  10:22:48,669722;9,535953E-1;1,366117E-1;1,379512E-1;9,417161E-1;;
30/11/2021  10:22:48,669822;9,535685E-1;1,280100E-1;1,196272E-1;9,417822E-1;;
30/11/2021  10:22:48,669922;9,533927E-1;1,382046E-1;1,322644E-1;9,418716E-1;;
30/11/2021  10:22:48,670022;9,537533E-1;1,426647E-1;1,401627E-1;9,419837E-1;;
30/11/2021  10:22:48,670122;9,536877E-1;1,222756E-1;1,148882E-1;9,421177E-1;;
30/11/2021  10:22:48,670222;9,536013E-1;1,197269E-1;1,265777E-1;9,422726E-1;;
30/11/2021  10:22:48,670322;9,524688E-1;1,190898E-1;1,249980E-1;9,424476E-1;;
30/11/2021  10:22:48,670422;9,521081E-1;1,225942E-1;1,186794E-1;9,426414E-1;;
30/11/2021  10:22:48,670522;9,516730E-1;1,006121E-1;1,095173E-1;9,428526E-1;;
30/11/2021  10:22:48,670622;9,519174E-1;7,289568E-2;1,341600E-1;9,430797E-1;;
30/11/2021  10:22:48,670722;9,522601E-1;1,009307E-1;9,656411E-2;9,433214E-1;;
30/11/2021  10:22:48,670822;9,516343E-1;1,181340E-1;1,155200E-1;9,435761E-1;;
30/11/2021  10:22:48,670922;9,517863E-1;9,965640E-2;1,126766E-1;9,438424E-1;;
30/11/2021  10:22:48,671022;9,509220E-1;9,870066E-2;1,000394E-1;9,441187E-1;;
30/11/2021  10:22:48,671122;9,508654E-1;1,069837E-1;1,240502E-1;9,444036E-1;;
30/11/2021  10:22:48,671222;9,501948E-1;1,350188E-1;1,534319E-1;9,446955E-1;;
30/11/2021  10:22:48,671322;9,514763E-1;7,321426E-2;1,152041E-1;9,449929E-1;;
30/11/2021  10:22:48,671422;9,516492E-1;1,184526E-1;1,278414E-1;9,452942E-1;;
30/11/2021  10:22:48,671522;9,508326E-1;1,442576E-1;1,708081E-1;9,455983E-1;;
30/11/2021  10:22:48,671622;9,498759E-1;2,159381E-1;1,831295E-1;9,459038E-1;;
30/11/2021  10:22:48,671722;9,487076E-1;1,468062E-1;1,328963E-1;9,462095E-1;;
30/11/2021  10:22:48,671822;9,487225E-1;1,757970E-1;1,521681E-1;9,465137E-1;;
30/11/2021  10:22:48,671922;9,485348E-1;1,847173E-1;1,619620E-1;9,468150E-1;;
30/11/2021  10:22:48,672022;9,482278E-1;1,646467E-1;1,546956E-1;9,471120E-1;;
30/11/2021  10:22:48,672122;9,483589E-1;1,589123E-1;1,464814E-1;9,474032E-1;;
30/11/2021  10:22:48,672222;9,485497E-1;7,608148E-2;4,096008E-2;9,476875E-1;;
30/11/2021  10:22:48,672322;9,481771E-1;1,286472E-1;1,284732E-1;9,479638E-1;;
30/11/2021  10:22:48,672422;9,478553E-1;1,229127E-1;1,174156E-1;9,482310E-1;;
30/11/2021  10:22:48,672522;9,478076E-1;1,305587E-1;1,398468E-1;9,484883E-1;;
30/11/2021  10:22:48,672622;9,482040E-1;9,615202E-2;1,016190E-1;9,487348E-1;;
30/11/2021  10:22:48,672722;9,490176E-1;1,840801E-1;1,951349E-1;9,489699E-1;;
30/11/2021  10:22:48,672822;9,494259E-1;1,356559E-1;1,521681E-1;9,491931E-1;;
30/11/2021  10:22:48,672922;9,490802E-1;1,031608E-1;1,275255E-1;9,494041E-1;;
30/11/2021  10:22:48,673022;9,488209E-1;1,334259E-1;1,335282E-1;9,496028E-1;;
30/11/2021  10:22:48,673122;9,478761E-1;1,353374E-1;1,262617E-1;9,497890E-1;;
30/11/2021  10:22:48,673222;9,479000E-1;1,092138E-1;1,180475E-1;9,499625E-1;;
30/11/2021  10:22:48,673322;9,479089E-1;1,245056E-1;1,452176E-1;9,501231E-1;;
30/11/2021  10:22:48,673422;9,487195E-1;1,452133E-1;1,341600E-1;9,502706E-1;;
30/11/2021  10:22:48,673522;9,475721E-1;1,260985E-1;1,303688E-1;9,504050E-1;;
30/11/2021  10:22:48,673622;9,472443E-1;2,925022E-2;2,389975E-2;9,505264E-1;;
30/11/2021  10:22:48,673722;9,466393E-1;1,356559E-1;1,291051E-1;9,506347E-1;;
30/11/2021  10:22:48,673822;9,464933E-1;1,238685E-1;1,148882E-1;9,507297E-1;;
30/11/2021  10:22:48,673922;9,456230E-1;1,155854E-1;1,139404E-1;9,508113E-1;;
30/11/2021  10:22:48,674022;9,465052E-1;1,276914E-1;1,243661E-1;9,508796E-1;;
30/11/2021  10:22:48,674122;9,465290E-1;1,331073E-1;1,395309E-1;9,509343E-1;;
30/11/2021  10:22:48,674222;9,465111E-1;9,360338E-2;8,677022E-2;9,509758E-1;;
30/11/2021  10:22:48,674322;9,464635E-1;1,203641E-1;1,467973E-1;9,510042E-1;;
30/11/2021  10:22:48,674422;9,461833E-1;1,248242E-1;1,379512E-1;9,510198E-1;;
30/11/2021  10:22:48,674522;9,462221E-1;1,216384E-1;1,237343E-1;9,510228E-1;;
30/11/2021  10:22:48,674622;9,467436E-1;1,340630E-1;1,303688E-1;9,510138E-1;;
30/11/2021  10:22:48,674722;9,472503E-1;1,315144E-1;1,310007E-1;9,509930E-1;;
30/11/2021  10:22:48,674822;9,476586E-1;1,241871E-1;1,205749E-1;9,509611E-1;;
30/11/2021  10:22:48,674922;9,472711E-1;1,327887E-1;1,221546E-1;9,509189E-1;;
30/11/2021  10:22:48,675022;9,468002E-1;1,235499E-1;1,193112E-1;9,508670E-1;;
30/11/2021  10:22:48,675122;9,465558E-1;1,241871E-1;1,189953E-1;9,508060E-1;;
30/11/2021  10:22:48,675222;9,460403E-1;1,308772E-1;1,259458E-1;9,507365E-1;;
30/11/2021  10:22:48,675322;9,458883E-1;1,592309E-1;1,433221E-1;9,506589E-1;;
30/11/2021  10:22:48,675422;9,460850E-1;1,311958E-1;1,401627E-1;9,505738E-1;;
30/11/2021  10:22:48,675522;9,458525E-1;1,267357E-1;1,313166E-1;9,504816E-1;;
30/11/2021  10:22:48,675622;9,453369E-1;1,423461E-1;1,442698E-1;9,503827E-1;;
30/11/2021  10:22:48,675722;9,438885E-1;2,009648E-1;1,657532E-1;9,502774E-1;;
30/11/2021  10:22:48,675822;9,428394E-1;1,260985E-1;1,442698E-1;9,501660E-1;;
30/11/2021  10:22:48,675922;9,432567E-1;1,382046E-1;1,505885E-1;9,500484E-1;;
30/11/2021  10:22:48,676022;9,427262E-1;1,343816E-1;1,360556E-1;9,499247E-1;;
30/11/2021  10:22:48,676122;9,425026E-1;1,273729E-1;1,249980E-1;9,497947E-1;;
30/11/2021  10:22:48,676222;9,423268E-1;1,299215E-1;1,278414E-1;9,496586E-1;;
30/11/2021  10:22:48,676322;9,414715E-1;1,229127E-1;1,025668E-1;9,495164E-1;;
30/11/2021  10:22:48,676422;9,403121E-1;1,576380E-1;1,894481E-1;9,493680E-1;;
30/11/2021  10:22:48,676522;9,396535E-1;2,146638E-1;2,453681E-1;9,492132E-1;;
30/11/2021  10:22:48,676622;9,396416E-1;1,229127E-1;1,205749E-1;9,490518E-1;;
30/11/2021  10:22:48,676722;9,403091E-1;1,213198E-1;1,202590E-1;9,488837E-1;;
30/11/2021  10:22:48,676822;9,412122E-1;5,186940E-2;9,340479E-2;9,487088E-1;;
30/11/2021  10:22:48,676922;9,407502E-1;1,283286E-1;1,095173E-1;9,485272E-1;;
30/11/2021  10:22:48,677022;9,405833E-1;-3,777220E-4;5,644075E-2;9,483394E-1;;
30/11/2021  10:22:48,677122;9,409290E-1;1,531778E-1;1,325804E-1;9,481456E-1;;
30/11/2021  10:22:48,677222;9,410155E-1;8,340882E-2;1,253139E-1;9,479462E-1;;
30/11/2021  10:22:48,677322;9,413165E-1;1,496735E-1;1,878685E-1;9,477418E-1;;
30/11/2021  10:22:48,677422;9,420407E-1;1,057094E-1;1,496407E-1;9,475330E-1;;
30/11/2021  10:22:48,677522;9,422374E-1;1,159040E-1;1,231024E-1;9,473203E-1;;
30/11/2021  10:22:48,677622;9,426278E-1;1,372488E-1;1,559593E-1;9,471046E-1;;
30/11/2021  10:22:48,677722;9,423655E-1;1,267357E-1;1,328963E-1;9,468867E-1;;
30/11/2021  10:22:48,677822;9,427351E-1;1,585937E-1;1,591187E-1;9,466675E-1;;
30/11/2021  10:22:48,677922;9,421599E-1;1,140974E-2;2,137230E-2;9,464477E-1;;
30/11/2021  10:22:48,678022;9,421301E-1;1,417090E-1;1,373193E-1;9,462281E-1;;
30/11/2021  10:22:48,678122;9,427142E-1;9,583344E-2;9,150920E-2;9,460093E-1;;
30/11/2021  10:22:48,678222;9,422135E-1;1,426647E-1;1,347919E-1;9,457919E-1;;
30/11/2021  10:22:48,678322;9,421361E-1;1,413904E-1;1,145722E-1;9,455767E-1;;
30/11/2021  10:22:48,678422;9,418917E-1;1,238685E-1;1,227865E-1;9,453641E-1;;
30/11/2021  10:22:48,678522;9,420616E-1;-1,758104E-2;8,139938E-2;9,451546E-1;;
30/11/2021  10:22:48,678622;9,418231E-1;1,213198E-1;1,420583E-1;9,449486E-1;;
30/11/2021  10:22:48,678722;9,427977E-1;8,978042E-2;7,634447E-2;9,447466E-1;;
30/11/2021  10:22:48,678822;9,430957E-1;1,073023E-1;1,240502E-1;9,445489E-1;;
30/11/2021  10:22:48,678922;9,435904E-1;1,152668E-1;1,373193E-1;9,443562E-1;;
30/11/2021  10:22:48,679022;9,437335E-1;1,257800E-1;1,572231E-1;9,441690E-1;;
30/11/2021  10:22:48,679122;9,440792E-1;-8,342222E-3;2,516348E-2;9,439879E-1;;
30/11/2021  10:22:48,679222;9,444220E-1;8,978042E-2;8,961361E-2;9,438135E-1;;
30/11/2021  10:22:48,679322;9,447945E-1;1,041165E-1;1,167838E-1;9,436464E-1;;
30/11/2021  10:22:48,679422;9,462995E-1;1,053908E-1;1,148882E-1;9,434872E-1;;
30/11/2021  10:22:48,679522;9,468688E-1;1,092138E-1;1,164678E-1;9,433366E-1;;
30/11/2021  10:22:48,679622;9,480639E-1;1,082581E-1;1,183634E-1;9,431954E-1;;
30/11/2021  10:22:48,679722;9,476258E-1;1,044351E-1;1,133085E-1;9,430646E-1;;
30/11/2021  10:22:48,679822;9,475215E-1;1,427696E-2;6,433905E-2;9,429449E-1;;
30/11/2021  10:22:48,679922;9,483291E-1;1,127182E-1;1,013031E-1;9,428370E-1;;
30/11/2021  10:22:48,680022;9,485377E-1;1,372488E-1;1,246821E-1;9,427415E-1;;
30/11/2021  10:22:48,680122;9,497448E-1;1,522221E-1;1,733356E-1;9,426590E-1;;
30/11/2021  10:22:48,680222;9,496911E-1;1,710183E-1;1,676488E-1;9,425901E-1;;
30/11/2021  10:22:48,680322;9,497328E-1;1,716555E-1;1,572231E-1;9,425352E-1;;
30/11/2021  10:22:48,680422;9,500160E-1;1,525407E-1;1,395309E-1;9,424948E-1;;
30/11/2021  10:22:48,680522;9,498372E-1;1,375674E-1;1,347919E-1;9,424693E-1;;
30/11/2021  10:22:48,680622;9,492292E-1;2,044692E-1;2,099837E-1;9,424586E-1;;
30/11/2021  10:22:48,680722;9,493633E-1;1,187712E-1;1,262617E-1;9,424629E-1;;
30/11/2021  10:22:48,680822;9,502365E-1;1,245056E-1;1,243661E-1;9,424820E-1;;
30/11/2021  10:22:48,680922;9,501471E-1;1,315144E-1;1,395309E-1;9,425156E-1;;
30/11/2021  10:22:48,681022;9,498014E-1;1,311958E-1;1,262617E-1;9,425636E-1;;
30/11/2021  10:22:48,681122;9,498908E-1;9,774492E-2;9,940750E-2;9,426257E-1;;
30/11/2021  10:22:48,681222;9,489252E-1;1,238685E-1;1,155200E-1;9,427013E-1;;
30/11/2021  10:22:48,681322;9,494557E-1;1,254614E-1;1,212068E-1;9,427900E-1;;
30/11/2021  10:22:48,681422;9,501948E-1;1,219570E-1;1,205749E-1;9,428911E-1;;
30/11/2021  10:22:48,681522;9,505942E-1;2,287862E-2;8,803395E-2;9,430039E-1;;
30/11/2021  10:22:48,681622;9,507372E-1;1,101695E-1;9,877564E-2;9,431281E-1;;
30/11/2021  10:22:48,681722;9,502842E-1;1,260985E-1;1,332122E-1;9,432630E-1;;
30/11/2021  10:22:48,681822;9,504690E-1;1,181340E-1;1,183634E-1;9,434081E-1;;
30/11/2021  10:22:48,681922;9,502246E-1;1,101695E-1;1,129926E-1;9,435628E-1;;
30/11/2021  10:22:48,682022;9,507283E-1;1,289658E-1;1,328963E-1;9,437264E-1;;
30/11/2021  10:22:48,682122;9,512141E-1;1,235499E-1;1,306848E-1;9,438982E-1;;
30/11/2021  10:22:48,682222;9,519651E-1;1,225942E-1;1,060421E-1;9,440777E-1;;
30/11/2021  10:22:48,682322;9,520724E-1;1,225942E-1;1,284732E-1;9,442645E-1;;
30/11/2021  10:22:48,682422;9,512439E-1;1,251428E-1;1,272095E-1;9,444579E-1;;
30/11/2021  10:22:48,682522;9,514972E-1;1,302401E-1;1,259458E-1;9,446576E-1;;
30/11/2021  10:22:48,682622;9,502842E-1;1,206827E-1;1,180475E-1;9,448629E-1;;
30/11/2021  10:22:48,682722;9,515002E-1;-1,439524E-2;4,854245E-2;9,450731E-1;;
30/11/2021  10:22:48,682822;9,522065E-1;1,187712E-1;1,376353E-1;9,452874E-1;;
30/11/2021  10:22:48,682922;9,521320E-1;1,159040E-1;1,069899E-1;9,455053E-1;;
30/11/2021  10:22:48,683022;9,531214E-1;9,901924E-2;8,329497E-2;9,457263E-1;;
30/11/2021  10:22:48,683122;9,521886E-1;1,178155E-1;1,092014E-1;9,459501E-1;;
30/11/2021  10:22:48,683222;9,517088E-1;1,321516E-1;1,401627E-1;9,461762E-1;;
30/11/2021  10:22:48,683322;9,514495E-1;1,401161E-1;1,480610E-1;9,464041E-1;;
30/11/2021  10:22:48,683422;9,525939E-1;7,448858E-2;8,708615E-2;9,466330E-1;;
30/11/2021  10:22:48,683522;9,525105E-1;1,270543E-1;1,303688E-1;9,468626E-1;;
30/11/2021  10:22:48,683622;9,528622E-1;1,225942E-1;1,259458E-1;9,470923E-1;;
30/11/2021  10:22:48,683722;9,520962E-1;1,143111E-1;1,196272E-1;9,473218E-1;;
30/11/2021  10:22:48,683822;9,513362E-1;1,321516E-1;1,284732E-1;9,475505E-1;;
30/11/2021  10:22:48,683922;9,508564E-1;1,382046E-1;1,373193E-1;9,477778E-1;;
30/11/2021  10:22:48,684022;9,504213E-1;1,305587E-1;1,322644E-1;9,480031E-1;;
30/11/2021  10:22:48,684122;9,509935E-1;1,245056E-1;1,234183E-1;9,482256E-1;;
30/11/2021  10:22:48,684222;9,513184E-1;1,184526E-1;1,050943E-1;9,484446E-1;;
30/11/2021  10:22:48,684322;9,508534E-1;1,245056E-1;8,898175E-2;9,486594E-1;;
30/11/2021  10:22:48,684422;9,506329E-1;1,544522E-1;1,534319E-1;9,488697E-1;;
30/11/2021  10:22:48,684522;9,501948E-1;7,894870E-2;8,361090E-2;9,490748E-1;;
30/11/2021  10:22:48,684622;9,497597E-1;1,203641E-1;1,363715E-1;9,492741E-1;;
30/11/2021  10:22:48,684722;9,498759E-1;1,503106E-1;1,388990E-1;9,494670E-1;;
30/11/2021  10:22:48,684822;9,506746E-1;1,503106E-1;1,407946E-1;9,496531E-1;;
30/11/2021  10:22:48,684922;9,514018E-1;1,235499E-1;1,272095E-1;9,498319E-1;;
30/11/2021  10:22:48,685022;9,507551E-1;1,101695E-1;1,338441E-1;9,500032E-1;;
30/11/2021  10:22:48,685122;9,507461E-1;1,260985E-1;1,234183E-1;9,501669E-1;;
30/11/2021  10:22:48,685222;9,503975E-1;1,248242E-1;1,294210E-1;9,503228E-1;;
30/11/2021  10:22:48,685322;9,502455E-1;1,213198E-1;1,256299E-1;9,504708E-1;;
30/11/2021  10:22:48,685422;9,504630E-1;1,491412E-2;7,476481E-2;9,506106E-1;;
30/11/2021  10:22:48,685522;9,507253E-1;1,311958E-1;1,170997E-1;9,507423E-1;;
30/11/2021  10:22:48,685622;9,515478E-1;1,324701E-1;1,316326E-1;9,508657E-1;;
30/11/2021  10:22:48,685722;9,514555E-1;1,292843E-1;1,215227E-1;9,509810E-1;;
30/11/2021  10:22:48,685822;9,512349E-1;1,347002E-1;1,332122E-1;9,510885E-1;;
30/11/2021  10:22:48,685922;9,507253E-1;9,870066E-2;1,031987E-1;9,511882E-1;;
30/11/2021  10:22:48,686022;9,507104E-1;1,445762E-1;1,496407E-1;9,512804E-1;;
30/11/2021  10:22:48,686122;9,513869E-1;1,187712E-1;1,148882E-1;9,513652E-1;;
30/11/2021  10:22:48,686222;9,519442E-1;1,713369E-1;1,635417E-1;9,514427E-1;;
30/11/2021  10:22:48,686322;9,518667E-1;1,413904E-1;1,328963E-1;9,515133E-1;;
30/11/2021  10:22:48,686422;9,513899E-1;1,347002E-1;1,588027E-1;9,515773E-1;;
30/11/2021  10:22:48,686522;9,502842E-1;1,433019E-1;1,461654E-1;9,516351E-1;;
30/11/2021  10:22:48,686622;9,502455E-1;1,235499E-1;1,265777E-1;9,516867E-1;;
30/11/2021  10:22:48,686722;9,494616E-1;1,264171E-1;1,284732E-1;9,517323E-1;;
30/11/2021  10:22:48,686822;9,495868E-1;1,133553E-1;1,234183E-1;9,517717E-1;;
30/11/2021  10:22:48,686922;9,495391E-1;1,076209E-1;9,340479E-2;9,518049E-1;;
30/11/2021  10:22:48,687022;9,488388E-1;1,143111E-1;1,268936E-1;9,518319E-1;;
30/11/2021  10:22:48,687122;9,482546E-1;1,133553E-1;1,272095E-1;9,518525E-1;;
30/11/2021  10:22:48,687222;9,472830E-1;8,914326E-2;1,003553E-1;9,518665E-1;;
30/11/2021  10:22:48,687322;9,469701E-1;1,041165E-1;1,186794E-1;9,518738E-1;;
30/11/2021  10:22:48,687422;9,474708E-1;5,123224E-2;9,624818E-2;9,518739E-1;;
30/11/2021  10:22:48,687522;9,477420E-1;1,002936E-1;1,205749E-1;9,518667E-1;;
30/11/2021  10:22:48,687622;9,479774E-1;1,178155E-1;1,742834E-1;9,518520E-1;;
30/11/2021  10:22:48,687722;9,475215E-1;1,044351E-1;1,240502E-1;9,518300E-1;;
30/11/2021  10:22:48,687822;9,468837E-1;1,092138E-1;1,013031E-1;9,518006E-1;;
30/11/2021  10:22:48,687922;9,458912E-1;3,763818E-3;1,360556E-1;9,517638E-1;;
30/11/2021  10:22:48,688022;9,459866E-1;1,286472E-1;1,524841E-1;9,517196E-1;;
30/11/2021  10:22:48,688122;9,463442E-1;1,152668E-1;1,265777E-1;9,516679E-1;;
30/11/2021  10:22:48,688222;9,471161E-1;1,327887E-1;1,395309E-1;9,516086E-1;;
30/11/2021  10:22:48,688322;9,474291E-1;1,388417E-1;1,401627E-1;9,515420E-1;;
30/11/2021  10:22:48,688422;9,469552E-1;1,506292E-1;1,253139E-1;9,514683E-1;;
30/11/2021  10:22:48,688522;9,457541E-1;2,063807E-1;1,897641E-1;9,513879E-1;;
30/11/2021  10:22:48,688622;9,457035E-1;1,729298E-1;1,588027E-1;9,513011E-1;;
30/11/2021  10:22:48,688722;9,454770E-1;1,417090E-1;1,417424E-1;9,512078E-1;;
30/11/2021  10:22:48,688822;9,462012E-1;1,245056E-1;1,199431E-1;9,511084E-1;;
30/11/2021  10:22:48,688922;9,459389E-1;1,159040E-1;1,319485E-1;9,510030E-1;;
30/11/2021  10:22:48,689022;9,456945E-1;1,206827E-1;1,110970E-1;9,508919E-1;;
30/11/2021  10:22:48,689122;9,455187E-1;1,245056E-1;1,357397E-1;9,507754E-1;;
30/11/2021  10:22:48,689222;9,442163E-1;1,280100E-1;1,351078E-1;9,506538E-1;;
30/11/2021  10:22:48,689322;9,440613E-1;1,477620E-1;1,663851E-1;9,505271E-1;;
30/11/2021  10:22:48,689422;9,432328E-1;1,273729E-1;1,259458E-1;9,503956E-1;;
30/11/2021  10:22:48,689522;9,438855E-1;2,489498E-3;9,530039E-2;9,502591E-1;;
30/11/2021  10:22:48,689622;9,438527E-1;1,324701E-1;1,328963E-1;9,501176E-1;;
30/11/2021  10:22:48,689722;9,436828E-1;1,531778E-1;1,806020E-1;9,499714E-1;;
30/11/2021  10:22:48,689822;9,431792E-1;1,149482E-1;8,519056E-2;9,498206E-1;;
30/11/2021  10:22:48,689922;9,425324E-1;1,098510E-1;1,407946E-1;9,496653E-1;;
30/11/2021  10:22:48,690022;9,419185E-1;9,965640E-2;1,123607E-1;9,495057E-1;;
30/11/2021  10:22:48,690122;9,427649E-1;1,439390E-1;1,404787E-1;9,493416E-1;;
30/11/2021  10:22:48,690222;9,437454E-1;7,289568E-2;6,465498E-2;9,491734E-1;;
30/11/2021  10:22:48,690322;9,440584E-1;1,289658E-1;1,212068E-1;9,490012E-1;;
30/11/2021  10:22:48,690422;9,440911E-1;1,260985E-1;8,803395E-2;9,488256E-1;;
30/11/2021  10:22:48,690522;9,442104E-1;1,369303E-1;1,474292E-1;9,486472E-1;;
30/11/2021  10:22:48,690622;9,437067E-1;1,245056E-1;1,297370E-1;9,484665E-1;;
30/11/2021  10:22:48,690722;9,442461E-1;1,311958E-1;1,493248E-1;9,482842E-1;;
30/11/2021  10:22:48,690822;9,452296E-1;1,327887E-1;1,354238E-1;9,481006E-1;;
30/11/2021  10:22:48,690922;9,464426E-1;1,098510E-1;1,186794E-1;9,479167E-1;;
30/11/2021  10:22:48,691022;9,468688E-1;1,375674E-1;1,521681E-1;9,477332E-1;;
30/11/2021  10:22:48,691122;9,471161E-1;1,687883E-1;1,913437E-1;9,475512E-1;;
30/11/2021  10:22:48,691222;9,471817E-1;1,308772E-1;1,338441E-1;9,473717E-1;;
30/11/2021  10:22:48,691322;9,465260E-1;1,108067E-1;1,136244E-1;9,471956E-1;;
30/11/2021  10:22:48,691422;9,477450E-1;1,340630E-1;1,325804E-1;9,470238E-1;;
30/11/2021  10:22:48,691522;9,480698E-1;1,296029E-1;1,303688E-1;9,468570E-1;;
30/11/2021  10:22:48,691622;9,487255E-1;1,362931E-1;1,291051E-1;9,466962E-1;;
30/11/2021  10:22:48,691722;9,485079E-1;1,028422E-1;1,031987E-1;9,465421E-1;;
30/11/2021  10:22:48,691822;9,486838E-1;1,047537E-1;1,016190E-1;9,463956E-1;;
30/11/2021  10:22:48,691922;9,480311E-1;1,401161E-1;1,411105E-1;9,462573E-1;;
30/11/2021  10:22:48,692022;9,478523E-1;7,130278E-2;8,992954E-2;9,461278E-1;;
30/11/2021  10:22:48,692122;9,485646E-1;1,181340E-1;1,126766E-1;9,460074E-1;;
30/11/2021  10:22:48,692222;9,497895E-1;9,169190E-2;1,155200E-1;9,458965E-1;;
30/11/2021  10:22:48,692322;9,499295E-1;1,531778E-1;1,701763E-1;9,457956E-1;;
30/11/2021  10:22:48,692422;9,500041E-1;1,241871E-1;1,509044E-1;9,457050E-1;;
30/11/2021  10:22:48,692522;9,495809E-1;1,149482E-1;1,145722E-1;9,456253E-1;;
30/11/2021  10:22:48,692622;9,495600E-1;1,283286E-1;1,136244E-1;9,455566E-1;;
30/11/2021  10:22:48,692722;9,497120E-1;1,337445E-1;1,287892E-1;9,454992E-1;;
30/11/2021  10:22:48,692822;9,509220E-1;1,311958E-1;1,338441E-1;9,454531E-1;;
30/11/2021  10:22:48,692922;9,515806E-1;1,283286E-1;1,231024E-1;9,454184E-1;;
30/11/2021  10:22:48,693022;9,521350E-1;1,382046E-1;1,486929E-1;9,453955E-1;;
30/11/2021  10:22:48,693122;9,520098E-1;1,343816E-1;1,174156E-1;9,453846E-1;;
30/11/2021  10:22:48,693222;9,516164E-1;7,905358E-3;4,885838E-2;9,453858E-1;;
30/11/2021  10:22:48,693322;9,517714E-1;9,838208E-2;9,277293E-2;9,453993E-1;;
30/11/2021  10:22:48,693422;9,516730E-1;1,229127E-1;1,145722E-1;9,454250E-1;;
30/11/2021  10:22:48,693522;9,523078E-1;1,289658E-1;1,265777E-1;9,454627E-1;;
30/11/2021  10:22:48,693622;9,532556E-1;1,315144E-1;1,499566E-1;9,455122E-1;;
30/11/2021  10:22:48,693722;9,539082E-1;8,659462E-2;8,740209E-2;9,455736E-1;;
30/11/2021  10:22:48,693822;9,537712E-1;1,337445E-1;1,392149E-1;9,456468E-1;;
30/11/2021  10:22:48,693922;9,540483E-1;1,512664E-1;1,534319E-1;9,457317E-1;;
30/11/2021  10:22:48,694022;9,530916E-1;1,267357E-1;1,303688E-1;9,458283E-1;;
30/11/2021  10:22:48,694122;9,536221E-1;1,359745E-1;1,325804E-1;9,459363E-1;;
30/11/2021  10:22:48,694222;9,546503E-1;1,225942E-1;1,224705E-1;9,460554E-1;;
30/11/2021  10:22:48,694322;9,545639E-1;1,302401E-1;1,170997E-1;9,461851E-1;;
30/11/2021  10:22:48,694422;9,544209E-1;1,267357E-1;1,297370E-1;9,463253E-1;;
30/11/2021  10:22:48,694522;9,545848E-1;1,327887E-1;1,272095E-1;9,464756E-1;;
30/11/2021  10:22:48,694622;9,533956E-1;1,245056E-1;1,110970E-1;9,466355E-1;;
30/11/2021  10:22:48,694722;9,529635E-1;1,321516E-1;1,240502E-1;9,468045E-1;;
30/11/2021  10:22:48,694822;9,530797E-1;1,570008E-1;1,259458E-1;9,469818E-1;;
30/11/2021  10:22:48,694922;9,536013E-1;9,455912E-2;9,656411E-2;9,471664E-1;;
30/11/2021  10:22:48,695022;9,536132E-1;1,018865E-1;7,508074E-2;9,473577E-1;;
30/11/2021  10:22:48,695122;9,535774E-1;1,136739E-1;9,624818E-2;9,475549E-1;;
30/11/2021  10:22:48,695222;9,529277E-1;1,034794E-1;1,054102E-1;9,477573E-1;;
30/11/2021  10:22:48,695322;9,526118E-1;1,289658E-1;1,360556E-1;9,479640E-1;;
30/11/2021  10:22:48,695422;9,519562E-1;1,203641E-1;1,262617E-1;9,481741E-1;;
30/11/2021  10:22:48,695522;9,520485E-1;9,519628E-2;1,107811E-1;9,483867E-1;;
30/11/2021  10:22:48,695622;9,524628E-1;1,152668E-1;1,189953E-1;9,486008E-1;;
30/11/2021  10:22:48,695722;9,527131E-1;1,076209E-1;1,167838E-1;9,488155E-1;;
30/11/2021  10:22:48,695822;9,516373E-1;1,057094E-1;1,152041E-1;9,490300E-1;;
30/11/2021  10:22:48,695922;9,517654E-1;1,028422E-1;1,082536E-1;9,492435E-1;;
30/11/2021  10:22:48,696022;9,508743E-1;1,034794E-1;1,114129E-1;9,494552E-1;;
30/11/2021  10:22:48,696122;9,508654E-1;1,044351E-1;1,092014E-1;9,496641E-1;;
30/11/2021  10:22:48,696222;9,514078E-1;1,037979E-1;1,117289E-1;9,498693E-1;;
30/11/2021  10:22:48,696322;9,514644E-1;8,818752E-2;8,708615E-2;9,500701E-1;;
30/11/2021  10:22:48,696422;9,518638E-1;1,468062E-1;2,046129E-1;9,502659E-1;;
30/11/2021  10:22:48,696522;9,517296E-1;1,697440E-1;1,622780E-1;9,504561E-1;;
30/11/2021  10:22:48,696622;9,513601E-1;7,576290E-2;1,167838E-1;9,506404E-1;;
30/11/2021  10:22:48,696722;9,505465E-1;1,547707E-1;1,515363E-1;9,508182E-1;;
30/11/2021  10:22:48,696822;9,510025E-1;1,611423E-1;1,531159E-1;9,509890E-1;;
30/11/2021  10:22:48,696922;9,515180E-1;1,296029E-1;1,553275E-1;9,511525E-1;;
30/11/2021  10:22:48,697022;9,516164E-1;1,576380E-1;1,461654E-1;9,513084E-1;;
30/11/2021  10:22:48,697122;9,514823E-1;1,646467E-1;1,745993E-1;9,514563E-1;;
30/11/2021  10:22:48,697222;9,516253E-1;1,343816E-1;1,328963E-1;9,515963E-1;;
30/11/2021  10:22:48,697322;9,504362E-1;1,299215E-1;1,281573E-1;9,517281E-1;;
30/11/2021  10:22:48,697422;9,498103E-1;1,260985E-1;1,237343E-1;9,518517E-1;;
30/11/2021  10:22:48,697522;9,504779E-1;1,684697E-1;1,449017E-1;9,519666E-1;;
30/11/2021  10:22:48,697622;9,509130E-1;1,232313E-1;1,104651E-1;9,520728E-1;;
30/11/2021  10:22:48,697722;9,506120E-1;1,337445E-1;1,395309E-1;9,521701E-1;;
30/11/2021  10:22:48,697822;9,499057E-1;1,136739E-1;1,085695E-1;9,522585E-1;;
30/11/2021  10:22:48,697922;9,492947E-1;1,343816E-1;1,300529E-1;9,523379E-1;;
30/11/2021  10:22:48,698022;9,490027E-1;9,328480E-2;1,025668E-1;9,524082E-1;;
30/11/2021  10:22:48,698122;9,484483E-1;1,229127E-1;1,376353E-1;9,524692E-1;;
30/11/2021  10:22:48,698222;9,479476E-1;1,098510E-1;1,066739E-1;9,525206E-1;;
30/11/2021  10:22:48,698322;9,488119E-1;1,557265E-1;1,505885E-1;9,525623E-1;;
30/11/2021  10:22:48,698422;9,483947E-1;1,254614E-1;1,117289E-1;9,525942E-1;;
30/11/2021  10:22:48,698522;9,475483E-1;1,324701E-1;1,673329E-1;9,526160E-1;;
30/11/2021  10:22:48,698622;9,473933E-1;1,324701E-1;1,559593E-1;9,526279E-1;;
30/11/2021  10:22:48,698722;9,464992E-1;1,267357E-1;1,287892E-1;9,526297E-1;;
30/11/2021  10:22:48,698822;9,464575E-1;1,248242E-1;1,199431E-1;9,526213E-1;;
30/11/2021  10:22:48,698922;9,462578E-1;1,232313E-1;1,224705E-1;9,526025E-1;;
30/11/2021  10:22:48,699022;9,471996E-1;1,159040E-1;1,073058E-1;9,525732E-1;;
30/11/2021  10:22:48,699122;9,466155E-1;1,315144E-1;1,221546E-1;9,525336E-1;;
30/11/2021  10:22:48,699222;9,462846E-1;1,448948E-1;1,534319E-1;9,524837E-1;;
30/11/2021  10:22:48,699322;9,452803E-1;1,130368E-1;1,164678E-1;9,524238E-1;;
30/11/2021  10:22:48,699422;9,446902E-1;1,155854E-1;1,123607E-1;9,523539E-1;;
30/11/2021  10:22:48,699522;9,448273E-1;6,716124E-2;8,582243E-2;9,522740E-1;;
30/11/2021  10:22:48,699622;9,447647E-1;1,337445E-1;1,433221E-1;9,521842E-1;;
30/11/2021  10:22:48,699722;9,447081E-1;8,436456E-2;1,088855E-1;9,520845E-1;;
30/11/2021  10:22:48,699822;9,438020E-1;6,270112E-2;8,234717E-2;9,519751E-1;;
30/11/2021  10:22:48,699922;9,430391E-1;1,002936E-1;8,234717E-2;9,518562E-1;;
30/11/2021  10:22:48,700022;9,419334E-1;1,347002E-1;1,376353E-1;9,517276E-1;;
30/11/2021  10:22:48,700122;9,405356E-1;1,700626E-1;1,783905E-1;9,515895E-1;;
30/11/2021  10:22:48,700222;9,403598E-1;1,289658E-1;1,376353E-1;9,514414E-1;;
30/11/2021  10:22:48,700322;9,404164E-1;1,257800E-1;1,227865E-1;9,512832E-1;;
30/11/2021  10:22:48,700422;9,398770E-1;1,280100E-1;1,332122E-1;9,511146E-1;;
30/11/2021  10:22:48,700522;9,387653E-1;1,264171E-1;1,047783E-1;9,509355E-1;;
30/11/2021  10:22:48,700622;9,383302E-1;1,512664E-1;1,897641E-1;9,507458E-1;;
30/11/2021  10:22:48,700722;9,373586E-1;1,324701E-1;1,199431E-1;9,505452E-1;;
30/11/2021  10:22:48,700822;9,374480E-1;1,123996E-1;1,133085E-1;9,503336E-1;;
30/11/2021  10:22:48,700922;9,370040E-1;1,245056E-1;1,259458E-1;9,501107E-1;;
30/11/2021  10:22:48,701022;9,366344E-1;8,723178E-2;1,430061E-1;9,498766E-1;;
30/11/2021  10:22:48,701122;9,368729E-1;9,997498E-2;1,095173E-1;9,496313E-1;;
30/11/2021  10:22:48,701222;9,363841E-1;1,136739E-1;1,262617E-1;9,493748E-1;;
30/11/2021  10:22:48,701322;9,363245E-1;1,245056E-1;1,328963E-1;9,491074E-1;;
30/11/2021  10:22:48,701422;9,361397E-1;1,426647E-1;1,436380E-1;9,488293E-1;;
30/11/2021  10:22:48,701522;9,354602E-1;1,286472E-1;1,253139E-1;9,485409E-1;;
30/11/2021  10:22:48,701622;9,356509E-1;1,034794E-1;1,796542E-1;9,482426E-1;;
30/11/2021  10:22:48,701722;9,361308E-1;1,273729E-1;1,259458E-1;9,479347E-1;;
30/11/2021  10:22:48,701822;9,357523E-1;1,343816E-1;1,382671E-1;9,476179E-1;;
30/11/2021  10:22:48,701922;9,357314E-1;1,184526E-1;1,253139E-1;9,472927E-1;;
30/11/2021  10:22:48,702022;9,353887E-1;1,404346E-1;1,490088E-1;9,469599E-1;;
30/11/2021  10:22:48,702122;9,346555E-1;1,630538E-1;2,052447E-1;9,466200E-1;;
30/11/2021  10:22:48,702222;9,348224E-1;1,417090E-1;1,398468E-1;9,462738E-1;;
30/11/2021  10:22:48,702322;9,352128E-1;1,101695E-1;9,782784E-2;9,459217E-1;;
30/11/2021  10:22:48,702422;9,347598E-1;1,210013E-1;1,167838E-1;9,455647E-1;;
30/11/2021  10:22:48,702522;9,341787E-1;1,009307E-1;8,045158E-2;9,452032E-1;;
30/11/2021  10:22:48,702622;9,343873E-1;1,308772E-1;1,335282E-1;9,448381E-1;;
30/11/2021  10:22:48,702722;9,336750E-1;1,082581E-1;1,284732E-1;9,444699E-1;;
30/11/2021  10:22:48,702822;9,326289E-1;1,423461E-1;1,704922E-1;9,440992E-1;;
30/11/2021  10:22:48,702922;9,332548E-1;1,299215E-1;1,297370E-1;9,437266E-1;;
30/11/2021  10:22:48,703022;9,334455E-1;1,350188E-1;1,360556E-1;9,433524E-1;;
30/11/2021  10:22:48,703122;9,336839E-1;1,327887E-1;1,063580E-1;9,429773E-1;;
30/11/2021  10:22:48,703222;9,338747E-1;1,802571E-1;2,074562E-1;9,426019E-1;;
30/11/2021  10:22:48,703322;9,335379E-1;1,283286E-1;1,445858E-1;9,422269E-1;;
30/11/2021  10:22:48,703422;9,332160E-1;7,289568E-2;7,602853E-2;9,418530E-1;;
30/11/2021  10:22:48,703522;9,334753E-1;1,184526E-1;1,278414E-1;9,414809E-1;;
30/11/2021  10:22:48,703622;9,341846E-1;1,171783E-1;1,215227E-1;9,411112E-1;;
30/11/2021  10:22:48,703722;9,350012E-1;1,149482E-1;1,158360E-1;9,407445E-1;;
30/11/2021  10:22:48,703822;9,349684E-1;1,063466E-1;1,155200E-1;9,403819E-1;;
30/11/2021  10:22:48,703922;9,354363E-1;9,392196E-2;9,624818E-2;9,400241E-1;;
30/11/2021  10:22:48,704022;9,353380E-1;1,073023E-1;1,215227E-1;9,396722E-1;;
30/11/2021  10:22:48,704122;9,350161E-1;9,806350E-2;1,152041E-1;9,393269E-1;;
30/11/2021  10:22:48,704222;9,352486E-1;4,103768E-2;5,896821E-2;9,389890E-1;;
30/11/2021  10:22:48,704322;9,357493E-1;7,926728E-2;1,133085E-1;9,386593E-1;;
30/11/2021  10:22:48,704422;9,365152E-1;1,216384E-1;1,474292E-1;9,383385E-1;;
30/11/2021  10:22:48,704522;9,364109E-1;4,613496E-2;9,782784E-2;9,380273E-1;;
30/11/2021  10:22:48,704622;9,366583E-1;6,652408E-2;8,266311E-2;9,377265E-1;;
30/11/2021  10:22:48,704722;9,362708E-1;-4,338602E-2;6,655058E-2;9,374367E-1;;
30/11/2021  10:22:48,704822;9,363096E-1;4,677212E-2;1,142563E-1;9,371586E-1;;
30/11/2021  10:22:48,704922;9,364139E-1;1,299215E-1;1,411105E-1;9,368927E-1;;
30/11/2021  10:22:48,705022;9,369861E-1;1,369303E-1;1,120448E-1;9,366392E-1;;
30/11/2021  10:22:48,705122;9,369027E-1;1,706997E-1;1,632258E-1;9,363987E-1;;
30/11/2021  10:22:48,705222;9,381663E-1;1,742041E-1;1,499566E-1;9,361714E-1;;
30/11/2021  10:22:48,705322;9,372961E-1;1,254614E-1;1,158360E-1;9,359579E-1;;
30/11/2021  10:22:48,705422;9,373288E-1;1,216384E-1;1,120448E-1;9,357582E-1;;
30/11/2021  10:22:48,705522;9,371381E-1;1,178155E-1;1,107811E-1;9,355728E-1;;
30/11/2021  10:22:48,705622;9,379607E-1;1,187712E-1;1,120448E-1;9,354017E-1;;
30/11/2021  10:22:48,705722;9,385806E-1;1,378860E-1;1,736515E-1;9,352449E-1;;
30/11/2021  10:22:48,705822;9,385657E-1;1,149482E-1;1,291051E-1;9,351026E-1;;
30/11/2021  10:22:48,705922;9,384435E-1;1,267357E-1;1,392149E-1;9,349749E-1;;
30/11/2021  10:22:48,706022;9,385031E-1;1,350188E-1;1,208909E-1;9,348618E-1;;
30/11/2021  10:22:48,706122;9,385567E-1;1,200455E-1;1,177316E-1;9,347633E-1;;
30/11/2021  10:22:48,706222;9,389531E-1;1,273729E-1;1,316326E-1;9,346793E-1;;
30/11/2021  10:22:48,706322;9,399306E-1;1,248242E-1;1,281573E-1;9,346096E-1;;
30/11/2021  10:22:48,706422;9,408277E-1;1,178155E-1;9,782784E-2;9,345542E-1;;
30/11/2021  10:22:48,706522;9,410810E-1;1,251428E-1;1,272095E-1;9,345132E-1;;
30/11/2021  10:22:48,706622;9,410125E-1;1,315144E-1;1,303688E-1;9,344866E-1;;
30/11/2021  10:22:48,706722;9,406936E-1;1,251428E-1;1,155200E-1;9,344745E-1;;
30/11/2021  10:22:48,706822;9,410184E-1;1,327887E-1;1,272095E-1;9,344767E-1;;
30/11/2021  10:22:48,706922;9,420347E-1;9,742634E-2;9,972343E-2;9,344930E-1;;
30/11/2021  10:22:48,707022;9,427321E-1;1,060280E-1;1,133085E-1;9,345233E-1;;
30/11/2021  10:22:48,707122;9,435308E-1;1,149482E-1;1,297370E-1;9,345676E-1;;
30/11/2021  10:22:48,707222;9,439898E-1;7,289568E-2;7,381701E-2;9,346258E-1;;
30/11/2021  10:22:48,707322;9,440822E-1;1,009307E-1;1,057261E-1;9,346980E-1;;
30/11/2021  10:22:48,707422;9,440882E-1;1,378860E-1;1,272095E-1;9,347843E-1;;
30/11/2021  10:22:48,707522;9,446991E-1;1,397975E-1;1,515363E-1;9,348844E-1;;
30/11/2021  10:22:48,707622;9,457035E-1;1,085766E-1;1,142563E-1;9,349983E-1;;
30/11/2021  10:22:48,707722;9,459300E-1;1,245056E-1;1,300529E-1;9,351258E-1;;
30/11/2021  10:22:48,707822;9,464962E-1;1,219570E-1;1,316326E-1;9,352670E-1;;
30/11/2021  10:22:48,707922;9,465499E-1;1,311958E-1;1,328963E-1;9,354216E-1;;
30/11/2021  10:22:48,708022;9,467764E-1;1,318330E-1;1,262617E-1;9,355897E-1;;
30/11/2021  10:22:48,708122;9,468330E-1;1,260985E-1;1,202590E-1;9,357709E-1;;
30/11/2021  10:22:48,708222;9,470357E-1;1,324701E-1;1,322644E-1;9,359649E-1;;
30/11/2021  10:22:48,708322;9,476973E-1;1,350188E-1;1,360556E-1;9,361714E-1;;
30/11/2021  10:22:48,708422;9,479924E-1;8,914326E-2;8,139938E-2;9,363901E-1;;
30/11/2021  10:22:48,708522;9,477390E-1;1,057094E-1;1,013031E-1;9,366204E-1;;
30/11/2021  10:22:48,708622;9,482874E-1;1,123996E-1;1,272095E-1;9,368621E-1;;
30/11/2021  10:22:48,708722;9,474410E-1;1,372488E-1;1,395309E-1;9,371145E-1;;
30/11/2021  10:22:48,708822;9,473695E-1;1,245056E-1;1,170997E-1;9,373771E-1;;
30/11/2021  10:22:48,708922;9,477241E-1;1,318330E-1;1,303688E-1;9,376491E-1;;
30/11/2021  10:22:48,709022;9,479834E-1;1,165411E-1;1,287892E-1;9,379297E-1;;
30/11/2021  10:22:48,709122;9,487374E-1;1,327887E-1;1,278414E-1;9,382182E-1;;
30/11/2021  10:22:48,709222;9,486629E-1;1,525407E-1;1,862888E-1;9,385139E-1;;
30/11/2021  10:22:48,709322;9,484096E-1;1,257800E-1;1,262617E-1;9,388161E-1;;
30/11/2021  10:22:48,709422;9,485854E-1;1,289658E-1;1,234183E-1;9,391242E-1;;
30/11/2021  10:22:48,709522;9,482367E-1;1,248242E-1;1,237343E-1;9,394373E-1;;
30/11/2021  10:22:48,709622;9,492024E-1;9,647060E-2;1,013031E-1;9,397548E-1;;
30/11/2021  10:22:48,709722;9,501382E-1;1,238685E-1;1,013031E-1;9,400758E-1;;
30/11/2021  10:22:48,709822;9,501024E-1;1,461691E-1;1,433221E-1;9,403999E-1;;
30/11/2021  10:22:48,709922;9,505316E-1;1,184526E-1;1,129926E-1;9,407266E-1;;
30/11/2021  10:22:48,710022;9,505018E-1;1,315144E-1;1,341600E-1;9,410554E-1;;
30/11/2021  10:22:48,710122;9,502931E-1;1,305587E-1;1,363715E-1;9,413858E-1;;
30/11/2021  10:22:48,710222;9,503110E-1;1,372488E-1;1,559593E-1;9,417174E-1;;
30/11/2021  10:22:48,710322;9,513333E-1;9,997498E-2;9,593225E-2;9,420496E-1;;
30/11/2021  10:22:48,710422;9,509667E-1;1,394789E-1;1,392149E-1;9,423820E-1;;
30/11/2021  10:22:48,710522;9,517833E-1;1,356559E-1;1,278414E-1;9,427141E-1;;
30/11/2021  10:22:48,710622;9,511723E-1;1,426647E-1;1,752312E-1;9,430456E-1;;
30/11/2021  10:22:48,710722;9,513124E-1;1,452133E-1;1,553275E-1;9,433760E-1;;
30/11/2021  10:22:48,710822;9,508922E-1;1,347002E-1;1,313166E-1;9,437050E-1;;
30/11/2021  10:22:48,710922;9,504839E-1;1,216384E-1;1,227865E-1;9,440320E-1;;
30/11/2021  10:22:48,711022;9,509786E-1;1,334259E-1;1,322644E-1;9,443564E-1;;
30/11/2021  10:22:48,711122;9,514942E-1;1,009307E-1;9,340479E-2;9,446776E-1;;
30/11/2021  10:22:48,711222;9,515628E-1;1,356559E-1;1,310007E-1;9,449953E-1;;
30/11/2021  10:22:48,711322;9,510948E-1;1,601866E-1;1,828136E-1;9,453090E-1;;
30/11/2021  10:22:48,711422;9,505733E-1;1,251428E-1;1,148882E-1;9,456183E-1;;
30/11/2021  10:22:48,711522;9,504153E-1;1,318330E-1;1,366875E-1;9,459227E-1;;
30/11/2021  10:22:48,711622;9,510501E-1;5,675298E-3;7,634447E-2;9,462215E-1;;
30/11/2021  10:22:48,711722;9,516313E-1;4,549780E-2;9,435259E-2;9,465145E-1;;
30/11/2021  10:22:48,711822;9,517028E-1;1,305587E-1;1,385831E-1;9,468012E-1;;
30/11/2021  10:22:48,711922;9,516760E-1;3,126658E-3;8,329497E-2;9,470813E-1;;
30/11/2021  10:22:48,712022;9,510412E-1;4,581638E-2;7,602853E-2;9,473548E-1;;
30/11/2021  10:22:48,712122;9,512349E-1;1,123996E-1;1,221546E-1;9,476212E-1;;
30/11/2021  10:22:48,712222;9,509309E-1;1,544522E-1;1,730197E-1;9,478804E-1;;
30/11/2021  10:22:48,712322;9,514704E-1;1,092138E-1;1,158360E-1;9,481320E-1;;
30/11/2021  10:22:48,712422;9,520158E-1;1,095324E-1;1,114129E-1;9,483759E-1;;
30/11/2021  10:22:48,712522;9,519860E-1;9,933782E-2;1,148882E-1;9,486119E-1;;
30/11/2021  10:22:48,712622;9,526863E-1;8,786894E-2;9,530039E-2;9,488400E-1;;
30/11/2021  10:22:48,712722;9,523704E-1;1,174969E-1;1,249980E-1;9,490604E-1;;
30/11/2021  10:22:48,712822;9,517952E-1;1,254614E-1;1,237343E-1;9,492730E-1;;
30/11/2021  10:22:48,712922;9,518787E-1;9,678918E-2;1,167838E-1;9,494780E-1;;
30/11/2021  10:22:48,713022;9,522572E-1;1,417090E-1;1,423743E-1;9,496753E-1;;
30/11/2021  10:22:48,713122;9,526088E-1;5,664810E-2;1,009872E-1;9,498649E-1;;
30/11/2021  10:22:48,713222;9,524509E-1;1,289658E-1;1,129926E-1;9,500470E-1;;
30/11/2021  10:22:48,713322;9,519412E-1;1,745227E-1;1,594346E-1;9,502216E-1;;
30/11/2021  10:22:48,713422;9,508505E-1;1,662396E-1;1,569071E-1;9,503888E-1;;
30/11/2021  10:22:48,713522;9,502067E-1;1,499920E-1;1,486929E-1;9,505485E-1;;
30/11/2021  10:22:48,713622;9,499981E-1;1,490363E-1;1,445858E-1;9,507004E-1;;
30/11/2021  10:22:48,713722;9,507134E-1;1,136739E-1;1,199431E-1;9,508442E-1;;
30/11/2021  10:22:48,713822;9,501203E-1;1,245056E-1;1,208909E-1;9,509798E-1;;
30/11/2021  10:22:48,713922;9,496911E-1;1,302401E-1;1,423743E-1;9,511069E-1;;
30/11/2021  10:22:48,714022;9,494020E-1;1,251428E-1;1,344760E-1;9,512253E-1;;
30/11/2021  10:22:48,714122;9,485199E-1;1,783457E-1;2,033491E-1;9,513348E-1;;
30/11/2021  10:22:48,714222;9,480937E-1;8,595746E-2;8,613836E-2;9,514351E-1;;
30/11/2021  10:22:48,714322;9,478642E-1;1,229127E-1;1,313166E-1;9,515258E-1;;
30/11/2021  10:22:48,714422;9,486063E-1;1,190898E-1;9,940750E-2;9,516067E-1;;
30/11/2021  10:22:48,714522;9,481592E-1;1,095324E-1;1,142563E-1;9,516774E-1;;
30/11/2021  10:22:48,714622;9,478761E-1;4,358632E-2;1,726518E-2;9,517379E-1;;
30/11/2021  10:22:48,714722;9,477867E-1;1,525407E-1;1,518522E-1;9,517881E-1;;
30/11/2021  10:22:48,714822;9,469135E-1;1,296029E-1;1,436380E-1;9,518278E-1;;
30/11/2021  10:22:48,714922;9,469552E-1;1,327887E-1;1,395309E-1;9,518571E-1;;
30/11/2021  10:22:48,715022;9,467496E-1;1,143111E-1;1,246821E-1;9,518757E-1;;
30/11/2021  10:22:48,715122;9,470118E-1;1,289658E-1;1,272095E-1;9,518837E-1;;
30/11/2021  10:22:48,715222;9,476377E-1;8,659462E-2;9,940750E-2;9,518811E-1;;
30/11/2021  10:22:48,715322;9,473099E-1;1,458505E-1;1,392149E-1;9,518681E-1;;
30/11/2021  10:22:48,715422;9,479238E-1;1,382046E-1;1,439539E-1;9,518449E-1;;
30/11/2021  10:22:48,715522;9,470089E-1;7,799296E-2;9,403666E-2;9,518121E-1;;
30/11/2021  10:22:48,715622;9,471042E-1;1,311958E-1;1,278414E-1;9,517698E-1;;
30/11/2021  10:22:48,715722;9,474350E-1;1,302401E-1;1,322644E-1;9,517185E-1;;
30/11/2021  10:22:48,715822;9,479774E-1;1,187712E-1;1,170997E-1;9,516586E-1;;
30/11/2021  10:22:48,715922;9,479983E-1;-5,326200E-2;3,116619E-2;9,515906E-1;;
30/11/2021  10:22:48,716022;9,472026E-1;3,657756E-2;6,970989E-2;9,515151E-1;;
30/11/2021  10:22:48,716122;9,470655E-1;1,257800E-1;1,227865E-1;9,514325E-1;;
30/11/2021  10:22:48,716222;9,468569E-1;1,136739E-1;1,313166E-1;9,513435E-1;;
30/11/2021  10:22:48,716322;9,464933E-1;1,372488E-1;1,591187E-1;9,512482E-1;;
30/11/2021  10:22:48,716422;9,474708E-1;-1,176152E-1;2,705907E-2;9,511473E-1;;
30/11/2021  10:22:48,716522;9,473307E-1;1,445762E-1;1,398468E-1;9,510410E-1;;
30/11/2021  10:22:48,716622;9,468807E-1;1,133553E-1;1,294210E-1;9,509299E-1;;
30/11/2021  10:22:48,716722;9,465916E-1;1,181340E-1;1,019350E-1;9,508144E-1;;
30/11/2021  10:22:48,716822;9,467823E-1;1,095324E-1;9,024547E-2;9,506951E-1;;
30/11/2021  10:22:48,716922;9,462429E-1;-3,382862E-2;2,105637E-2;9,505723E-1;;
30/11/2021  10:22:48,717022;9,469075E-1;1,155854E-1;1,253139E-1;9,504464E-1;;
30/11/2021  10:22:48,717122;9,472354E-1;1,311958E-1;1,174156E-1;9,503177E-1;;
30/11/2021  10:22:48,717222;9,472264E-1;1,343816E-1;1,540637E-1;9,501868E-1;;
30/11/2021  10:22:48,717322;9,475513E-1;1,267357E-1;1,177316E-1;9,500542E-1;;
30/11/2021  10:22:48,717422;9,463651E-1;6,684266E-2;7,508074E-2;9,499205E-1;;
30/11/2021  10:22:48,717522;9,465201E-1;1,006121E-1;8,519056E-2;9,497859E-1;;
30/11/2021  10:22:48,717622;9,472145E-1;9,901924E-2;8,108345E-2;9,496509E-1;;
30/11/2021  10:22:48,717722;9,472085E-1;1,146297E-1;1,047783E-1;9,495159E-1;;
30/11/2021  10:22:48,717822;9,482218E-1;1,509478E-1;1,796542E-1;9,493814E-1;;
30/11/2021  10:22:48,717922;9,477629E-1;1,238685E-1;1,120448E-1;9,492477E-1;;
30/11/2021  10:22:48,718022;9,473605E-1;1,331073E-1;1,411105E-1;9,491156E-1;;
30/11/2021  10:22:48,718122;9,486301E-1;1,394789E-1;1,370034E-1;9,489854E-1;;
30/11/2021  10:22:48,718222;9,469612E-1;1,174969E-1;1,155200E-1;9,488577E-1;;
30/11/2021  10:22:48,718322;9,474052E-1;1,241871E-1;1,272095E-1;9,487327E-1;;
30/11/2021  10:22:48,718422;9,477420E-1;1,254614E-1;1,253139E-1;9,486108E-1;;
30/11/2021  10:22:48,718522;9,481563E-1;1,006121E-1;8,929768E-2;9,484922E-1;;
30/11/2021  10:22:48,718622;9,479268E-1;1,235499E-1;1,193112E-1;9,483774E-1;;
30/11/2021  10:22:48,718722;9,475125E-1;1,343816E-1;1,319485E-1;9,482665E-1;;
30/11/2021  10:22:48,718822;9,469999E-1;1,168597E-1;1,063580E-1;9,481598E-1;;
30/11/2021  10:22:48,718922;9,467794E-1;1,420275E-1;1,234183E-1;9,480574E-1;;
30/11/2021  10:22:48,719022;9,469969E-1;1,292843E-1;1,546956E-1;9,479592E-1;;
30/11/2021  10:22:48,719122;9,468986E-1;1,159040E-1;1,237343E-1;9,478653E-1;;
30/11/2021  10:22:48,719222;9,470327E-1;1,216384E-1;1,249980E-1;9,477755E-1;;
30/11/2021  10:22:48,719322;9,468211E-1;8,340882E-2;8,361090E-2;9,476900E-1;;
30/11/2021  10:22:48,719422;9,465022E-1;1,555128E-2;7,318515E-2;9,476085E-1;;
30/11/2021  10:22:48,719522;9,464188E-1;1,340630E-1;1,212068E-1;9,475310E-1;;
30/11/2021  10:22:48,719622;9,456558E-1;1,480806E-1;1,382671E-1;9,474574E-1;;
30/11/2021  10:22:48,719722;9,462578E-1;1,331073E-1;1,338441E-1;9,473873E-1;;
30/11/2021  10:22:48,719822;9,464724E-1;1,305587E-1;1,246821E-1;9,473207E-1;;
30/11/2021  10:22:48,719922;9,472234E-1;1,238685E-1;1,297370E-1;9,472573E-1;;
30/11/2021  10:22:48,720022;9,467406E-1;1,165411E-1;1,215227E-1;9,471971E-1;;
30/11/2021  10:22:48,720122;9,460432E-1;1,034794E-1;1,050943E-1;9,471401E-1;;
30/11/2021  10:22:48,720222;9,465141E-1;1,082581E-1;1,155200E-1;9,470862E-1;;
30/11/2021  10:22:48,720322;9,466304E-1;1,085766E-1;1,085695E-1;9,470352E-1;;
30/11/2021  10:22:48,720422;9,474231E-1;9,774492E-2;1,117289E-1;9,469871E-1;;
30/11/2021  10:22:48,720522;9,475423E-1;8,436456E-2;1,196272E-1;9,469419E-1;;
30/11/2021  10:22:48,720622;9,479149E-1;1,006121E-1;1,041465E-1;9,468997E-1;;
30/11/2021  10:22:48,720722;9,479149E-1;9,647060E-2;1,101492E-1;9,468606E-1;;
30/11/2021  10:22:48,720822;9,480460E-1;9,519628E-2;1,133085E-1;9,468248E-1;;
30/11/2021  10:22:48,720922;9,478851E-1;9,360338E-2;1,069899E-1;9,467925E-1;;
30/11/2021  10:22:48,721022;9,480698E-1;1,018865E-1;1,167838E-1;9,467636E-1;;
30/11/2021  10:22:48,721122;9,489222E-1;2,382387E-1;2,118793E-1;9,467384E-1;;
30/11/2021  10:22:48,721222;9,493514E-1;1,085766E-1;1,088855E-1;9,467171E-1;;
30/11/2021  10:22:48,721322;9,495958E-1;1,974605E-1;2,324149E-1;9,466998E-1;;
30/11/2021  10:22:48,721422;9,492828E-1;1,417090E-1;1,351078E-1;9,466868E-1;;
30/11/2021  10:22:48,721522;9,496136E-1;1,525407E-1;1,382671E-1;9,466784E-1;;
30/11/2021  10:22:48,721622;9,498163E-1;1,570008E-1;1,322644E-1;9,466747E-1;;
30/11/2021  10:22:48,721722;9,495063E-1;1,640096E-1;1,651214E-1;9,466760E-1;;
30/11/2021  10:22:48,721822;9,503826E-1;8,723178E-2;8,771802E-2;9,466822E-1;;
30/11/2021  10:22:48,721922;9,507998E-1;1,512664E-1;1,474292E-1;9,466937E-1;;
30/11/2021  10:22:48,722022;9,504362E-1;1,076209E-1;1,031987E-1;9,467105E-1;;
30/11/2021  10:22:48,722122;9,504064E-1;1,190898E-1;1,227865E-1;9,467328E-1;;
30/11/2021  10:22:48,722222;9,502276E-1;1,216384E-1;1,316326E-1;9,467606E-1;;
30/11/2021  10:22:48,722322;9,505733E-1;1,002936E-1;1,667010E-1;9,467940E-1;;
30/11/2021  10:22:48,722422;9,502246E-1;3,753330E-2;7,381701E-2;9,468328E-1;;
30/11/2021  10:22:48,722522;9,512141E-1;1,276914E-1;1,300529E-1;9,468770E-1;;
30/11/2021  10:22:48,722622;9,505047E-1;9,933782E-2;1,079377E-1;9,469265E-1;;
30/11/2021  10:22:48,722722;9,512021E-1;1,426647E-1;1,771268E-1;9,469813E-1;;
30/11/2021  10:22:48,722822;9,508594E-1;1,257800E-1;1,663851E-1;9,470412E-1;;
30/11/2021  10:22:48,722922;9,504034E-1;1,280100E-1;1,297370E-1;9,471061E-1;;
30/11/2021  10:22:48,723022;9,498848E-1;1,273729E-1;1,310007E-1;9,471757E-1;;
30/11/2021  10:22:48,723122;9,502812E-1;1,168597E-1;1,123607E-1;9,472497E-1;;
30/11/2021  10:22:48,723222;9,503796E-1;8,213450E-2;9,593225E-2;9,473277E-1;;
30/11/2021  10:22:48,723322;9,506359E-1;1,241871E-1;1,123607E-1;9,474094E-1;;
30/11/2021  10:22:48,723422;9,506329E-1;1,286472E-1;1,382671E-1;9,474944E-1;;
30/11/2021  10:22:48,723522;9,498640E-1;1,149482E-1;1,148882E-1;9,475825E-1;;
30/11/2021  10:22:48,723622;9,501650E-1;1,276914E-1;1,379512E-1;9,476732E-1;;
30/11/2021  10:22:48,723722;9,502365E-1;1,155854E-1;1,265777E-1;9,477662E-1;;
30/11/2021  10:22:48,723822;9,501262E-1;1,547707E-1;1,524841E-1;9,478611E-1;;
30/11/2021  10:22:48,723922;9,499444E-1;1,372488E-1;1,490088E-1;9,479574E-1;;
30/11/2021  10:22:48,724022;9,499355E-1;2,861306E-2;1,054102E-1;9,480548E-1;;
30/11/2021  10:22:48,724122;9,493365E-1;1,289658E-1;1,240502E-1;9,481530E-1;;
30/11/2021  10:22:48,724222;9,486301E-1;1,385232E-1;1,385831E-1;9,482513E-1;;
30/11/2021  10:22:48,724322;9,480281E-1;2,044692E-1;1,562753E-1;9,483493E-1;;
30/11/2021  10:22:48,724422;9,482010E-1;1,280100E-1;1,370034E-1;9,484462E-1;;
30/11/2021  10:22:48,724522;9,481026E-1;1,311958E-1;1,300529E-1;9,485415E-1;;
30/11/2021  10:22:48,724622;9,476049E-1;1,232313E-1;1,265777E-1;9,486345E-1;;
30/11/2021  10:22:48,724722;9,471907E-1;8,054160E-2;5,486109E-2;9,487247E-1;;
30/11/2021  10:22:48,724822;9,468002E-1;1,327887E-1;1,335282E-1;9,488113E-1;;
30/11/2021  10:22:48,724922;9,460790E-1;1,276914E-1;1,237343E-1;9,488938E-1;;
30/11/2021  10:22:48,725022;9,457631E-1;1,053908E-1;9,688005E-2;9,489714E-1;;
30/11/2021  10:22:48,725122;9,450240E-1;1,200455E-1;1,177316E-1;9,490436E-1;;
30/11/2021  10:22:48,725222;9,454293E-1;1,203641E-1;1,499566E-1;9,491094E-1;;
30/11/2021  10:22:48,725322;9,454114E-1;9,519628E-2;9,024547E-2;9,491684E-1;;
30/11/2021  10:22:48,725422;9,454710E-1;1,296029E-1;1,493248E-1;9,492200E-1;;
30/11/2021  10:22:48,725522;9,442819E-1;1,229127E-1;1,306848E-1;9,492639E-1;;
30/11/2021  10:22:48,725622;9,437454E-1;1,327887E-1;1,297370E-1;9,492994E-1;;
30/11/2021  10:22:48,725722;9,438646E-1;1,347002E-1;1,287892E-1;9,493263E-1;;
30/11/2021  10:22:48,725822;9,440584E-1;1,171783E-1;1,259458E-1;9,493440E-1;;
30/11/2021  10:22:48,725922;9,442342E-1;1,276914E-1;1,237343E-1;9,493523E-1;;
30/11/2021  10:22:48,726022;9,439391E-1;1,327887E-1;1,411105E-1;9,493509E-1;;
30/11/2021  10:22:48,726122;9,439123E-1;1,267357E-1;1,268936E-1;9,493398E-1;;
30/11/2021  10:22:48,726222;9,434236E-1;1,321516E-1;1,559593E-1;9,493190E-1;;
30/11/2021  10:22:48,726322;9,430212E-1;6,429402E-2;8,834988E-2;9,492884E-1;;
30/11/2021  10:22:48,726422;9,430093E-1;1,650702E-2;7,571260E-2;9,492480E-1;;
30/11/2021  10:22:48,726522;9,426248E-1;8,436456E-2;6,813023E-2;9,491978E-1;;
30/11/2021  10:22:48,726622;9,430063E-1;8,532030E-2;8,613836E-2;9,491379E-1;;
30/11/2021  10:22:48,726722;9,426010E-1;1,031608E-1;8,329497E-2;9,490683E-1;;
30/11/2021  10:22:48,726822;9,412509E-1;1,401161E-1;1,430061E-1;9,489892E-1;;
30/11/2021  10:22:48,726922;9,411704E-1;1,283286E-1;1,411105E-1;9,489007E-1;;
30/11/2021  10:22:48,727022;9,408307E-1;1,276914E-1;1,385831E-1;9,488027E-1;;
30/11/2021  10:22:48,727122;9,410274E-1;1,165411E-1;8,519056E-2;9,486953E-1;;
30/11/2021  10:22:48,727222;9,412867E-1;1,318330E-1;1,262617E-1;9,485786E-1;;
30/11/2021  10:22:48,727322;9,410542E-1;7,448858E-2;8,803395E-2;9,484528E-1;;
30/11/2021  10:22:48,727422;9,402406E-1;1,347002E-1;1,278414E-1;9,483181E-1;;
30/11/2021  10:22:48,727522;9,408188E-1;-4,338602E-2;2,895467E-2;9,481749E-1;;
30/11/2021  10:22:48,727622;9,394329E-1;7,863012E-2;7,286922E-2;9,480233E-1;;
30/11/2021  10:22:48,727722;9,393078E-1;1,359745E-1;1,325804E-1;9,478637E-1;;
30/11/2021  10:22:48,727822;9,400469E-1;1,362931E-1;1,338441E-1;9,476961E-1;;
30/11/2021  10:22:48,727922;9,405833E-1;1,206827E-1;1,246821E-1;9,475210E-1;;
30/11/2021  10:22:48,728022;9,404105E-1;1,445762E-1;1,407946E-1;9,473387E-1;;
30/11/2021  10:22:48,728122;9,398651E-1;9,041758E-2;9,972343E-2;9,471499E-1;;
30/11/2021  10:22:48,728222;9,398859E-1;1,945932E-1;1,793383E-1;9,469551E-1;;
30/11/2021  10:22:48,728322;9,392571E-1;1,719741E-1;1,862888E-1;9,467546E-1;;
30/11/2021  10:22:48,728422;9,391170E-1;1,318330E-1;1,565912E-1;9,465491E-1;;
30/11/2021  10:22:48,728522;9,393912E-1;8,436456E-2;1,654373E-1;9,463388E-1;;
30/11/2021  10:22:48,728622;9,398949E-1;1,095324E-1;1,167838E-1;9,461243E-1;;
30/11/2021  10:22:48,728722;9,397488E-1;1,155854E-1;1,366875E-1;9,459061E-1;;
30/11/2021  10:22:48,728822;9,396773E-1;9,870066E-2;1,019350E-1;9,456848E-1;;
30/11/2021  10:22:48,728922;9,389889E-1;9,296622E-2;1,050943E-1;9,454610E-1;;
30/11/2021  10:22:48,729022;9,387683E-1;1,015679E-1;9,719598E-2;9,452351E-1;;
30/11/2021  10:22:48,729122;9,380262E-1;-3,319146E-2;5,991600E-2;9,450076E-1;;
30/11/2021  10:22:48,729222;9,389293E-1;9,264764E-2;1,000394E-1;9,447788E-1;;
30/11/2021  10:22:48,729322;9,390306E-1;1,079395E-1;1,278414E-1;9,445492E-1;;
30/11/2021  10:22:48,729422;9,386640E-1;1,159040E-1;1,088855E-1;9,443190E-1;;
30/11/2021  10:22:48,729522;9,378891E-1;1,276914E-1;1,439539E-1;9,440889E-1;;
30/11/2021  10:22:48,729622;9,376328E-1;3,880762E-2;7,824006E-2;9,438590E-1;;
30/11/2021  10:22:48,729722;9,373974E-1;6,588692E-2;9,340479E-2;9,436297E-1;;
30/11/2021  10:22:48,729822;9,379487E-1;1,487177E-1;1,221546E-1;9,434011E-1;;
30/11/2021  10:22:48,729922;9,380441E-1;1,691068E-1;2,333627E-1;9,431736E-1;;
30/11/2021  10:22:48,730022;9,380918E-1;1,713369E-1;1,676488E-1;9,429474E-1;;
30/11/2021  10:22:48,730122;9,386849E-1;1,716555E-1;1,768108E-1;9,427229E-1;;
30/11/2021  10:22:48,730222;9,381425E-1;1,742041E-1;1,464814E-1;9,425005E-1;;
30/11/2021  10:22:48,730322;9,374212E-1;1,302401E-1;1,227865E-1;9,422806E-1;;
30/11/2021  10:22:48,730422;9,379309E-1;1,260985E-1;1,243661E-1;9,420634E-1;;
30/11/2021  10:22:48,730522;9,383094E-1;1,308772E-1;1,278414E-1;9,418494E-1;;
30/11/2021  10:22:48,730622;9,386610E-1;-5,475002E-3;5,517702E-2;9,416387E-1;;
30/11/2021  10:22:48,730722;9,385627E-1;1,264171E-1;1,287892E-1;9,414318E-1;;
30/11/2021  10:22:48,730822;9,383690E-1;1,210013E-1;1,133085E-1;9,412290E-1;;
30/11/2021  10:22:48,730922;9,380739E-1;9,742634E-2;9,119327E-2;9,410308E-1;;
30/11/2021  10:22:48,731022;9,381991E-1;1,353374E-1;1,139404E-1;9,408373E-1;;
30/11/2021  10:22:48,731122;9,383094E-1;2,401502E-1;2,377857E-1;9,406488E-1;;
30/11/2021  10:22:48,731222;9,389352E-1;1,098510E-1;1,050943E-1;9,404656E-1;;
30/11/2021  10:22:48,731322;9,387743E-1;1,194084E-1;1,199431E-1;9,402879E-1;;
30/11/2021  10:22:48,731422;9,385120E-1;1,257800E-1;1,284732E-1;9,401160E-1;;
30/11/2021  10:22:48,731522;9,395432E-1;1,324701E-1;1,287892E-1;9,399502E-1;;
30/11/2021  10:22:48,731622;9,394359E-1;1,334259E-1;1,325804E-1;9,397907E-1;;
30/11/2021  10:22:48,731722;9,394866E-1;1,343816E-1;1,467973E-1;9,396380E-1;;
30/11/2021  10:22:48,731822;9,393972E-1;1,251428E-1;1,234183E-1;9,394921E-1;;
30/11/2021  10:22:48,731922;9,397608E-1;1,289658E-1;1,268936E-1;9,393535E-1;;
30/11/2021  10:22:48,732022;9,406429E-1;1,305587E-1;1,332122E-1;9,392223E-1;;
30/11/2021  10:22:48,732122;9,404313E-1;1,340630E-1;1,287892E-1;9,390988E-1;;
30/11/2021  10:22:48,732222;9,408903E-1;1,092138E-1;1,133085E-1;9,389834E-1;;
30/11/2021  10:22:48,732322;9,409499E-1;1,251428E-1;1,205749E-1;9,388764E-1;;
30/11/2021  10:22:48,732422;9,414417E-1;1,356559E-1;1,278414E-1;9,387779E-1;;
30/11/2021  10:22:48,732522;9,419721E-1;1,337445E-1;1,278414E-1;9,386883E-1;;
30/11/2021  10:22:48,732622;9,420079E-1;1,092138E-1;1,265777E-1;9,386079E-1;;
30/11/2021  10:22:48,732722;9,424341E-1;1,286472E-1;1,120448E-1;9,385370E-1;;
30/11/2021  10:22:48,732822;9,428245E-1;1,229127E-1;1,265777E-1;9,384758E-1;;
30/11/2021  10:22:48,732922;9,426278E-1;1,235499E-1;1,275255E-1;9,384246E-1;;
30/11/2021  10:22:48,733022;9,425980E-1;1,292843E-1;1,303688E-1;9,383836E-1;;
30/11/2021  10:22:48,733122;9,432358E-1;1,283286E-1;1,183634E-1;9,383529E-1;;
30/11/2021  10:22:48,733222;9,437275E-1;4,995792E-2;1,170997E-1;9,383325E-1;;
30/11/2021  10:22:48,733322;9,439481E-1;1,417090E-1;1,294210E-1;9,383226E-1;;
30/11/2021  10:22:48,733422;9,440494E-1;1,624167E-1;1,831295E-1;9,383233E-1;;
30/11/2021  10:22:48,733522;9,442312E-1;1,260985E-1;1,287892E-1;9,383347E-1;;
30/11/2021  10:22:48,733622;9,440107E-1;1,280100E-1;1,221546E-1;9,383567E-1;;
30/11/2021  10:22:48,733722;9,444965E-1;1,340630E-1;1,294210E-1;9,383894E-1;;
30/11/2021  10:22:48,733822;9,444220E-1;1,206827E-1;1,351078E-1;9,384325E-1;;
30/11/2021  10:22:48,733922;9,456945E-1;2,128572E-2;5,644075E-2;9,384859E-1;;
30/11/2021  10:22:48,734022;9,456796E-1;1,557265E-1;1,490088E-1;9,385496E-1;;
30/11/2021  10:22:48,734122;9,457810E-1;1,146297E-1;9,593225E-2;9,386236E-1;;
30/11/2021  10:22:48,734222;9,461088E-1;1,340630E-1;1,297370E-1;9,387077E-1;;
30/11/2021  10:22:48,734322;9,455932E-1;1,283286E-1;1,325804E-1;9,388018E-1;;
30/11/2021  10:22:48,734422;9,459091E-1;1,254614E-1;1,335282E-1;9,389056E-1;;
30/11/2021  10:22:48,734522;9,462101E-1;1,264171E-1;1,287892E-1;9,390190E-1;;
30/11/2021  10:22:48,734622;9,470416E-1;1,283286E-1;1,227865E-1;9,391415E-1;;
30/11/2021  10:22:48,734722;9,470387E-1;6,631038E-3;5,928414E-2;9,392730E-1;;
30/11/2021  10:22:48,734822;9,473069E-1;1,636910E-1;1,935552E-1;9,394132E-1;;
30/11/2021  10:22:48,734922;9,469016E-1;1,152668E-1;1,180475E-1;9,395619E-1;;
30/11/2021  10:22:48,735022;9,470148E-1;1,305587E-1;1,224705E-1;9,397187E-1;;
30/11/2021  10:22:48,735122;9,473277E-1;1,241871E-1;1,193112E-1;9,398833E-1;;
30/11/2021  10:22:48,735222;9,473605E-1;1,206827E-1;1,189953E-1;9,400552E-1;;
30/11/2021  10:22:48,735322;9,475870E-1;1,190898E-1;1,117289E-1;9,402340E-1;;
30/11/2021  10:22:48,735422;9,479685E-1;1,442576E-1;1,509044E-1;9,404192E-1;;
30/11/2021  10:22:48,735522;9,477360E-1;1,681511E-1;1,932393E-1;9,406105E-1;;
30/11/2021  10:22:48,735622;9,483083E-1;1,273729E-1;1,142563E-1;9,408075E-1;;
30/11/2021  10:22:48,735722;9,483768E-1;1,308772E-1;1,366875E-1;9,410097E-1;;
30/11/2021  10:22:48,735822;9,482576E-1;1,480806E-1;1,610142E-1;9,412167E-1;;
30/11/2021  10:22:48,735922;9,492053E-1;1,289658E-1;1,379512E-1;9,414281E-1;;
30/11/2021  10:22:48,736022;9,497448E-1;1,442576E-1;1,490088E-1;9,416436E-1;;
30/11/2021  10:22:48,736122;9,499534E-1;1,216384E-1;1,155200E-1;9,418629E-1;;
30/11/2021  10:22:48,736222;9,498580E-1;1,420275E-1;1,328963E-1;9,420859E-1;;
30/11/2021  10:22:48,736322;9,504451E-1;1,499920E-1;1,401627E-1;9,423123E-1;;
30/11/2021  10:22:48,736422;9,499713E-1;1,302401E-1;1,294210E-1;9,425418E-1;;
30/11/2021  10:22:48,736522;9,507998E-1;1,187712E-1;1,224705E-1;9,427742E-1;;
30/11/2021  10:22:48,736622;9,513690E-1;1,270543E-1;1,180475E-1;9,430093E-1;;
30/11/2021  10:22:48,736722;9,515419E-1;1,210013E-1;1,243661E-1;9,432468E-1;;
30/11/2021  10:22:48,736822;9,518429E-1;2,808078E-3;6,181159E-2;9,434868E-1;;
30/11/2021  10:22:48,736922;9,520158E-1;1,162226E-1;1,158360E-1;9,437290E-1;;
30/11/2021  10:22:48,737022;9,518250E-1;1,060280E-1;1,025668E-1;9,439734E-1;;
30/11/2021  10:22:48,737122;9,520485E-1;6,174538E-2;7,413294E-2;9,442196E-1;;
30/11/2021  10:22:48,737222;9,522840E-1;1,127182E-1;1,145722E-1;9,444676E-1;;
30/11/2021  10:22:48,737322;9,527310E-1;1,178155E-1;1,578549E-1;9,447171E-1;;
30/11/2021  10:22:48,737422;9,523495E-1;8,022302E-2;9,656411E-2;9,449680E-1;;
30/11/2021  10:22:48,737522;9,525850E-1;9,264764E-2;1,167838E-1;9,452199E-1;;
30/11/2021  10:22:48,737622;9,524747E-1;8,755036E-2;1,069899E-1;9,454726E-1;;
30/11/2021  10:22:48,737722;9,513184E-1;1,031608E-1;1,152041E-1;9,457258E-1;;
30/11/2021  10:22:48,737822;9,510978E-1;1,034794E-1;1,133085E-1;9,459790E-1;;
30/11/2021  10:22:48,737922;9,514465E-1;1,006121E-1;1,161519E-1;9,462316E-1;;
30/11/2021  10:22:48,738022;9,511276E-1;1,251428E-1;1,272095E-1;9,464830E-1;;
30/11/2021  10:22:48,738122;9,507849E-1;1,331073E-1;1,553275E-1;9,467326E-1;;
30/11/2021  10:22:48,738222;9,499474E-1;1,423461E-1;1,436380E-1;9,469799E-1;;
30/11/2021  10:22:48,738322;9,496226E-1;1,605052E-1;1,417424E-1;9,472239E-1;;
30/11/2021  10:22:48,738422;9,491368E-1;1,483991E-1;1,888163E-1;9,474640E-1;;
30/11/2021  10:22:48,738522;9,487166E-1;1,483991E-1;1,205749E-1;9,476994E-1;;
30/11/2021  10:22:48,738622;9,497567E-1;5,664810E-2;5,517702E-2;9,479291E-1;;
30/11/2021  10:22:48,738722;9,497239E-1;1,114439E-1;1,212068E-1;9,481524E-1;;
30/11/2021  10:22:48,738822;9,496256E-1;1,331073E-1;1,300529E-1;9,483689E-1;;
30/11/2021  10:22:48,738922;9,492739E-1;1,837615E-1;1,657532E-1;9,485781E-1;;
30/11/2021  10:22:48,739022;9,487821E-1;1,299215E-1;1,486929E-1;9,487795E-1;;
30/11/2021  10:22:48,739122;9,484930E-1;1,225942E-1;1,344760E-1;9,489725E-1;;
30/11/2021  10:22:48,739222;9,483947E-1;1,308772E-1;1,341600E-1;9,491568E-1;;
30/11/2021  10:22:48,739322;9,488179E-1;1,289658E-1;1,174156E-1;9,493318E-1;;
30/11/2021  10:22:48,739422;9,488835E-1;9,519628E-2;1,031987E-1;9,494973E-1;;
30/11/2021  10:22:48,739522;9,488626E-1;1,229127E-1;1,158360E-1;9,496529E-1;;
30/11/2021  10:22:48,739622;9,483977E-1;1,458505E-1;1,528000E-1;9,497984E-1;;
30/11/2021  10:22:48,739722;9,476556E-1;1,687883E-1;1,556434E-1;9,499338E-1;;
30/11/2021  10:22:48,739822;9,476675E-1;1,286472E-1;1,297370E-1;9,500589E-1;;
30/11/2021  10:22:48,739922;9,472354E-1;1,283286E-1;1,275255E-1;9,501732E-1;;
30/11/2021  10:22:48,740022;9,482218E-1;8,882468E-2;1,016190E-1;9,502768E-1;;
30/11/2021  10:22:48,740122;9,471221E-1;1,611423E-1;1,518522E-1;9,503694E-1;;
30/11/2021  10:22:48,740222;9,473128E-1;1,111253E-1;1,218387E-1;9,504511E-1;;
30/11/2021  10:22:48,740322;9,466542E-1;8,309024E-2;7,318515E-2;9,505218E-1;;
30/11/2021  10:22:48,740422;9,455515E-1;1,458505E-1;1,755471E-1;9,505814E-1;;
30/11/2021  10:22:48,740522;9,459806E-1;1,264171E-1;1,303688E-1;9,506298E-1;;
30/11/2021  10:22:48,740622;9,455902E-1;1,477620E-1;1,537478E-1;9,506668E-1;;
30/11/2021  10:22:48,740722;9,451968E-1;1,382046E-1;1,373193E-1;9,506924E-1;;
30/11/2021  10:22:48,740822;9,451193E-1;1,417090E-1;1,685966E-1;9,507065E-1;;
30/11/2021  10:22:48,740922;9,451640E-1;1,079395E-1;8,740209E-2;9,507091E-1;;
30/11/2021  10:22:48,741022;9,446693E-1;3,307318E-2;5,043804E-2;9,507001E-1;;
30/11/2021  10:22:48,741122;9,442312E-1;2,808078E-3;6,686651E-2;9,506797E-1;;
30/11/2021  10:22:48,741222;9,451193E-1;1,318330E-1;9,877564E-2;9,506480E-1;;
30/11/2021  10:22:48,741322;9,448511E-1;1,168597E-1;1,066739E-1;9,506050E-1;;
30/11/2021  10:22:48,741422;9,447051E-1;1,337445E-1;1,730197E-1;9,505513E-1;;
30/11/2021  10:22:48,741522;9,449167E-1;1,292843E-1;1,098333E-1;9,504869E-1;;
30/11/2021  10:22:48,741622;9,451611E-1;1,404346E-1;1,505885E-1;9,504125E-1;;
30/11/2021  10:22:48,741722;9,448124E-1;1,085766E-1;1,098333E-1;9,503284E-1;;
30/11/2021  10:22:48,741822;9,442700E-1;1,133553E-1;1,338441E-1;9,502351E-1;;
30/11/2021  10:22:48,741922;9,444339E-1;1,114439E-1;9,719598E-2;9,501331E-1;;
30/11/2021  10:22:48,742022;9,446425E-1;1,229127E-1;1,395309E-1;9,500228E-1;;
30/11/2021  10:22:48,742122;9,451968E-1;1,257800E-1;1,417424E-1;9,499048E-1;;
30/11/2021  10:22:48,742222;9,450121E-1;1,366117E-1;1,499566E-1;9,497796E-1;;
30/11/2021  10:22:48,742322;9,451551E-1;1,735670E-1;1,588027E-1;9,496479E-1;;
30/11/2021  10:22:48,742422;9,445084E-1;1,069837E-1;1,155200E-1;9,495104E-1;;
30/11/2021  10:22:48,742522;9,446246E-1;1,232313E-1;1,278414E-1;9,493677E-1;;
30/11/2021  10:22:48,742622;9,444786E-1;1,235499E-1;1,303688E-1;9,492202E-1;;
30/11/2021  10:22:48,742722;9,450121E-1;1,155854E-1;1,189953E-1;9,490686E-1;;
30/11/2021  10:22:48,742822;9,445292E-1;1,213198E-1;1,212068E-1;9,489135E-1;;
30/11/2021  10:22:48,742922;9,442580E-1;1,197269E-1;1,164678E-1;9,487554E-1;;
30/11/2021  10:22:48,743022;9,434414E-1;1,028422E-1;1,000394E-1;9,485948E-1;;
30/11/2021  10:22:48,743122;9,431166E-1;1,127182E-1;8,677022E-2;9,484320E-1;;
30/11/2021  10:22:48,743222;9,429109E-1;8,691320E-2;8,961361E-2;9,482673E-1;;
30/11/2021  10:22:48,743322;9,426874E-1;8,595746E-2;1,073058E-1;9,481009E-1;;
30/11/2021  10:22:48,743422;9,427500E-1;6,047106E-2;9,277293E-2;9,479331E-1;;
30/11/2021  10:22:48,743522;9,425175E-1;1,225942E-1;1,404787E-1;9,477639E-1;;
30/11/2021  10:22:48,743622;9,424728E-1;1,216384E-1;1,180475E-1;9,475936E-1;;
30/11/2021  10:22:48,743722;9,416890E-1;1,264171E-1;1,180475E-1;9,474224E-1;;
30/11/2021  10:22:48,743822;9,408694E-1;1,748413E-1;1,676488E-1;9,472503E-1;;
30/11/2021  10:22:48,743922;9,412539E-1;1,302401E-1;1,278414E-1;9,470773E-1;;
30/11/2021  10:22:48,744022;9,407264E-1;1,037979E-1;1,164678E-1;9,469035E-1;;
30/11/2021  10:22:48,744122;9,414297E-1;1,232313E-1;1,275255E-1;9,467288E-1;;
30/11/2021  10:22:48,744222;9,411436E-1;1,296029E-1;1,284732E-1;9,465533E-1;;
30/11/2021  10:22:48,744322;9,403598E-1;1,210013E-1;1,186794E-1;9,463770E-1;;
30/11/2021  10:22:48,744422;9,397846E-1;1,267357E-1;1,208909E-1;9,462001E-1;;
30/11/2021  10:22:48,744522;9,402108E-1;1,327887E-1;1,268936E-1;9,460225E-1;;
30/11/2021  10:22:48,744622;9,400499E-1;1,315144E-1;1,243661E-1;9,458443E-1;;
30/11/2021  10:22:48,744722;9,400290E-1;1,257800E-1;1,272095E-1;9,456654E-1;;
30/11/2021  10:22:48,744822;9,406042E-1;1,248242E-1;1,104651E-1;9,454859E-1;;
30/11/2021  10:22:48,744922;9,406996E-1;1,232313E-1;1,291051E-1;9,453060E-1;;
30/11/2021  10:22:48,745022;9,409618E-1;1,375674E-1;1,310007E-1;9,451260E-1;;
30/11/2021  10:22:48,745122;9,408635E-1;1,289658E-1;1,303688E-1;9,449462E-1;;
30/11/2021  10:22:48,745222;9,409916E-1;1,085766E-1;1,152041E-1;9,447669E-1;;
30/11/2021  10:22:48,745322;9,414148E-1;1,088952E-1;1,164678E-1;9,445886E-1;;
30/11/2021  10:22:48,745422;9,412956E-1;1,187712E-1;1,215227E-1;9,444116E-1;;
30/11/2021  10:22:48,745522;9,421867E-1;1,034794E-1;1,423743E-1;9,442363E-1;;
30/11/2021  10:22:48,745622;9,418321E-1;9,487770E-2;1,117289E-1;9,440632E-1;;
30/11/2021  10:22:48,745722;9,415847E-1;1,022050E-1;1,066739E-1;9,438929E-1;;
30/11/2021  10:22:48,745822;9,419453E-1;9,392196E-2;1,082536E-1;9,437257E-1;;
30/11/2021  10:22:48,745922;9,422016E-1;8,563888E-2;1,164678E-1;9,435621E-1;;
30/11/2021  10:22:48,746022;9,426934E-1;1,219570E-1;1,224705E-1;9,434025E-1;;
30/11/2021  10:22:48,746122;9,429378E-1;1,671954E-1;2,036651E-1;9,432473E-1;;
30/11/2021  10:22:48,746222;9,427440E-1;9,137332E-2;8,992954E-2;9,430971E-1;;
30/11/2021  10:22:48,746322;9,431196E-1;1,359745E-1;1,341600E-1;9,429523E-1;;
30/11/2021  10:22:48,746422;9,430451E-1;1,413904E-1;1,543797E-1;9,428133E-1;;
30/11/2021  10:22:48,746522;9,434176E-1;1,490363E-1;1,379512E-1;9,426805E-1;;
30/11/2021  10:22:48,746622;9,436858E-1;1,697440E-1;1,426902E-1;9,425543E-1;;
30/11/2021  10:22:48,746722;9,443236E-1;1,656025E-1;1,477451E-1;9,424351E-1;;
30/11/2021  10:22:48,746822;9,445203E-1;1,656025E-1;1,562753E-1;9,423233E-1;;
30/11/2021  10:22:48,746922;9,442938E-1;1,229127E-1;2,052447E-1;9,422192E-1;;
30/11/2021  10:22:48,747022;9,441299E-1;1,225942E-1;1,253139E-1;9,421233E-1;;
30/11/2021  10:22:48,747122;9,446663E-1;1,238685E-1;1,231024E-1;9,420358E-1;;
30/11/2021  10:22:48,747222;9,451938E-1;1,245056E-1;1,281573E-1;9,419568E-1;;
30/11/2021  10:22:48,747322;9,455515E-1;1,299215E-1;1,322644E-1;9,418867E-1;;
30/11/2021  10:22:48,747422;9,455455E-1;1,168597E-1;1,079377E-1;9,418258E-1;;
30/11/2021  10:22:48,747522;9,458644E-1;7,417000E-2;6,970989E-2;9,417742E-1;;
30/11/2021  10:22:48,747622;9,457333E-1;1,506292E-1;1,562753E-1;9,417321E-1;;
30/11/2021  10:22:48,747722;9,459002E-1;1,155854E-1;1,082536E-1;9,416996E-1;;
30/11/2021  10:22:48,747822;9,455872E-1;1,210013E-1;1,376353E-1;9,416769E-1;;
30/11/2021  10:22:48,747922;9,458167E-1;1,448948E-1;1,543797E-1;9,416639E-1;;
30/11/2021  10:22:48,748022;9,460045E-1;1,302401E-1;1,436380E-1;9,416604E-1;;
30/11/2021  10:22:48,748122;9,463979E-1;1,251428E-1;1,679647E-1;9,416665E-1;;
30/11/2021  10:22:48,748222;9,460194E-1;6,949618E-3;8,424277E-2;9,416818E-1;;
30/11/2021  10:22:48,748322;9,455187E-1;1,114439E-1;1,259458E-1;9,417064E-1;;
30/11/2021  10:22:48,748422;9,450806E-1;1,315144E-1;1,297370E-1;9,417398E-1;;
30/11/2021  10:22:48,748522;9,449554E-1;1,165411E-1;1,234183E-1;9,417816E-1;;
30/11/2021  10:22:48,748622;9,451462E-1;1,401161E-1;1,420583E-1;9,418313E-1;;
30/11/2021  10:22:48,748722;9,452475E-1;1,280100E-1;1,196272E-1;9,418883E-1;;
30/11/2021  10:22:48,748822;9,444696E-1;1,206827E-1;1,227865E-1;9,419521E-1;;
30/11/2021  10:22:48,748922;9,445710E-1;1,174969E-1;1,164678E-1;9,420221E-1;;
30/11/2021  10:22:48,749022;9,448779E-1;1,318330E-1;1,249980E-1;9,420977E-1;;
30/11/2021  10:22:48,749122;9,440494E-1;8,659462E-2;9,624818E-2;9,421783E-1;;
30/11/2021  10:22:48,749222;9,439362E-1;1,356559E-1;1,515363E-1;9,422632E-1;;
30/11/2021  10:22:48,749322;9,443027E-1;1,117624E-1;1,009872E-1;9,423516E-1;;
30/11/2021  10:22:48,749422;9,447706E-1;1,534964E-1;1,872366E-1;9,424431E-1;;
30/11/2021  10:22:48,749522;9,445143E-1;1,786642E-1;1,834454E-1;9,425369E-1;;
30/11/2021  10:22:48,749622;9,445888E-1;1,302401E-1;1,572231E-1;9,426327E-1;;
30/11/2021  10:22:48,749722;9,437871E-1;1,276914E-1;1,461654E-1;9,427299E-1;;
30/11/2021  10:22:48,749822;9,440762E-1;1,356559E-1;1,325804E-1;9,428280E-1;;
30/11/2021  10:22:48,749922;9,438170E-1;1,203641E-1;1,303688E-1;9,429265E-1;;
30/11/2021  10:22:48,750022;9,446485E-1;1,273729E-1;1,316326E-1;9,430248E-1;;
30/11/2021  10:22:48,750122;9,450627E-1;1,254614E-1;1,196272E-1;9,431226E-1;;
30/11/2021  10:22:48,750222;9,448958E-1;1,624167E-1;1,569071E-1;9,432195E-1;;
30/11/2021  10:22:48,750322;9,453518E-1;1,311958E-1;1,351078E-1;9,433154E-1;;
30/11/2021  10:22:48,750422;9,445739E-1;1,375674E-1;1,313166E-1;9,434101E-1;;
30/11/2021  10:22:48,750522;9,450121E-1;1,171783E-1;1,101492E-1;9,435034E-1;;
30/11/2021  10:22:48,750622;9,454353E-1;1,139925E-1;1,079377E-1;9,435951E-1;;
30/11/2021  10:22:48,750722;9,465827E-1;8,404598E-2;8,898175E-2;9,436852E-1;;
30/11/2021  10:22:48,750822;9,465350E-1;8,946184E-2;9,308886E-2;9,437737E-1;;
30/11/2021  10:22:48,750922;9,466333E-1;1,229127E-1;1,167838E-1;9,438608E-1;;
30/11/2021  10:22:48,751022;9,465201E-1;1,483991E-1;1,360556E-1;9,439466E-1;;
30/11/2021  10:22:48,751122;9,461803E-1;1,461691E-1;1,704922E-1;9,440312E-1;;
30/11/2021  10:22:48,751222;9,466512E-1;1,327887E-1;1,335282E-1;9,441148E-1;;
30/11/2021  10:22:48,751322;9,470357E-1;1,327887E-1;1,322644E-1;9,441974E-1;;
30/11/2021  10:22:48,751422;9,469790E-1;1,397975E-1;1,322644E-1;9,442791E-1;;
30/11/2021  10:22:48,751522;9,474231E-1;1,235499E-1;1,275255E-1;9,443601E-1;;
30/11/2021  10:22:48,751622;9,468986E-1;1,296029E-1;1,139404E-1;9,444405E-1;;
30/11/2021  10:22:48,751722;9,473665E-1;1,426647E-1;1,698603E-1;9,445204E-1;;
30/11/2021  10:22:48,751822;9,473695E-1;1,646467E-1;1,916596E-1;9,446000E-1;;
30/11/2021  10:22:48,751922;9,470714E-1;1,222756E-1;1,152041E-1;9,446792E-1;;
30/11/2021  10:22:48,752022;9,477241E-1;1,378860E-1;1,322644E-1;9,447583E-1;;
30/11/2021  10:22:48,752122;9,481622E-1;1,397975E-1;1,401627E-1;9,448372E-1;;
30/11/2021  10:22:48,752222;9,483261E-1;9,838208E-2;9,751191E-2;9,449161E-1;;
30/11/2021  10:22:48,752322;9,481891E-1;1,155854E-1;1,218387E-1;9,449952E-1;;
30/11/2021  10:22:48,752422;9,481384E-1;1,353374E-1;1,363715E-1;9,450747E-1;;
30/11/2021  10:22:48,752522;9,478404E-1;1,563636E-1;1,872366E-1;9,451546E-1;;
30/11/2021  10:22:48,752622;9,487642E-1;1,289658E-1;1,310007E-1;9,452350E-1;;
30/11/2021  10:22:48,752722;9,486778E-1;1,162226E-1;1,474292E-1;9,453160E-1;;
30/11/2021  10:22:48,752822;9,492053E-1;1,397975E-1;1,313166E-1;9,453976E-1;;
30/11/2021  10:22:48,752922;9,489580E-1;1,706997E-1;1,768108E-1;9,454801E-1;;
30/11/2021  10:22:48,753022;9,496762E-1;1,149482E-1;1,095173E-1;9,455636E-1;;
30/11/2021  10:22:48,753122;9,485825E-1;1,219570E-1;1,224705E-1;9,456482E-1;;
30/11/2021  10:22:48,753222;9,484334E-1;1,401161E-1;1,685966E-1;9,457340E-1;;
30/11/2021  10:22:48,753322;9,486659E-1;1,101695E-1;1,170997E-1;9,458208E-1;;
30/11/2021  10:22:48,753422;9,490802E-1;1,063466E-1;1,079377E-1;9,459085E-1;;
30/11/2021  10:22:48,753522;9,487672E-1;1,264171E-1;1,449017E-1;9,459972E-1;;
30/11/2021  10:22:48,753622;9,486063E-1;1,143111E-1;1,073058E-1;9,460867E-1;;
30/11/2021  10:22:48,753722;9,487076E-1;1,136739E-1;1,202590E-1;9,461768E-1;;
30/11/2021  10:22:48,753822;9,484632E-1;1,168597E-1;1,461654E-1;9,462674E-1;;
30/11/2021  10:22:48,753922;9,477569E-1;1,098510E-1;1,183634E-1;9,463583E-1;;
30/11/2021  10:22:48,754022;9,483410E-1;6,429402E-2;6,339125E-2;9,464493E-1;;
30/11/2021  10:22:48,754122;9,485705E-1;1,133553E-1;1,303688E-1;9,465400E-1;;
30/11/2021  10:22:48,754222;9,486629E-1;1,101695E-1;1,262617E-1;9,466303E-1;;
30/11/2021  10:22:48,754322;9,484245E-1;1,152668E-1;1,490088E-1;9,467200E-1;;
30/11/2021  10:22:48,754422;9,482904E-1;9,774492E-2;8,234717E-2;9,468089E-1;;
30/11/2021  10:22:48,754522;9,482814E-1;1,178155E-1;1,224705E-1;9,468969E-1;;
30/11/2021  10:22:48,754622;9,486659E-1;1,257800E-1;1,294210E-1;9,469837E-1;;
30/11/2021  10:22:48,754722;9,486272E-1;1,458505E-1;1,404787E-1;9,470693E-1;;
30/11/2021  10:22:48,754822;9,498491E-1;1,471248E-1;1,373193E-1;9,471535E-1;;
30/11/2021  10:22:48,754922;9,501352E-1;1,684697E-1;1,483770E-1;9,472363E-1;;
30/11/2021  10:22:48,755022;9,501799E-1;1,512664E-1;1,227865E-1;9,473180E-1;;
30/11/2021  10:22:48,755122;9,497746E-1;1,885402E-1;1,704922E-1;9,473986E-1;;
30/11/2021  10:22:48,755222;9,495421E-1;-9,297962E-3;1,107811E-1;9,474784E-1;;
30/11/2021  10:22:48,755322;9,498193E-1;1,311958E-1;1,632258E-1;9,475574E-1;;
30/11/2021  10:22:48,755422;9,498848E-1;9,965640E-2;1,294210E-1;9,476356E-1;;
30/11/2021  10:22:48,755522;9,501978E-1;1,350188E-1;1,502726E-1;9,477131E-1;;
30/11/2021  10:22:48,755622;9,503706E-1;1,232313E-1;1,332122E-1;9,477898E-1;;
30/11/2021  10:22:48,755722;9,500428E-1;1,273729E-1;1,253139E-1;9,478660E-1;;
30/11/2021  10:22:48,755822;9,498342E-1;9,710776E-2;1,092014E-1;9,479416E-1;;
30/11/2021  10:22:48,755922;9,496166E-1;1,347002E-1;1,528000E-1;9,480166E-1;;
30/11/2021  10:22:48,756022;9,492471E-1;1,356559E-1;1,347919E-1;9,480910E-1;;
30/11/2021  10:22:48,756122;9,495421E-1;1,264171E-1;1,310007E-1;9,481645E-1;;
30/11/2021  10:22:48,756222;9,500488E-1;1,321516E-1;1,357397E-1;9,482372E-1;;
30/11/2021  10:22:48,756322;9,493633E-1;1,311958E-1;1,284732E-1;9,483088E-1;;
30/11/2021  10:22:48,756422;9,490831E-1;1,092138E-1;1,063580E-1;9,483794E-1;;
30/11/2021  10:22:48,756522;9,486629E-1;1,229127E-1;1,066739E-1;9,484486E-1;;
30/11/2021  10:22:48,756622;9,484930E-1;1,037979E-1;1,155200E-1;9,485163E-1;;
30/11/2021  10:22:48,756722;9,484126E-1;1,305587E-1;1,240502E-1;9,485821E-1;;
30/11/2021  10:22:48,756822;9,485169E-1;1,238685E-1;1,208909E-1;9,486459E-1;;
30/11/2021  10:22:48,756922;9,482636E-1;1,235499E-1;1,193112E-1;9,487072E-1;;
30/11/2021  10:22:48,757022;9,480043E-1;1,200455E-1;1,231024E-1;9,487660E-1;;
30/11/2021  10:22:48,757122;9,473158E-1;1,280100E-1;1,332122E-1;9,488218E-1;;
30/11/2021  10:22:48,757222;9,473099E-1;1,331073E-1;1,306848E-1;9,488744E-1;;
30/11/2021  10:22:48,757322;9,470059E-1;1,245056E-1;1,268936E-1;9,489233E-1;;
30/11/2021  10:22:48,757422;9,469910E-1;1,123996E-1;1,114129E-1;9,489684E-1;;
30/11/2021  10:22:48,757522;9,470655E-1;1,305587E-1;1,133085E-1;9,490092E-1;;
30/11/2021  10:22:48,757622;9,467883E-1;1,181340E-1;1,227865E-1;9,490455E-1;;
30/11/2021  10:22:48,757722;9,465976E-1;1,273729E-1;1,265777E-1;9,490770E-1;;
30/11/2021  10:22:48,757822;9,457303E-1;1,222756E-1;1,167838E-1;9,491036E-1;;
30/11/2021  10:22:48,757922;9,448809E-1;1,264171E-1;1,092014E-1;9,491248E-1;;
30/11/2021  10:22:48,758022;9,451223E-1;1,251428E-1;1,234183E-1;9,491404E-1;;
30/11/2021  10:22:48,758122;9,460403E-1;1,299215E-1;1,218387E-1;9,491499E-1;;
30/11/2021  10:22:48,758222;9,454800E-1;1,445762E-1;1,509044E-1;9,491531E-1;;
30/11/2021  10:22:48,758322;9,451372E-1;1,327887E-1;1,193112E-1;9,491500E-1;;
30/11/2021  10:22:48,758422;9,445829E-1;7,034704E-2;8,645429E-2;9,491404E-1;;
30/11/2021  10:22:48,758522;9,442044E-1;1,289658E-1;1,291051E-1;9,491242E-1;;
30/11/2021  10:22:48,758622;9,439004E-1;1,296029E-1;1,354238E-1;9,491011E-1;;
30/11/2021  10:22:48,758722;9,441388E-1;1,302401E-1;1,205749E-1;9,490710E-1;;
30/11/2021  10:22:48,758822;9,446425E-1;9,647060E-2;1,212068E-1;9,490337E-1;;
30/11/2021  10:22:48,758922;9,451313E-1;1,461691E-1;1,509044E-1;9,489894E-1;;
30/11/2021  10:22:48,759022;9,451670E-1;1,455319E-1;1,531159E-1;9,489382E-1;;
30/11/2021  10:22:48,759122;9,446783E-1;1,187712E-1;1,193112E-1;9,488803E-1;;
30/11/2021  10:22:48,759222;9,443176E-1;1,292843E-1;1,281573E-1;9,488161E-1;;
30/11/2021  10:22:48,759322;9,445024E-1;1,238685E-1;1,076217E-1;9,487458E-1;;
30/11/2021  10:22:48,759422;9,449226E-1;1,232313E-1;1,246821E-1;9,486696E-1;;
30/11/2021  10:22:48,759522;9,458078E-1;1,235499E-1;1,224705E-1;9,485879E-1;;
30/11/2021  10:22:48,759622;9,470893E-1;6,684266E-2;5,233363E-2;9,485011E-1;;
30/11/2021  10:22:48,759722;9,471638E-1;1,324701E-1;1,610142E-1;9,484101E-1;;
30/11/2021  10:22:48,759822;9,470059E-1;1,340630E-1;1,370034E-1;9,483157E-1;;
30/11/2021  10:22:48,759922;9,469671E-1;1,127182E-1;1,142563E-1;9,482186E-1;;
30/11/2021  10:22:48,760022;9,477897E-1;1,340630E-1;1,328963E-1;9,481196E-1;;
30/11/2021  10:22:48,760122;9,487583E-1;8,277166E-2;9,940750E-2;9,480195E-1;;
30/11/2021  10:22:48,760222;9,497656E-1;9,041758E-2;1,092014E-1;9,479193E-1;;
30/11/2021  10:22:48,760322;9,505703E-1;1,337445E-1;1,531159E-1;9,478200E-1;;
30/11/2021  10:22:48,760422;9,504362E-1;1,302401E-1;1,316326E-1;9,477227E-1;;
30/11/2021  10:22:48,760522;9,512439E-1;1,426647E-1;1,341600E-1;9,476286E-1;;
30/11/2021  10:22:48,760622;9,509756E-1;1,353374E-1;1,294210E-1;9,475387E-1;;
30/11/2021  10:22:48,760722;9,520336E-1;1,397975E-1;1,458495E-1;9,474540E-1;;
30/11/2021  10:22:48,760822;9,527072E-1;1,270543E-1;1,253139E-1;9,473754E-1;;
30/11/2021  10:22:48,760922;9,534105E-1;1,213198E-1;1,287892E-1;9,473041E-1;;
30/11/2021  10:22:48,761022;9,536281E-1;6,970988E-2;9,056141E-2;9,472410E-1;;
30/11/2021  10:22:48,761122;9,540692E-1;1,213198E-1;1,227865E-1;9,471870E-1;;
30/11/2021  10:22:48,761222;9,538695E-1;1,254614E-1;1,231024E-1;9,471429E-1;;
30/11/2021  10:22:48,761322;9,543851E-1;1,417090E-1;1,360556E-1;9,471097E-1;;
30/11/2021  10:22:48,761422;9,548947E-1;6,684266E-2;9,119327E-2;9,470877E-1;;
30/11/2021  10:22:48,761522;9,550825E-1;1,088952E-1;1,281573E-1;9,470777E-1;;
30/11/2021  10:22:48,761622;9,558156E-1;1,296029E-1;1,284732E-1;9,470802E-1;;
30/11/2021  10:22:48,761722;9,556726E-1;1,350188E-1;1,644895E-1;9,470955E-1;;
30/11/2021  10:22:48,761822;9,555116E-1;7,512574E-2;1,597505E-1;9,471241E-1;;
30/11/2021  10:22:48,761922;9,550557E-1;1,127182E-1;1,170997E-1;9,471662E-1;;
30/11/2021  10:22:48,762022;9,550735E-1;1,053908E-1;1,148882E-1;9,472217E-1;;
30/11/2021  10:22:48,762122;9,549186E-1;1,034794E-1;1,129926E-1;9,472905E-1;;
30/11/2021  10:22:48,762222;9,553179E-1;1,060280E-1;1,069899E-1;9,473723E-1;;
30/11/2021  10:22:48,762322;9,555027E-1;9,933782E-2;1,174156E-1;9,474668E-1;;
30/11/2021  10:22:48,762422;9,553209E-1;-9,117302E-2;-1,243243E-2;9,475737E-1;;
30/11/2021  10:22:48,762522;9,547904E-1;1,098510E-1;1,509044E-1;9,476925E-1;;
30/11/2021  10:22:48,762622;9,549126E-1;-4,880188E-2;8,297904E-2;9,478227E-1;;
30/11/2021  10:22:48,762722;9,547189E-1;1,130368E-1;1,177316E-1;9,479635E-1;;
30/11/2021  10:22:48,762822;9,549633E-1;9,009900E-2;7,539667E-2;9,481145E-1;;
30/11/2021  10:22:48,762922;9,548768E-1;1,687883E-1;1,546956E-1;9,482747E-1;;
30/11/2021  10:22:48,763022;9,550467E-1;-3,510294E-2;5,991600E-2;9,484435E-1;;
30/11/2021  10:22:48,763122;9,540722E-1;1,194084E-1;1,237343E-1;9,486202E-1;;
30/11/2021  10:22:48,763222;9,535864E-1;1,286472E-1;1,281573E-1;9,488039E-1;;
30/11/2021  10:22:48,763322;9,532496E-1;1,356559E-1;1,493248E-1;9,489935E-1;;
30/11/2021  10:22:48,763422;9,530112E-1;1,659210E-1;1,502726E-1;9,491881E-1;;
30/11/2021  10:22:48,763522;9,534731E-1;1,780271E-1;1,594346E-1;9,493867E-1;;
30/11/2021  10:22:48,763622;9,526357E-1;1,624167E-1;1,509044E-1;9,495880E-1;;
30/11/2021  10:22:48,763722;9,518369E-1;1,334259E-1;1,212068E-1;9,497912E-1;;
30/11/2021  10:22:48,763822;9,511544E-1;1,458505E-1;1,505885E-1;9,499951E-1;;
30/11/2021  10:22:48,763922;9,509876E-1;1,031608E-1;1,095173E-1;9,501985E-1;;
30/11/2021  10:22:48,764022;9,499266E-1;1,203641E-1;1,382671E-1;9,504002E-1;;
30/11/2021  10:22:48,764122;9,498193E-1;1,216384E-1;1,212068E-1;9,505989E-1;;
30/11/2021  10:22:48,764222;9,493305E-1;1,235499E-1;1,291051E-1;9,507933E-1;;
30/11/2021  10:22:48,764322;9,491189E-1;1,206827E-1;1,107811E-1;9,509823E-1;;
30/11/2021  10:22:48,764422;9,484662E-1;1,181340E-1;1,259458E-1;9,511647E-1;;
30/11/2021  10:22:48,764522;9,481891E-1;1,171783E-1;1,322644E-1;9,513394E-1;;
30/11/2021  10:22:48,764622;9,479327E-1;1,576380E-1;1,821817E-1;9,515053E-1;;
30/11/2021  10:22:48,764722;9,477360E-1;1,232313E-1;1,234183E-1;9,516615E-1;;
30/11/2021  10:22:48,764822;9,478940E-1;1,283286E-1;1,294210E-1;9,518071E-1;;
30/11/2021  10:22:48,764922;9,481116E-1;1,321516E-1;1,685966E-1;9,519413E-1;;
30/11/2021  10:22:48,765022;9,475155E-1;1,210013E-1;1,265777E-1;9,520637E-1;;
30/11/2021  10:22:48,765122;9,476675E-1;1,410718E-1;1,259458E-1;9,521736E-1;;
30/11/2021  10:22:48,765222;9,474023E-1;1,079395E-1;9,814378E-2;9,522707E-1;;
30/11/2021  10:22:48,765322;9,475125E-1;7,193994E-2;4,664686E-2;9,523547E-1;;
30/11/2021  10:22:48,765422;9,478821E-1;1,238685E-1;1,291051E-1;9,524255E-1;;
30/11/2021  10:22:48,765522;9,434623E-1;8,965980E-4;1,032929E+1;9,524827E-1;;
30/11/2021  10:22:48,765622;9,438378E-1;8,965980E-4;1,032929E+1;9,525261E-1;;
30/11/2021  10:22:48,765722;9,450299E-1;5,780180E-4;1,032929E+1;9,525550E-1;;
30/11/2021  10:22:48,765822;9,447051E-1;1,533758E-3;1,032929E+1;9,525690E-1;;
30/11/2021  10:22:48,765922;9,451670E-1;1,533758E-3;1,032929E+1;9,525680E-1;;
30/11/2021  10:22:48,766022;9,448094E-1;1,533758E-3;1,032929E+1;9,525520E-1;;
30/11/2021  10:22:48,766122;9,449465E-1;1,215178E-3;1,032929E+1;9,525210E-1;;
30/11/2021  10:22:48,766222;9,450568E-1;1,215178E-3;1,032929E+1;9,524753E-1;;
30/11/2021  10:22:48,766322;9,465320E-1;8,965980E-4;1,032929E+1;9,524153E-1;;
30/11/2021  10:22:48,766422;9,463085E-1;5,780180E-4;1,032929E+1;9,523415E-1;;
30/11/2021  10:22:48,766522;9,452475E-1;2,489498E-3;1,032929E+1;9,522547E-1;;
30/11/2021  10:22:48,766622;9,456677E-1;1,215178E-3;1,032929E+1;9,521555E-1;;
30/11/2021  10:22:48,766722;9,454233E-1;5,780180E-4;1,032929E+1;9,520445E-1;;
30/11/2021  10:22:48,766822;9,452803E-1;8,965980E-4;1,032929E+1;9,519226E-1;;
30/11/2021  10:22:48,766922;9,459151E-1;1,215178E-3;1,032929E+1;9,517902E-1;;
30/11/2021  10:22:48,767022;9,466035E-1;1,533758E-3;1,032929E+1;9,516483E-1;;
30/11/2021  10:22:48,767122;9,466423E-1;1,533758E-3;1,032929E+1;9,514977E-1;;
30/11/2021  10:22:48,767222;9,468837E-1;4,400978E-3;1,032929E+1;9,513394E-1;;
30/11/2021  10:22:48,767322;9,466929E-1;3,126658E-3;1,032929E+1;9,511743E-1;;
30/11/2021  10:22:48,767422;9,466810E-1;1,852338E-3;1,032929E+1;9,510034E-1;;
30/11/2021  10:22:48,767522;9,465976E-1;3,763818E-3;1,032929E+1;9,508278E-1;;
30/11/2021  10:22:48,767622;9,473933E-1;5,993878E-3;1,032929E+1;9,506482E-1;;
30/11/2021  10:22:48,767722;9,484990E-1;1,852338E-3;1,032929E+1;9,504656E-1;;
30/11/2021  10:22:48,767822;9,472801E-1;7,268198E-3;1,032929E+1;9,502811E-1;;
30/11/2021  10:22:48,767922;9,473009E-1;8,223938E-3;1,032929E+1;9,500957E-1;;
30/11/2021  10:22:48,768022;9,470565E-1;1,427696E-2;1,032929E+1;9,499101E-1;;
30/11/2021  10:22:48,768122;9,466393E-1;1,491412E-2;1,032929E+1;9,497252E-1;;
30/11/2021  10:22:48,768222;9,465856E-1;1,459554E-2;1,032929E+1;9,495414E-1;;
30/11/2021  10:22:48,768322;9,462399E-1;1,586986E-2;1,032929E+1;9,493595E-1;;
30/11/2021  10:22:48,768422;9,471698E-1;1,427696E-2;1,032929E+1;9,491797E-1;;
30/11/2021  10:22:48,768522;9,466006E-1;1,204690E-2;1,032929E+1;9,490026E-1;;
30/11/2021  10:22:48,768622;9,459389E-1;2,808078E-3;1,032929E+1;9,488286E-1;;
30/11/2021  10:22:48,768722;9,453756E-1;1,682560E-2;1,032929E+1;9,486580E-1;;
30/11/2021  10:22:48,768822;9,453131E-1;1,268406E-2;1,032929E+1;9,484910E-1;;
30/11/2021  10:22:48,768922;9,451342E-1;9,498258E-3;1,032929E+1;9,483277E-1;;
30/11/2021  10:22:48,769022;9,458912E-1;1,077258E-2;1,032929E+1;9,481681E-1;;
30/11/2021  10:22:48,769122;9,458555E-1;1,204690E-2;1,032929E+1;9,480123E-1;;
30/11/2021  10:22:48,769222;9,450746E-1;3,763818E-3;1,032929E+1;9,478604E-1;;
30/11/2021  10:22:48,769322;9,447200E-1;1,459554E-2;1,032929E+1;9,477126E-1;;
30/11/2021  10:22:48,769422;9,442968E-1;1,300264E-2;1,032929E+1;9,475688E-1;;
30/11/2021  10:22:48,769522;9,445859E-1;8,861098E-3;1,032929E+1;9,474289E-1;;
30/11/2021  10:22:48,769622;9,447110E-1;6,631038E-3;1,032929E+1;9,472928E-1;;
30/11/2021  10:22:48,769722;9,448690E-1;1,459554E-2;1,032929E+1;9,471603E-1;;
30/11/2021  10:22:48,769822;9,449822E-1;1,236548E-2;1,032929E+1;9,470315E-1;;
30/11/2021  10:22:48,769922;9,452773E-1;1,555128E-2;1,032929E+1;9,469064E-1;;
30/11/2021  10:22:48,770022;9,449912E-1;1,427696E-2;1,032929E+1;9,467851E-1;;
30/11/2021  10:22:48,770122;9,446932E-1;1,746276E-2;1,032929E+1;9,466675E-1;;
30/11/2021  10:22:48,770222;9,451015E-1;1,395838E-2;1,032929E+1;9,465537E-1;;
30/11/2021  10:22:48,770322;9,455008E-1;1,109116E-2;1,032929E+1;9,464437E-1;;
30/11/2021  10:22:48,770422;9,460701E-1;7,905358E-3;1,032929E+1;9,463377E-1;;
30/11/2021  10:22:48,770522;9,454561E-1;5,780180E-4;1,032929E+1;9,462357E-1;;
30/11/2021  10:22:48,770622;9,445441E-1;8,223938E-3;1,032929E+1;9,461378E-1;;
30/11/2021  10:22:48,770722;9,442193E-1;1,363980E-2;1,032929E+1;9,460441E-1;;
30/11/2021  10:22:48,770822;9,437246E-1;5,675298E-3;1,032929E+1;9,459543E-1;;
30/11/2021  10:22:48,770922;9,436590E-1;1,045400E-2;1,032929E+1;9,458683E-1;;
30/11/2021  10:22:48,771022;9,437544E-1;5,675298E-3;1,032929E+1;9,457856E-1;;
30/11/2021  10:22:48,771122;9,433580E-1;1,172832E-2;1,032929E+1;9,457060E-1;;
30/11/2021  10:22:48,771222;9,428513E-1;4,082398E-3;1,032929E+1;9,456292E-1;;
30/11/2021  10:22:48,771322;9,421748E-1;1,459554E-2;1,032929E+1;9,455549E-1;;
30/11/2021  10:22:48,771422;9,423804E-1;1,491412E-2;1,032929E+1;9,454825E-1;;
30/11/2021  10:22:48,771522;9,423298E-1;1,332122E-2;1,032929E+1;9,454117E-1;;
30/11/2021  10:22:48,771622;9,424073E-1;9,179678E-3;1,032929E+1;9,453421E-1;;
30/11/2021  10:22:48,771722;9,431672E-1;1,459554E-2;1,032929E+1;9,452733E-1;;
30/11/2021  10:22:48,771822;9,434414E-1;1,523270E-2;1,032929E+1;9,452053E-1;;
30/11/2021  10:22:48,771922;9,434355E-1;1,555128E-2;1,032929E+1;9,451379E-1;;
30/11/2021  10:22:48,772022;9,435279E-1;1,204690E-2;1,032929E+1;9,450712E-1;;
30/11/2021  10:22:48,772122;9,431851E-1;1,427696E-2;1,032929E+1;9,450051E-1;;
30/11/2021  10:22:48,772222;9,436352E-1;1,332122E-2;1,032929E+1;9,449398E-1;;
30/11/2021  10:22:48,772322;9,438497E-1;1,555128E-2;1,032929E+1;9,448753E-1;;
30/11/2021  10:22:48,772422;9,447438E-1;1,109116E-2;1,032929E+1;9,448116E-1;;
30/11/2021  10:22:48,772522;9,450210E-1;8,861098E-3;1,032929E+1;9,447491E-1;;
30/11/2021  10:22:48,772622;9,448452E-1;1,332122E-2;1,032929E+1;9,446881E-1;;
30/11/2021  10:22:48,772722;9,444875E-1;1,363980E-2;1,032929E+1;9,446288E-1;;
30/11/2021  10:22:48,772822;9,447379E-1;1,555128E-2;1,032929E+1;9,445715E-1;;
30/11/2021  10:22:48,772922;9,445888E-1;1,555128E-2;1,032929E+1;9,445165E-1;;
30/11/2021  10:22:48,773022;9,450657E-1;1,491412E-2;1,032929E+1;9,444639E-1;;
30/11/2021  10:22:48,773122;9,461297E-1;1,204690E-2;1,032929E+1;9,444138E-1;;
30/11/2021  10:22:48,773222;9,457690E-1;1,459554E-2;1,032929E+1;9,443667E-1;;
30/11/2021  10:22:48,773322;9,455694E-1;1,140974E-2;1,032929E+1;9,443229E-1;;
30/11/2021  10:22:48,773422;9,457392E-1;9,498258E-3;1,032929E+1;9,442826E-1;;
30/11/2021  10:22:48,773522;9,452773E-1;5,356718E-3;1,032929E+1;9,442459E-1;;
30/11/2021  10:22:48,773622;9,461684E-1;1,586986E-2;1,032929E+1;9,442132E-1;;
30/11/2021  10:22:48,773722;9,463055E-1;1,427696E-2;1,032929E+1;9,441844E-1;;
30/11/2021  10:22:48,773822;9,468837E-1;1,618844E-2;1,032929E+1;9,441599E-1;;
30/11/2021  10:22:48,773922;9,470685E-1;1,045400E-2;1,032929E+1;9,441398E-1;;
30/11/2021  10:22:48,774022;9,470476E-1;3,243602E-2;1,032929E+1;9,441245E-1;;
30/11/2021  10:22:48,774122;9,477480E-1;1,523270E-2;1,032929E+1;9,441141E-1;;
30/11/2021  10:22:48,774222;9,479625E-1;1,427696E-2;1,032929E+1;9,441090E-1;;
30/11/2021  10:22:48,774322;9,487017E-1;1,491412E-2;1,032929E+1;9,441094E-1;;
30/11/2021  10:22:48,774422;9,495302E-1;1,395838E-2;1,032929E+1;9,441157E-1;;
30/11/2021  10:22:48,774522;9,502067E-1;1,459554E-2;1,032929E+1;9,441283E-1;;
30/11/2021  10:22:48,774622;9,506359E-1;1,586986E-2;1,032929E+1;9,441477E-1;;
30/11/2021  10:22:48,774722;9,502395E-1;1,618844E-2;1,032929E+1;9,441744E-1;;
30/11/2021  10:22:48,774822;9,508356E-1;1,395838E-2;1,032929E+1;9,442087E-1;;
30/11/2021  10:22:48,774922;9,512290E-1;1,523270E-2;1,032929E+1;9,442511E-1;;
30/11/2021  10:22:48,775022;9,517714E-1;1,459554E-2;1,032929E+1;9,443019E-1;;
30/11/2021  10:22:48,775122;9,527012E-1;1,236548E-2;1,032929E+1;9,443613E-1;;
30/11/2021  10:22:48,775222;9,525045E-1;1,523270E-2;1,032929E+1;9,444298E-1;;
30/11/2021  10:22:48,775322;9,524539E-1;1,523270E-2;1,032929E+1;9,445076E-1;;
30/11/2021  10:22:48,775422;9,524747E-1;1,427696E-2;1,032929E+1;9,445950E-1;;
30/11/2021  10:22:48,775522;9,524300E-1;1,586986E-2;1,032929E+1;9,446920E-1;;
30/11/2021  10:22:48,775622;9,535268E-1;1,586986E-2;1,032929E+1;9,447986E-1;;
30/11/2021  10:22:48,775722;9,538457E-1;1,363980E-2;1,032929E+1;9,449148E-1;;
30/11/2021  10:22:48,775822;9,532556E-1;1,618844E-2;1,032929E+1;9,450407E-1;;
30/11/2021  10:22:48,775922;9,532436E-1;1,586986E-2;1,032929E+1;9,451761E-1;;
30/11/2021  10:22:48,776022;9,524419E-1;1,427696E-2;1,032929E+1;9,453208E-1;;
30/11/2021  10:22:48,776122;9,524390E-1;1,586986E-2;1,032929E+1;9,454744E-1;;
30/11/2021  10:22:48,776222;9,516909E-1;1,714418E-2;1,032929E+1;9,456363E-1;;
30/11/2021  10:22:48,776322;9,519293E-1;1,459554E-2;1,032929E+1;9,458060E-1;;
30/11/2021  10:22:48,776422;9,518906E-1;1,523270E-2;1,032929E+1;9,459826E-1;;
30/11/2021  10:22:48,776522;9,517624E-1;1,523270E-2;1,032929E+1;9,461655E-1;;
30/11/2021  10:22:48,776622;9,510919E-1;1,491412E-2;1,032929E+1;9,463538E-1;;
30/11/2021  10:22:48,776722;9,506776E-1;1,586986E-2;1,032929E+1;9,465467E-1;;
30/11/2021  10:22:48,776822;9,500011E-1;1,459554E-2;1,032929E+1;9,467432E-1;;
30/11/2021  10:22:48,776922;9,496226E-1;1,300264E-2;1,032929E+1;9,469425E-1;;
30/11/2021  10:22:48,777022;9,503110E-1;8,542518E-3;1,032929E+1;9,471433E-1;;
30/11/2021  10:22:48,777122;9,505167E-1;1,363980E-2;1,032929E+1;9,473447E-1;;
30/11/2021  10:22:48,777222;9,500100E-1;1,300264E-2;1,032929E+1;9,475458E-1;;
30/11/2021  10:22:48,777322;9,489699E-1;1,332122E-2;1,032929E+1;9,477459E-1;;
30/11/2021  10:22:48,777422;9,483410E-1;1,045400E-2;1,032929E+1;9,479439E-1;;
30/11/2021  10:22:48,777522;9,474976E-1;1,300264E-2;1,032929E+1;9,481389E-1;;
30/11/2021  10:22:48,777622;9,471757E-1;1,236548E-2;1,032929E+1;9,483296E-1;;
30/11/2021  10:22:48,777722;9,465439E-1;1,332122E-2;1,032929E+1;9,485151E-1;;
30/11/2021  10:22:48,777822;9,459747E-1;4,400978E-3;1,032929E+1;9,486942E-1;;
30/11/2021  10:22:48,777922;9,452564E-1;1,204690E-2;1,032929E+1;9,488658E-1;;
30/11/2021  10:22:48,778022;9,450478E-1;1,077258E-2;1,032929E+1;9,490287E-1;;
30/11/2021  10:22:48,778122;9,439362E-1;1,459554E-2;1,032929E+1;9,491819E-1;;
30/11/2021  10:22:48,778222;9,431434E-1;1,172832E-2;1,032929E+1;9,493242E-1;;
30/11/2021  10:22:48,778322;9,426308E-1;1,459554E-2;1,032929E+1;9,494547E-1;;
30/11/2021  10:22:48,778422;9,423626E-1;8,861098E-3;1,032929E+1;9,495722E-1;;
30/11/2021  10:22:48,778522;9,431166E-1;3,763818E-3;1,032929E+1;9,496757E-1;;
30/11/2021  10:22:48,778622;9,423268E-1;4,400978E-3;1,032929E+1;9,497647E-1;;
30/11/2021  10:22:48,778722;9,416562E-1;1,236548E-2;1,032929E+1;9,498383E-1;;
30/11/2021  10:22:48,778822;9,419215E-1;1,204690E-2;1,032929E+1;9,498962E-1;;
30/11/2021  10:22:48,778922;9,412539E-1;1,523270E-2;1,032929E+1;9,499379E-1;;
30/11/2021  10:22:48,779022;9,423924E-1;7,905358E-3;1,032929E+1;9,499630E-1;;
30/11/2021  10:22:48,779122;9,423447E-1;7,586778E-3;1,032929E+1;9,499714E-1;;
30/11/2021  10:22:48,779222;9,422106E-1;8,861098E-3;1,032929E+1;9,499633E-1;;
30/11/2021  10:22:48,779322;9,417158E-1;1,395838E-2;1,032929E+1;9,499388E-1;;
30/11/2021  10:22:48,779422;9,412509E-1;1,427696E-2;1,032929E+1;9,498983E-1;;
30/11/2021  10:22:48,779522;9,410959E-1;1,172832E-2;1,032929E+1;9,498418E-1;;
30/11/2021  10:22:48,779622;9,410184E-1;1,332122E-2;1,032929E+1;9,497698E-1;;
30/11/2021  10:22:48,779722;9,417427E-1;1,459554E-2;1,032929E+1;9,496825E-1;;
30/11/2021  10:22:48,779822;9,417099E-1;5,675298E-3;1,032929E+1;9,495806E-1;;
30/11/2021  10:22:48,779922;9,417456E-1;1,618844E-2;1,032929E+1;9,494645E-1;;
30/11/2021  10:22:48,780022;9,407800E-1;7,586778E-3;1,032929E+1;9,493350E-1;;
30/11/2021  10:22:48,780122;9,409022E-1;1,395838E-2;1,032929E+1;9,491928E-1;;
30/11/2021  10:22:48,780222;9,408217E-1;1,523270E-2;1,032929E+1;9,490384E-1;;
30/11/2021  10:22:48,780322;9,411645E-1;1,523270E-2;1,032929E+1;9,488725E-1;;
30/11/2021  10:22:48,780422;9,414595E-1;1,523270E-2;1,032929E+1;9,486959E-1;;
30/11/2021  10:22:48,780522;9,420616E-1;1,618844E-2;1,032929E+1;9,485094E-1;;
30/11/2021  10:22:48,780622;9,426368E-1;1,555128E-2;1,032929E+1;9,483140E-1;;
30/11/2021  10:22:48,780722;9,426755E-1;9,498258E-3;1,032929E+1;9,481108E-1;;
30/11/2021  10:22:48,780822;9,422672E-1;1,746276E-2;1,032929E+1;9,479007E-1;;
30/11/2021  10:22:48,780922;9,430212E-1;8,861098E-3;1,032929E+1;9,476851E-1;;
30/11/2021  10:22:48,781022;9,438050E-1;8,223938E-3;1,032929E+1;9,474649E-1;;
30/11/2021  10:22:48,781122;9,450121E-1;4,082398E-3;1,032929E+1;9,472413E-1;;
30/11/2021  10:22:48,781222;9,450806E-1;1,555128E-2;1,032929E+1;9,470157E-1;;
30/11/2021  10:22:48,781322;9,443594E-1;9,498258E-3;1,032929E+1;9,467896E-1;;
30/11/2021  10:22:48,781422;9,443176E-1;1,841850E-2;1,032929E+1;9,465640E-1;;
30/11/2021  10:22:48,781522;9,447706E-1;1,618844E-2;1,032929E+1;9,463401E-1;;
30/11/2021  10:22:48,781622;9,443951E-1;9,179678E-3;1,032929E+1;9,461190E-1;;
30/11/2021  10:22:48,781722;9,445054E-1;7,586778E-3;1,032929E+1;9,459015E-1;;
30/11/2021  10:22:48,781822;9,452296E-1;1,618844E-2;1,032929E+1;9,456884E-1;;
30/11/2021  10:22:48,781922;9,446395E-1;5,356718E-3;1,032929E+1;9,454807E-1;;
30/11/2021  10:22:48,782022;9,444637E-1;1,555128E-2;1,032929E+1;9,452790E-1;;
30/11/2021  10:22:48,782122;9,436471E-1;1,555128E-2;1,032929E+1;9,450839E-1;;
30/11/2021  10:22:48,782222;9,435428E-1;1,618844E-2;1,032929E+1;9,448959E-1;;
30/11/2021  10:22:48,782322;9,436471E-1;1,236548E-2;1,032929E+1;9,447152E-1;;
30/11/2021  10:22:48,782422;9,439600E-1;1,555128E-2;1,032929E+1;9,445419E-1;;
30/11/2021  10:22:48,782522;9,441060E-1;1,459554E-2;1,032929E+1;9,443764E-1;;
30/11/2021  10:22:48,782622;9,433759E-1;1,300264E-2;1,032929E+1;9,442188E-1;;
30/11/2021  10:22:48,782722;9,437573E-1;1,140974E-2;1,032929E+1;9,440691E-1;;
30/11/2021  10:22:48,782822;9,430719E-1;1,427696E-2;1,032929E+1;9,439276E-1;;
30/11/2021  10:22:48,782922;9,425771E-1;6,312458E-3;1,032929E+1;9,437940E-1;;
30/11/2021  10:22:48,783022;9,428156E-1;1,172832E-2;1,032929E+1;9,436682E-1;;
30/11/2021  10:22:48,783122;9,431434E-1;8,542518E-3;1,032929E+1;9,435500E-1;;
30/11/2021  10:22:48,783222;9,430272E-1;1,523270E-2;1,032929E+1;9,434393E-1;;
30/11/2021  10:22:48,783322;9,428573E-1;1,332122E-2;1,032929E+1;9,433358E-1;;
30/11/2021  10:22:48,783422;9,424013E-1;1,332122E-2;1,032929E+1;9,432394E-1;;
30/11/2021  10:22:48,783522;9,415132E-1;5,675298E-3;1,032929E+1;9,431498E-1;;
30/11/2021  10:22:48,783622;9,414625E-1;6,949618E-3;1,032929E+1;9,430665E-1;;
30/11/2021  10:22:48,783722;9,409618E-1;5,993878E-3;1,032929E+1;9,429890E-1;;
30/11/2021  10:22:48,783822;9,411824E-1;4,082398E-3;1,032929E+1;9,429169E-1;;
30/11/2021  10:22:48,783922;9,405416E-1;3,763818E-3;1,032929E+1;9,428496E-1;;
30/11/2021  10:22:48,784022;9,396863E-1;6,312458E-3;1,032929E+1;9,427865E-1;;
30/11/2021  10:22:48,784122;9,387147E-1;1,533758E-3;1,032929E+1;9,427270E-1;;
30/11/2021  10:22:48,784222;9,380322E-1;3,763818E-3;1,032929E+1;9,426702E-1;;
30/11/2021  10:22:48,784322;9,367089E-1;1,533758E-3;1,032929E+1;9,426152E-1;;
30/11/2021  10:22:48,784422;9,365569E-1;2,808078E-3;1,032929E+1;9,425610E-1;;
30/11/2021  10:22:48,784522;9,365391E-1;8,965980E-4;1,032929E+1;9,425066E-1;;
30/11/2021  10:22:48,784622;9,355645E-1;3,763818E-3;1,032929E+1;9,424510E-1;;
30/11/2021  10:22:48,784722;9,349208E-1;1,215178E-3;1,032929E+1;9,423931E-1;;
30/11/2021  10:22:48,784822;9,346943E-1;8,965980E-4;1,032929E+1;9,423321E-1;;
30/11/2021  10:22:48,784922;9,344052E-1;1,533758E-3;1,032929E+1;9,422671E-1;;
30/11/2021  10:22:48,785022;9,344797E-1;8,965980E-4;1,032929E+1;9,421971E-1;;
30/11/2021  10:22:48,785122;9,350549E-1;1,533758E-3;1,032929E+1;9,421215E-1;;
30/11/2021  10:22:48,785222;9,355913E-1;1,533758E-3;1,032929E+1;9,420399E-1;;
30/11/2021  10:22:48,785322;9,353469E-1;1,215178E-3;1,032929E+1;9,419519E-1;;
30/11/2021  10:22:48,785422;9,350847E-1;1,533758E-3;1,032929E+1;9,418573E-1;;
30/11/2021  10:22:48,785522;9,353559E-1;1,215178E-3;1,032929E+1;9,417562E-1;;
30/11/2021  10:22:48,785622;9,352098E-1;2,808078E-3;1,032929E+1;9,416485E-1;;
30/11/2021  10:22:48,785722;9,356420E-1;1,215178E-3;1,032929E+1;9,415343E-1;;
30/11/2021  10:22:48,785822;9,365212E-1;1,215178E-3;1,032929E+1;9,414138E-1;;
30/11/2021  10:22:48,785922;9,368550E-1;2,170918E-3;1,032929E+1;9,412874E-1;;
30/11/2021  10:22:48,786022;9,367924E-1;1,215178E-3;1,032929E+1;9,411556E-1;;
30/11/2021  10:22:48,786122;9,364824E-1;2,489498E-3;1,032929E+1;9,410190E-1;;
30/11/2021  10:22:48,786222;9,358506E-1;1,852338E-3;1,032929E+1;9,408780E-1;;
30/11/2021  10:22:48,786322;9,360801E-1;5,780180E-4;1,032929E+1;9,407333E-1;;
30/11/2021  10:22:48,786422;9,367715E-1;8,965980E-4;1,032929E+1;9,405851E-1;;
30/11/2021  10:22:48,786522;9,364586E-1;5,780180E-4;1,032929E+1;9,404340E-1;;
30/11/2021  10:22:48,786622;9,372066E-1;1,215178E-3;1,032929E+1;9,402806E-1;;
30/11/2021  10:22:48,786722;9,363304E-1;5,780180E-4;1,032929E+1;9,401254E-1;;
30/11/2021  10:22:48,786822;9,368430E-1;1,215178E-3;1,032929E+1;9,399690E-1;;
30/11/2021  10:22:48,786922;9,374153E-1;1,533758E-3;1,032929E+1;9,398119E-1;;
30/11/2021  10:22:48,787022;9,378146E-1;1,852338E-3;1,032929E+1;9,396548E-1;;
30/11/2021  10:22:48,787122;9,385716E-1;1,533758E-3;1,032929E+1;9,394982E-1;;
30/11/2021  10:22:48,787222;9,395372E-1;2,489498E-3;1,032929E+1;9,393431E-1;;
30/11/2021  10:22:48,787322;9,406608E-1;8,542518E-3;1,032929E+1;9,391902E-1;;
30/11/2021  10:22:48,787422;9,413105E-1;1,533758E-3;1,032929E+1;9,390407E-1;;
30/11/2021  10:22:48,787522;9,416205E-1;2,170918E-3;1,032929E+1;9,388957E-1;;
30/11/2021  10:22:48,787622;9,426755E-1;5,993878E-3;1,032929E+1;9,387562E-1;;
30/11/2021  10:22:48,787722;9,442431E-1;1,268406E-2;1,032929E+1;9,386236E-1;;
30/11/2021  10:22:48,787822;9,446872E-1;8,861098E-3;1,032929E+1;9,384991E-1;;
30/11/2021  10:22:48,787922;9,459359E-1;1,714418E-2;1,032929E+1;9,383840E-1;;
30/11/2021  10:22:48,788022;9,464396E-1;9,498258E-3;1,032929E+1;9,382796E-1;;
30/11/2021  10:22:48,788122;9,469075E-1;1,077258E-2;1,032929E+1;9,381873E-1;;
30/11/2021  10:22:48,788222;9,470148E-1;1,395838E-2;1,032929E+1;9,381083E-1;;
30/11/2021  10:22:48,788322;9,472234E-1;1,363980E-2;1,032929E+1;9,380436E-1;;
30/11/2021  10:22:48,788422;9,477003E-1;1,395838E-2;1,032929E+1;9,379942E-1;;
30/11/2021  10:22:48,788522;9,490414E-1;1,204690E-2;1,032929E+1;9,379609E-1;;
30/11/2021  10:22:48,788622;9,491696E-1;1,395838E-2;1,032929E+1;9,379444E-1;;
30/11/2021  10:22:48,788722;9,491725E-1;9,498258E-3;1,032929E+1;9,379454E-1;;
30/11/2021  10:22:48,788822;9,489252E-1;1,363980E-2;1,032929E+1;9,379644E-1;;
30/11/2021  10:22:48,788922;9,489997E-1;1,523270E-2;1,032929E+1;9,380018E-1;;
30/11/2021  10:22:48,789022;9,488596E-1;1,140974E-2;1,032929E+1;9,380577E-1;;
30/11/2021  10:22:48,789122;9,495361E-1;1,172832E-2;1,032929E+1;9,381320E-1;;
30/11/2021  10:22:48,789222;9,497239E-1;1,491412E-2;1,032929E+1;9,382246E-1;;
30/11/2021  10:22:48,789322;9,496554E-1;1,427696E-2;1,032929E+1;9,383354E-1;;
30/11/2021  10:22:48,789422;9,495630E-1;6,949618E-3;1,032929E+1;9,384639E-1;;
30/11/2021  10:22:48,789522;9,489550E-1;1,172832E-2;1,032929E+1;9,386098E-1;;
30/11/2021  10:22:48,789622;9,486629E-1;1,459554E-2;1,032929E+1;9,387724E-1;;
30/11/2021  10:22:48,789722;9,487464E-1;1,555128E-2;1,032929E+1;9,389509E-1;;
30/11/2021  10:22:48,789822;9,495838E-1;1,586986E-2;1,032929E+1;9,391445E-1;;
30/11/2021  10:22:48,789922;9,494110E-1;1,427696E-2;1,032929E+1;9,393522E-1;;
30/11/2021  10:22:48,790022;9,495809E-1;1,618844E-2;1,032929E+1;9,395732E-1;;
30/11/2021  10:22:48,790122;9,498401E-1;1,077258E-2;1,032929E+1;9,398067E-1;;
30/11/2021  10:22:48,790222;9,490355E-1;1,459554E-2;1,032929E+1;9,400518E-1;;
30/11/2021  10:22:48,790322;9,491785E-1;6,631038E-3;1,032929E+1;9,403074E-1;;
30/11/2021  10:22:48,790422;9,489818E-1;1,268406E-2;1,032929E+1;9,405727E-1;;
30/11/2021  10:22:48,790522;9,497954E-1;8,542518E-3;1,032929E+1;9,408464E-1;;
30/11/2021  10:22:48,790622;9,499295E-1;1,395838E-2;1,032929E+1;9,411275E-1;;
30/11/2021  10:22:48,790722;9,494676E-1;1,172832E-2;1,032929E+1;9,414153E-1;;
30/11/2021  10:22:48,790822;9,492292E-1;1,363980E-2;1,032929E+1;9,417086E-1;;
30/11/2021  10:22:48,790922;9,483858E-1;1,395838E-2;1,032929E+1;9,420065E-1;;
30/11/2021  10:22:48,791022;9,486570E-1;1,363980E-2;1,032929E+1;9,423078E-1;;
30/11/2021  10:22:48,791122;9,481771E-1;1,140974E-2;1,032929E+1;9,426115E-1;;
30/11/2021  10:22:48,791222;9,488090E-1;1,268406E-2;1,032929E+1;9,429163E-1;;
30/11/2021  10:22:48,791322;9,490235E-1;1,268406E-2;1,032929E+1;9,432213E-1;;
30/11/2021  10:22:48,791422;9,488745E-1;1,395838E-2;1,032929E+1;9,435254E-1;;
30/11/2021  10:22:48,791522;9,482904E-1;1,523270E-2;1,032929E+1;9,438278E-1;;
30/11/2021  10:22:48,791622;9,481891E-1;1,523270E-2;1,032929E+1;9,441277E-1;;
30/11/2021  10:22:48,791722;9,483470E-1;1,427696E-2;1,032929E+1;9,444241E-1;;
30/11/2021  10:22:48,791822;9,487732E-1;1,459554E-2;1,032929E+1;9,447161E-1;;
30/11/2021  10:22:48,791922;9,493156E-1;1,140974E-2;1,032929E+1;9,450031E-1;;
30/11/2021  10:22:48,792022;9,492143E-1;1,268406E-2;1,032929E+1;9,452844E-1;;
30/11/2021  10:22:48,792122;9,486570E-1;1,013542E-2;1,032929E+1;9,455597E-1;;
30/11/2021  10:22:48,792222;9,489222E-1;1,363980E-2;1,032929E+1;9,458283E-1;;
30/11/2021  10:22:48,792322;9,492113E-1;1,586986E-2;1,032929E+1;9,460899E-1;;
30/11/2021  10:22:48,792422;9,492977E-1;1,459554E-2;1,032929E+1;9,463440E-1;;
30/11/2021  10:22:48,792522;9,496017E-1;1,459554E-2;1,032929E+1;9,465904E-1;;
30/11/2021  10:22:48,792622;9,496911E-1;1,523270E-2;1,032929E+1;9,468288E-1;;
30/11/2021  10:22:48,792722;9,493842E-1;1,300264E-2;1,032929E+1;9,470590E-1;;
30/11/2021  10:22:48,792822;9,493633E-1;1,140974E-2;1,032929E+1;9,472810E-1;;
30/11/2021  10:22:48,792922;9,489580E-1;1,332122E-2;1,032929E+1;9,474946E-1;;
30/11/2021  10:22:48,793022;9,492828E-1;-3,244942E-3;1,032929E+1;9,476995E-1;;
30/11/2021  10:22:48,793122;9,494676E-1;3,763818E-3;1,032929E+1;9,478957E-1;;
30/11/2021  10:22:48,793222;9,502633E-1;9,498258E-3;1,032929E+1;9,480832E-1;;
30/11/2021  10:22:48,793322;9,503647E-1;1,204690E-2;1,032929E+1;9,482619E-1;;
30/11/2021  10:22:48,793422;9,508832E-1;5,675298E-3;1,032929E+1;9,484321E-1;;
30/11/2021  10:22:48,793522;9,504809E-1;2,064856E-2;1,032929E+1;9,485941E-1;;
30/11/2021  10:22:48,793622;9,503110E-1;1,618844E-2;1,032929E+1;9,487481E-1;;
30/11/2021  10:22:48,793722;9,511217E-1;1,459554E-2;1,032929E+1;9,488944E-1;;
30/11/2021  10:22:48,793822;9,511843E-1;1,332122E-2;1,032929E+1;9,490332E-1;;
30/11/2021  10:22:48,793922;9,520932E-1;1,459554E-2;1,032929E+1;9,491649E-1;;
30/11/2021  10:22:48,794022;9,522244E-1;5,186940E-2;1,032929E+1;9,492899E-1;;
30/11/2021  10:22:48,794122;9,523019E-1;1,077258E-2;1,032929E+1;9,494088E-1;;
30/11/2021  10:22:48,794222;9,522631E-1;1,459554E-2;1,032929E+1;9,495221E-1;;
30/11/2021  10:22:48,794322;9,522005E-1;1,746276E-2;1,032929E+1;9,496302E-1;;
30/11/2021  10:22:48,794422;9,516164E-1;1,300264E-2;1,032929E+1;9,497336E-1;;
30/11/2021  10:22:48,794522;9,517863E-1;1,077258E-2;1,032929E+1;9,498326E-1;;
30/11/2021  10:22:48,794622;9,511902E-1;1,013542E-2;1,032929E+1;9,499274E-1;;
30/11/2021  10:22:48,794722;9,513511E-1;1,523270E-2;1,032929E+1;9,500182E-1;;
30/11/2021  10:22:48,794822;9,499981E-1;1,236548E-2;1,032929E+1;9,501051E-1;;
30/11/2021  10:22:48,794922;9,492709E-1;1,746276E-2;1,032929E+1;9,501880E-1;;
30/11/2021  10:22:48,795022;9,487434E-1;8,223938E-3;1,032929E+1;9,502666E-1;;
30/11/2021  10:22:48,795122;9,478135E-1;1,841850E-2;1,032929E+1;9,503406E-1;;
30/11/2021  10:22:48,795222;9,476794E-1;1,077258E-2;1,032929E+1;9,504096E-1;;
30/11/2021  10:22:48,795322;9,473158E-1;1,778134E-2;1,032929E+1;9,504730E-1;;
30/11/2021  10:22:48,795422;9,469045E-1;8,861098E-3;1,032929E+1;9,505302E-1;;
30/11/2021  10:22:48,795522;9,464217E-1;1,204690E-2;1,032929E+1;9,505809E-1;;
30/11/2021  10:22:48,795622;9,456171E-1;1,300264E-2;1,032929E+1;9,506245E-1;;
30/11/2021  10:22:48,795722;9,455872E-1;7,586778E-3;1,032929E+1;9,506604E-1;;
30/11/2021  10:22:48,795822;9,452952E-1;6,312458E-3;1,032929E+1;9,506882E-1;;
30/11/2021  10:22:48,795922;9,462161E-1;1,459554E-2;1,032929E+1;9,507074E-1;;
30/11/2021  10:22:48,796022;9,454442E-1;1,077258E-2;1,032929E+1;9,507177E-1;;
30/11/2021  10:22:48,796122;9,455008E-1;1,523270E-2;1,032929E+1;9,507188E-1;;
30/11/2021  10:22:48,796222;9,452237E-1;2,489498E-3;1,032929E+1;9,507108E-1;;
30/11/2021  10:22:48,796322;9,449465E-1;1,109116E-2;1,032929E+1;9,506934E-1;;
30/11/2021  10:22:48,796422;9,453846E-1;1,109116E-2;1,032929E+1;9,506666E-1;;
30/11/2021  10:22:48,796522;9,457273E-1;1,459554E-2;1,032929E+1;9,506305E-1;;
30/11/2021  10:22:48,796622;9,456409E-1;1,332122E-2;1,032929E+1;9,505852E-1;;
30/11/2021  10:22:48,796722;9,460701E-1;9,816838E-3;1,032929E+1;9,505310E-1;;
30/11/2021  10:22:48,796822;9,456737E-1;1,491412E-2;1,032929E+1;9,504682E-1;;
30/11/2021  10:22:48,796922;9,451015E-1;1,363980E-2;1,032929E+1;9,503972E-1;;
30/11/2021  10:22:48,797022;9,447379E-1;1,618844E-2;1,032929E+1;9,503184E-1;;
30/11/2021  10:22:48,797122;9,449495E-1;1,491412E-2;1,032929E+1;9,502319E-1;;
30/11/2021  10:22:48,797222;9,460522E-1;1,555128E-2;1,032929E+1;9,501382E-1;;
30/11/2021  10:22:48,797322;9,449703E-1;1,459554E-2;1,032929E+1;9,500376E-1;;
30/11/2021  10:22:48,797422;9,448392E-1;1,586986E-2;1,032929E+1;9,499306E-1;;
30/11/2021  10:22:48,797522;9,444130E-1;1,332122E-2;1,032929E+1;9,498176E-1;;
30/11/2021  10:22:48,797622;9,440911E-1;1,300264E-2;1,032929E+1;9,496989E-1;;
30/11/2021  10:22:48,797722;9,434385E-1;4,400978E-3;1,032929E+1;9,495747E-1;;
30/11/2021  10:22:48,797822;9,441865E-1;1,459554E-2;1,032929E+1;9,494453E-1;;
30/11/2021  10:22:48,797922;9,444786E-1;4,400978E-3;1,032929E+1;9,493110E-1;;
30/11/2021  10:22:48,798022;9,444756E-1;5,675298E-3;1,032929E+1;9,491721E-1;;
30/11/2021  10:22:48,798122;9,445590E-1;3,445238E-3;1,032929E+1;9,490292E-1;;
30/11/2021  10:22:48,798222;9,449197E-1;1,140974E-2;1,032929E+1;9,488826E-1;;
30/11/2021  10:22:48,798322;9,449822E-1;1,332122E-2;1,032929E+1;9,487329E-1;;
30/11/2021  10:22:48,798422;9,452266E-1;1,555128E-2;1,032929E+1;9,485807E-1;;
30/11/2021  10:22:48,798522;9,459151E-1;1,204690E-2;1,032929E+1;9,484266E-1;;
30/11/2021  10:22:48,798622;9,466661E-1;1,204690E-2;1,032929E+1;9,482713E-1;;
30/11/2021  10:22:48,798722;9,470536E-1;9,179678E-3;1,032929E+1;9,481156E-1;;
30/11/2021  10:22:48,798822;9,472473E-1;1,459554E-2;1,032929E+1;9,479604E-1;;
30/11/2021  10:22:48,798922;9,470327E-1;1,427696E-2;1,032929E+1;9,478066E-1;;
30/11/2021  10:22:48,799022;9,464128E-1;1,491412E-2;1,032929E+1;9,476549E-1;;
30/11/2021  10:22:48,799122;9,469075E-1;1,523270E-2;1,032929E+1;9,475059E-1;;
30/11/2021  10:22:48,799222;9,472145E-1;1,459554E-2;1,032929E+1;9,473604E-1;;
30/11/2021  10:22:48,799322;9,474321E-1;1,013542E-2;1,032929E+1;9,472188E-1;;
30/11/2021  10:22:48,799422;9,470238E-1;1,491412E-2;1,032929E+1;9,470818E-1;;
30/11/2021  10:22:48,799522;9,467257E-1;1,363980E-2;1,032929E+1;9,469498E-1;;
30/11/2021  10:22:48,799622;9,466393E-1;1,491412E-2;1,032929E+1;9,468231E-1;;
30/11/2021  10:22:48,799722;9,458197E-1;1,650702E-2;1,032929E+1;9,467021E-1;;
30/11/2021  10:22:48,799822;9,453935E-1;1,459554E-2;1,032929E+1;9,465868E-1;;
30/11/2021  10:22:48,799922;9,457333E-1;1,363980E-2;1,032929E+1;9,464772E-1;;
30/11/2021  10:22:48,800022;9,457810E-1;1,523270E-2;1,032929E+1;9,463733E-1;;
30/11/2021  10:22:48,800122;9,455068E-1;1,204690E-2;1,032929E+1;9,462749E-1;;
30/11/2021  10:22:48,800222;9,442878E-1;1,586986E-2;1,032929E+1;9,461819E-1;;
30/11/2021  10:22:48,800322;9,440822E-1;1,586986E-2;1,032929E+1;9,460941E-1;;
30/11/2021  10:22:48,800422;9,438974E-1;1,586986E-2;1,032929E+1;9,460111E-1;;
30/11/2021  10:22:48,800522;9,432954E-1;1,459554E-2;1,032929E+1;9,459324E-1;;
30/11/2021  10:22:48,800622;9,439153E-1;1,427696E-2;1,032929E+1;9,458576E-1;;
30/11/2021  10:22:48,800722;9,435547E-1;1,363980E-2;1,032929E+1;9,457863E-1;;
30/11/2021  10:22:48,800822;9,434325E-1;1,523270E-2;1,032929E+1;9,457181E-1;;
30/11/2021  10:22:48,800922;9,426308E-1;1,523270E-2;1,032929E+1;9,456525E-1;;
30/11/2021  10:22:48,801022;9,423000E-1;1,013542E-2;1,032929E+1;9,455891E-1;;
30/11/2021  10:22:48,801122;9,432596E-1;1,236548E-2;1,032929E+1;9,455275E-1;;
30/11/2021  10:22:48,801222;9,434802E-1;1,523270E-2;1,032929E+1;9,454673E-1;;
30/11/2021  10:22:48,801322;9,439004E-1;1,586986E-2;1,032929E+1;9,454082E-1;;
30/11/2021  10:22:48,801422;9,436620E-1;1,491412E-2;1,032929E+1;9,453501E-1;;
30/11/2021  10:22:48,801522;9,438855E-1;1,363980E-2;1,032929E+1;9,452929E-1;;
30/11/2021  10:22:48,801622;9,434504E-1;1,714418E-2;1,032929E+1;9,452367E-1;;
30/11/2021  10:22:48,801722;9,437365E-1;1,586986E-2;1,032929E+1;9,451813E-1;;
30/11/2021  10:22:48,801822;9,434981E-1;1,618844E-2;1,032929E+1;9,451266E-1;;
30/11/2021  10:22:48,801922;9,444607E-1;1,555128E-2;1,032929E+1;9,450728E-1;;
30/11/2021  10:22:48,802022;9,443772E-1;1,300264E-2;1,032929E+1;9,450197E-1;;
30/11/2021  10:22:48,802122;9,441090E-1;8,861098E-3;1,032929E+1;9,449676E-1;;
30/11/2021  10:22:48,802222;9,445441E-1;1,332122E-2;1,032929E+1;9,449165E-1;;
30/11/2021  10:22:48,802322;9,445143E-1;1,332122E-2;1,032929E+1;9,448665E-1;;
30/11/2021  10:22:48,802422;9,444071E-1;1,363980E-2;1,032929E+1;9,448179E-1;;
30/11/2021  10:22:48,802522;9,448809E-1;1,395838E-2;1,032929E+1;9,447707E-1;;
30/11/2021  10:22:48,802622;9,451819E-1;1,013542E-2;1,032929E+1;9,447250E-1;;
30/11/2021  10:22:48,802722;9,460790E-1;1,140974E-2;1,032929E+1;9,446812E-1;;
30/11/2021  10:22:48,802822;9,461863E-1;5,356718E-3;1,032929E+1;9,446395E-1;;
30/11/2021  10:22:48,802922;9,461326E-1;1,332122E-2;1,032929E+1;9,446004E-1;;
30/11/2021  10:22:48,803022;9,455485E-1;1,395838E-2;1,032929E+1;9,445641E-1;;
30/11/2021  10:22:48,803122;9,461505E-1;1,618844E-2;1,032929E+1;9,445308E-1;;
30/11/2021  10:22:48,803222;9,471698E-1;1,586986E-2;1,032929E+1;9,445009E-1;;
30/11/2021  10:22:48,803322;9,475066E-1;1,682560E-2;1,032929E+1;9,444746E-1;;
30/11/2021  10:22:48,803422;9,482785E-1;1,109116E-2;1,032929E+1;9,444524E-1;;
30/11/2021  10:22:48,803522;9,484901E-1;2,594380E-4;1,032929E+1;9,444348E-1;;
30/11/2021  10:22:48,803622;9,484722E-1;5,038138E-3;1,032929E+1;9,444222E-1;;
30/11/2021  10:22:48,803722;9,483232E-1;4,400978E-3;1,032929E+1;9,444150E-1;;
30/11/2021  10:22:48,803822;9,491606E-1;1,215178E-3;1,032929E+1;9,444137E-1;;
30/11/2021  10:22:48,803922;9,493692E-1;8,965980E-4;1,032929E+1;9,444185E-1;;
30/11/2021  10:22:48,804022;9,501978E-1;5,038138E-3;1,032929E+1;9,444299E-1;;
30/11/2021  10:22:48,804122;9,510919E-1;1,533758E-3;1,032929E+1;9,444482E-1;;
30/11/2021  10:22:48,804222;9,509965E-1;8,965980E-4;1,032929E+1;9,444740E-1;;
30/11/2021  10:22:48,804322;9,513243E-1;8,965980E-4;1,032929E+1;9,445076E-1;;
30/11/2021  10:22:48,804422;9,510889E-1;8,965980E-4;1,032929E+1;9,445494E-1;;
30/11/2021  10:22:48,804522;9,517028E-1;1,215178E-3;1,032929E+1;9,445998E-1;;
30/11/2021  10:22:48,804622;9,522959E-1;8,965980E-4;1,032929E+1;9,446589E-1;;
30/11/2021  10:22:48,804722;9,533897E-1;1,215178E-3;1,032929E+1;9,447270E-1;;
30/11/2021  10:22:48,804822;9,535536E-1;1,852338E-3;1,032929E+1;9,448045E-1;;
30/11/2021  10:22:48,804922;9,538278E-1;8,965980E-4;1,032929E+1;9,448916E-1;;
30/11/2021  10:22:48,805022;9,538695E-1;1,215178E-3;1,032929E+1;9,449887E-1;;
30/11/2021  10:22:48,805122;9,537592E-1;5,780180E-4;1,032929E+1;9,450958E-1;;
30/11/2021  10:22:48,805222;9,541467E-1;5,780180E-4;1,032929E+1;9,452132E-1;;
30/11/2021  10:22:48,805322;9,548083E-1;8,965980E-4;1,032929E+1;9,453407E-1;;
30/11/2021  10:22:48,805422;9,545043E-1;1,215178E-3;1,032929E+1;9,454783E-1;;
30/11/2021  10:22:48,805522;9,547964E-1;1,852338E-3;1,032929E+1;9,456261E-1;;
30/11/2021  10:22:48,805622;9,544477E-1;5,780180E-4;1,032929E+1;9,457837E-1;;
30/11/2021  10:22:48,805722;9,541258E-1;1,215178E-3;1,032929E+1;9,459510E-1;;
30/11/2021  10:22:48,805822;9,533837E-1;1,215178E-3;1,032929E+1;9,461275E-1;;
30/11/2021  10:22:48,805922;9,533450E-1;8,965980E-4;1,032929E+1;9,463126E-1;;
30/11/2021  10:22:48,806022;9,537056E-1;1,533758E-3;1,032929E+1;9,465056E-1;;
30/11/2021  10:22:48,806122;9,533271E-1;8,965980E-4;1,032929E+1;9,467058E-1;;
30/11/2021  10:22:48,806222;9,531214E-1;1,215178E-3;1,032929E+1;9,469125E-1;;
30/11/2021  10:22:48,806322;9,525969E-1;1,533758E-3;1,032929E+1;9,471248E-1;;
30/11/2021  10:22:48,806422;9,516939E-1;5,780180E-4;1,032929E+1;9,473419E-1;;
30/11/2021  10:22:48,806522;9,523257E-1;8,965980E-4;1,032929E+1;9,475628E-1;;
30/11/2021  10:22:48,806622;9,524479E-1;1,215178E-3;1,032929E+1;9,477864E-1;;
30/11/2021  10:22:48,806722;9,524688E-1;1,533758E-3;1,032929E+1;9,480119E-1;;
30/11/2021  10:22:48,806822;9,525284E-1;2,489498E-3;1,032929E+1;9,482384E-1;;
30/11/2021  10:22:48,806922;9,523883E-1;1,533758E-3;1,032929E+1;9,484652E-1;;
30/11/2021  10:22:48,807022;9,526625E-1;4,082398E-3;1,032929E+1;9,486915E-1;;
30/11/2021  10:22:48,807122;9,521827E-1;8,965980E-4;1,032929E+1;9,489165E-1;;
30/11/2021  10:22:48,807222;9,526386E-1;1,215178E-3;1,032929E+1;9,491397E-1;;
30/11/2021  10:22:48,807322;9,531274E-1;9,179678E-3;1,032929E+1;9,493604E-1;;
30/11/2021  10:22:48,807422;9,533480E-1;1,013542E-2;1,032929E+1;9,495780E-1;;
30/11/2021  10:22:48,807522;9,532973E-1;1,533758E-3;1,032929E+1;9,497923E-1;;
30/11/2021  10:22:48,807622;9,534076E-1;4,082398E-3;1,032929E+1;9,500028E-1;;
30/11/2021  10:22:48,807722;9,526863E-1;7,905358E-3;1,032929E+1;9,502092E-1;;
30/11/2021  10:22:48,807822;9,526327E-1;3,126658E-3;1,032929E+1;9,504112E-1;;
30/11/2021  10:22:48,807922;9,526565E-1;1,491412E-2;1,032929E+1;9,506083E-1;;
30/11/2021  10:22:48,808022;9,532973E-1;1,491412E-2;1,032929E+1;9,508002E-1;;
30/11/2021  10:22:48,808122;9,529128E-1;1,332122E-2;1,032929E+1;9,509866E-1;;
30/11/2021  10:22:48,808222;9,526237E-1;1,395838E-2;1,032929E+1;9,511673E-1;;
30/11/2021  10:22:48,808322;9,519085E-1;1,459554E-2;1,032929E+1;9,513419E-1;;
30/11/2021  10:22:48,808422;9,513333E-1;1,109116E-2;1,032929E+1;9,515101E-1;;
30/11/2021  10:22:48,808522;9,510531E-1;1,140974E-2;1,032929E+1;9,516715E-1;;
30/11/2021  10:22:48,808622;9,504422E-1;1,045400E-2;1,032929E+1;9,518256E-1;;
30/11/2021  10:22:48,808722;9,506657E-1;8,861098E-3;1,032929E+1;9,519719E-1;;
30/11/2021  10:22:48,808822;9,504392E-1;1,427696E-2;1,032929E+1;9,521099E-1;;
30/11/2021  10:22:48,808922;9,498968E-1;1,172832E-2;1,032929E+1;9,522392E-1;;
30/11/2021  10:22:48,809022;9,492739E-1;1,236548E-2;1,032929E+1;9,523594E-1;;
30/11/2021  10:22:48,809122;9,487374E-1;1,650702E-2;1,032929E+1;9,524701E-1;;
30/11/2021  10:22:48,809222;9,481145E-1;1,459554E-2;1,032929E+1;9,525707E-1;;
30/11/2021  10:22:48,809322;9,485318E-1;1,586986E-2;1,032929E+1;9,526608E-1;;
30/11/2021  10:22:48,809422;9,485705E-1;1,523270E-2;1,032929E+1;9,527400E-1;;
30/11/2021  10:22:48,809522;9,486570E-1;1,650702E-2;1,032929E+1;9,528080E-1;;
30/11/2021  10:22:48,809622;9,479685E-1;1,204690E-2;1,032929E+1;9,528646E-1;;
30/11/2021  10:22:48,809722;9,480728E-1;1,682560E-2;1,032929E+1;9,529096E-1;;
30/11/2021  10:22:48,809822;9,473963E-1;1,363980E-2;1,032929E+1;9,529431E-1;;
30/11/2021  10:22:48,809922;9,480609E-1;1,459554E-2;1,032929E+1;9,529648E-1;;
30/11/2021  10:22:48,810022;9,487553E-1;8,542518E-3;1,032929E+1;9,529750E-1;;
30/11/2021  10:22:48,810122;9,486808E-1;1,140974E-2;1,032929E+1;9,529736E-1;;
30/11/2021  10:22:48,810222;9,490176E-1;1,268406E-2;1,032929E+1;9,529612E-1;;
30/11/2021  10:22:48,810322;9,486808E-1;1,427696E-2;1,032929E+1;9,529382E-1;;
30/11/2021  10:22:48,810422;9,493961E-1;1,268406E-2;1,032929E+1;9,529050E-1;;
30/11/2021  10:22:48,810522;9,491904E-1;1,332122E-2;1,032929E+1;9,528622E-1;;
30/11/2021  10:22:48,810622;9,497001E-1;1,268406E-2;1,032929E+1;9,528104E-1;;
30/11/2021  10:22:48,810722;9,499176E-1;1,332122E-2;1,032929E+1;9,527502E-1;;
30/11/2021  10:22:48,810822;9,502455E-1;1,268406E-2;1,032929E+1;9,526825E-1;;
30/11/2021  10:22:48,810922;9,494497E-1;1,268406E-2;1,032929E+1;9,526079E-1;;
30/11/2021  10:22:48,811022;9,487255E-1;9,179678E-3;1,032929E+1;9,525271E-1;;
30/11/2021  10:22:48,811122;9,488656E-1;1,172832E-2;1,032929E+1;9,524407E-1;;
30/11/2021  10:22:48,811222;9,479357E-1;1,236548E-2;1,032929E+1;9,523491E-1;;
30/11/2021  10:22:48,811322;9,488745E-1;1,395838E-2;1,032929E+1;9,522527E-1;;
30/11/2021  10:22:48,811422;9,485467E-1;7,268198E-3;1,032929E+1;9,521520E-1;;
30/11/2021  10:22:48,811522;9,488596E-1;1,363980E-2;1,032929E+1;9,520472E-1;;
30/11/2021  10:22:48,811622;9,483470E-1;1,045400E-2;1,032929E+1;9,519389E-1;;
30/11/2021  10:22:48,811722;9,481861E-1;1,204690E-2;1,032929E+1;9,518275E-1;;
30/11/2021  10:22:48,811822;9,478135E-1;1,268406E-2;1,032929E+1;9,517134E-1;;
30/11/2021  10:22:48,811922;9,480520E-1;8,861098E-3;1,032929E+1;9,515968E-1;;
30/11/2021  10:22:48,812022;9,486301E-1;8,861098E-3;1,032929E+1;9,514780E-1;;
30/11/2021  10:22:48,812122;9,485467E-1;1,077258E-2;1,032929E+1;9,513575E-1;;
30/11/2021  10:22:48,812222;9,488507E-1;1,140974E-2;1,032929E+1;9,512357E-1;;
30/11/2021  10:22:48,812322;9,486003E-1;1,395838E-2;1,032929E+1;9,511130E-1;;
30/11/2021  10:22:48,812422;9,490444E-1;1,204690E-2;1,032929E+1;9,509899E-1;;
30/11/2021  10:22:48,812522;9,485169E-1;1,300264E-2;1,032929E+1;9,508668E-1;;
30/11/2021  10:22:48,812622;9,481861E-1;9,816838E-3;1,032929E+1;9,507441E-1;;
30/11/2021  10:22:48,812722;9,491219E-1;1,236548E-2;1,032929E+1;9,506221E-1;;
30/11/2021  10:22:48,812822;9,488924E-1;1,395838E-2;1,032929E+1;9,505012E-1;;
30/11/2021  10:22:48,812922;9,492232E-1;1,332122E-2;1,032929E+1;9,503818E-1;;
30/11/2021  10:22:48,813022;9,487315E-1;1,491412E-2;1,032929E+1;9,502642E-1;;
30/11/2021  10:22:48,813122;9,480758E-1;1,459554E-2;1,032929E+1;9,501488E-1;;
30/11/2021  10:22:48,813222;9,480281E-1;1,491412E-2;1,032929E+1;9,500358E-1;;
30/11/2021  10:22:48,813322;9,476139E-1;1,077258E-2;1,032929E+1;9,499252E-1;;
30/11/2021  10:22:48,813422;9,481235E-1;1,459554E-2;1,032929E+1;9,498171E-1;;
30/11/2021  10:22:48,813522;9,478106E-1;1,363980E-2;1,032929E+1;9,497115E-1;;
30/11/2021  10:22:48,813622;9,472175E-1;1,586986E-2;1,032929E+1;9,496085E-1;;
30/11/2021  10:22:48,813722;9,471221E-1;1,682560E-2;1,032929E+1;9,495080E-1;;
30/11/2021  10:22:48,813822;9,464426E-1;1,555128E-2;1,032929E+1;9,494099E-1;;
30/11/2021  10:22:48,813922;9,458614E-1;1,555128E-2;1,032929E+1;9,493141E-1;;
30/11/2021  10:22:48,814022;9,456111E-1;1,491412E-2;1,032929E+1;9,492202E-1;;
30/11/2021  10:22:48,814122;9,455396E-1;1,523270E-2;1,032929E+1;9,491279E-1;;
30/11/2021  10:22:48,814222;9,455515E-1;1,852338E-3;1,032929E+1;9,490369E-1;;
30/11/2021  10:22:48,814322;9,448988E-1;1,459554E-2;1,032929E+1;9,489468E-1;;
30/11/2021  10:22:48,814422;9,442610E-1;1,300264E-2;1,032929E+1;9,488573E-1;;
30/11/2021  10:22:48,814522;9,439272E-1;1,650702E-2;1,032929E+1;9,487681E-1;;
30/11/2021  10:22:48,814622;9,438080E-1;1,714418E-2;1,032929E+1;9,486785E-1;;
30/11/2021  10:22:48,814722;9,443713E-1;1,172832E-2;1,032929E+1;9,485884E-1;;
30/11/2021  10:22:48,814822;9,446693E-1;1,618844E-2;1,032929E+1;9,484972E-1;;
30/11/2021  10:22:48,814922;9,437693E-1;1,077258E-2;1,032929E+1;9,484049E-1;;
30/11/2021  10:22:48,815022;9,435934E-1;1,459554E-2;1,032929E+1;9,483113E-1;;
30/11/2021  10:22:48,815122;9,429825E-1;1,618844E-2;1,032929E+1;9,482161E-1;;
30/11/2021  10:22:48,815222;9,428484E-1;1,555128E-2;1,032929E+1;9,481191E-1;;
30/11/2021  10:22:48,815322;9,431702E-1;1,172832E-2;1,032929E+1;9,480200E-1;;
30/11/2021  10:22:48,815422;9,434981E-1;1,459554E-2;1,032929E+1;9,479186E-1;;
30/11/2021  10:22:48,815522;9,437871E-1;1,491412E-2;1,032929E+1;9,478149E-1;;
30/11/2021  10:22:48,815622;9,439332E-1;1,555128E-2;1,032929E+1;9,477089E-1;;
30/11/2021  10:22:48,815722;9,437901E-1;1,332122E-2;1,032929E+1;9,476007E-1;;
30/11/2021  10:22:48,815822;9,436292E-1;3,243602E-2;1,032929E+1;9,474906E-1;;
30/11/2021  10:22:48,815922;9,435606E-1;1,459554E-2;1,032929E+1;9,473787E-1;;
30/11/2021  10:22:48,816022;9,439153E-1;1,427696E-2;1,032929E+1;9,472650E-1;;
30/11/2021  10:22:48,816122;9,442640E-1;1,459554E-2;1,032929E+1;9,471500E-1;;
30/11/2021  10:22:48,816222;9,451551E-1;7,586778E-3;1,032929E+1;9,470338E-1;;
30/11/2021  10:22:48,816322;9,448243E-1;1,459554E-2;1,032929E+1;9,469169E-1;;
30/11/2021  10:22:48,816422;9,450150E-1;1,491412E-2;1,032929E+1;9,467998E-1;;
30/11/2021  10:22:48,816522;9,449465E-1;1,459554E-2;1,032929E+1;9,466828E-1;;
30/11/2021  10:22:48,816622;9,447528E-1;1,459554E-2;1,032929E+1;9,465665E-1;;
30/11/2021  10:22:48,816722;9,452505E-1;1,332122E-2;1,032929E+1;9,464512E-1;;
30/11/2021  10:22:48,816822;9,449524E-1;1,459554E-2;1,032929E+1;9,463374E-1;;
30/11/2021  10:22:48,816922;9,461028E-1;1,459554E-2;1,032929E+1;9,462253E-1;;
30/11/2021  10:22:48,817022;9,454978E-1;1,077258E-2;1,032929E+1;9,461155E-1;;
30/11/2021  10:22:48,817122;9,459061E-1;2,032998E-2;1,032929E+1;9,460083E-1;;
30/11/2021  10:22:48,817222;9,457989E-1;1,459554E-2;1,032929E+1;9,459042E-1;;
30/11/2021  10:22:48,817322;9,454114E-1;1,395838E-2;1,032929E+1;9,458036E-1;;
30/11/2021  10:22:48,817422;9,460730E-1;1,268406E-2;1,032929E+1;9,457067E-1;;
30/11/2021  10:22:48,817522;9,464843E-1;1,300264E-2;1,032929E+1;9,456139E-1;;
30/11/2021  10:22:48,817622;9,462161E-1;1,013542E-2;1,032929E+1;9,455254E-1;;
30/11/2021  10:22:48,817722;9,462966E-1;1,523270E-2;1,032929E+1;9,454416E-1;;
30/11/2021  10:22:48,817822;9,457333E-1;1,332122E-2;1,032929E+1;9,453628E-1;;
30/11/2021  10:22:48,817922;9,458316E-1;1,172832E-2;1,032929E+1;9,452890E-1;;
30/11/2021  10:22:48,818022;9,459717E-1;1,363980E-2;1,032929E+1;9,452204E-1;;
30/11/2021  10:22:48,818122;9,463711E-1;1,459554E-2;1,032929E+1;9,451570E-1;;
30/11/2021  10:22:48,818222;9,464873E-1;1,332122E-2;1,032929E+1;9,450989E-1;;
30/11/2021  10:22:48,818322;9,465588E-1;1,077258E-2;1,032929E+1;9,450461E-1;;
30/11/2021  10:22:48,818422;9,464247E-1;1,459554E-2;1,032929E+1;9,449989E-1;;
30/11/2021  10:22:48,818522;9,458197E-1;1,618844E-2;1,032929E+1;9,449571E-1;;
30/11/2021  10:22:48,818622;9,451670E-1;1,300264E-2;1,032929E+1;9,449208E-1;;
30/11/2021  10:22:48,818722;9,456469E-1;1,332122E-2;1,032929E+1;9,448897E-1;;
30/11/2021  10:22:48,818822;9,457243E-1;1,172832E-2;1,032929E+1;9,448635E-1;;
30/11/2021  10:22:48,818922;9,458376E-1;1,300264E-2;1,032929E+1;9,448421E-1;;
30/11/2021  10:22:48,819022;9,457333E-1;8,542518E-3;1,032929E+1;9,448252E-1;;
30/11/2021  10:22:48,819122;9,449167E-1;8,861098E-3;1,032929E+1;9,448127E-1;;
30/11/2021  10:22:48,819222;9,441388E-1;1,363980E-2;1,032929E+1;9,448042E-1;;
30/11/2021  10:22:48,819322;9,439153E-1;1,268406E-2;1,032929E+1;9,447992E-1;;
30/11/2021  10:22:48,819422;9,441925E-1;7,586778E-3;1,032929E+1;9,447973E-1;;
30/11/2021  10:22:48,819522;9,440375E-1;1,268406E-2;1,032929E+1;9,447979E-1;;
30/11/2021  10:22:48,819622;9,443534E-1;9,498258E-3;1,032929E+1;9,448005E-1;;
30/11/2021  10:22:48,819722;9,434236E-1;1,395838E-2;1,032929E+1;9,448048E-1;;
30/11/2021  10:22:48,819822;9,436918E-1;1,586986E-2;1,032929E+1;9,448103E-1;;
30/11/2021  10:22:48,819922;9,429884E-1;1,427696E-2;1,032929E+1;9,448164E-1;;
30/11/2021  10:22:48,820022;9,432567E-1;1,077258E-2;1,032929E+1;9,448228E-1;;
30/11/2021  10:22:48,820122;9,426666E-1;1,077258E-2;1,032929E+1;9,448290E-1;;
30/11/2021  10:22:48,820222;9,435964E-1;9,498258E-3;1,032929E+1;9,448346E-1;;
30/11/2021  10:22:48,820322;9,435100E-1;1,523270E-2;1,032929E+1;9,448391E-1;;
30/11/2021  10:22:48,820422;9,434623E-1;1,363980E-2;1,032929E+1;9,448424E-1;;
30/11/2021  10:22:48,820522;9,428901E-1;2,861306E-2;1,032929E+1;9,448443E-1;;
30/11/2021  10:22:48,820622;9,426606E-1;7,586778E-3;1,032929E+1;9,448444E-1;;
30/11/2021  10:22:48,820722;9,432596E-1;6,949618E-3;1,032929E+1;9,448426E-1;;
30/11/2021  10:22:48,820822;9,436053E-1;1,555128E-2;1,032929E+1;9,448387E-1;;
30/11/2021  10:22:48,820922;9,440315E-1;1,841850E-2;1,032929E+1;9,448326E-1;;
30/11/2021  10:22:48,821022;9,441418E-1;1,109116E-2;1,032929E+1;9,448244E-1;;
30/11/2021  10:22:48,821122;9,437424E-1;1,459554E-2;1,032929E+1;9,448142E-1;;
30/11/2021  10:22:48,821222;9,436322E-1;1,618844E-2;1,032929E+1;9,448022E-1;;
30/11/2021  10:22:48,821322;9,434355E-1;1,650702E-2;1,032929E+1;9,447882E-1;;
30/11/2021  10:22:48,821422;9,436620E-1;1,714418E-2;1,032929E+1;9,447725E-1;;
30/11/2021  10:22:48,821522;9,439630E-1;1,618844E-2;1,032929E+1;9,447550E-1;;
30/11/2021  10:22:48,821622;9,443653E-1;1,491412E-2;1,032929E+1;9,447359E-1;;
30/11/2021  10:22:48,821722;9,435130E-1;1,332122E-2;1,032929E+1;9,447153E-1;;
30/11/2021  10:22:48,821822;9,430361E-1;1,172832E-2;1,032929E+1;9,446933E-1;;
30/11/2021  10:22:48,821922;9,423536E-1;6,631038E-3;1,032929E+1;9,446701E-1;;
30/11/2021  10:22:48,822022;9,419990E-1;1,300264E-2;1,032929E+1;9,446453E-1;;
30/11/2021  10:22:48,822122;9,426189E-1;5,038138E-3;1,032929E+1;9,446189E-1;;
30/11/2021  10:22:48,822222;9,420616E-1;1,236548E-2;1,032929E+1;9,445906E-1;;
30/11/2021  10:22:48,822322;9,420049E-1;8,542518E-3;1,032929E+1;9,445604E-1;;
30/11/2021  10:22:48,822422;9,426785E-1;1,650702E-2;1,032929E+1;9,445282E-1;;
30/11/2021  10:22:48,822522;9,420079E-1;1,650702E-2;1,032929E+1;9,444939E-1;;
30/11/2021  10:22:48,822622;9,413820E-1;3,763818E-3;1,032929E+1;9,444574E-1;;
30/11/2021  10:22:48,822722;9,410214E-1;1,427696E-2;1,032929E+1;9,444187E-1;;
30/11/2021  10:22:48,822822;9,417903E-1;1,618844E-2;1,032929E+1;9,443776E-1;;
30/11/2021  10:22:48,822922;9,420407E-1;1,459554E-2;1,032929E+1;9,443339E-1;;
30/11/2021  10:22:48,823022;9,421390E-1;1,618844E-2;1,032929E+1;9,442878E-1;;
30/11/2021  10:22:48,823122;9,416145E-1;1,523270E-2;1,032929E+1;9,442393E-1;;
30/11/2021  10:22:48,823222;9,413552E-1;1,523270E-2;1,032929E+1;9,441885E-1;;
30/11/2021  10:22:48,823322;9,415072E-1;1,395838E-2;1,032929E+1;9,441355E-1;;
30/11/2021  10:22:48,823422;9,414118E-1;1,586986E-2;1,032929E+1;9,440802E-1;;
30/11/2021  10:22:48,823522;9,415758E-1;1,533758E-3;1,032929E+1;9,440227E-1;;
30/11/2021  10:22:48,823622;9,414118E-1;9,498258E-3;1,032929E+1;9,439631E-1;;
30/11/2021  10:22:48,823722;9,409678E-1;2,489498E-3;1,032929E+1;9,439015E-1;;
30/11/2021  10:22:48,823822;9,411555E-1;1,215178E-3;1,032929E+1;9,438380E-1;;
30/11/2021  10:22:48,823922;9,406131E-1;1,533758E-3;1,032929E+1;9,437725E-1;;
30/11/2021  10:22:48,824022;9,403240E-1;1,533758E-3;1,032929E+1;9,437052E-1;;
30/11/2021  10:22:48,824122;9,405058E-1;2,808078E-3;1,032929E+1;9,436360E-1;;
30/11/2021  10:22:48,824222;9,405863E-1;1,533758E-3;1,032929E+1;9,435648E-1;;
30/11/2021  10:22:48,824322;9,401095E-1;1,852338E-3;1,032929E+1;9,434918E-1;;
30/11/2021  10:22:48,824422;9,400558E-1;1,215178E-3;1,032929E+1;9,434169E-1;;
30/11/2021  10:22:48,824522;9,399932E-1;1,215178E-3;1,032929E+1;9,433401E-1;;
30/11/2021  10:22:48,824622;9,388100E-1;1,533758E-3;1,032929E+1;9,432614E-1;;
30/11/2021  10:22:48,824722;9,395819E-1;2,594380E-4;1,032929E+1;9,431808E-1;;
30/11/2021  10:22:48,824822;9,394180E-1;3,126658E-3;1,032929E+1;9,430981E-1;;
30/11/2021  10:22:48,824922;9,391647E-1;1,533758E-3;1,032929E+1;9,430133E-1;;
30/11/2021  10:22:48,825022;9,392988E-1;4,082398E-3;1,032929E+1;9,429265E-1;;
30/11/2021  10:22:48,825122;9,390664E-1;1,215178E-3;1,032929E+1;9,428376E-1;;
30/11/2021  10:22:48,825222;9,394806E-1;1,215178E-3;1,032929E+1;9,427467E-1;;
30/11/2021  10:22:48,825322;9,389412E-1;1,215178E-3;1,032929E+1;9,426539E-1;;
30/11/2021  10:22:48,825422;9,401393E-1;5,780180E-4;1,032929E+1;9,425593E-1;;
30/11/2021  10:22:48,825522;9,399336E-1;1,852338E-3;1,032929E+1;9,424631E-1;;
30/11/2021  10:22:48,825622;9,406549E-1;1,215178E-3;1,032929E+1;9,423657E-1;;
30/11/2021  10:22:48,825722;9,411466E-1;1,215178E-3;1,032929E+1;9,422673E-1;;
30/11/2021  10:22:48,825822;9,408545E-1;1,215178E-3;1,032929E+1;9,421686E-1;;
30/11/2021  10:22:48,825922;9,405088E-1;1,215178E-3;1,032929E+1;9,420699E-1;;
30/11/2021  10:22:48,826022;9,405803E-1;1,215178E-3;1,032929E+1;9,419717E-1;;
30/11/2021  10:22:48,826122;9,410810E-1;8,965980E-4;1,032929E+1;9,418743E-1;;
30/11/2021  10:22:48,826222;9,411257E-1;1,215178E-3;1,032929E+1;9,417781E-1;;
30/11/2021  10:22:48,826322;9,415042E-1;8,965980E-4;1,032929E+1;9,416835E-1;;
30/11/2021  10:22:48,826422;9,422463E-1;8,965980E-4;1,032929E+1;9,415909E-1;;
30/11/2021  10:22:48,826522;9,415966E-1;1,533758E-3;1,032929E+1;9,415008E-1;;
30/11/2021  10:22:48,826622;9,414715E-1;1,215178E-3;1,032929E+1;9,414137E-1;;
30/11/2021  10:22:48,826722;9,414536E-1;1,533758E-3;1,032929E+1;9,413298E-1;;
30/11/2021  10:22:48,826822;9,421301E-1;5,356718E-3;1,032929E+1;9,412495E-1;;
30/11/2021  10:22:48,826922;9,424669E-1;1,533758E-3;1,032929E+1;9,411731E-1;;
30/11/2021  10:22:48,827022;9,420407E-1;1,215178E-3;1,032929E+1;9,411008E-1;;
30/11/2021  10:22:48,827122;9,428424E-1;3,126658E-3;1,032929E+1;9,410331E-1;;
30/11/2021  10:22:48,827222;9,424699E-1;1,852338E-3;1,032929E+1;9,409701E-1;;
30/11/2021  10:22:48,827322;9,416264E-1;1,852338E-3;1,032929E+1;9,409122E-1;;
30/11/2021  10:22:48,827422;9,421182E-1;2,489498E-3;1,032929E+1;9,408594E-1;;
30/11/2021  10:22:48,827522;9,424520E-1;1,140974E-2;1,032929E+1;9,408119E-1;;
30/11/2021  10:22:48,827622;9,427977E-1;1,013542E-2;1,032929E+1;9,407696E-1;;
30/11/2021  10:22:48,827722;9,432358E-1;1,300264E-2;1,032929E+1;9,407327E-1;;
30/11/2021  10:22:48,827822;9,430212E-1;1,236548E-2;1,032929E+1;9,407013E-1;;
30/11/2021  10:22:48,827922;9,428186E-1;1,013542E-2;1,032929E+1;9,406756E-1;;
30/11/2021  10:22:48,828022;9,428871E-1;7,905358E-3;1,032929E+1;9,406557E-1;;
30/11/2021  10:22:48,828122;9,437365E-1;1,586986E-2;1,032929E+1;9,406414E-1;;
30/11/2021  10:22:48,828222;9,444279E-1;1,491412E-2;1,032929E+1;9,406330E-1;;
30/11/2021  10:22:48,828322;9,448273E-1;1,268406E-2;1,032929E+1;9,406305E-1;;
30/11/2021  10:22:48,828422;9,444309E-1;2,489498E-3;1,032929E+1;9,406342E-1;;
30/11/2021  10:22:48,828522;9,451700E-1;3,763818E-3;1,032929E+1;9,406443E-1;;
30/11/2021  10:22:48,828622;9,444160E-1;9,816838E-3;1,032929E+1;9,406608E-1;;
30/11/2021  10:22:48,828722;9,448481E-1;8,542518E-3;1,032929E+1;9,406840E-1;;
30/11/2021  10:22:48,828822;9,451074E-1;1,045400E-2;1,032929E+1;9,407137E-1;;
30/11/2021  10:22:48,828922;9,459330E-1;1,427696E-2;1,032929E+1;9,407499E-1;;
30/11/2021  10:22:48,829022;9,461356E-1;1,523270E-2;1,032929E+1;9,407929E-1;;
30/11/2021  10:22:48,829122;9,464396E-1;1,045400E-2;1,032929E+1;9,408426E-1;;
30/11/2021  10:22:48,829222;9,467108E-1;1,586986E-2;1,032929E+1;9,408991E-1;;
30/11/2021  10:22:48,829322;9,461535E-1;1,491412E-2;1,032929E+1;9,409626E-1;;
30/11/2021  10:22:48,829422;9,471370E-1;1,013542E-2;1,032929E+1;9,410331E-1;;
30/11/2021  10:22:48,829522;9,475155E-1;1,332122E-2;1,032929E+1;9,411105E-1;;
30/11/2021  10:22:48,829622;9,482308E-1;5,038138E-3;1,032929E+1;9,411949E-1;;
30/11/2021  10:22:48,829722;9,482516E-1;1,268406E-2;1,032929E+1;9,412864E-1;;
30/11/2021  10:22:48,829822;9,482397E-1;1,363980E-2;1,032929E+1;9,413852E-1;;
30/11/2021  10:22:48,829922;9,480460E-1;1,204690E-2;1,032929E+1;9,414911E-1;;
30/11/2021  10:22:48,830022;9,481235E-1;1,586986E-2;1,032929E+1;9,416043E-1;;
30/11/2021  10:22:48,830122;9,486719E-1;1,204690E-2;1,032929E+1;9,417244E-1;;
30/11/2021  10:22:48,830222;9,485258E-1;1,459554E-2;1,032929E+1;9,418514E-1;;
30/11/2021  10:22:48,830322;9,492739E-1;1,395838E-2;1,032929E+1;9,419851E-1;;
30/11/2021  10:22:48,830422;9,488239E-1;1,427696E-2;1,032929E+1;9,421253E-1;;
30/11/2021  10:22:48,830522;9,490802E-1;1,618844E-2;1,032929E+1;9,422718E-1;;
30/11/2021  10:22:48,830622;9,491785E-1;1,555128E-2;1,032929E+1;9,424245E-1;;
30/11/2021  10:22:48,830722;9,486123E-1;1,363980E-2;1,032929E+1;9,425830E-1;;
30/11/2021  10:22:48,830822;9,495868E-1;1,363980E-2;1,032929E+1;9,427469E-1;;
30/11/2021  10:22:48,830922;9,500964E-1;1,013542E-2;1,032929E+1;9,429159E-1;;
30/11/2021  10:22:48,831022;9,502514E-1;1,523270E-2;1,032929E+1;9,430898E-1;;
30/11/2021  10:22:48,831122;9,505345E-1;1,109116E-2;1,032929E+1;9,432684E-1;;
30/11/2021  10:22:48,831222;9,503796E-1;1,300264E-2;1,032929E+1;9,434515E-1;;
30/11/2021  10:22:48,831322;9,503855E-1;9,179678E-3;1,032929E+1;9,436388E-1;;
30/11/2021  10:22:48,831422;9,505971E-1;8,542518E-3;1,032929E+1;9,438300E-1;;
30/11/2021  10:22:48,831522;9,516164E-1;1,077258E-2;1,032929E+1;9,440249E-1;;
30/11/2021  10:22:48,831622;9,514704E-1;1,332122E-2;1,032929E+1;9,442233E-1;;
30/11/2021  10:22:48,831722;9,518489E-1;9,498258E-3;1,032929E+1;9,444249E-1;;
30/11/2021  10:22:48,831822;9,517445E-1;1,332122E-2;1,032929E+1;9,446297E-1;;
30/11/2021  10:22:48,831922;9,514495E-1;1,682560E-2;1,032929E+1;9,448373E-1;;
30/11/2021  10:22:48,832022;9,510025E-1;6,949618E-3;1,032929E+1;9,450476E-1;;
30/11/2021  10:22:48,832122;9,512170E-1;1,523270E-2;1,032929E+1;9,452601E-1;;
30/11/2021  10:22:48,832222;9,519562E-1;1,332122E-2;1,032929E+1;9,454743E-1;;
30/11/2021  10:22:48,832322;9,516611E-1;1,363980E-2;1,032929E+1;9,456901E-1;;
30/11/2021  10:22:48,832422;9,518995E-1;1,140974E-2;1,032929E+1;9,459069E-1;;
30/11/2021  10:22:48,832522;9,515389E-1;1,427696E-2;1,032929E+1;9,461245E-1;;
30/11/2021  10:22:48,832622;9,509905E-1;1,491412E-2;1,032929E+1;9,463424E-1;;
30/11/2021  10:22:48,832722;9,504094E-1;1,109116E-2;1,032929E+1;9,465602E-1;;
30/11/2021  10:22:48,832822;9,508803E-1;1,363980E-2;1,032929E+1;9,467773E-1;;
30/11/2021  10:22:48,832922;9,505912E-1;1,459554E-2;1,032929E+1;9,469931E-1;;
30/11/2021  10:22:48,833022;9,500726E-1;1,332122E-2;1,032929E+1;9,472070E-1;;
30/11/2021  10:22:48,833122;9,496405E-1;1,268406E-2;1,032929E+1;9,474184E-1;;
30/11/2021  10:22:48,833222;9,497656E-1;1,236548E-2;1,032929E+1;9,476267E-1;;
30/11/2021  10:22:48,833322;9,492083E-1;1,427696E-2;1,032929E+1;9,478311E-1;;
30/11/2021  10:22:48,833422;9,490444E-1;1,332122E-2;1,032929E+1;9,480310E-1;;
30/11/2021  10:22:48,833522;9,492888E-1;1,555128E-2;1,032929E+1;9,482258E-1;;
30/11/2021  10:22:48,833622;9,498014E-1;1,523270E-2;1,032929E+1;9,484149E-1;;
30/11/2021  10:22:48,833722;9,491815E-1;1,778134E-2;1,032929E+1;9,485978E-1;;
30/11/2021  10:22:48,833822;9,491725E-1;7,905358E-3;1,032929E+1;9,487741E-1;;
30/11/2021  10:22:48,833922;9,489788E-1;1,618844E-2;1,032929E+1;9,489434E-1;;
30/11/2021  10:22:48,834022;9,484990E-1;-5,071336E-2;1,032929E+1;9,491053E-1;;
30/11/2021  10:22:48,834122;9,493603E-1;1,427696E-2;1,032929E+1;9,492595E-1;;
30/11/2021  10:22:48,834222;9,497179E-1;1,523270E-2;1,032929E+1;9,494056E-1;;
30/11/2021  10:22:48,834322;9,497358E-1;1,714418E-2;1,032929E+1;9,495436E-1;;
30/11/2021  10:22:48,834422;9,503498E-1;9,816838E-3;1,032929E+1;9,496735E-1;;
30/11/2021  10:22:48,834522;9,501322E-1;1,618844E-2;1,032929E+1;9,497953E-1;;
30/11/2021  10:22:48,834622;9,498252E-1;4,900218E-2;1,032929E+1;9,499093E-1;;
30/11/2021  10:22:48,834722;9,494467E-1;1,969282E-2;1,032929E+1;9,500154E-1;;
30/11/2021  10:22:48,834822;9,494318E-1;1,714418E-2;1,032929E+1;9,501138E-1;;
30/11/2021  10:22:48,834922;9,498938E-1;1,523270E-2;1,032929E+1;9,502046E-1;;
30/11/2021  10:22:48,835022;9,502574E-1;1,491412E-2;1,032929E+1;9,502878E-1;;
30/11/2021  10:22:48,835122;9,498997E-1;1,459554E-2;1,032929E+1;9,503637E-1;;
30/11/2021  10:22:48,835222;9,492918E-1;1,204690E-2;1,032929E+1;9,504325E-1;;
30/11/2021  10:22:48,835322;9,485318E-1;1,586986E-2;1,032929E+1;9,504943E-1;;
30/11/2021  10:22:48,835422;9,480579E-1;1,268406E-2;1,032929E+1;9,505491E-1;;
30/11/2021  10:22:48,835522;9,482874E-1;1,268406E-2;1,032929E+1;9,505969E-1;;
30/11/2021  10:22:48,835622;9,483649E-1;1,268406E-2;1,032929E+1;9,506376E-1;;
30/11/2021  10:22:48,835722;9,479804E-1;1,300264E-2;1,032929E+1;9,506712E-1;;
30/11/2021  10:22:48,835822;9,477480E-1;1,268406E-2;1,032929E+1;9,506976E-1;;
30/11/2021  10:22:48,835922;9,470863E-1;1,268406E-2;1,032929E+1;9,507169E-1;;
30/11/2021  10:22:48,836022;9,466751E-1;1,045400E-2;1,032929E+1;9,507289E-1;;
30/11/2021  10:22:48,836122;9,459777E-1;1,204690E-2;1,032929E+1;9,507337E-1;;
30/11/2021  10:22:48,836222;9,461952E-1;1,300264E-2;1,032929E+1;9,507309E-1;;
30/11/2021  10:22:48,836322;9,467823E-1;1,332122E-2;1,032929E+1;9,507204E-1;;
30/11/2021  10:22:48,836422;9,460343E-1;1,618844E-2;1,032929E+1;9,507022E-1;;
30/11/2021  10:22:48,836522;9,455664E-1;1,650702E-2;1,032929E+1;9,506764E-1;;
30/11/2021  10:22:48,836622;9,456469E-1;1,650702E-2;1,032929E+1;9,506429E-1;;
30/11/2021  10:22:48,836722;9,450836E-1;1,363980E-2;1,032929E+1;9,506016E-1;;
30/11/2021  10:22:48,836822;9,449822E-1;8,223938E-3;1,032929E+1;9,505526E-1;;
30/11/2021  10:22:48,836922;9,453429E-1;1,109116E-2;1,032929E+1;9,504959E-1;;
30/11/2021  10:22:48,837022;9,454353E-1;7,905358E-3;1,032929E+1;9,504315E-1;;
30/11/2021  10:22:48,837122;9,455217E-1;9,498258E-3;1,032929E+1;9,503597E-1;;
30/11/2021  10:22:48,837222;9,449763E-1;1,523270E-2;1,032929E+1;9,502807E-1;;
30/11/2021  10:22:48,837322;9,443325E-1;1,586986E-2;1,032929E+1;9,501947E-1;;
30/11/2021  10:22:48,837422;9,438855E-1;1,363980E-2;1,032929E+1;9,501019E-1;;
30/11/2021  10:22:48,837522;9,436977E-1;1,491412E-2;1,032929E+1;9,500024E-1;;
30/11/2021  10:22:48,837622;9,435815E-1;1,332122E-2;1,032929E+1;9,498963E-1;;
30/11/2021  10:22:48,837722;9,436739E-1;1,395838E-2;1,032929E+1;9,497836E-1;;
30/11/2021  10:22:48,837822;9,430063E-1;1,491412E-2;1,032929E+1;9,496646E-1;;
30/11/2021  10:22:48,837922;9,423477E-1;1,491412E-2;1,032929E+1;9,495393E-1;;
30/11/2021  10:22:48,838022;9,411108E-1;1,459554E-2;1,032929E+1;9,494079E-1;;
30/11/2021  10:22:48,838122;9,403717E-1;1,395838E-2;1,032929E+1;9,492700E-1;;
30/11/2021  10:22:48,838222;9,407651E-1;1,395838E-2;1,032929E+1;9,491257E-1;;
30/11/2021  10:22:48,838322;9,407025E-1;8,223938E-3;1,032929E+1;9,489748E-1;;
30/11/2021  10:22:48,838422;9,402257E-1;1,172832E-2;1,032929E+1;9,488171E-1;;
30/11/2021  10:22:48,838522;9,398919E-1;1,618844E-2;1,032929E+1;9,486527E-1;;
30/11/2021  10:22:48,838622;9,389948E-1;1,459554E-2;1,032929E+1;9,484815E-1;;
30/11/2021  10:22:48,838722;9,384137E-1;1,363980E-2;1,032929E+1;9,483035E-1;;
30/11/2021  10:22:48,838822;9,386461E-1;1,236548E-2;1,032929E+1;9,481186E-1;;
30/11/2021  10:22:48,838922;9,388518E-1;9,498258E-3;1,032929E+1;9,479268E-1;;
30/11/2021  10:22:48,839022;9,386193E-1;1,459554E-2;1,032929E+1;9,477280E-1;;
30/11/2021  10:22:48,839122;9,385776E-1;8,965980E-4;1,032929E+1;9,475226E-1;;
30/11/2021  10:22:48,839222;9,384166E-1;4,082398E-3;1,032929E+1;9,473106E-1;;
30/11/2021  10:22:48,839322;9,378534E-1;1,332122E-2;1,032929E+1;9,470923E-1;;
30/11/2021  10:22:48,839422;9,370636E-1;1,395838E-2;1,032929E+1;9,468680E-1;;
30/11/2021  10:22:48,839522;9,379189E-1;6,312458E-3;1,032929E+1;9,466379E-1;;
30/11/2021  10:22:48,839622;9,381246E-1;1,555128E-2;1,032929E+1;9,464022E-1;;
30/11/2021  10:22:48,839722;9,383213E-1;1,363980E-2;1,032929E+1;9,461613E-1;;
30/11/2021  10:22:48,839822;9,381693E-1;1,523270E-2;1,032929E+1;9,459158E-1;;
30/11/2021  10:22:48,839922;9,382825E-1;1,491412E-2;1,032929E+1;9,456661E-1;;
30/11/2021  10:22:48,840022;9,384971E-1;1,523270E-2;1,032929E+1;9,454130E-1;;
30/11/2021  10:22:48,840122;9,374689E-1;1,395838E-2;1,032929E+1;9,451569E-1;;
30/11/2021  10:22:48,840222;9,381723E-1;1,491412E-2;1,032929E+1;9,448984E-1;;
30/11/2021  10:22:48,840322;9,385120E-1;1,427696E-2;1,032929E+1;9,446381E-1;;
30/11/2021  10:22:48,840422;9,389680E-1;1,555128E-2;1,032929E+1;9,443767E-1;;
30/11/2021  10:22:48,840522;9,385835E-1;1,300264E-2;1,032929E+1;9,441148E-1;;
30/11/2021  10:22:48,840622;9,385895E-1;1,778134E-2;1,032929E+1;9,438531E-1;;
30/11/2021  10:22:48,840722;9,378027E-1;1,523270E-2;1,032929E+1;9,435923E-1;;
30/11/2021  10:22:48,840822;9,381782E-1;1,618844E-2;1,032929E+1;9,433330E-1;;
30/11/2021  10:22:48,840922;9,381216E-1;1,268406E-2;1,032929E+1;9,430756E-1;;
30/11/2021  10:22:48,841022;9,384047E-1;1,395838E-2;1,032929E+1;9,428206E-1;;
30/11/2021  10:22:48,841122;9,385865E-1;1,650702E-2;1,032929E+1;9,425686E-1;;
30/11/2021  10:22:48,841222;9,388190E-1;1,459554E-2;1,032929E+1;9,423201E-1;;
30/11/2021  10:22:48,841322;9,387326E-1;1,682560E-2;1,032929E+1;9,420757E-1;;
30/11/2021  10:22:48,841422;9,383660E-1;1,172832E-2;1,032929E+1;9,418358E-1;;
30/11/2021  10:22:48,841522;9,382408E-1;8,223938E-3;1,032929E+1;9,416009E-1;;
30/11/2021  10:22:48,841622;9,392899E-1;7,905358E-3;1,032929E+1;9,413715E-1;;
30/11/2021  10:22:48,841722;9,395849E-1;1,682560E-2;1,032929E+1;9,411479E-1;;
30/11/2021  10:22:48,841822;9,395819E-1;1,459554E-2;1,032929E+1;9,409306E-1;;
30/11/2021  10:22:48,841922;9,396505E-1;7,268198E-3;1,032929E+1;9,407203E-1;;
30/11/2021  10:22:48,842022;9,391945E-1;1,650702E-2;1,032929E+1;9,405172E-1;;
30/11/2021  10:22:48,842122;9,392541E-1;1,778134E-2;1,032929E+1;9,403219E-1;;
30/11/2021  10:22:48,842222;9,400797E-1;1,427696E-2;1,032929E+1;9,401345E-1;;
30/11/2021  10:22:48,842322;9,407592E-1;1,618844E-2;1,032929E+1;9,399555E-1;;
30/11/2021  10:22:48,842422;9,410065E-1;1,523270E-2;1,032929E+1;9,397852E-1;;
30/11/2021  10:22:48,842522;9,416920E-1;1,332122E-2;1,032929E+1;9,396241E-1;;
30/11/2021  10:22:48,842622;9,417695E-1;1,300264E-2;1,032929E+1;9,394727E-1;;
30/11/2021  10:22:48,842722;9,410244E-1;1,714418E-2;1,032929E+1;9,393315E-1;;
30/11/2021  10:22:48,842822;9,415609E-1;1,650702E-2;1,032929E+1;9,392007E-1;;
30/11/2021  10:22:48,842922;9,420198E-1;1,682560E-2;1,032929E+1;9,390806E-1;;
30/11/2021  10:22:48,843022;9,429139E-1;6,312458E-3;1,032929E+1;9,389715E-1;;
30/11/2021  10:22:48,843122;9,426815E-1;1,268406E-2;1,032929E+1;9,388737E-1;;
30/11/2021  10:22:48,843222;9,426219E-1;1,172832E-2;1,032929E+1;9,387874E-1;;
30/11/2021  10:22:48,843322;9,423477E-1;1,427696E-2;1,032929E+1;9,387128E-1;;
30/11/2021  10:22:48,843422;9,421212E-1;1,555128E-2;1,032929E+1;9,386499E-1;;
30/11/2021  10:22:48,843522;9,425056E-1;1,045400E-2;1,032929E+1;9,385987E-1;;
30/11/2021  10:22:48,843622;9,430451E-1;1,045400E-2;1,032929E+1;9,385591E-1;;
30/11/2021  10:22:48,843722;9,427470E-1;1,045400E-2;1,032929E+1;9,385308E-1;;
30/11/2021  10:22:48,843822;9,427291E-1;8,542518E-3;1,032929E+1;9,385139E-1;;
30/11/2021  10:22:48,843922;9,426815E-1;2,808078E-3;1,032929E+1;9,385081E-1;;
30/11/2021  10:22:48,844022;9,426189E-1;1,852338E-3;1,032929E+1;9,385130E-1;;
30/11/2021  10:22:48,844122;9,421659E-1;5,675298E-3;1,032929E+1;9,385284E-1;;
30/11/2021  10:22:48,844222;9,427083E-1;7,586778E-3;1,032929E+1;9,385538E-1;;
30/11/2021  10:22:48,844322;9,428156E-1;6,949618E-3;1,032929E+1;9,385887E-1;;
30/11/2021  10:22:48,844422;9,429765E-1;2,808078E-3;1,032929E+1;9,386328E-1;;
30/11/2021  10:22:48,844522;9,434742E-1;3,445238E-3;1,032929E+1;9,386857E-1;;
30/11/2021  10:22:48,844622;9,433103E-1;4,082398E-3;1,032929E+1;9,387469E-1;;
30/11/2021  10:22:48,844722;9,427381E-1;2,594380E-4;1,032929E+1;9,388160E-1;;
30/11/2021  10:22:48,844822;9,427768E-1;4,082398E-3;1,032929E+1;9,388928E-1;;
30/11/2021  10:22:48,844922;9,426725E-1;8,965980E-4;1,032929E+1;9,389765E-1;;
30/11/2021  10:22:48,845022;9,432954E-1;5,780180E-4;1,032929E+1;9,390666E-1;;
30/11/2021  10:22:48,845122;9,437722E-1;1,852338E-3;1,032929E+1;9,391627E-1;;
30/11/2021  10:22:48,845222;9,435398E-1;6,631038E-3;1,032929E+1;9,392644E-1;;
30/11/2021  10:22:48,845322;9,435606E-1;1,215178E-3;1,032929E+1;9,393712E-1;;
30/11/2021  10:22:48,845422;9,435755E-1;1,533758E-3;1,032929E+1;9,394828E-1;;
30/11/2021  10:22:48,845522;9,437573E-1;8,965980E-4;1,032929E+1;9,395987E-1;;
30/11/2021  10:22:48,845622;9,442133E-1;1,215178E-3;1,032929E+1;9,397185E-1;;
30/11/2021  10:22:48,845722;9,445948E-1;1,215178E-3;1,032929E+1;9,398420E-1;;
30/11/2021  10:22:48,845822;9,447021E-1;1,533758E-3;1,032929E+1;9,399687E-1;;
30/11/2021  10:22:48,845922;9,445948E-1;1,533758E-3;1,032929E+1;9,400986E-1;;
30/11/2021  10:22:48,846022;9,438676E-1;1,533758E-3;1,032929E+1;9,402312E-1;;
30/11/2021  10:22:48,846122;9,433490E-1;1,533758E-3;1,032929E+1;9,403663E-1;;
30/11/2021  10:22:48,846222;9,436560E-1;8,965980E-4;1,032929E+1;9,405033E-1;;
30/11/2021  10:22:48,846322;9,446216E-1;1,852338E-3;1,032929E+1;9,406418E-1;;
30/11/2021  10:22:48,846422;9,444726E-1;1,215178E-3;1,032929E+1;9,407813E-1;;
30/11/2021  10:22:48,846522;9,443713E-1;1,533758E-3;1,032929E+1;9,409216E-1;;
30/11/2021  10:22:48,846622;9,440375E-1;1,215178E-3;1,032929E+1;9,410624E-1;;
30/11/2021  10:22:48,846722;9,438855E-1;1,852338E-3;1,032929E+1;9,412033E-1;;
30/11/2021  10:22:48,846822;9,434086E-1;5,780180E-4;1,032929E+1;9,413439E-1;;
30/11/2021  10:22:48,846922;9,447170E-1;1,852338E-3;1,032929E+1;9,414838E-1;;
30/11/2021  10:22:48,847022;9,449614E-1;5,038138E-3;1,032929E+1;9,416227E-1;;
30/11/2021  10:22:48,847122;9,448541E-1;8,965980E-4;1,032929E+1;9,417604E-1;;
30/11/2021  10:22:48,847222;9,453190E-1;6,949618E-3;1,032929E+1;9,418968E-1;;
30/11/2021  10:22:48,847322;9,450150E-1;1,533758E-3;1,032929E+1;9,420317E-1;;
30/11/2021  10:22:48,847422;9,446544E-1;5,038138E-3;1,032929E+1;9,421651E-1;;
30/11/2021  10:22:48,847522;9,448750E-1;2,808078E-3;1,032929E+1;9,422968E-1;;
30/11/2021  10:22:48,847622;9,455604E-1;1,204690E-2;1,032929E+1;9,424267E-1;;
30/11/2021  10:22:48,847722;9,468598E-1;1,533758E-3;1,032929E+1;9,425546E-1;;
30/11/2021  10:22:48,847822;9,469343E-1;5,356718E-3;1,032929E+1;9,426808E-1;;
30/11/2021  10:22:48,847922;9,468569E-1;5,356718E-3;1,032929E+1;9,428055E-1;;
30/11/2021  10:22:48,848022;9,465350E-1;8,542518E-3;1,032929E+1;9,429288E-1;;
30/11/2021  10:22:48,848122;9,459896E-1;1,618844E-2;1,032929E+1;9,430509E-1;;
30/11/2021  10:22:48,848222;9,467943E-1;1,618844E-2;1,032929E+1;9,431719E-1;;
30/11/2021  10:22:48,848322;9,474559E-1;1,395838E-2;1,032929E+1;9,432917E-1;;
30/11/2021  10:22:48,848422;9,476913E-1;1,236548E-2;1,032929E+1;9,434105E-1;;
30/11/2021  10:22:48,848522;9,477152E-1;1,459554E-2;1,032929E+1;9,435285E-1;;
30/11/2021  10:22:48,848622;9,476556E-1;1,523270E-2;1,032929E+1;9,436459E-1;;
30/11/2021  10:22:48,848722;9,470267E-1;1,491412E-2;1,032929E+1;9,437629E-1;;
30/11/2021  10:22:48,848822;9,465082E-1;1,555128E-2;1,032929E+1;9,438794E-1;;
30/11/2021  10:22:48,848922;9,464545E-1;1,586986E-2;1,032929E+1;9,439953E-1;;
30/11/2021  10:22:48,849022;9,477152E-1;1,586986E-2;1,032929E+1;9,441106E-1;;
30/11/2021  10:22:48,849122;9,476347E-1;1,491412E-2;1,032929E+1;9,442251E-1;;
30/11/2021  10:22:48,849222;9,475483E-1;6,312458E-3;1,032929E+1;9,443389E-1;;
30/11/2021  10:22:48,849322;9,468509E-1;1,172832E-2;1,032929E+1;9,444519E-1;;
30/11/2021  10:22:48,849422;9,467734E-1;1,140974E-2;1,032929E+1;9,445640E-1;;
30/11/2021  10:22:48,849522;9,459866E-1;1,172832E-2;1,032929E+1;9,446752E-1;;
30/11/2021  10:22:48,849622;9,464337E-1;1,363980E-2;1,032929E+1;9,447850E-1;;
30/11/2021  10:22:48,849722;9,470029E-1;1,618844E-2;1,032929E+1;9,448932E-1;;
30/11/2021  10:22:48,849822;9,475960E-1;1,363980E-2;1,032929E+1;9,449996E-1;;
30/11/2021  10:22:48,849922;9,467823E-1;1,491412E-2;1,032929E+1;9,451042E-1;;
30/11/2021  10:22:48,850022;9,462548E-1;1,523270E-2;1,032929E+1;9,452069E-1;;
30/11/2021  10:22:48,850122;9,458138E-1;1,427696E-2;1,032929E+1;9,453074E-1;;
30/11/2021  10:22:48,850222;9,452773E-1;1,459554E-2;1,032929E+1;9,454055E-1;;
30/11/2021  10:22:48,850322;9,461803E-1;1,586986E-2;1,032929E+1;9,455008E-1;;
30/11/2021  10:22:48,850422;9,464426E-1;6,949618E-3;1,032929E+1;9,455930E-1;;
30/11/2021  10:22:48,850522;9,463442E-1;1,363980E-2;1,032929E+1;9,456819E-1;;
30/11/2021  10:22:48,850622;9,461058E-1;1,459554E-2;1,032929E+1;9,457675E-1;;
30/11/2021  10:22:48,850722;9,454144E-1;1,491412E-2;1,032929E+1;9,458495E-1;;
30/11/2021  10:22:48,850822;9,449793E-1;1,523270E-2;1,032929E+1;9,459278E-1;;
30/11/2021  10:22:48,850922;9,444160E-1;1,523270E-2;1,032929E+1;9,460021E-1;;
30/11/2021  10:22:48,851022;9,451402E-1;8,223938E-3;1,032929E+1;9,460721E-1;;
30/11/2021  10:22:48,851122;9,457571E-1;1,555128E-2;1,032929E+1;9,461374E-1;;
30/11/2021  10:22:48,851222;9,451432E-1;1,300264E-2;1,032929E+1;9,461980E-1;;
30/11/2021  10:22:48,851322;9,446723E-1;1,555128E-2;1,032929E+1;9,462537E-1;;
30/11/2021  10:22:48,851422;9,441895E-1;1,555128E-2;1,032929E+1;9,463044E-1;;
30/11/2021  10:22:48,851522;9,433759E-1;1,555128E-2;1,032929E+1;9,463499E-1;;
30/11/2021  10:22:48,851622;9,442133E-1;1,491412E-2;1,032929E+1;9,463900E-1;;
30/11/2021  10:22:48,851722;9,449316E-1;1,300264E-2;1,032929E+1;9,464243E-1;;
30/11/2021  10:22:48,851822;9,451253E-1;1,332122E-2;1,032929E+1;9,464529E-1;;
30/11/2021  10:22:48,851922;9,443772E-1;1,459554E-2;1,032929E+1;9,464759E-1;;
30/11/2021  10:22:48,852022;9,438646E-1;1,555128E-2;1,032929E+1;9,464933E-1;;
30/11/2021  10:22:48,852122;9,438348E-1;1,077258E-2;1,032929E+1;9,465052E-1;;
30/11/2021  10:22:48,852222;9,431404E-1;1,172832E-2;1,032929E+1;9,465114E-1;;
30/11/2021  10:22:48,852322;9,445590E-1;7,905358E-3;1,032929E+1;9,465120E-1;;
30/11/2021  10:22:48,852422;9,450776E-1;1,300264E-2;1,032929E+1;9,465070E-1;;
30/11/2021  10:22:48,852522;9,450419E-1;1,236548E-2;1,032929E+1;9,464967E-1;;
30/11/2021  10:22:48,852622;9,446246E-1;1,140974E-2;1,032929E+1;9,464814E-1;;
30/11/2021  10:22:48,852722;9,437633E-1;1,268406E-2;1,032929E+1;9,464614E-1;;
30/11/2021  10:22:48,852822;9,433669E-1;1,332122E-2;1,032929E+1;9,464369E-1;;
30/11/2021  10:22:48,852922;9,431523E-1;1,332122E-2;1,032929E+1;9,464080E-1;;
30/11/2021  10:22:48,853022;9,443445E-1;1,332122E-2;1,032929E+1;9,463746E-1;;
30/11/2021  10:22:48,853122;9,444726E-1;1,204690E-2;1,032929E+1;9,463370E-1;;
30/11/2021  10:22:48,853222;9,446812E-1;1,523270E-2;1,032929E+1;9,462954E-1;;
30/11/2021  10:22:48,853322;9,449375E-1;1,427696E-2;1,032929E+1;9,462503E-1;;
30/11/2021  10:22:48,853422;9,439004E-1;1,555128E-2;1,032929E+1;9,462020E-1;;
30/11/2021  10:22:48,853522;9,437067E-1;1,618844E-2;1,032929E+1;9,461508E-1;;
30/11/2021  10:22:48,853622;9,440643E-1;8,542518E-3;1,032929E+1;9,460969E-1;;
30/11/2021  10:22:48,853722;9,452594E-1;9,498258E-3;1,032929E+1;9,460405E-1;;
30/11/2021  10:22:48,853822;9,452326E-1;1,268406E-2;1,032929E+1;9,459821E-1;;
30/11/2021  10:22:48,853922;9,455276E-1;1,013542E-2;1,032929E+1;9,459221E-1;;
30/11/2021  10:22:48,854022;9,447170E-1;1,586986E-2;1,032929E+1;9,458609E-1;;
30/11/2021  10:22:48,854122;9,444011E-1;1,650702E-2;1,032929E+1;9,457990E-1;;
30/11/2021  10:22:48,854222;9,448243E-1;2,192288E-2;1,032929E+1;9,457367E-1;;
30/11/2021  10:22:48,854322;9,450180E-1;1,523270E-2;1,032929E+1;9,456741E-1;;
30/11/2021  10:22:48,854422;9,453846E-1;1,586986E-2;1,032929E+1;9,456117E-1;;
30/11/2021  10:22:48,854522;9,456796E-1;1,459554E-2;1,032929E+1;9,455497E-1;;
30/11/2021  10:22:48,854622;9,463234E-1;1,586986E-2;1,032929E+1;9,454886E-1;;
30/11/2021  10:22:48,854722;9,453101E-1;1,746276E-2;1,032929E+1;9,454288E-1;;
30/11/2021  10:22:48,854822;9,454233E-1;2,032998E-2;1,032929E+1;9,453707E-1;;
30/11/2021  10:22:48,854922;9,449644E-1;1,332122E-2;1,032929E+1;9,453144E-1;;
30/11/2021  10:22:48,855022;9,459777E-1;1,714418E-2;1,032929E+1;9,452602E-1;;
30/11/2021  10:22:48,855122;9,466155E-1;1,013542E-2;1,032929E+1;9,452083E-1;;
30/11/2021  10:22:48,855222;9,468658E-1;1,045400E-2;1,032929E+1;9,451591E-1;;
30/11/2021  10:22:48,855322;9,467436E-1;1,332122E-2;1,032929E+1;9,451129E-1;;
30/11/2021  10:22:48,855422;9,461893E-1;1,523270E-2;1,032929E+1;9,450701E-1;;
30/11/2021  10:22:48,855522;9,461028E-1;1,650702E-2;1,032929E+1;9,450309E-1;;
30/11/2021  10:22:48,855622;9,464188E-1;1,682560E-2;1,032929E+1;9,449955E-1;;
30/11/2021  10:22:48,855722;9,475274E-1;1,586986E-2;1,032929E+1;9,449641E-1;;
30/11/2021  10:22:48,855822;9,479953E-1;1,523270E-2;1,032929E+1;9,449367E-1;;
30/11/2021  10:22:48,855922;9,480102E-1;1,363980E-2;1,032929E+1;9,449139E-1;;
30/11/2021  10:22:48,856022;9,475453E-1;1,395838E-2;1,032929E+1;9,448959E-1;;
30/11/2021  10:22:48,856122;9,475453E-1;1,268406E-2;1,032929E+1;9,448829E-1;;
30/11/2021  10:22:48,856222;9,465827E-1;1,395838E-2;1,032929E+1;9,448751E-1;;
30/11/2021  10:22:48,856322;9,477599E-1;1,363980E-2;1,032929E+1;9,448725E-1;;
30/11/2021  10:22:48,856422;9,483470E-1;9,179678E-3;1,032929E+1;9,448750E-1;;
30/11/2021  10:22:48,856522;9,486838E-1;1,236548E-2;1,032929E+1;9,448827E-1;;
30/11/2021  10:22:48,856622;9,482516E-1;9,816838E-3;1,032929E+1;9,448958E-1;;
30/11/2021  10:22:48,856722;9,477837E-1;1,555128E-2;1,032929E+1;9,449144E-1;;
30/11/2021  10:22:48,856822;9,470834E-1;1,491412E-2;1,032929E+1;9,449383E-1;;
30/11/2021  10:22:48,856922;9,469403E-1;1,427696E-2;1,032929E+1;9,449674E-1;;
30/11/2021  10:22:48,857022;9,480490E-1;1,045400E-2;1,032929E+1;9,450014E-1;;
30/11/2021  10:22:48,857122;9,479834E-1;1,523270E-2;1,032929E+1;9,450401E-1;;
30/11/2021  10:22:48,857222;9,481831E-1;1,140974E-2;1,032929E+1;9,450832E-1;;
30/11/2021  10:22:48,857322;9,474201E-1;1,714418E-2;1,032929E+1;9,451306E-1;;
30/11/2021  10:22:48,857422;9,468628E-1;1,491412E-2;1,032929E+1;9,451821E-1;;
30/11/2021  10:22:48,857522;9,467317E-1;1,140974E-2;1,032929E+1;9,452372E-1;;
30/11/2021  10:22:48,857622;9,472920E-1;1,300264E-2;1,032929E+1;9,452956E-1;;
30/11/2021  10:22:48,857722;9,475125E-1;1,491412E-2;1,032929E+1;9,453568E-1;;
30/11/2021  10:22:48,857822;9,483440E-1;1,300264E-2;1,032929E+1;9,454206E-1;;
30/11/2021  10:22:48,857922;9,475364E-1;2,489498E-3;1,032929E+1;9,454867E-1;;
30/11/2021  10:22:48,858022;9,472264E-1;-1,014882E-3;1,032929E+1;9,455549E-1;;
30/11/2021  10:22:48,858122;9,469433E-1;1,268406E-2;1,032929E+1;9,456249E-1;;
30/11/2021  10:22:48,858222;9,464605E-1;5,038138E-3;1,032929E+1;9,456963E-1;;
30/11/2021  10:22:48,858322;9,466482E-1;1,268406E-2;1,032929E+1;9,457687E-1;;
30/11/2021  10:22:48,858422;9,470685E-1;1,077258E-2;1,032929E+1;9,458416E-1;;
30/11/2021  10:22:48,858522;9,475036E-1;1,395838E-2;1,032929E+1;9,459147E-1;;
30/11/2021  10:22:48,858622;9,469850E-1;3,445238E-3;1,032929E+1;9,459878E-1;;
30/11/2021  10:22:48,858722;9,466542E-1;1,204690E-2;1,032929E+1;9,460605E-1;;
30/11/2021  10:22:48,858822;9,460611E-1;8,861098E-3;1,032929E+1;9,461326E-1;;
30/11/2021  10:22:48,858922;9,449912E-1;8,223938E-3;1,032929E+1;9,462036E-1;;
30/11/2021  10:22:48,859022;9,455455E-1;6,949618E-3;1,032929E+1;9,462730E-1;;
30/11/2021  10:22:48,859122;9,458495E-1;1,555128E-2;1,032929E+1;9,463403E-1;;
30/11/2021  10:22:48,859222;9,464247E-1;1,332122E-2;1,032929E+1;9,464051E-1;;
30/11/2021  10:22:48,859322;9,451462E-1;1,459554E-2;1,032929E+1;9,464672E-1;;
30/11/2021  10:22:48,859422;9,446783E-1;1,459554E-2;1,032929E+1;9,465262E-1;;
30/11/2021  10:22:48,859522;9,434474E-1;1,268406E-2;1,032929E+1;9,465816E-1;;
30/11/2021  10:22:48,859622;9,432298E-1;8,223938E-3;1,032929E+1;9,466329E-1;;
30/11/2021  10:22:48,859722;9,434086E-1;1,523270E-2;1,032929E+1;9,466795E-1;;
30/11/2021  10:22:48,859822;9,441150E-1;1,140974E-2;1,032929E+1;9,467209E-1;;
30/11/2021  10:22:48,859922;9,435964E-1;4,719558E-3;1,032929E+1;9,467566E-1;;
30/11/2021  10:22:48,860022;9,426278E-1;1,077258E-2;1,032929E+1;9,467863E-1;;
30/11/2021  10:22:48,860122;9,416920E-1;1,395838E-2;1,032929E+1;9,468097E-1;;
30/11/2021  10:22:48,860222;9,411853E-1;1,491412E-2;1,032929E+1;9,468262E-1;;
30/11/2021  10:22:48,860322;9,414744E-1;1,332122E-2;1,032929E+1;9,468354E-1;;
30/11/2021  10:22:48,860422;9,415221E-1;1,172832E-2;1,032929E+1;9,468367E-1;;
30/11/2021  10:22:48,860522;9,420407E-1;6,631038E-3;1,032929E+1;9,468299E-1;;
30/11/2021  10:22:48,860622;9,418023E-1;1,395838E-2;1,032929E+1;9,468148E-1;;
30/11/2021  10:22:48,860722;9,411675E-1;1,268406E-2;1,032929E+1;9,467912E-1;;
30/11/2021  10:22:48,860822;9,404582E-1;1,172832E-2;1,032929E+1;9,467591E-1;;
30/11/2021  10:22:48,860922;9,396654E-1;1,109116E-2;1,032929E+1;9,467184E-1;;
30/11/2021  10:22:48,861022;9,399962E-1;1,459554E-2;1,032929E+1;9,466688E-1;;
30/11/2021  10:22:48,861122;9,406936E-1;1,395838E-2;1,032929E+1;9,466103E-1;;
30/11/2021  10:22:48,861222;9,409737E-1;1,140974E-2;1,032929E+1;9,465427E-1;;
30/11/2021  10:22:48,861322;9,409797E-1;-1,375808E-2;1,032929E+1;9,464664E-1;;
30/11/2021  10:22:48,861422;9,404224E-1;1,172832E-2;1,032929E+1;9,463816E-1;;
30/11/2021  10:22:48,861522;9,392005E-1;1,586986E-2;1,032929E+1;9,462886E-1;;
30/11/2021  10:22:48,861622;9,389710E-1;1,618844E-2;1,032929E+1;9,461876E-1;;
30/11/2021  10:22:48,861722;9,391766E-1;1,586986E-2;1,032929E+1;9,460785E-1;;
30/11/2021  10:22:48,861822;9,397220E-1;1,618844E-2;1,032929E+1;9,459616E-1;;
30/11/2021  10:22:48,861922;9,403658E-1;1,268406E-2;1,032929E+1;9,458371E-1;;
30/11/2021  10:22:48,862022;9,394359E-1;1,204690E-2;1,032929E+1;9,457054E-1;;
30/11/2021  10:22:48,862122;9,384822E-1;9,179678E-3;1,032929E+1;9,455669E-1;;
30/11/2021  10:22:48,862222;9,379219E-1;1,268406E-2;1,032929E+1;9,454220E-1;;
30/11/2021  10:22:48,862322;9,376895E-1;1,204690E-2;1,032929E+1;9,452707E-1;;
30/11/2021  10:22:48,862422;9,386819E-1;1,395838E-2;1,032929E+1;9,451133E-1;;
30/11/2021  10:22:48,862522;9,393435E-1;1,140974E-2;1,032929E+1;9,449500E-1;;
30/11/2021  10:22:48,862622;9,388488E-1;1,682560E-2;1,032929E+1;9,447812E-1;;
30/11/2021  10:22:48,862722;9,385537E-1;1,236548E-2;1,032929E+1;9,446076E-1;;
30/11/2021  10:22:48,862822;9,377073E-1;1,523270E-2;1,032929E+1;9,444295E-1;;
30/11/2021  10:22:48,862922;9,373378E-1;1,555128E-2;1,032929E+1;9,442474E-1;;
30/11/2021  10:22:48,863022;9,373974E-1;1,491412E-2;1,032929E+1;9,440614E-1;;
30/11/2021  10:22:48,863122;9,381991E-1;9,816838E-3;1,032929E+1;9,438719E-1;;
30/11/2021  10:22:48,863222;9,390425E-1;1,586986E-2;1,032929E+1;9,436793E-1;;
30/11/2021  10:22:48,863322;9,383988E-1;7,586778E-3;1,032929E+1;9,434841E-1;;
30/11/2021  10:22:48,863422;9,381127E-1;1,300264E-2;1,032929E+1;9,432869E-1;;
30/11/2021  10:22:48,863522;9,377252E-1;1,395838E-2;1,032929E+1;9,430882E-1;;
30/11/2021  10:22:48,863622;9,376179E-1;8,542518E-3;1,032929E+1;9,428885E-1;;
30/11/2021  10:22:48,863722;9,379040E-1;2,808078E-3;1,032929E+1;9,426881E-1;;
30/11/2021  10:22:48,863822;9,381305E-1;7,905358E-3;1,032929E+1;9,424875E-1;;
30/11/2021  10:22:48,863922;9,390395E-1;5,780180E-4;1,032929E+1;9,422870E-1;;
30/11/2021  10:22:48,864022;9,385806E-1;1,533758E-3;1,032929E+1;9,420874E-1;;
30/11/2021  10:22:48,864122;9,381007E-1;1,215178E-3;1,032929E+1;9,418890E-1;;
30/11/2021  10:22:48,864222;9,375583E-1;1,215178E-3;1,032929E+1;9,416925E-1;;
30/11/2021  10:22:48,864322;9,376447E-1;5,780180E-4;1,032929E+1;9,414981E-1;;
30/11/2021  10:22:48,864422;9,381782E-1;3,445238E-3;1,032929E+1;9,413061E-1;;
30/11/2021  10:22:48,864522;9,383809E-1;1,852338E-3;1,032929E+1;9,411168E-1;;
30/11/2021  10:22:48,864622;9,383839E-1;1,533758E-3;1,032929E+1;9,409307E-1;;
30/11/2021  10:22:48,864722;9,380083E-1;4,400978E-3;1,032929E+1;9,407481E-1;;
30/11/2021  10:22:48,864822;9,374689E-1;2,170918E-3;1,032929E+1;9,405693E-1;;
30/11/2021  10:22:48,864922;9,361308E-1;1,215178E-3;1,032929E+1;9,403945E-1;;
30/11/2021  10:22:48,865022;9,361248E-1;1,215178E-3;1,032929E+1;9,402236E-1;;
30/11/2021  10:22:48,865122;9,363275E-1;1,533758E-3;1,032929E+1;9,400566E-1;;
30/11/2021  10:22:48,865222;9,367685E-1;3,763818E-3;1,032929E+1;9,398933E-1;;
30/11/2021  10:22:48,865322;9,371232E-1;1,746276E-2;3,012881E-1;9,397337E-1;;
30/11/2021  10:22:48,865422;9,362380E-1;1,523270E-2;2,547941E-2;9,395779E-1;;
30/11/2021  10:22:48,865522;9,400499E-1;-3,382862E-2;3,748483E-2;9,394259E-1;;
30/11/2021  10:22:48,865622;9,393703E-1;1,200455E-1;1,281573E-1;9,392781E-1;;
30/11/2021  10:22:48,865722;9,387534E-1;1,286472E-1;1,319485E-1;9,391352E-1;;
30/11/2021  10:22:48,865822;9,382348E-1;1,496735E-1;1,569071E-1;9,389974E-1;;
30/11/2021  10:22:48,865922;9,378653E-1;1,216384E-1;1,234183E-1;9,388652E-1;;
30/11/2021  10:22:48,866022;9,377938E-1;1,280100E-1;1,287892E-1;9,387386E-1;;
30/11/2021  10:22:48,866122;9,371083E-1;1,366117E-1;1,183634E-1;9,386177E-1;;
30/11/2021  10:22:48,866222;9,364258E-1;1,149482E-1;1,092014E-1;9,385025E-1;;
30/11/2021  10:22:48,866322;9,354781E-1;1,324701E-1;1,452176E-1;9,383926E-1;;
30/11/2021  10:22:48,866422;9,350817E-1;8,627604E-2;1,069899E-1;9,382877E-1;;
30/11/2021  10:22:48,866522;9,346078E-1;1,318330E-1;1,455336E-1;9,381872E-1;;
30/11/2021  10:22:48,866622;9,350042E-1;1,216384E-1;1,161519E-1;9,380907E-1;;
30/11/2021  10:22:48,866722;9,349804E-1;1,222756E-1;1,310007E-1;9,379976E-1;;
30/11/2021  10:22:48,866822;9,347211E-1;8,882468E-2;9,782784E-2;9,379075E-1;;
30/11/2021  10:22:48,866922;9,345780E-1;1,254614E-1;1,291051E-1;9,378199E-1;;
30/11/2021  10:22:48,867022;9,340982E-1;1,165411E-1;1,398468E-1;9,377345E-1;;
30/11/2021  10:22:48,867122;9,338240E-1;1,308772E-1;1,272095E-1;9,376508E-1;;
30/11/2021  10:22:48,867222;9,342830E-1;1,216384E-1;1,265777E-1;9,375684E-1;;
30/11/2021  10:22:48,867322;9,343634E-1;1,257800E-1;1,297370E-1;9,374870E-1;;
30/11/2021  10:22:48,867422;9,348999E-1;5,993878E-3;9,593225E-2;9,374062E-1;;
30/11/2021  10:22:48,867522;9,349863E-1;1,337445E-1;1,420583E-1;9,373260E-1;;
30/11/2021  10:22:48,867622;9,355436E-1;4,454206E-2;1,221027E-2;9,372463E-1;;
30/11/2021  10:22:48,867722;9,355317E-1;1,334259E-1;1,654373E-1;9,371672E-1;;
30/11/2021  10:22:48,867822;9,356420E-1;1,200455E-1;1,897641E-1;9,370888E-1;;
30/11/2021  10:22:48,867922;9,364705E-1;1,257800E-1;1,351078E-1;9,370112E-1;;
30/11/2021  10:22:48,868022;9,370934E-1;1,299215E-1;1,142563E-1;9,369347E-1;;
30/11/2021  10:22:48,868122;9,377789E-1;1,222756E-1;1,193112E-1;9,368598E-1;;
30/11/2021  10:22:48,868222;9,368639E-1;1,171783E-1;8,361090E-2;9,367867E-1;;
30/11/2021  10:22:48,868322;9,374480E-1;1,260985E-1;1,262617E-1;9,367161E-1;;
30/11/2021  10:22:48,868422;9,379547E-1;2,213540E-1;2,431566E-1;9,366483E-1;;
30/11/2021  10:22:48,868522;9,380650E-1;1,219570E-1;1,218387E-1;9,365835E-1;;
30/11/2021  10:22:48,868622;9,396535E-1;1,248242E-1;1,328963E-1;9,365225E-1;;
30/11/2021  10:22:48,868722;9,401869E-1;1,413904E-1;1,363715E-1;9,364656E-1;;
30/11/2021  10:22:48,868822;9,405714E-1;1,057094E-1;1,050943E-1;9,364136E-1;;
30/11/2021  10:22:48,868922;9,405207E-1;1,331073E-1;1,708081E-1;9,363672E-1;;
30/11/2021  10:22:48,869022;9,413016E-1;4,581638E-2;8,392683E-2;9,363271E-1;;
30/11/2021  10:22:48,869122;9,415340E-1;1,123996E-1;1,117289E-1;9,362939E-1;;
30/11/2021  10:22:48,869222;9,425444E-1;9,583344E-2;1,025668E-1;9,362682E-1;;
30/11/2021  10:22:48,869322;9,438050E-1;1,117624E-1;1,215227E-1;9,362507E-1;;
30/11/2021  10:22:48,869422;9,444696E-1;1,085766E-1;1,202590E-1;9,362421E-1;;
30/11/2021  10:22:48,869522;9,445680E-1;6,301970E-2;9,214107E-2;9,362434E-1;;
30/11/2021  10:22:48,869622;9,449495E-1;2,096714E-2;4,159195E-2;9,362551E-1;;
30/11/2021  10:22:48,869722;9,446961E-1;1,050723E-1;1,278414E-1;9,362781E-1;;
30/11/2021  10:22:48,869822;9,444786E-1;6,270112E-2;1,231024E-1;9,363127E-1;;
30/11/2021  10:22:48,869922;9,446663E-1;1,123996E-1;1,294210E-1;9,363592E-1;;
30/11/2021  10:22:48,870022;9,453607E-1;1,060280E-1;1,152041E-1;9,364180E-1;;
30/11/2021  10:22:48,870122;9,457005E-1;1,289658E-1;1,316326E-1;9,364890E-1;;
30/11/2021  10:22:48,870222;9,455276E-1;1,433019E-1;1,625939E-1;9,365725E-1;;
30/11/2021  10:22:48,870322;9,444011E-1;1,601866E-1;1,401627E-1;9,366683E-1;;
30/11/2021  10:22:48,870422;9,438319E-1;1,770713E-1;1,455336E-1;9,367763E-1;;
30/11/2021  10:22:48,870522;9,436292E-1;1,729298E-1;1,480610E-1;9,368960E-1;;
30/11/2021  10:22:48,870622;9,440017E-1;1,719741E-1;1,569071E-1;9,370268E-1;;
30/11/2021  10:22:48,870722;9,445859E-1;1,452133E-1;1,430061E-1;9,371679E-1;;
30/11/2021  10:22:48,870822;9,441627E-1;1,302401E-1;1,505885E-1;9,373188E-1;;
30/11/2021  10:22:48,870922;9,438020E-1;1,394789E-1;1,259458E-1;9,374789E-1;;
30/11/2021  10:22:48,871022;9,429884E-1;3,434750E-2;5,391329E-2;9,376473E-1;;
30/11/2021  10:22:48,871122;9,432060E-1;1,111253E-1;1,164678E-1;9,378232E-1;;
30/11/2021  10:22:48,871222;9,426278E-1;1,372488E-1;1,692285E-1;9,380058E-1;;
30/11/2021  10:22:48,871322;9,428036E-1;1,337445E-1;1,164678E-1;9,381939E-1;;
30/11/2021  10:22:48,871422;9,433431E-1;1,340630E-1;1,218387E-1;9,383868E-1;;
30/11/2021  10:22:48,871522;9,433848E-1;9,678918E-2;1,376353E-1;9,385834E-1;;
30/11/2021  10:22:48,871622;9,428960E-1;1,327887E-1;1,366875E-1;9,387830E-1;;
30/11/2021  10:22:48,871722;9,420228E-1;1,296029E-1;1,275255E-1;9,389849E-1;;
30/11/2021  10:22:48,871822;9,414357E-1;1,302401E-1;1,256299E-1;9,391879E-1;;
30/11/2021  10:22:48,871922;9,410721E-1;1,327887E-1;1,268936E-1;9,393912E-1;;
30/11/2021  10:22:48,872022;9,409022E-1;1,362931E-1;1,363715E-1;9,395937E-1;;
30/11/2021  10:22:48,872122;9,414327E-1;1,308772E-1;1,183634E-1;9,397943E-1;;
30/11/2021  10:22:48,872222;9,406727E-1;1,276914E-1;1,275255E-1;9,399920E-1;;
30/11/2021  10:22:48,872322;9,396237E-1;1,245056E-1;1,142563E-1;9,401861E-1;;
30/11/2021  10:22:48,872422;9,388071E-1;1,264171E-1;1,126766E-1;9,403755E-1;;
30/11/2021  10:22:48,872522;9,383451E-1;3,562182E-2;8,203124E-2;9,405590E-1;;
30/11/2021  10:22:48,872622;9,383779E-1;5,919674E-2;1,009872E-1;9,407357E-1;;
30/11/2021  10:22:48,872722;9,386879E-1;9,137332E-2;8,708615E-2;9,409045E-1;;
30/11/2021  10:22:48,872822;9,382974E-1;1,308772E-1;1,275255E-1;9,410646E-1;;
30/11/2021  10:22:48,872922;9,381067E-1;1,280100E-1;1,013031E-1;9,412151E-1;;
30/11/2021  10:22:48,873022;9,373199E-1;1,238685E-1;1,268936E-1;9,413555E-1;;
30/11/2021  10:22:48,873122;9,365897E-1;1,324701E-1;1,360556E-1;9,414849E-1;;
30/11/2021  10:22:48,873222;9,365480E-1;1,318330E-1;1,420583E-1;9,416028E-1;;
30/11/2021  10:22:48,873322;9,374540E-1;1,331073E-1;1,341600E-1;9,417085E-1;;
30/11/2021  10:22:48,873422;9,372752E-1;1,356559E-1;1,294210E-1;9,418015E-1;;
30/11/2021  10:22:48,873522;9,375494E-1;1,847173E-1;1,903959E-1;9,418817E-1;;
30/11/2021  10:22:48,873622;9,370546E-1;1,761156E-1;1,881844E-1;9,419489E-1;;
30/11/2021  10:22:48,873722;9,361069E-1;1,327887E-1;1,297370E-1;9,420031E-1;;
30/11/2021  10:22:48,873822;9,366255E-1;1,235499E-1;1,107811E-1;9,420440E-1;;
30/11/2021  10:22:48,873922;9,364646E-1;1,260985E-1;1,095173E-1;9,420718E-1;;
30/11/2021  10:22:48,874022;9,373467E-1;1,264171E-1;1,249980E-1;9,420865E-1;;
30/11/2021  10:22:48,874122;9,383123E-1;1,340630E-1;1,319485E-1;9,420883E-1;;
30/11/2021  10:22:48,874222;9,383272E-1;1,337445E-1;1,875525E-1;9,420778E-1;;
30/11/2021  10:22:48,874322;9,381603E-1;1,433019E-1;1,411105E-1;9,420555E-1;;
30/11/2021  10:22:48,874422;9,374808E-1;1,493549E-1;1,483770E-1;9,420221E-1;;
30/11/2021  10:22:48,874522;9,373974E-1;1,273729E-1;1,291051E-1;9,419782E-1;;
30/11/2021  10:22:48,874622;9,374838E-1;1,353374E-1;1,370034E-1;9,419243E-1;;
30/11/2021  10:22:48,874722;9,381931E-1;1,289658E-1;1,338441E-1;9,418609E-1;;
30/11/2021  10:22:48,874822;9,382080E-1;1,493549E-1;1,237343E-1;9,417888E-1;;
30/11/2021  10:22:48,874922;9,378295E-1;1,155854E-1;1,847091E-1;9,417085E-1;;
30/11/2021  10:22:48,875022;9,373974E-1;1,273729E-1;1,240502E-1;9,416208E-1;;
30/11/2021  10:22:48,875122;9,368460E-1;1,436204E-1;1,376353E-1;9,415263E-1;;
30/11/2021  10:22:48,875222;9,359043E-1;1,538150E-1;1,376353E-1;9,414254E-1;;
30/11/2021  10:22:48,875322;9,358089E-1;1,053908E-1;1,202590E-1;9,413183E-1;;
30/11/2021  10:22:48,875422;9,359907E-1;1,359745E-1;1,322644E-1;9,412055E-1;;
30/11/2021  10:22:48,875522;9,357105E-1;1,362931E-1;1,407946E-1;9,410871E-1;;
30/11/2021  10:22:48,875622;9,351979E-1;1,350188E-1;1,306848E-1;9,409635E-1;;
30/11/2021  10:22:48,875722;9,345095E-1;1,397975E-1;1,253139E-1;9,408348E-1;;
30/11/2021  10:22:48,875822;9,337257E-1;1,327887E-1;1,505885E-1;9,407013E-1;;
30/11/2021  10:22:48,875922;9,337763E-1;1,429833E-1;1,347919E-1;9,405628E-1;;
30/11/2021  10:22:48,876022;9,339730E-1;1,407532E-1;1,420583E-1;9,404195E-1;;
30/11/2021  10:22:48,876122;9,341191E-1;8,149734E-2;1,221546E-1;9,402715E-1;;
30/11/2021  10:22:48,876222;9,337584E-1;8,149734E-2;9,593225E-2;9,401189E-1;;
30/11/2021  10:22:48,876322;9,335915E-1;1,901331E-1;2,011376E-1;9,399620E-1;;
30/11/2021  10:22:48,876422;9,333710E-1;1,315144E-1;1,325804E-1;9,398008E-1;;
30/11/2021  10:22:48,876522;9,330938E-1;1,296029E-1;1,272095E-1;9,396357E-1;;
30/11/2021  10:22:48,876622;9,329150E-1;1,359745E-1;1,275255E-1;9,394668E-1;;
30/11/2021  10:22:48,876722;9,329985E-1;1,522221E-1;1,379512E-1;9,392943E-1;;
30/11/2021  10:22:48,876822;9,331385E-1;1,254614E-1;1,177316E-1;9,391184E-1;;
30/11/2021  10:22:48,876922;9,325633E-1;1,229127E-1;1,114129E-1;9,389394E-1;;
30/11/2021  10:22:48,877022;9,315500E-1;1,331073E-1;1,452176E-1;9,387575E-1;;
30/11/2021  10:22:48,877122;9,311209E-1;7,353284E-2;8,961361E-2;9,385728E-1;;
30/11/2021  10:22:48,877222;9,306768E-1;1,417090E-1;1,499566E-1;9,383852E-1;;
30/11/2021  10:22:48,877322;9,307394E-1;1,120810E-1;1,189953E-1;9,381949E-1;;
30/11/2021  10:22:48,877422;9,304861E-1;1,057094E-1;1,183634E-1;9,380017E-1;;
30/11/2021  10:22:48,877522;9,307930E-1;1,069837E-1;1,092014E-1;9,378058E-1;;
30/11/2021  10:22:48,877622;9,302834E-1;3,530324E-2;6,844617E-2;9,376071E-1;;
30/11/2021  10:22:48,877722;9,299973E-1;1,066652E-1;1,152041E-1;9,374057E-1;;
30/11/2021  10:22:48,877822;9,292045E-1;1,057094E-1;1,158360E-1;9,372019E-1;;
30/11/2021  10:22:48,877922;9,296575E-1;1,538150E-1;1,676488E-1;9,369955E-1;;
30/11/2021  10:22:48,878022;9,299735E-1;9,710776E-2;1,076217E-1;9,367867E-1;;
30/11/2021  10:22:48,878122;9,300986E-1;1,047537E-1;1,136244E-1;9,365757E-1;;
30/11/2021  10:22:48,878222;9,301582E-1;1,139925E-1;1,202590E-1;9,363627E-1;;
30/11/2021  10:22:48,878322;9,300390E-1;9,933782E-2;9,530039E-2;9,361480E-1;;
30/11/2021  10:22:48,878422;9,298095E-1;1,538150E-1;1,967146E-1;9,359320E-1;;
30/11/2021  10:22:48,878522;9,295056E-1;2,089293E-1;1,872366E-1;9,357151E-1;;
30/11/2021  10:22:48,878622;9,301195E-1;1,738855E-1;1,629098E-1;9,354975E-1;;
30/11/2021  10:22:48,878722;9,312401E-1;1,627352E-1;1,373193E-1;9,352796E-1;;
30/11/2021  10:22:48,878822;9,312639E-1;1,659210E-1;1,565912E-1;9,350619E-1;;
30/11/2021  10:22:48,878922;9,319226E-1;1,009307E-1;1,076217E-1;9,348452E-1;;
30/11/2021  10:22:48,879022;9,315709E-1;1,194084E-1;1,363715E-1;9,346300E-1;;
30/11/2021  10:22:48,879122;9,310106E-1;1,219570E-1;1,388990E-1;9,344172E-1;;
30/11/2021  10:22:48,879222;9,318034E-1;1,264171E-1;1,278414E-1;9,342072E-1;;
30/11/2021  10:22:48,879322;9,321223E-1;1,232313E-1;1,278414E-1;9,340007E-1;;
30/11/2021  10:22:48,879422;9,326289E-1;1,229127E-1;1,291051E-1;9,337982E-1;;
30/11/2021  10:22:48,879522;9,330283E-1;1,251428E-1;1,227865E-1;9,336005E-1;;
30/11/2021  10:22:48,879622;9,330551E-1;1,359745E-1;1,442698E-1;9,334082E-1;;
30/11/2021  10:22:48,879722;9,331743E-1;1,302401E-1;1,328963E-1;9,332220E-1;;
30/11/2021  10:22:48,879822;9,330163E-1;1,254614E-1;1,193112E-1;9,330425E-1;;
30/11/2021  10:22:48,879922;9,331415E-1;1,343816E-1;2,200935E-1;9,328702E-1;;
30/11/2021  10:22:48,880022;9,332518E-1;1,452133E-1;1,512204E-1;9,327056E-1;;
30/11/2021  10:22:48,880122;9,339492E-1;1,159040E-1;1,129926E-1;9,325491E-1;;
30/11/2021  10:22:48,880222;9,343843E-1;1,238685E-1;1,265777E-1;9,324012E-1;;
30/11/2021  10:22:48,880322;9,343009E-1;1,079395E-1;9,435259E-2;9,322623E-1;;
30/11/2021  10:22:48,880422;9,337853E-1;1,200455E-1;1,117289E-1;9,321328E-1;;
30/11/2021  10:22:48,880522;9,334038E-1;1,837615E-1;2,074562E-1;9,320131E-1;;
30/11/2021  10:22:48,880622;9,332697E-1;1,155854E-1;1,265777E-1;9,319031E-1;;
30/11/2021  10:22:48,880722;9,335170E-1;1,178155E-1;1,202590E-1;9,318029E-1;;
30/11/2021  10:22:48,880822;9,344320E-1;1,582751E-1;1,806020E-1;9,317125E-1;;
30/11/2021  10:22:48,880922;9,347628E-1;6,631038E-3;2,263603E-2;9,316319E-1;;
30/11/2021  10:22:48,881022;9,344379E-1;1,216384E-1;1,322644E-1;9,315612E-1;;
30/11/2021  10:22:48,881122;9,346346E-1;1,308772E-1;1,442698E-1;9,315005E-1;;
30/11/2021  10:22:48,881222;9,339313E-1;1,200455E-1;1,031987E-1;9,314496E-1;;
30/11/2021  10:22:48,881322;9,349774E-1;1,149482E-1;1,170997E-1;9,314086E-1;;
30/11/2021  10:22:48,881422;9,353052E-1;1,251428E-1;1,259458E-1;9,313773E-1;;
30/11/2021  10:22:48,881522;9,354334E-1;1,238685E-1;1,272095E-1;9,313555E-1;;
30/11/2021  10:22:48,881622;9,357016E-1;1,554079E-1;1,104651E-1;9,313434E-1;;
30/11/2021  10:22:48,881722;9,349833E-1;8,054160E-2;9,056141E-2;9,313407E-1;;
30/11/2021  10:22:48,881822;9,348582E-1;5,569236E-2;9,466852E-2;9,313474E-1;;
30/11/2021  10:22:48,881922;9,348761E-1;7,417000E-2;1,663851E-1;9,313630E-1;;
30/11/2021  10:22:48,882022;9,352844E-1;1,347002E-1;1,351078E-1;9,313874E-1;;
30/11/2021  10:22:48,882122;9,364526E-1;9,965640E-2;1,259458E-1;9,314201E-1;;
30/11/2021  10:22:48,882222;9,365569E-1;1,232313E-1;1,284732E-1;9,314610E-1;;
30/11/2021  10:22:48,882322;9,368132E-1;1,232313E-1;1,370034E-1;9,315099E-1;;
30/11/2021  10:22:48,882422;9,367805E-1;1,174969E-1;1,120448E-1;9,315668E-1;;
30/11/2021  10:22:48,882522;9,370248E-1;1,034794E-1;1,050943E-1;9,316314E-1;;
30/11/2021  10:22:48,882622;9,373557E-1;1,069837E-1;9,087734E-2;9,317038E-1;;
30/11/2021  10:22:48,882722;9,381633E-1;1,251428E-1;1,319485E-1;9,317836E-1;;
30/11/2021  10:22:48,882822;9,393823E-1;1,168597E-1;1,161519E-1;9,318710E-1;;
30/11/2021  10:22:48,882922;9,396117E-1;1,155854E-1;1,354238E-1;9,319658E-1;;
30/11/2021  10:22:48,883022;9,394001E-1;1,130368E-1;1,148882E-1;9,320684E-1;;
30/11/2021  10:22:48,883122;9,390365E-1;1,031608E-1;1,006712E-1;9,321787E-1;;
30/11/2021  10:22:48,883222;9,398561E-1;1,066652E-1;1,139404E-1;9,322966E-1;;
30/11/2021  10:22:48,883322;9,392392E-1;1,181340E-1;1,445858E-1;9,324222E-1;;
30/11/2021  10:22:48,883422;9,404611E-1;1,187712E-1;1,066739E-1;9,325552E-1;;
30/11/2021  10:22:48,883522;9,412301E-1;1,649653E-1;1,862888E-1;9,326955E-1;;
30/11/2021  10:22:48,883622;9,414208E-1;9,965640E-2;1,231024E-1;9,328431E-1;;
30/11/2021  10:22:48,883722;9,411585E-1;1,225942E-1;1,388990E-1;9,329980E-1;;
30/11/2021  10:22:48,883822;9,415221E-1;1,490363E-1;1,332122E-1;9,331602E-1;;
30/11/2021  10:22:48,883922;9,409678E-1;1,203641E-1;1,189953E-1;9,333295E-1;;
30/11/2021  10:22:48,884022;9,417814E-1;1,174969E-1;1,202590E-1;9,335057E-1;;
30/11/2021  10:22:48,884122;9,421033E-1;1,254614E-1;1,272095E-1;9,336886E-1;;
30/11/2021  10:22:48,884222;9,427470E-1;8,213450E-2;6,181159E-2;9,338779E-1;;
30/11/2021  10:22:48,884322;9,427828E-1;1,219570E-1;1,227865E-1;9,340735E-1;;
30/11/2021  10:22:48,884422;9,428573E-1;1,092138E-1;1,088855E-1;9,342753E-1;;
30/11/2021  10:22:48,884522;9,430719E-1;1,133553E-1;1,092014E-1;9,344829E-1;;
30/11/2021  10:22:48,884622;9,425086E-1;2,001140E-2;2,832280E-2;9,346963E-1;;
30/11/2021  10:22:48,884722;9,439511E-1;1,311958E-1;1,407946E-1;9,349150E-1;;
30/11/2021  10:22:48,884822;9,443921E-1;1,108067E-1;1,057261E-1;9,351388E-1;;
30/11/2021  10:22:48,884922;9,446663E-1;1,012493E-1;1,414265E-1;9,353676E-1;;
30/11/2021  10:22:48,885022;9,445948E-1;-6,963020E-4;4,506720E-2;9,356012E-1;;
30/11/2021  10:22:48,885122;9,450389E-1;3,211744E-2;8,424277E-2;9,358394E-1;;
30/11/2021  10:22:48,885222;9,450955E-1;1,206827E-1;1,202590E-1;9,360821E-1;;
30/11/2021  10:22:48,885322;9,456171E-1;1,136739E-1;1,265777E-1;9,363290E-1;;
30/11/2021  10:22:48,885422;9,464545E-1;1,012493E-1;1,142563E-1;9,365800E-1;;
30/11/2021  10:22:48,885522;9,468300E-1;9,583344E-2;1,050943E-1;9,368349E-1;;
30/11/2021  10:22:48,885622;9,471549E-1;1,037979E-1;1,189953E-1;9,370938E-1;;
30/11/2021  10:22:48,885722;9,468449E-1;1,044351E-1;1,139404E-1;9,373565E-1;;
30/11/2021  10:22:48,885822;9,471281E-1;1,190898E-1;1,246821E-1;9,376229E-1;;
30/11/2021  10:22:48,885922;9,467496E-1;8,691320E-2;9,530039E-2;9,378928E-1;;
30/11/2021  10:22:48,886022;9,469761E-1;8,595746E-2;1,006712E-1;9,381660E-1;;
30/11/2021  10:22:48,886122;9,476615E-1;9,519628E-2;9,845971E-2;9,384421E-1;;
30/11/2021  10:22:48,886222;9,470327E-1;9,137332E-2;1,069899E-1;9,387207E-1;;
30/11/2021  10:22:48,886322;9,475602E-1;8,818752E-2;8,771802E-2;9,390017E-1;;
30/11/2021  10:22:48,886422;9,466929E-1;1,069837E-1;1,231024E-1;9,392845E-1;;
30/11/2021  10:22:48,886522;9,464098E-1;1,184526E-1;1,354238E-1;9,395687E-1;;
30/11/2021  10:22:48,886622;9,464247E-1;1,219570E-1;1,338441E-1;9,398537E-1;;
30/11/2021  10:22:48,886722;9,469045E-1;1,235499E-1;1,249980E-1;9,401389E-1;;
30/11/2021  10:22:48,886822;9,472711E-1;1,767528E-1;1,774427E-1;9,404237E-1;;
30/11/2021  10:22:48,886922;9,478284E-1;1,630538E-1;1,376353E-1;9,407076E-1;;
30/11/2021  10:22:48,887022;9,475990E-1;1,961861E-1;2,024013E-1;9,409903E-1;;
30/11/2021  10:22:48,887122;9,477718E-1;1,509478E-1;1,442698E-1;9,412713E-1;;
30/11/2021  10:22:48,887222;9,471370E-1;1,372488E-1;1,354238E-1;9,415504E-1;;
30/11/2021  10:22:48,887322;9,473993E-1;1,413904E-1;1,360556E-1;9,418270E-1;;
30/11/2021  10:22:48,887422;9,472175E-1;1,210013E-1;1,354238E-1;9,421008E-1;;
30/11/2021  10:22:48,887522;9,476109E-1;8,627604E-2;8,108345E-2;9,423712E-1;;
30/11/2021  10:22:48,887622;9,477658E-1;1,152668E-1;1,294210E-1;9,426379E-1;;
30/11/2021  10:22:48,887722;9,476526E-1;1,194084E-1;1,085695E-1;9,429006E-1;;
30/11/2021  10:22:48,887822;9,464843E-1;1,181340E-1;1,208909E-1;9,431588E-1;;
30/11/2021  10:22:48,887922;9,464784E-1;1,270543E-1;1,401627E-1;9,434122E-1;;
30/11/2021  10:22:48,888022;9,459687E-1;1,706997E-1;1,676488E-1;9,436602E-1;;
30/11/2021  10:22:48,888122;9,466482E-1;5,123224E-2;7,634447E-2;9,439022E-1;;
30/11/2021  10:22:48,888222;9,464277E-1;1,276914E-1;1,284732E-1;9,441378E-1;;
30/11/2021  10:22:48,888322;9,458763E-1;1,165411E-1;1,231024E-1;9,443665E-1;;
30/11/2021  10:22:48,888422;9,446306E-1;1,748413E-1;2,254644E-1;9,445878E-1;;
30/11/2021  10:22:48,888522;9,440494E-1;1,630538E-1;1,730197E-1;9,448011E-1;;
30/11/2021  10:22:48,888622;9,433610E-1;1,273729E-1;1,281573E-1;9,450058E-1;;
30/11/2021  10:22:48,888722;9,427202E-1;1,308772E-1;1,316326E-1;9,452011E-1;;
30/11/2021  10:22:48,888822;9,433699E-1;1,302401E-1;1,278414E-1;9,453862E-1;;
30/11/2021  10:22:48,888922;9,426189E-1;-2,076684E-2;5,486109E-2;9,455603E-1;;
30/11/2021  10:22:48,889022;9,425473E-1;1,315144E-1;1,388990E-1;9,457229E-1;;
30/11/2021  10:22:48,889122;9,413522E-1;1,245056E-1;1,379512E-1;9,458735E-1;;
30/11/2021  10:22:48,889222;9,410155E-1;1,108067E-1;1,117289E-1;9,460113E-1;;
30/11/2021  10:22:48,889322;9,403717E-1;1,260985E-1;1,360556E-1;9,461359E-1;;
30/11/2021  10:22:48,889422;9,408426E-1;8,786894E-2;1,000394E-1;9,462466E-1;;
30/11/2021  10:22:48,889522;9,407115E-1;1,362931E-1;1,196272E-1;9,463429E-1;;
30/11/2021  10:22:48,889622;9,408456E-1;1,423461E-1;1,502726E-1;9,464246E-1;;
30/11/2021  10:22:48,889722;9,404582E-1;1,238685E-1;1,360556E-1;9,464914E-1;;
30/11/2021  10:22:48,889822;9,397459E-1;1,273729E-1;1,338441E-1;9,465432E-1;;
30/11/2021  10:22:48,889922;9,393763E-1;1,286472E-1;1,249980E-1;9,465799E-1;;
30/11/2021  10:22:48,890022;9,389084E-1;1,914074E-1;1,736515E-1;9,466015E-1;;
30/11/2021  10:22:48,890122;9,392660E-1;1,302401E-1;1,319485E-1;9,466077E-1;;
30/11/2021  10:22:48,890222;9,389948E-1;1,350188E-1;1,291051E-1;9,465987E-1;;
30/11/2021  10:22:48,890322;9,386372E-1;1,362931E-1;1,385831E-1;9,465746E-1;;
30/11/2021  10:22:48,890422;9,384554E-1;1,181340E-1;1,079377E-1;9,465354E-1;;
30/11/2021  10:22:48,890522;9,379279E-1;1,761156E-1;1,885003E-1;9,464814E-1;;
30/11/2021  10:22:48,890622;9,372603E-1;1,334259E-1;1,262617E-1;9,464128E-1;;
30/11/2021  10:22:48,890722;9,362768E-1;1,343816E-1;1,259458E-1;9,463297E-1;;
30/11/2021  10:22:48,890822;9,369563E-1;1,273729E-1;1,319485E-1;9,462323E-1;;
30/11/2021  10:22:48,890922;9,369235E-1;1,238685E-1;1,493248E-1;9,461208E-1;;
30/11/2021  10:22:48,891022;9,363960E-1;1,085766E-1;9,845971E-2;9,459954E-1;;
30/11/2021  10:22:48,891122;9,362917E-1;1,452133E-1;1,610142E-1;9,458566E-1;;
30/11/2021  10:22:48,891222;9,358745E-1;1,280100E-1;1,401627E-1;9,457046E-1;;
30/11/2021  10:22:48,891322;9,351294E-1;1,331073E-1;1,351078E-1;9,455400E-1;;
30/11/2021  10:22:48,891422;9,358953E-1;1,219570E-1;1,246821E-1;9,453632E-1;;
30/11/2021  10:22:48,891522;9,363662E-1;1,235499E-1;1,240502E-1;9,451745E-1;;
30/11/2021  10:22:48,891622;9,367924E-1;1,327887E-1;1,278414E-1;9,449746E-1;;
30/11/2021  10:22:48,891722;9,367805E-1;1,528593E-1;1,689125E-1;9,447644E-1;;
30/11/2021  10:22:48,891822;9,360205E-1;9,997498E-2;6,433905E-2;9,445447E-1;;
30/11/2021  10:22:48,891922;9,366314E-1;2,594380E-4;7,413294E-2;9,443164E-1;;
30/11/2021  10:22:48,892022;9,368699E-1;8,786894E-2;8,613836E-2;9,440803E-1;;
30/11/2021  10:22:48,892122;9,375375E-1;5,664810E-2;1,016190E-1;9,438373E-1;;
30/11/2021  10:22:48,892222;9,384107E-1;9,551486E-2;1,041465E-1;9,435885E-1;;
30/11/2021  10:22:48,892322;9,391170E-1;1,241871E-1;1,050943E-1;9,433352E-1;;
30/11/2021  10:22:48,892422;9,386074E-1;5,186940E-2;1,821298E-2;9,430785E-1;;
30/11/2021  10:22:48,892522;9,383600E-1;1,334259E-1;1,186794E-1;9,428198E-1;;
30/11/2021  10:22:48,892622;9,384196E-1;1,464877E-1;1,537478E-1;9,425601E-1;;
30/11/2021  10:22:48,892722;9,388548E-1;1,149482E-1;1,486929E-1;9,423006E-1;;
30/11/2021  10:22:48,892822;9,392243E-1;7,321426E-2;6,813023E-2;9,420422E-1;;
30/11/2021  10:22:48,892922;9,398174E-1;1,369303E-1;1,322644E-1;9,417861E-1;;
30/11/2021  10:22:48,893022;9,394449E-1;9,583344E-2;1,028828E-1;9,415332E-1;;
30/11/2021  10:22:48,893122;9,396177E-1;1,413904E-1;1,313166E-1;9,412846E-1;;
30/11/2021  10:22:48,893222;9,397369E-1;1,477620E-1;1,534319E-1;9,410412E-1;;
30/11/2021  10:22:48,893322;9,394270E-1;1,057094E-1;1,129926E-1;9,408039E-1;;
30/11/2021  10:22:48,893422;9,394180E-1;1,264171E-1;1,205749E-1;9,405733E-1;;
30/11/2021  10:22:48,893522;9,402674E-1;1,025236E-1;1,170997E-1;9,403501E-1;;
30/11/2021  10:22:48,893622;9,408516E-1;1,108067E-1;1,170997E-1;9,401350E-1;;
30/11/2021  10:22:48,893722;9,400916E-1;-7,396970E-2;3,716890E-2;9,399286E-1;;
30/11/2021  10:22:48,893822;9,402972E-1;-1,630672E-2;4,317161E-2;9,397315E-1;;
30/11/2021  10:22:48,893922;9,391856E-1;1,315144E-1;1,376353E-1;9,395442E-1;;
30/11/2021  10:22:48,894022;9,391349E-1;9,774492E-2;1,227865E-1;9,393670E-1;;
30/11/2021  10:22:48,894122;9,386968E-1;9,009900E-2;9,340479E-2;9,391998E-1;;
30/11/2021  10:22:48,894222;9,393733E-1;8,309024E-2;9,656411E-2;9,390427E-1;;
30/11/2021  10:22:48,894322;9,395164E-1;6,716124E-2;1,783905E-1;9,388957E-1;;
30/11/2021  10:22:48,894422;9,386938E-1;6,907272E-2;8,171531E-2;9,387586E-1;;
30/11/2021  10:22:48,894522;9,382766E-1;1,015679E-1;1,003553E-1;9,386315E-1;;
30/11/2021  10:22:48,894622;9,383153E-1;9,392196E-2;9,308886E-2;9,385141E-1;;
30/11/2021  10:22:48,894722;9,380620E-1;8,914326E-2;8,108345E-2;9,384059E-1;;
30/11/2021  10:22:48,894822;9,377580E-1;8,850610E-2;1,066739E-1;9,383068E-1;;
30/11/2021  10:22:48,894922;9,381603E-1;1,385232E-1;1,249980E-1;9,382161E-1;;
30/11/2021  10:22:48,895022;9,382527E-1;1,789828E-1;1,840773E-1;9,381337E-1;;
30/11/2021  10:22:48,895122;9,371083E-1;1,369303E-1;1,227865E-1;9,380589E-1;;
30/11/2021  10:22:48,895222;9,361516E-1;1,735670E-1;1,588027E-1;9,379915E-1;;
30/11/2021  10:22:48,895322;9,356241E-1;5,378088E-2;7,981972E-2;9,379307E-1;;
30/11/2021  10:22:48,895422;9,347777E-1;1,496735E-1;1,310007E-1;9,378756E-1;;
30/11/2021  10:22:48,895522;9,343545E-1;1,404346E-1;1,237343E-1;9,378255E-1;;
30/11/2021  10:22:48,895622;9,349953E-1;1,522221E-1;1,761790E-1;9,377793E-1;;
30/11/2021  10:22:48,895722;9,339134E-1;-2,267832E-2;6,370719E-2;9,377362E-1;;
30/11/2021  10:22:48,895822;9,335260E-1;1,324701E-1;1,458495E-1;9,376954E-1;;
30/11/2021  10:22:48,895922;9,331236E-1;1,337445E-1;1,373193E-1;9,376559E-1;;
30/11/2021  10:22:48,896022;9,330283E-1;1,270543E-1;1,300529E-1;9,376170E-1;;
30/11/2021  10:22:48,896122;9,330223E-1;1,276914E-1;1,193112E-1;9,375777E-1;;
30/11/2021  10:22:48,896222;9,331415E-1;1,353374E-1;1,354238E-1;9,375373E-1;;
30/11/2021  10:22:48,896322;9,340833E-1;1,031608E-1;1,057261E-1;9,374953E-1;;
30/11/2021  10:22:48,896422;9,335975E-1;1,429833E-1;1,376353E-1;9,374512E-1;;
30/11/2021  10:22:48,896522;9,337048E-1;1,232313E-1;1,227865E-1;9,374048E-1;;
30/11/2021  10:22:48,896622;9,333799E-1;9,360338E-2;9,435259E-2;9,373557E-1;;
30/11/2021  10:22:48,896722;9,338508E-1;1,238685E-1;1,183634E-1;9,373039E-1;;
30/11/2021  10:22:48,896822;9,333531E-1;1,292843E-1;1,253139E-1;9,372490E-1;;
30/11/2021  10:22:48,896922;9,340207E-1;8,850610E-2;1,202590E-1;9,371910E-1;;
30/11/2021  10:22:48,897022;9,343038E-1;1,283286E-1;1,325804E-1;9,371300E-1;;
30/11/2021  10:22:48,897122;9,338926E-1;9,774492E-2;8,297904E-2;9,370660E-1;;
30/11/2021  10:22:48,897222;9,335677E-1;1,204690E-2;6,054787E-2;9,369991E-1;;
30/11/2021  10:22:48,897322;9,329657E-1;1,216384E-1;1,212068E-1;9,369294E-1;;
30/11/2021  10:22:48,897422;9,335498E-1;1,436204E-1;1,543797E-1;9,368568E-1;;
30/11/2021  10:22:48,897522;9,336810E-1;1,315144E-1;1,306848E-1;9,367815E-1;;
30/11/2021  10:22:48,897622;9,343813E-1;1,286472E-1;1,262617E-1;9,367036E-1;;
30/11/2021  10:22:48,897722;9,346615E-1;1,165411E-1;1,212068E-1;9,366233E-1;;
30/11/2021  10:22:48,897822;9,343426E-1;1,260985E-1;1,256299E-1;9,365410E-1;;
30/11/2021  10:22:48,897922;9,341876E-1;1,324701E-1;1,193112E-1;9,364570E-1;;
30/11/2021  10:22:48,898022;9,345780E-1;1,149482E-1;1,145722E-1;9,363717E-1;;
30/11/2021  10:22:48,898122;9,351532E-1;1,334259E-1;1,291051E-1;9,362854E-1;;
30/11/2021  10:22:48,898222;9,358745E-1;1,308772E-1;1,275255E-1;9,361985E-1;;
30/11/2021  10:22:48,898322;9,368430E-1;2,256004E-2;6,433905E-2;9,361116E-1;;
30/11/2021  10:22:48,898422;9,374480E-1;1,213198E-1;1,202590E-1;9,360253E-1;;
30/11/2021  10:22:48,898522;9,376805E-1;1,318330E-1;1,338441E-1;9,359405E-1;;
30/11/2021  10:22:48,898622;9,371292E-1;1,286472E-1;1,328963E-1;9,358579E-1;;
30/11/2021  10:22:48,898722;9,377014E-1;1,235499E-1;1,246821E-1;9,357784E-1;;
30/11/2021  10:22:48,898822;9,381276E-1;1,302401E-1;1,272095E-1;9,357024E-1;;
30/11/2021  10:22:48,898922;9,389084E-1;3,753330E-2;1,417424E-1;9,356306E-1;;
30/11/2021  10:22:48,899022;9,398651E-1;1,238685E-1;1,167838E-1;9,355639E-1;;
30/11/2021  10:22:48,899122;9,386610E-1;1,684697E-1;1,976624E-1;9,355028E-1;;
30/11/2021  10:22:48,899222;9,392631E-1;1,318330E-1;1,316326E-1;9,354480E-1;;
30/11/2021  10:22:48,899322;9,391736E-1;1,327887E-1;1,303688E-1;9,354001E-1;;
30/11/2021  10:22:48,899422;9,394329E-1;1,104881E-1;1,208909E-1;9,353595E-1;;
30/11/2021  10:22:48,899522;9,396445E-1;1,162226E-1;1,341600E-1;9,353265E-1;;
30/11/2021  10:22:48,899622;9,400975E-1;8,818752E-2;8,045158E-2;9,353014E-1;;
30/11/2021  10:22:48,899722;9,405029E-1;1,442576E-1;1,344760E-1;9,352846E-1;;
30/11/2021  10:22:48,899822;9,400469E-1;1,162226E-1;7,887192E-2;9,352764E-1;;
30/11/2021  10:22:48,899922;9,396326E-1;2,140266E-1;2,422088E-1;9,352770E-1;;
30/11/2021  10:22:48,900022;9,400111E-1;1,232313E-1;1,322644E-1;9,352863E-1;;
30/11/2021  10:22:48,900122;9,397876E-1;1,464877E-1;1,575390E-1;9,353044E-1;;
30/11/2021  10:22:48,900222;9,406608E-1;1,267357E-1;1,291051E-1;9,353312E-1;;
30/11/2021  10:22:48,900322;9,406280E-1;1,092138E-1;1,158360E-1;9,353665E-1;;
30/11/2021  10:22:48,900422;9,412151E-1;1,375674E-1;1,442698E-1;9,354104E-1;;
30/11/2021  10:22:48,900522;9,406400E-1;1,649653E-1;2,087200E-1;9,354629E-1;;
30/11/2021  10:22:48,900622;9,404731E-1;1,359745E-1;1,799702E-1;9,355236E-1;;
30/11/2021  10:22:48,900722;9,400499E-1;1,232313E-1;1,256299E-1;9,355925E-1;;
30/11/2021  10:22:48,900822;9,407711E-1;1,331073E-1;1,347919E-1;9,356691E-1;;
30/11/2021  10:22:48,900922;9,411794E-1;1,350188E-1;1,291051E-1;9,357532E-1;;
30/11/2021  10:22:48,901022;9,410870E-1;1,022050E-1;1,101492E-1;9,358443E-1;;
30/11/2021  10:22:48,901122;9,411019E-1;1,187712E-1;9,498445E-2;9,359423E-1;;
30/11/2021  10:22:48,901222;9,405952E-1;1,232313E-1;1,347919E-1;9,360468E-1;;
30/11/2021  10:22:48,901322;9,397012E-1;1,254614E-1;1,218387E-1;9,361574E-1;;
30/11/2021  10:22:48,901422;9,394329E-1;2,160430E-2;8,076751E-2;9,362734E-1;;
30/11/2021  10:22:48,901522;9,391349E-1;1,187712E-1;1,133085E-1;9,363942E-1;;
30/11/2021  10:22:48,901622;9,393376E-1;3,785188E-2;9,530039E-2;9,365190E-1;;
30/11/2021  10:22:48,901722;9,394866E-1;1,391603E-1;1,512204E-1;9,366470E-1;;
30/11/2021  10:22:48,901822;9,380113E-1;7,448858E-2;9,656411E-2;9,367777E-1;;
30/11/2021  10:22:48,901922;9,375702E-1;1,108067E-1;1,158360E-1;9,369100E-1;;
30/11/2021  10:22:48,902022;9,359996E-1;1,082581E-1;1,126766E-1;9,370431E-1;;
30/11/2021  10:22:48,902122;9,357105E-1;1,340630E-1;1,278414E-1;9,371759E-1;;
30/11/2021  10:22:48,902222;9,349565E-1;1,031608E-1;1,297370E-1;9,373071E-1;;
30/11/2021  10:22:48,902322;9,353738E-1;9,933782E-2;9,719598E-2;9,374355E-1;;
30/11/2021  10:22:48,902422;9,340535E-1;1,104881E-1;1,208909E-1;9,375600E-1;;
30/11/2021  10:22:48,902522;9,337733E-1;7,926728E-2;5,549295E-2;9,376794E-1;;
30/11/2021  10:22:48,902622;9,324441E-1;1,630538E-1;2,087200E-1;9,377926E-1;;
30/11/2021  10:22:48,902722;9,327362E-1;9,487770E-2;1,035146E-1;9,378984E-1;;
30/11/2021  10:22:48,902822;9,320746E-1;8,786894E-2;9,909157E-2;9,379957E-1;;
30/11/2021  10:22:48,902922;9,325067E-1;8,946184E-2;1,013031E-1;9,380836E-1;;
30/11/2021  10:22:48,903022;9,333859E-1;1,171783E-1;1,575390E-1;9,381610E-1;;
30/11/2021  10:22:48,903122;9,328643E-1;1,187712E-1;1,205749E-1;9,382276E-1;;
30/11/2021  10:22:48,903222;9,326975E-1;1,238685E-1;1,458495E-1;9,382828E-1;;
30/11/2021  10:22:48,903322;9,320656E-1;1,235499E-1;1,325804E-1;9,383263E-1;;
30/11/2021  10:22:48,903422;9,324203E-1;1,394789E-1;1,256299E-1;9,383579E-1;;
30/11/2021  10:22:48,903522;9,324054E-1;1,582751E-1;1,452176E-1;9,383772E-1;;
30/11/2021  10:22:48,903622;9,328018E-1;1,656025E-1;1,518522E-1;9,383842E-1;;
30/11/2021  10:22:48,903722;9,330014E-1;1,490363E-1;1,411105E-1;9,383790E-1;;
30/11/2021  10:22:48,903822;9,333025E-1;1,359745E-1;1,414265E-1;9,383617E-1;;
30/11/2021  10:22:48,903922;9,327153E-1;1,283286E-1;1,300529E-1;9,383327E-1;;
30/11/2021  10:22:48,904022;9,321163E-1;1,509478E-1;1,499566E-1;9,382923E-1;;
30/11/2021  10:22:48,904122;9,315977E-1;1,557265E-1;2,096678E-1;9,382407E-1;;
30/11/2021  10:22:48,904222;9,321640E-1;1,025236E-1;7,539667E-2;9,381783E-1;;
30/11/2021  10:22:48,904322;9,331952E-1;5,780180E-4;6,844617E-2;9,381053E-1;;
30/11/2021  10:22:48,904422;9,331534E-1;1,063466E-1;1,050943E-1;9,380223E-1;;
30/11/2021  10:22:48,904522;9,323786E-1;5,346230E-2;6,686651E-2;9,379297E-1;;
30/11/2021  10:22:48,904622;9,325037E-1;1,448948E-1;1,474292E-1;9,378283E-1;;
30/11/2021  10:22:48,904722;9,327898E-1;1,280100E-1;1,347919E-1;9,377186E-1;;
30/11/2021  10:22:48,904822;9,330193E-1;1,289658E-1;1,704922E-1;9,376012E-1;;
30/11/2021  10:22:48,904922;9,338389E-1;1,241871E-1;1,278414E-1;9,374768E-1;;
30/11/2021  10:22:48,905022;9,349446E-1;1,235499E-1;1,249980E-1;9,373462E-1;;
30/11/2021  10:22:48,905122;9,355675E-1;1,181340E-1;1,262617E-1;9,372104E-1;;
30/11/2021  10:22:48,905222;9,353767E-1;1,280100E-1;1,155200E-1;9,370705E-1;;
30/11/2021  10:22:48,905322;9,358685E-1;1,082581E-1;1,426902E-1;9,369276E-1;;
30/11/2021  10:22:48,905422;9,366851E-1;5,824100E-2;5,328143E-2;9,367829E-1;;
30/11/2021  10:22:48,905522;9,371262E-1;1,264171E-1;1,328963E-1;9,366375E-1;;
30/11/2021  10:22:48,905622;9,384882E-1;1,092138E-1;1,129926E-1;9,364926E-1;;
30/11/2021  10:22:48,905722;9,392958E-1;1,130368E-1;1,139404E-1;9,363496E-1;;
30/11/2021  10:22:48,905822;9,395849E-1;8,914326E-2;9,182514E-2;9,362098E-1;;
30/11/2021  10:22:48,905922;9,402883E-1;2,765732E-2;6,086380E-2;9,360747E-1;;
30/11/2021  10:22:48,906022;9,401095E-1;1,442576E-1;1,347919E-1;9,359454E-1;;
30/11/2021  10:22:48,906122;9,408217E-1;2,829448E-2;1,038306E-1;9,358234E-1;;
30/11/2021  10:22:48,906222;9,416771E-1;7,958586E-2;9,751191E-2;9,357097E-1;;
30/11/2021  10:22:48,906322;9,423447E-1;5,887816E-2;7,666040E-2;9,356055E-1;;
30/11/2021  10:22:48,906422;9,428782E-1;1,181340E-1;1,496407E-1;9,355119E-1;;
30/11/2021  10:22:48,906522;9,427738E-1;1,174969E-1;1,253139E-1;9,354299E-1;;
30/11/2021  10:22:48,906622;9,432805E-1;1,130368E-1;1,095173E-1;9,353606E-1;;
30/11/2021  10:22:48,906722;9,428662E-1;6,047106E-2;9,372073E-2;9,353046E-1;;
30/11/2021  10:22:48,906822;9,428990E-1;-5,835928E-2;2,800687E-2;9,352627E-1;;
30/11/2021  10:22:48,906922;9,431911E-1;8,691320E-2;8,424277E-2;9,352353E-1;;
30/11/2021  10:22:48,907022;9,442044E-1;1,343816E-1;1,268936E-1;9,352227E-1;;
30/11/2021  10:22:48,907122;9,439421E-1;1,292843E-1;1,613302E-1;9,352252E-1;;
30/11/2021  10:22:48,907222;9,442878E-1;7,990444E-2;8,013565E-2;9,352430E-1;;
30/11/2021  10:22:48,907322;9,435606E-1;4,963934E-2;8,203124E-2;9,352763E-1;;
30/11/2021  10:22:48,907422;9,437037E-1;9,806350E-2;9,435259E-2;9,353251E-1;;
30/11/2021  10:22:48,907522;9,440137E-1;1,168597E-1;1,167838E-1;9,353890E-1;;
30/11/2021  10:22:48,907622;9,442789E-1;1,241871E-1;1,114129E-1;9,354678E-1;;
30/11/2021  10:22:48,907722;9,449226E-1;2,047878E-1;2,728542E-1;9,355613E-1;;
30/11/2021  10:22:48,907822;9,453131E-1;1,299215E-1;9,245700E-2;9,356691E-1;;
30/11/2021  10:22:48,907922;9,451700E-1;1,340630E-1;1,569071E-1;9,357909E-1;;
30/11/2021  10:22:48,908022;9,453280E-1;1,436204E-1;1,183634E-1;9,359263E-1;;
30/11/2021  10:22:48,908122;9,455127E-1;1,210013E-1;1,167838E-1;9,360751E-1;;
30/11/2021  10:22:48,908222;9,458853E-1;1,270543E-1;1,310007E-1;9,362365E-1;;
30/11/2021  10:22:48,908322;9,465111E-1;1,334259E-1;1,354238E-1;9,364104E-1;;
30/11/2021  10:22:48,908422;9,474321E-1;1,299215E-1;1,322644E-1;9,365961E-1;;
30/11/2021  10:22:48,908522;9,467287E-1;1,254614E-1;1,227865E-1;9,367933E-1;;
30/11/2021  10:22:48,908622;9,466900E-1;1,139925E-1;1,123607E-1;9,370016E-1;;
30/11/2021  10:22:48,908722;9,463770E-1;9,455912E-2;9,435259E-2;9,372204E-1;;
30/11/2021  10:22:48,908822;9,464128E-1;1,471248E-1;1,392149E-1;9,374490E-1;;
30/11/2021  10:22:48,908922;9,470267E-1;1,359745E-1;1,297370E-1;9,376868E-1;;
30/11/2021  10:22:48,909022;9,472830E-1;9,009900E-2;9,561632E-2;9,379331E-1;;
30/11/2021  10:22:48,909122;9,477003E-1;1,232313E-1;1,537478E-1;9,381871E-1;;
30/11/2021  10:22:48,909222;9,479357E-1;9,965640E-2;1,189953E-1;9,384483E-1;;
30/11/2021  10:22:48,909322;9,472115E-1;1,318330E-1;1,300529E-1;9,387161E-1;;
30/11/2021  10:22:48,909422;9,475572E-1;1,184526E-1;1,205749E-1;9,389898E-1;;
30/11/2021  10:22:48,909522;9,483023E-1;1,296029E-1;1,486929E-1;9,392687E-1;;
30/11/2021  10:22:48,909622;9,487464E-1;1,302401E-1;1,303688E-1;9,395521E-1;;
30/11/2021  10:22:48,909722;9,494825E-1;1,382046E-1;1,316326E-1;9,398397E-1;;
30/11/2021  10:22:48,909822;9,491725E-1;1,382046E-1;1,407946E-1;9,401309E-1;;
30/11/2021  10:22:48,909922;9,493096E-1;1,385232E-1;1,268936E-1;9,404252E-1;;
30/11/2021  10:22:48,910022;9,496375E-1;1,404346E-1;1,202590E-1;9,407223E-1;;
30/11/2021  10:22:48,910122;9,493454E-1;1,165411E-1;1,139404E-1;9,410217E-1;;
30/11/2021  10:22:48,910222;9,492620E-1;1,213198E-1;1,237343E-1;9,413229E-1;;
30/11/2021  10:22:48,910322;9,500845E-1;1,133553E-1;1,180475E-1;9,416253E-1;;
30/11/2021  10:22:48,910422;9,494110E-1;1,171783E-1;1,189953E-1;9,419286E-1;;
30/11/2021  10:22:48,910522;9,500845E-1;1,076209E-1;1,035146E-1;9,422321E-1;;
30/11/2021  10:22:48,910622;9,496762E-1;1,155854E-1;1,227865E-1;9,425353E-1;;
30/11/2021  10:22:48,910722;9,488388E-1;1,159040E-1;1,253139E-1;9,428379E-1;;
30/11/2021  10:22:48,910822;9,493931E-1;1,127182E-1;1,256299E-1;9,431391E-1;;
30/11/2021  10:22:48,910922;9,495928E-1;9,519628E-2;1,063580E-1;9,434384E-1;;
30/11/2021  10:22:48,911022;9,499832E-1;7,576290E-2;1,467973E-1;9,437352E-1;;
30/11/2021  10:22:48,911122;9,500130E-1;1,002936E-1;9,877564E-2;9,440290E-1;;
30/11/2021  10:22:48,911222;9,501739E-1;1,136739E-1;1,518522E-1;9,443195E-1;;
30/11/2021  10:22:48,911322;9,496107E-1;1,165411E-1;1,322644E-1;9,446062E-1;;
30/11/2021  10:22:48,911422;9,494020E-1;1,305587E-1;1,338441E-1;9,448887E-1;;
30/11/2021  10:22:48,911522;9,492381E-1;1,442576E-1;1,426902E-1;9,451665E-1;;
30/11/2021  10:22:48,911622;9,499713E-1;1,464877E-1;1,426902E-1;9,454392E-1;;
30/11/2021  10:22:48,911722;9,502097E-1;1,487177E-1;1,341600E-1;9,457063E-1;;
30/11/2021  10:22:48,911822;9,506031E-1;9,073616E-2;1,471132E-1;9,459676E-1;;
30/11/2021  10:22:48,911922;9,503915E-1;3,020596E-2;7,413294E-2;9,462228E-1;;
30/11/2021  10:22:48,912022;9,502902E-1;1,573194E-1;1,471132E-1;9,464719E-1;;
30/11/2021  10:22:48,912122;9,495719E-1;1,429833E-1;1,496407E-1;9,467145E-1;;
30/11/2021  10:22:48,912222;9,496524E-1;1,254614E-1;1,600664E-1;9,469505E-1;;
30/11/2021  10:22:48,912322;9,495510E-1;1,305587E-1;1,180475E-1;9,471795E-1;;
30/11/2021  10:22:48,912422;9,498401E-1;1,216384E-1;1,300529E-1;9,474013E-1;;
30/11/2021  10:22:48,912522;9,499355E-1;1,598680E-1;1,768108E-1;9,476156E-1;;
30/11/2021  10:22:48,912622;9,487195E-1;9,201048E-2;2,121952E-1;9,478222E-1;;
30/11/2021  10:22:48,912722;9,479685E-1;1,318330E-1;1,351078E-1;9,480210E-1;;
30/11/2021  10:22:48,912822;9,470327E-1;1,184526E-1;1,272095E-1;9,482113E-1;;
30/11/2021  10:22:48,912922;9,467019E-1;1,385232E-1;1,366875E-1;9,483927E-1;;
30/11/2021  10:22:48,913022;9,469671E-1;1,404346E-1;1,360556E-1;9,485646E-1;;
30/11/2021  10:22:48,913122;9,463919E-1;1,327887E-1;1,262617E-1;9,487265E-1;;
30/11/2021  10:22:48,913222;9,460462E-1;1,028422E-1;1,496407E-1;9,488778E-1;;
30/11/2021  10:22:48,913322;9,451015E-1;1,585937E-1;1,919756E-1;9,490181E-1;;
30/11/2021  10:22:48,913422;9,450776E-1;1,232313E-1;1,139404E-1;9,491468E-1;;
30/11/2021  10:22:48,913522;9,447021E-1;1,260985E-1;1,360556E-1;9,492634E-1;;
30/11/2021  10:22:48,913622;9,443623E-1;4,326774E-2;1,019350E-1;9,493676E-1;;
30/11/2021  10:22:48,913722;9,445024E-1;1,254614E-1;1,379512E-1;9,494588E-1;;
30/11/2021  10:22:48,913822;9,446485E-1;1,624167E-1;1,578549E-1;9,495368E-1;;
30/11/2021  10:22:48,913922;9,446812E-1;6,206396E-2;1,224705E-1;9,496015E-1;;
30/11/2021  10:22:48,914022;9,441686E-1;1,280100E-1;1,310007E-1;9,496527E-1;;
30/11/2021  10:22:48,914122;9,443236E-1;1,397975E-1;1,401627E-1;9,496904E-1;;
30/11/2021  10:22:48,914222;9,440971E-1;1,283286E-1;1,174156E-1;9,497148E-1;;
30/11/2021  10:22:48,914322;9,447706E-1;1,369303E-1;1,338441E-1;9,497259E-1;;
30/11/2021  10:22:48,914422;9,445829E-1;1,356559E-1;1,278414E-1;9,497240E-1;;
30/11/2021  10:22:48,914522;9,451760E-1;1,359745E-1;1,404787E-1;9,497095E-1;;
30/11/2021  10:22:48,914622;9,443951E-1;1,331073E-1;1,297370E-1;9,496828E-1;;
30/11/2021  10:22:48,914722;9,448213E-1;1,273729E-1;1,272095E-1;9,496444E-1;;
30/11/2021  10:22:48,914822;9,439838E-1;1,299215E-1;1,193112E-1;9,495948E-1;;
30/11/2021  10:22:48,914922;9,441150E-1;1,190898E-1;1,167838E-1;9,495345E-1;;
30/11/2021  10:22:48,915022;9,435696E-1;1,426647E-1;1,373193E-1;9,494638E-1;;
30/11/2021  10:22:48,915122;9,438259E-1;1,732484E-1;1,891322E-1;9,493833E-1;;
30/11/2021  10:22:48,915222;9,437246E-1;1,229127E-1;1,291051E-1;9,492933E-1;;
30/11/2021  10:22:48,915322;9,435845E-1;1,394789E-1;1,490088E-1;9,491944E-1;;
30/11/2021  10:22:48,915422;9,427858E-1;1,273729E-1;1,335282E-1;9,490870E-1;;
30/11/2021  10:22:48,915522;9,413582E-1;1,302401E-1;1,316326E-1;9,489715E-1;;
30/11/2021  10:22:48,915622;9,409529E-1;1,391603E-1;1,401627E-1;9,488480E-1;;
30/11/2021  10:22:48,915722;9,411973E-1;1,347002E-1;1,291051E-1;9,487168E-1;;
30/11/2021  10:22:48,915822;9,417069E-1;1,302401E-1;1,221546E-1;9,485778E-1;;
30/11/2021  10:22:48,915922;9,411377E-1;1,347002E-1;1,385831E-1;9,484314E-1;;
30/11/2021  10:22:48,916022;9,408992E-1;1,394789E-1;1,471132E-1;9,482778E-1;;
30/11/2021  10:22:48,916122;9,401661E-1;1,289658E-1;1,218387E-1;9,481173E-1;;
30/11/2021  10:22:48,916222;9,401095E-1;4,008194E-2;6,970989E-2;9,479502E-1;;
30/11/2021  10:22:48,916322;9,400409E-1;1,471248E-1;1,373193E-1;9,477766E-1;;
30/11/2021  10:22:48,916422;9,403151E-1;1,315144E-1;1,297370E-1;9,475968E-1;;
30/11/2021  10:22:48,916522;9,401899E-1;1,375674E-1;1,411105E-1;9,474110E-1;;
30/11/2021  10:22:48,916622;9,404790E-1;1,143111E-1;1,104651E-1;9,472198E-1;;
30/11/2021  10:22:48,916722;9,395551E-1;1,824872E-1;1,701763E-1;9,470234E-1;;
30/11/2021  10:22:48,916822;9,397995E-1;1,394789E-1;1,578549E-1;9,468224E-1;;
30/11/2021  10:22:48,916922;9,390604E-1;1,280100E-1;1,370034E-1;9,466170E-1;;
30/11/2021  10:22:48,917022;9,385180E-1;1,280100E-1;1,316326E-1;9,464076E-1;;
30/11/2021  10:22:48,917122;9,393286E-1;1,187712E-1;1,281573E-1;9,461945E-1;;
30/11/2021  10:22:48,917222;9,384912E-1;1,264171E-1;1,227865E-1;9,459779E-1;;
30/11/2021  10:22:48,917322;9,382796E-1;1,286472E-1;1,174156E-1;9,457582E-1;;
30/11/2021  10:22:48,917422;9,372663E-1;1,362931E-1;1,430061E-1;9,455355E-1;;
30/11/2021  10:22:48,917522;9,362857E-1;1,687883E-1;1,644895E-1;9,453101E-1;;
30/11/2021  10:22:48,917622;9,360354E-1;1,420275E-1;1,370034E-1;9,450820E-1;;
30/11/2021  10:22:48,917722;9,362053E-1;1,146297E-1;1,199431E-1;9,448511E-1;;
30/11/2021  10:22:48,917822;9,356897E-1;3,594040E-2;8,045158E-2;9,446173E-1;;
30/11/2021  10:22:48,917922;9,359668E-1;1,754784E-1;1,676488E-1;9,443807E-1;;
30/11/2021  10:22:48,918022;9,343485E-1;1,350188E-1;1,275255E-1;9,441413E-1;;
30/11/2021  10:22:48,918122;9,337286E-1;8,882468E-2;8,455870E-2;9,438992E-1;;
30/11/2021  10:22:48,918222;9,325902E-1;1,477620E-1;1,692285E-1;9,436540E-1;;
30/11/2021  10:22:48,918322;9,320865E-1;1,614609E-1;1,629098E-1;9,434055E-1;;
30/11/2021  10:22:48,918422;9,321759E-1;-7,067902E-3;5,233363E-2;9,431533E-1;;
30/11/2021  10:22:48,918522;9,313474E-1;1,197269E-1;1,189953E-1;9,428973E-1;;
30/11/2021  10:22:48,918622;9,309331E-1;1,248242E-1;1,575390E-1;9,426370E-1;;
30/11/2021  10:22:48,918722;9,303043E-1;5,409946E-2;3,969635E-2;9,423722E-1;;
30/11/2021  10:22:48,918822;9,292492E-1;8,340882E-2;1,265777E-1;9,421026E-1;;
30/11/2021  10:22:48,918922;9,296754E-1;1,245056E-1;1,259458E-1;9,418279E-1;;
30/11/2021  10:22:48,919022;9,289274E-1;1,082581E-1;1,161519E-1;9,415478E-1;;
30/11/2021  10:22:48,919122;9,295085E-1;1,018865E-1;8,929768E-2;9,412622E-1;;
30/11/2021  10:22:48,919222;9,293416E-1;9,137332E-2;1,038306E-1;9,409710E-1;;
30/11/2021  10:22:48,919322;9,291688E-1;9,774492E-2;8,992954E-2;9,406743E-1;;
30/11/2021  10:22:48,919422;9,290734E-1;1,006121E-1;1,208909E-1;9,403722E-1;;
30/11/2021  10:22:48,919522;9,279975E-1;-8,023642E-3;5,454516E-2;9,400649E-1;;
30/11/2021  10:22:48,919622;9,276309E-1;1,025236E-1;1,316326E-1;9,397527E-1;;
30/11/2021  10:22:48,919722;9,273061E-1;8,723178E-2;8,171531E-2;9,394355E-1;;
30/11/2021  10:22:48,919822;9,285370E-1;1,483991E-1;1,714400E-1;9,391136E-1;;
30/11/2021  10:22:48,919922;9,288231E-1;1,417090E-1;1,426902E-1;9,387873E-1;;
30/11/2021  10:22:48,920022;9,279647E-1;1,633724E-1;1,663851E-1;9,384570E-1;;
30/11/2021  10:22:48,920122;9,281138E-1;1,496735E-1;1,316326E-1;9,381233E-1;;
30/11/2021  10:22:48,920222;9,275058E-1;1,703812E-1;1,540637E-1;9,377867E-1;;
30/11/2021  10:22:48,920322;9,270408E-1;1,458505E-1;1,515363E-1;9,374476E-1;;
30/11/2021  10:22:48,920422;9,269306E-1;1,248242E-1;1,224705E-1;9,371065E-1;;
30/11/2021  10:22:48,920522;9,276071E-1;1,251428E-1;1,256299E-1;9,367637E-1;;
30/11/2021  10:22:48,920622;9,275564E-1;1,280100E-1;1,208909E-1;9,364198E-1;;
30/11/2021  10:22:48,920722;9,275445E-1;1,085766E-1;1,082536E-1;9,360753E-1;;
30/11/2021  10:22:48,920822;9,274760E-1;1,053908E-1;1,006712E-1;9,357308E-1;;
30/11/2021  10:22:48,920922;9,268501E-1;1,098510E-1;1,013031E-1;9,353868E-1;;
30/11/2021  10:22:48,921022;9,273091E-1;1,168597E-1;1,142563E-1;9,350441E-1;;
30/11/2021  10:22:48,921122;9,274462E-1;8,277166E-2;9,719598E-2;9,347029E-1;;
30/11/2021  10:22:48,921222;9,274491E-1;1,296029E-1;1,471132E-1;9,343640E-1;;
30/11/2021  10:22:48,921322;9,276190E-1;1,283286E-1;1,471132E-1;9,340280E-1;;
30/11/2021  10:22:48,921422;9,280541E-1;1,257800E-1;1,221546E-1;9,336954E-1;;
30/11/2021  10:22:48,921522;9,280094E-1;1,178155E-1;1,129926E-1;9,333669E-1;;
30/11/2021  10:22:48,921622;9,292194E-1;1,582751E-1;1,531159E-1;9,330431E-1;;
30/11/2021  10:22:48,921722;9,296486E-1;1,241871E-1;1,294210E-1;9,327250E-1;;
30/11/2021  10:22:48,921822;9,301702E-1;1,299215E-1;1,259458E-1;9,324133E-1;;
30/11/2021  10:22:48,921922;9,308616E-1;1,168597E-1;1,338441E-1;9,321090E-1;;
30/11/2021  10:22:48,922022;9,321640E-1;1,238685E-1;1,227865E-1;9,318131E-1;;
30/11/2021  10:22:48,922122;9,320239E-1;1,210013E-1;1,098333E-1;9,315267E-1;;
30/11/2021  10:22:48,922222;9,326170E-1;1,073023E-1;1,057261E-1;9,312508E-1;;
30/11/2021  10:22:48,922322;9,328852E-1;1,123996E-1;9,782784E-2;9,309865E-1;;
30/11/2021  10:22:48,922422;9,338568E-1;1,267357E-1;1,177316E-1;9,307348E-1;;
30/11/2021  10:22:48,922522;9,347211E-1;1,149482E-1;1,231024E-1;9,304966E-1;;
30/11/2021  10:22:48,922622;9,354125E-1;1,073023E-1;9,845971E-2;9,302730E-1;;
30/11/2021  10:22:48,922722;9,363483E-1;1,190898E-1;1,291051E-1;9,300650E-1;;
30/11/2021  10:22:48,922822;9,363841E-1;1,213198E-1;1,249980E-1;9,298736E-1;;
30/11/2021  10:22:48,922922;9,366881E-1;1,289658E-1;1,297370E-1;9,296997E-1;;
30/11/2021  10:22:48,923022;9,372215E-1;9,392196E-2;1,107811E-1;9,295442E-1;;
30/11/2021  10:22:48,923122;9,382647E-1;1,139925E-1;1,224705E-1;9,294078E-1;;
30/11/2021  10:22:48,923222;9,385686E-1;1,178155E-1;1,142563E-1;9,292911E-1;;
30/11/2021  10:22:48,923322;9,393644E-1;1,235499E-1;1,253139E-1;9,291948E-1;;
30/11/2021  10:22:48,923422;9,398442E-1;1,174969E-1;1,158360E-1;9,291194E-1;;
30/11/2021  10:22:48,923522;9,395998E-1;1,257800E-1;1,237343E-1;9,290656E-1;;
30/11/2021  10:22:48,923622;9,389144E-1;1,206827E-1;1,114129E-1;9,290335E-1;;
30/11/2021  10:22:48,923722;9,393227E-1;5,632952E-2;1,366875E-1;9,290232E-1;;
30/11/2021  10:22:48,923822;9,405833E-1;1,130368E-1;9,056141E-2;9,290347E-1;;
30/11/2021  10:22:48,923922;9,409618E-1;1,152668E-1;1,009872E-1;9,290678E-1;;
30/11/2021  10:22:48,924022;9,409767E-1;1,037979E-1;7,729226E-2;9,291224E-1;;
30/11/2021  10:22:48,924122;9,404999E-1;1,194084E-1;1,193112E-1;9,291983E-1;;
30/11/2021  10:22:48,924222;9,401810E-1;1,139925E-1;1,170997E-1;9,292952E-1;;
30/11/2021  10:22:48,924322;9,405714E-1;1,194084E-1;1,262617E-1;9,294125E-1;;
30/11/2021  10:22:48,924422;9,403300E-1;1,127182E-1;1,461654E-1;9,295494E-1;;
30/11/2021  10:22:48,924522;9,414327E-1;1,264171E-1;1,325804E-1;9,297052E-1;;
30/11/2021  10:22:48,924622;9,415877E-1;1,117624E-1;1,300529E-1;9,298791E-1;;
30/11/2021  10:22:48,924722;9,418321E-1;1,076209E-1;1,117289E-1;9,300705E-1;;
30/11/2021  10:22:48,924822;9,419364E-1;1,168597E-1;1,186794E-1;9,302785E-1;;
30/11/2021  10:22:48,924922;9,417397E-1;1,225942E-1;1,212068E-1;9,305024E-1;;
30/11/2021  10:22:48,925022;9,418798E-1;1,238685E-1;1,303688E-1;9,307413E-1;;
30/11/2021  10:22:48,925122;9,432179E-1;1,270543E-1;1,300529E-1;9,309943E-1;;
30/11/2021  10:22:48,925222;9,440315E-1;1,210013E-1;1,114129E-1;9,312607E-1;;
30/11/2021  10:22:48,925322;9,441239E-1;1,417090E-1;8,424277E-2;9,315397E-1;;
30/11/2021  10:22:48,925422;9,445501E-1;1,557265E-1;1,717559E-1;9,318307E-1;;
30/11/2021  10:22:48,925522;9,444398E-1;1,130368E-1;1,101492E-1;9,321332E-1;;
30/11/2021  10:22:48,925622;9,443862E-1;1,404346E-1;1,509044E-1;9,324463E-1;;
30/11/2021  10:22:48,925722;9,448809E-1;1,429833E-1;1,550115E-1;9,327694E-1;;
30/11/2021  10:22:48,925822;9,452296E-1;1,905566E-2;1,218387E-1;9,331017E-1;;
30/11/2021  10:22:48,925922;9,455962E-1;1,382046E-1;1,262617E-1;9,334424E-1;;
30/11/2021  10:22:48,926022;9,456707E-1;8,309024E-2;1,069899E-1;9,337910E-1;;
30/11/2021  10:22:48,926122;9,455217E-1;1,216384E-1;1,104651E-1;9,341466E-1;;
30/11/2021  10:22:48,926222;9,454829E-1;1,168597E-1;1,208909E-1;9,345085E-1;;
30/11/2021  10:22:48,926322;9,447796E-1;1,407532E-1;1,335282E-1;9,348758E-1;;
30/11/2021  10:22:48,926422;9,448273E-1;1,028422E-1;9,561632E-2;9,352476E-1;;
30/11/2021  10:22:48,926522;9,454472E-1;1,178155E-1;1,133085E-1;9,356230E-1;;
30/11/2021  10:22:48,926622;9,460730E-1;1,187712E-1;1,243661E-1;9,360010E-1;;
30/11/2021  10:22:48,926722;9,459926E-1;1,012493E-1;6,781430E-2;9,363808E-1;;
30/11/2021  10:22:48,926822;9,456528E-1;1,671954E-1;1,957668E-1;9,367616E-1;;
30/11/2021  10:22:48,926922;9,458555E-1;9,137332E-2;9,656411E-2;9,371427E-1;;
30/11/2021  10:22:48,927022;9,462101E-1;5,218798E-2;7,002583E-2;9,375233E-1;;
30/11/2021  10:22:48,927122;9,470565E-1;9,774492E-2;1,038306E-1;9,379026E-1;;
30/11/2021  10:22:48,927222;9,473397E-1;1,165411E-1;1,376353E-1;9,382800E-1;;
30/11/2021  10:22:48,927322;9,481056E-1;6,779840E-2;7,855599E-2;9,386552E-1;;
30/11/2021  10:22:48,927422;9,479715E-1;1,031608E-1;1,417424E-1;9,390277E-1;;
30/11/2021  10:22:48,927522;9,481026E-1;8,277166E-2;1,170997E-1;9,393972E-1;;
30/11/2021  10:22:48,927622;9,486599E-1;9,997498E-2;1,126766E-1;9,397634E-1;;
30/11/2021  10:22:48,927722;9,491427E-1;9,742634E-2;1,098333E-1;9,401261E-1;;
30/11/2021  10:22:48,927822;9,505614E-1;1,041165E-1;1,240502E-1;9,404850E-1;;
30/11/2021  10:22:48,927922;9,508803E-1;1,200455E-1;1,262617E-1;9,408402E-1;;
30/11/2021  10:22:48,928022;9,511127E-1;1,375674E-1;1,313166E-1;9,411918E-1;;
30/11/2021  10:22:48,928122;9,510412E-1;1,531778E-1;1,496407E-1;9,415399E-1;;
30/11/2021  10:22:48,928222;9,516611E-1;1,697440E-1;1,458495E-1;9,418847E-1;;
30/11/2021  10:22:48,928322;9,513810E-1;1,557265E-1;1,354238E-1;9,422261E-1;;
30/11/2021  10:22:48,928422;9,518518E-1;1,267357E-1;1,486929E-1;9,425644E-1;;
30/11/2021  10:22:48,928522;9,520664E-1;1,458505E-1;1,505885E-1;9,428994E-1;;
30/11/2021  10:22:48,928622;9,524896E-1;1,034794E-1;1,347919E-1;9,432313E-1;;
30/11/2021  10:22:48,928722;9,523943E-1;9,179678E-3;3,938042E-2;9,435601E-1;;
30/11/2021  10:22:48,928822;9,517267E-1;1,181340E-1;1,047783E-1;9,438858E-1;;
30/11/2021  10:22:48,928922;9,514644E-1;1,353374E-1;1,594346E-1;9,442082E-1;;
30/11/2021  10:22:48,929022;9,513333E-1;1,286472E-1;1,439539E-1;9,445272E-1;;
30/11/2021  10:22:48,929122;9,510084E-1;1,210013E-1;1,265777E-1;9,448425E-1;;
30/11/2021  10:22:48,929222;9,509160E-1;1,276914E-1;1,284732E-1;9,451536E-1;;
30/11/2021  10:22:48,929322;9,512498E-1;1,296029E-1;1,322644E-1;9,454601E-1;;
30/11/2021  10:22:48,929422;9,508803E-1;1,340630E-1;1,249980E-1;9,457617E-1;;
30/11/2021  10:22:48,929522;9,503349E-1;1,340630E-1;1,543797E-1;9,460579E-1;;
30/11/2021  10:22:48,929622;9,498223E-1;6,684266E-2;8,139938E-2;9,463483E-1;;
30/11/2021  10:22:48,929722;9,490533E-1;1,388417E-1;1,332122E-1;9,466323E-1;;
30/11/2021  10:22:48,929822;9,495809E-1;1,216384E-1;1,291051E-1;9,469092E-1;;
30/11/2021  10:22:48,929922;9,501262E-1;1,296029E-1;1,366875E-1;9,471786E-1;;
30/11/2021  10:22:48,930022;9,500875E-1;1,343816E-1;1,249980E-1;9,474398E-1;;
30/11/2021  10:22:48,930122;9,498193E-1;1,254614E-1;1,322644E-1;9,476926E-1;;
30/11/2021  10:22:48,930222;9,492113E-1;7,767438E-2;9,688005E-2;9,479366E-1;;
30/11/2021  10:22:48,930322;9,488656E-1;1,547707E-1;1,812339E-1;9,481714E-1;;
30/11/2021  10:22:48,930422;9,487821E-1;1,544522E-1;1,411105E-1;9,483967E-1;;
30/11/2021  10:22:48,930522;9,490504E-1;1,143111E-1;1,720719E-1;9,486120E-1;;
30/11/2021  10:22:48,930622;9,491517E-1;1,359745E-1;1,316326E-1;9,488170E-1;;
30/11/2021  10:22:48,930722;9,495809E-1;1,503106E-1;1,695444E-1;9,490115E-1;;
30/11/2021  10:22:48,930822;9,489311E-1;1,136739E-1;1,129926E-1;9,491954E-1;;
30/11/2021  10:22:48,930922;9,481592E-1;6,365686E-2;9,688005E-2;9,493686E-1;;
30/11/2021  10:22:48,931022;9,477390E-1;8,213450E-2;4,980618E-2;9,495308E-1;;
30/11/2021  10:22:48,931122;9,477271E-1;1,375674E-1;1,373193E-1;9,496819E-1;;
30/11/2021  10:22:48,931222;9,478851E-1;9,806350E-2;8,234717E-2;9,498216E-1;;
30/11/2021  10:22:48,931322;9,473575E-1;1,280100E-1;1,291051E-1;9,499498E-1;;
30/11/2021  10:22:48,931422;9,473605E-1;1,254614E-1;9,877564E-2;9,500663E-1;;
30/11/2021  10:22:48,931522;9,463740E-1;1,420275E-1;1,461654E-1;9,501710E-1;;
30/11/2021  10:22:48,931622;9,452415E-1;1,445762E-1;1,496407E-1;9,502638E-1;;
30/11/2021  10:22:48,931722;9,453637E-1;1,369303E-1;1,581709E-1;9,503443E-1;;
30/11/2021  10:22:48,931822;9,452266E-1;6,174538E-2;8,834988E-2;9,504124E-1;;
30/11/2021  10:22:48,931922;9,451819E-1;1,407532E-1;1,398468E-1;9,504677E-1;;
30/11/2021  10:22:48,932022;9,453995E-1;1,614609E-1;1,685966E-1;9,505101E-1;;
30/11/2021  10:22:48,932122;9,453995E-1;1,468062E-1;1,796542E-1;9,505397E-1;;
30/11/2021  10:22:48,932222;9,445620E-1;1,216384E-1;9,593225E-2;9,505565E-1;;
30/11/2021  10:22:48,932322;9,442729E-1;1,260985E-1;1,050943E-1;9,505606E-1;;
30/11/2021  10:22:48,932422;9,447885E-1;1,321516E-1;1,306848E-1;9,505520E-1;;
30/11/2021  10:22:48,932522;9,445859E-1;1,331073E-1;1,319485E-1;9,505310E-1;;
30/11/2021  10:22:48,932622;9,446961E-1;1,347002E-1;1,300529E-1;9,504978E-1;;
30/11/2021  10:22:48,932722;9,447498E-1;1,366117E-1;1,319485E-1;9,504526E-1;;
30/11/2021  10:22:48,932822;9,445531E-1;9,328480E-2;8,803395E-2;9,503960E-1;;
30/11/2021  10:22:48,932922;9,435189E-1;1,413904E-1;1,430061E-1;9,503282E-1;;
30/11/2021  10:22:48,933022;9,430808E-1;1,362931E-1;1,388990E-1;9,502497E-1;;
30/11/2021  10:22:48,933122;9,433908E-1;1,235499E-1;1,095173E-1;9,501607E-1;;
30/11/2021  10:22:48,933222;9,434772E-1;1,050723E-1;9,719598E-2;9,500614E-1;;
30/11/2021  10:22:48,933322;9,437812E-1;1,382046E-1;1,556434E-1;9,499524E-1;;
30/11/2021  10:22:48,933422;9,433192E-1;1,401161E-1;1,407946E-1;9,498339E-1;;
30/11/2021  10:22:48,933522;9,423745E-1;1,347002E-1;1,322644E-1;9,497066E-1;;
30/11/2021  10:22:48,933622;9,416562E-1;1,260985E-1;1,208909E-1;9,495707E-1;;
30/11/2021  10:22:48,933722;9,414923E-1;1,327887E-1;1,528000E-1;9,494266E-1;;
30/11/2021  10:22:48,933822;9,418678E-1;1,375674E-1;1,370034E-1;9,492745E-1;;
30/11/2021  10:22:48,933922;9,415519E-1;1,315144E-1;1,227865E-1;9,491146E-1;;
30/11/2021  10:22:48,934022;9,416443E-1;1,222756E-1;1,357397E-1;9,489473E-1;;
30/11/2021  10:22:48,934122;9,415549E-1;1,366117E-1;1,319485E-1;9,487730E-1;;
30/11/2021  10:22:48,934222;9,408814E-1;1,267357E-1;1,028828E-1;9,485921E-1;;
30/11/2021  10:22:48,934322;9,404134E-1;1,168597E-1;1,076217E-1;9,484049E-1;;
30/11/2021  10:22:48,934422;9,393107E-1;1,289658E-1;1,164678E-1;9,482119E-1;;
30/11/2021  10:22:48,934522;9,404909E-1;1,429833E-1;1,316326E-1;9,480130E-1;;
30/11/2021  10:22:48,934622;9,404939E-1;1,464877E-1;1,663851E-1;9,478087E-1;;
30/11/2021  10:22:48,934722;9,407562E-1;1,111253E-1;9,308886E-2;9,475994E-1;;
30/11/2021  10:22:48,934822;9,399783E-1;1,273729E-1;1,341600E-1;9,473854E-1;;
30/11/2021  10:22:48,934922;9,397280E-1;1,260985E-1;1,316326E-1;9,471673E-1;;
30/11/2021  10:22:48,935022;9,401720E-1;1,324701E-1;1,379512E-1;9,469455E-1;;
30/11/2021  10:22:48,935122;9,393644E-1;1,069837E-1;1,193112E-1;9,467204E-1;;
30/11/2021  10:22:48,935222;9,400051E-1;1,171783E-1;1,208909E-1;9,464924E-1;;
30/11/2021  10:22:48,935322;9,401840E-1;1,009307E-1;8,961361E-2;9,462620E-1;;
30/11/2021  10:22:48,935422;9,407353E-1;1,159040E-1;1,240502E-1;9,460296E-1;;
30/11/2021  10:22:48,935522;9,400022E-1;1,022050E-1;1,101492E-1;9,457960E-1;;
30/11/2021  10:22:48,935622;9,398800E-1;1,114439E-1;1,152041E-1;9,455616E-1;;
30/11/2021  10:22:48,935722;9,395968E-1;1,050723E-1;9,466852E-2;9,453269E-1;;
30/11/2021  10:22:48,935822;9,395581E-1;7,608148E-2;1,265777E-1;9,450925E-1;;
30/11/2021  10:22:48,935922;9,404999E-1;6,461260E-2;6,433905E-2;9,448587E-1;;
30/11/2021  10:22:48,936022;9,413791E-1;7,193994E-2;7,950379E-2;9,446261E-1;;
30/11/2021  10:22:48,936122;9,415013E-1;7,608148E-2;5,960007E-2;9,443953E-1;;
30/11/2021  10:22:48,936222;9,404343E-1;1,203641E-1;1,224705E-1;9,441671E-1;;
30/11/2021  10:22:48,936322;9,408992E-1;1,455319E-1;1,543797E-1;9,439421E-1;;
30/11/2021  10:22:48,936422;9,400975E-1;1,337445E-1;1,385831E-1;9,437208E-1;;
30/11/2021  10:22:48,936522;9,406757E-1;1,366117E-1;1,306848E-1;9,435037E-1;;
30/11/2021  10:22:48,936622;9,413582E-1;1,598680E-1;1,471132E-1;9,432911E-1;;
30/11/2021  10:22:48,936722;9,416085E-1;1,732484E-1;1,584868E-1;9,430835E-1;;
30/11/2021  10:22:48,936822;9,417844E-1;1,598680E-1;1,502726E-1;9,428815E-1;;
30/11/2021  10:22:48,936922;9,410542E-1;1,353374E-1;1,306848E-1;9,426856E-1;;
30/11/2021  10:22:48,937022;9,406340E-1;1,238685E-1;1,237343E-1;9,424961E-1;;
30/11/2021  10:22:48,937122;9,403121E-1;1,302401E-1;1,281573E-1;9,423134E-1;;
30/11/2021  10:22:48,937222;9,408754E-1;1,337445E-1;1,338441E-1;9,421375E-1;;
30/11/2021  10:22:48,937322;9,410453E-1;1,200455E-1;1,025668E-1;9,419686E-1;;
30/11/2021  10:22:48,937422;9,411019E-1;6,047106E-2;4,822652E-2;9,418069E-1;;
30/11/2021  10:22:48,937522;9,409141E-1;1,273729E-1;1,512204E-1;9,416524E-1;;
30/11/2021  10:22:48,937622;9,399247E-1;9,296622E-2;8,708615E-2;9,415054E-1;;
30/11/2021  10:22:48,937722;9,404671E-1;1,407532E-1;1,477451E-1;9,413657E-1;;
30/11/2021  10:22:48,937822;9,402436E-1;1,002936E-1;1,597505E-1;9,412333E-1;;
30/11/2021  10:22:48,937922;9,399426E-1;9,901924E-2;1,477451E-1;9,411080E-1;;
30/11/2021  10:22:48,938022;9,404373E-1;1,267357E-1;1,205749E-1;9,409897E-1;;
30/11/2021  10:22:48,938122;9,403389E-1;1,302401E-1;1,543797E-1;9,408782E-1;;
30/11/2021  10:22:48,938222;9,402316E-1;1,235499E-1;1,202590E-1;9,407735E-1;;
30/11/2021  10:22:48,938322;9,394478E-1;1,318330E-1;1,319485E-1;9,406754E-1;;
30/11/2021  10:22:48,938422;9,396237E-1;1,296029E-1;1,287892E-1;9,405835E-1;;
30/11/2021  10:22:48,938522;9,397697E-1;1,127182E-1;1,284732E-1;9,404977E-1;;
30/11/2021  10:22:48,938622;9,404254E-1;1,276914E-1;1,129926E-1;9,404176E-1;;
30/11/2021  10:22:48,938722;9,407323E-1;1,324701E-1;1,341600E-1;9,403432E-1;;
30/11/2021  10:22:48,938822;9,404492E-1;1,321516E-1;1,246821E-1;9,402743E-1;;
30/11/2021  10:22:48,938922;9,400707E-1;1,181340E-1;1,196272E-1;9,402107E-1;;
30/11/2021  10:22:48,939022;9,398472E-1;8,054160E-2;9,719598E-2;9,401525E-1;;
30/11/2021  10:22:48,939122;9,393376E-1;1,232313E-1;1,322644E-1;9,400992E-1;;
30/11/2021  10:22:48,939222;9,395074E-1;1,139925E-1;1,133085E-1;9,400506E-1;;
30/11/2021  10:22:48,939322;9,395462E-1;1,251428E-1;1,344760E-1;9,400065E-1;;
30/11/2021  10:22:48,939422;9,397757E-1;1,302401E-1;1,319485E-1;9,399663E-1;;
30/11/2021  10:22:48,939522;9,394687E-1;1,614609E-1;1,783905E-1;9,399300E-1;;
30/11/2021  10:22:48,939622;9,387355E-1;1,190898E-1;1,385831E-1;9,398972E-1;;
30/11/2021  10:22:48,939722;9,380829E-1;1,257800E-1;1,284732E-1;9,398675E-1;;
30/11/2021  10:22:48,939822;9,375732E-1;1,296029E-1;1,341600E-1;9,398405E-1;;
30/11/2021  10:22:48,939922;9,380739E-1;1,229127E-1;1,243661E-1;9,398156E-1;;
30/11/2021  10:22:48,940022;9,381305E-1;1,159040E-1;1,076217E-1;9,397923E-1;;
30/11/2021  10:22:48,940122;9,379666E-1;1,203641E-1;1,268936E-1;9,397701E-1;;
30/11/2021  10:22:48,940222;9,378713E-1;1,216384E-1;1,404787E-1;9,397487E-1;;
30/11/2021  10:22:48,940322;9,374421E-1;1,382046E-1;1,373193E-1;9,397278E-1;;
30/11/2021  10:22:48,940422;9,368490E-1;6,949618E-3;1,189953E-1;9,397068E-1;;
30/11/2021  10:22:48,940522;9,374868E-1;9,774492E-2;9,056141E-2;9,396854E-1;;
30/11/2021  10:22:48,940622;9,377848E-1;1,168597E-1;1,278414E-1;9,396633E-1;;
30/11/2021  10:22:48,940722;9,383749E-1;9,424054E-2;1,038306E-1;9,396402E-1;;
30/11/2021  10:22:48,940822;9,383034E-1;-3,563522E-3;6,718244E-2;9,396161E-1;;
30/11/2021  10:22:48,940922;9,382647E-1;1,187712E-1;1,003553E-1;9,395908E-1;;
30/11/2021  10:22:48,941022;9,375613E-1;1,455319E-1;1,663851E-1;9,395644E-1;;
30/11/2021  10:22:48,941122;9,376418E-1;1,369303E-1;1,480610E-1;9,395369E-1;;
30/11/2021  10:22:48,941222;9,375196E-1;1,334259E-1;1,319485E-1;9,395082E-1;;
30/11/2021  10:22:48,941322;9,383898E-1;1,296029E-1;1,294210E-1;9,394781E-1;;
30/11/2021  10:22:48,941422;9,385567E-1;1,238685E-1;1,237343E-1;9,394467E-1;;
30/11/2021  10:22:48,941522;9,384703E-1;1,210013E-1;1,158360E-1;9,394142E-1;;
30/11/2021  10:22:48,941622;9,381037E-1;1,286472E-1;1,404787E-1;9,393807E-1;;
30/11/2021  10:22:48,941722;9,373974E-1;8,627604E-2;1,101492E-1;9,393462E-1;;
30/11/2021  10:22:48,941822;9,374957E-1;1,340630E-1;1,278414E-1;9,393108E-1;;
30/11/2021  10:22:48,941922;9,378176E-1;1,159040E-1;1,215227E-1;9,392745E-1;;
30/11/2021  10:22:48,942022;9,376567E-1;1,190898E-1;1,316326E-1;9,392371E-1;;
30/11/2021  10:22:48,942122;9,375494E-1;1,213198E-1;1,123607E-1;9,391989E-1;;
30/11/2021  10:22:48,942222;9,368878E-1;1,280100E-1;1,392149E-1;9,391597E-1;;
30/11/2021  10:22:48,942322;9,361695E-1;1,018865E-1;1,101492E-1;9,391195E-1;;
30/11/2021  10:22:48,942422;9,353857E-1;1,923632E-1;2,169342E-1;9,390781E-1;;
30/11/2021  10:22:48,942522;9,351771E-1;1,267357E-1;1,284732E-1;9,390352E-1;;
30/11/2021  10:22:48,942622;9,352814E-1;1,493549E-1;1,635417E-1;9,389904E-1;;
30/11/2021  10:22:48,942722;9,356360E-1;1,187712E-1;1,155200E-1;9,389434E-1;;
30/11/2021  10:22:48,942822;9,347539E-1;1,503106E-1;1,499566E-1;9,388940E-1;;
30/11/2021  10:22:48,942922;9,343277E-1;8,117876E-2;4,380347E-2;9,388419E-1;;
30/11/2021  10:22:48,943022;9,338896E-1;3,434750E-2;2,927060E-2;9,387869E-1;;
30/11/2021  10:22:48,943122;9,331773E-1;8,786894E-2;7,887192E-2;9,387286E-1;;
30/11/2021  10:22:48,943222;9,335230E-1;1,155854E-1;1,265777E-1;9,386666E-1;;
30/11/2021  10:22:48,943322;9,344260E-1;2,510868E-2;4,633093E-2;9,386006E-1;;
30/11/2021  10:22:48,943422;9,347419E-1;8,723178E-2;9,182514E-2;9,385305E-1;;
30/11/2021  10:22:48,943522;9,337048E-1;7,480716E-2;5,138584E-2;9,384563E-1;;
30/11/2021  10:22:48,943622;9,335379E-1;1,082581E-1;1,300529E-1;9,383780E-1;;
30/11/2021  10:22:48,943722;9,335111E-1;1,541336E-1;1,594346E-1;9,382957E-1;;
30/11/2021  10:22:48,943822;9,327481E-1;1,079395E-1;1,423743E-1;9,382092E-1;;
30/11/2021  10:22:48,943922;9,332786E-1;7,735580E-2;1,041465E-1;9,381185E-1;;
30/11/2021  10:22:48,944022;9,343843E-1;9,901924E-2;1,120448E-1;9,380237E-1;;
30/11/2021  10:22:48,944122;9,339522E-1;1,222756E-1;1,502726E-1;9,379248E-1;;
30/11/2021  10:22:48,944222;9,341638E-1;1,031608E-1;1,559593E-1;9,378223E-1;;
30/11/2021  10:22:48,944322;9,331832E-1;9,997498E-2;1,076217E-1;9,377164E-1;;
30/11/2021  10:22:48,944422;9,325902E-1;1,047537E-1;1,164678E-1;9,376073E-1;;
30/11/2021  10:22:48,944522;9,329657E-1;1,111253E-1;1,275255E-1;9,374951E-1;;
30/11/2021  10:22:48,944622;9,332637E-1;1,347002E-1;1,360556E-1;9,373799E-1;;
30/11/2021  10:22:48,944722;9,341757E-1;1,480806E-1;1,310007E-1;9,372619E-1;;
30/11/2021  10:22:48,944822;9,345661E-1;1,608238E-1;1,354238E-1;9,371416E-1;;
30/11/2021  10:22:48,944922;9,331952E-1;1,448948E-1;1,212068E-1;9,370193E-1;;
30/11/2021  10:22:48,945022;9,333531E-1;1,547707E-1;1,546956E-1;9,368955E-1;;
30/11/2021  10:22:48,945122;9,329597E-1;1,869473E-1;1,875525E-1;9,367704E-1;;
30/11/2021  10:22:48,945222;9,330730E-1;9,838208E-2;9,719598E-2;9,366442E-1;;
30/11/2021  10:22:48,945322;9,339820E-1;1,174969E-1;1,398468E-1;9,365171E-1;;
30/11/2021  10:22:48,945422;9,341399E-1;1,318330E-1;1,588027E-1;9,363896E-1;;
30/11/2021  10:22:48,945522;9,337853E-1;7,066562E-2;1,227865E-1;9,362620E-1;;
30/11/2021  10:22:48,945622;9,338508E-1;1,241871E-1;1,054102E-1;9,361347E-1;;
30/11/2021  10:22:48,945722;9,331177E-1;9,710776E-2;9,119327E-2;9,360081E-1;;
30/11/2021  10:22:48,945822;9,332637E-1;5,951532E-2;5,675668E-2;9,358824E-1;;
30/11/2021  10:22:48,945922;9,338121E-1;1,254614E-1;1,284732E-1;9,357578E-1;;
30/11/2021  10:22:48,946022;9,346019E-1;1,248242E-1;1,227865E-1;9,356346E-1;;
30/11/2021  10:22:48,946122;9,353320E-1;1,222756E-1;1,344760E-1;9,355133E-1;;
30/11/2021  10:22:48,946222;9,348671E-1;1,260985E-1;1,196272E-1;9,353942E-1;;
30/11/2021  10:22:48,946322;9,348910E-1;1,117624E-1;1,063580E-1;9,352781E-1;;
30/11/2021  10:22:48,946422;9,342383E-1;1,178155E-1;1,038306E-1;9,351651E-1;;
30/11/2021  10:22:48,946522;9,345929E-1;1,123996E-1;1,047783E-1;9,350557E-1;;
30/11/2021  10:22:48,946622;9,356956E-1;1,216384E-1;1,158360E-1;9,349502E-1;;
30/11/2021  10:22:48,946722;9,366970E-1;1,260985E-1;1,521681E-1;9,348489E-1;;
30/11/2021  10:22:48,946822;9,362142E-1;9,232906E-2;7,697633E-2;9,347523E-1;;
30/11/2021  10:22:48,946922;9,365867E-1;1,251428E-1;1,366875E-1;9,346609E-1;;
30/11/2021  10:22:48,947022;9,354960E-1;1,235499E-1;1,291051E-1;9,345753E-1;;
30/11/2021  10:22:48,947122;9,352337E-1;1,257800E-1;1,205749E-1;9,344956E-1;;
30/11/2021  10:22:48,947222;9,358834E-1;1,181340E-1;1,237343E-1;9,344220E-1;;
30/11/2021  10:22:48,947322;9,366136E-1;1,232313E-1;1,278414E-1;9,343546E-1;;
30/11/2021  10:22:48,947422;9,371917E-1;1,092138E-1;9,845971E-2;9,342937E-1;;
30/11/2021  10:22:48,947522;9,369950E-1;1,225942E-1;1,281573E-1;9,342394E-1;;
30/11/2021  10:22:48,947622;9,360533E-1;1,225942E-1;1,237343E-1;9,341920E-1;;
30/11/2021  10:22:48,947722;9,355764E-1;1,359745E-1;1,316326E-1;9,341516E-1;;
30/11/2021  10:22:48,947822;9,357761E-1;1,238685E-1;1,126766E-1;9,341180E-1;;
30/11/2021  10:22:48,947922;9,358476E-1;6,270112E-2;7,792413E-2;9,340911E-1;;
30/11/2021  10:22:48,948022;9,367656E-1;1,127182E-1;1,114129E-1;9,340708E-1;;
30/11/2021  10:22:48,948122;9,366344E-1;4,900218E-2;8,803395E-2;9,340568E-1;;
30/11/2021  10:22:48,948222;9,365182E-1;5,282514E-2;9,372073E-2;9,340492E-1;;
30/11/2021  10:22:48,948322;9,363215E-1;1,206827E-1;1,123607E-1;9,340478E-1;;
30/11/2021  10:22:48,948422;9,352188E-1;1,477620E-1;1,695444E-1;9,340524E-1;;
30/11/2021  10:22:48,948522;9,352486E-1;1,311958E-1;1,294210E-1;9,340627E-1;;
30/11/2021  10:22:48,948622;9,360056E-1;1,353374E-1;1,300529E-1;9,340783E-1;;
30/11/2021  10:22:48,948722;9,372573E-1;1,299215E-1;1,281573E-1;9,340989E-1;;
30/11/2021  10:22:48,948822;9,369801E-1;1,308772E-1;1,338441E-1;9,341241E-1;;
30/11/2021  10:22:48,948922;9,370785E-1;1,299215E-1;1,351078E-1;9,341541E-1;;
30/11/2021  10:22:48,949022;9,371947E-1;1,311958E-1;1,275255E-1;9,341886E-1;;
30/11/2021  10:22:48,949122;9,369235E-1;1,280100E-1;1,268936E-1;9,342277E-1;;
30/11/2021  10:22:48,949222;9,374808E-1;1,232313E-1;1,183634E-1;9,342710E-1;;
30/11/2021  10:22:48,949322;9,388249E-1;1,302401E-1;1,291051E-1;9,343186E-1;;
30/11/2021  10:22:48,949422;9,393763E-1;1,229127E-1;1,073058E-1;9,343704E-1;;
30/11/2021  10:22:48,949522;9,402644E-1;1,452133E-1;1,828136E-1;9,344268E-1;;
30/11/2021  10:22:48,949622;9,404045E-1;1,831244E-1;1,907119E-1;9,344879E-1;;
30/11/2021  10:22:48,949722;9,397369E-1;1,203641E-1;1,246821E-1;9,345541E-1;;
30/11/2021  10:22:48,949822;9,399843E-1;1,353374E-1;1,679647E-1;9,346257E-1;;
30/11/2021  10:22:48,949922;9,407502E-1;1,225942E-1;1,249980E-1;9,347026E-1;;
30/11/2021  10:22:48,950022;9,412330E-1;1,828058E-1;1,793383E-1;9,347851E-1;;
30/11/2021  10:22:48,950122;9,420049E-1;1,407532E-1;1,328963E-1;9,348733E-1;;
30/11/2021  10:22:48,950222;9,420407E-1;1,455319E-1;1,622780E-1;9,349675E-1;;
30/11/2021  10:22:48,950322;9,420765E-1;1,366117E-1;1,322644E-1;9,350678E-1;;
30/11/2021  10:22:48,950422;9,408963E-1;1,378860E-1;1,227865E-1;9,351745E-1;;
30/11/2021  10:22:48,950522;9,408188E-1;1,353374E-1;1,291051E-1;9,352875E-1;;
30/11/2021  10:22:48,950622;9,413522E-1;7,831154E-2;6,970989E-2;9,354066E-1;;
30/11/2021  10:22:48,950722;9,417307E-1;1,305587E-1;1,120448E-1;9,355314E-1;;
30/11/2021  10:22:48,950822;9,425235E-1;1,410718E-1;1,417424E-1;9,356619E-1;;
30/11/2021  10:22:48,950922;9,421122E-1;1,085766E-1;5,517702E-2;9,357978E-1;;
30/11/2021  10:22:48,951022;9,416294E-1;1,296029E-1;1,237343E-1;9,359391E-1;;
30/11/2021  10:22:48,951122;9,413165E-1;1,410718E-1;1,407946E-1;9,360854E-1;;
30/11/2021  10:22:48,951222;9,416324E-1;1,448948E-1;1,550115E-1;9,362364E-1;;
30/11/2021  10:22:48,951322;9,424102E-1;1,203641E-1;1,123607E-1;9,363917E-1;;
30/11/2021  10:22:48,951422;9,427113E-1;1,203641E-1;1,227865E-1;9,365509E-1;;
30/11/2021  10:22:48,951522;9,436471E-1;1,133553E-1;1,076217E-1;9,367138E-1;;
30/11/2021  10:22:48,951622;9,431613E-1;2,172124E-1;2,311511E-1;9,368803E-1;;
30/11/2021  10:22:48,951722;9,436083E-1;1,197269E-1;1,474292E-1;9,370502E-1;;
30/11/2021  10:22:48,951822;9,431523E-1;1,031608E-1;1,126766E-1;9,372234E-1;;
30/11/2021  10:22:48,951922;9,438974E-1;1,181340E-1;1,227865E-1;9,373997E-1;;
30/11/2021  10:22:48,952022;9,445441E-1;1,060280E-1;1,152041E-1;9,375789E-1;;
30/11/2021  10:22:48,952122;9,453607E-1;9,232906E-2;9,656411E-2;9,377608E-1;;
30/11/2021  10:22:48,952222;9,453488E-1;1,028422E-1;1,088855E-1;9,379455E-1;;
30/11/2021  10:22:48,952322;9,462489E-1;1,060280E-1;1,139404E-1;9,381331E-1;;
30/11/2021  10:22:48,952422;9,455008E-1;1,082581E-1;1,079377E-1;9,383235E-1;;
30/11/2021  10:22:48,952522;9,451015E-1;-3,244942E-3;6,844617E-2;9,385169E-1;;
30/11/2021  10:22:48,952622;9,467406E-1;1,031608E-1;1,133085E-1;9,387130E-1;;
30/11/2021  10:22:48,952722;9,469850E-1;1,767528E-1;1,531159E-1;9,389118E-1;;
30/11/2021  10:22:48,952822;9,477569E-1;1,366117E-1;1,486929E-1;9,391134E-1;;
30/11/2021  10:22:48,952922;9,477003E-1;1,620981E-1;1,515363E-1;9,393179E-1;;
30/11/2021  10:22:48,953022;9,468718E-1;1,321516E-1;1,050943E-1;9,395254E-1;;
30/11/2021  10:22:48,953122;9,464068E-1;1,808943E-1;1,600664E-1;9,397358E-1;;
30/11/2021  10:22:48,953222;9,458287E-1;2,111594E-1;2,096678E-1;9,399488E-1;;
30/11/2021  10:22:48,953322;9,462876E-1;1,503106E-1;1,518522E-1;9,401641E-1;;
30/11/2021  10:22:48,953422;9,464784E-1;1,452133E-1;1,379512E-1;9,403811E-1;;
30/11/2021  10:22:48,953522;9,466959E-1;1,283286E-1;1,259458E-1;9,405996E-1;;
30/11/2021  10:22:48,953622;9,460492E-1;1,248242E-1;1,031987E-1;9,408191E-1;;
30/11/2021  10:22:48,953722;9,455008E-1;1,433019E-1;1,828136E-1;9,410391E-1;;
30/11/2021  10:22:48,953822;9,450776E-1;1,713369E-1;2,052447E-1;9,412591E-1;;
30/11/2021  10:22:48,953922;9,448839E-1;1,308772E-1;1,208909E-1;9,414785E-1;;
30/11/2021  10:22:48,954022;9,455902E-1;1,280100E-1;1,227865E-1;9,416965E-1;;
30/11/2021  10:22:48,954122;9,457303E-1;1,276914E-1;1,692285E-1;9,419126E-1;;
30/11/2021  10:22:48,954222;9,459449E-1;1,162226E-1;9,909157E-2;9,421262E-1;;
30/11/2021  10:22:48,954322;9,455396E-1;1,286472E-1;1,388990E-1;9,423370E-1;;
30/11/2021  10:22:48,954422;9,450210E-1;1,251428E-1;1,262617E-1;9,425446E-1;;
30/11/2021  10:22:48,954522;9,449942E-1;2,149824E-1;1,938712E-1;9,427483E-1;;
30/11/2021  10:22:48,954622;9,450895E-1;1,311958E-1;1,303688E-1;9,429479E-1;;
30/11/2021  10:22:48,954722;9,455902E-1;1,445762E-1;1,423743E-1;9,431427E-1;;
30/11/2021  10:22:48,954822;9,458108E-1;1,318330E-1;1,338441E-1;9,433324E-1;;
30/11/2021  10:22:48,954922;9,459181E-1;1,350188E-1;1,417424E-1;9,435168E-1;;
30/11/2021  10:22:48,955022;9,457601E-1;1,108067E-1;1,114129E-1;9,436958E-1;;
30/11/2021  10:22:48,955122;9,447319E-1;9,615202E-2;1,129926E-1;9,438690E-1;;
30/11/2021  10:22:48,955222;9,441597E-1;1,139925E-1;8,203124E-2;9,440363E-1;;
30/11/2021  10:22:48,955322;9,442998E-1;1,356559E-1;1,388990E-1;9,441973E-1;;
30/11/2021  10:22:48,955422;9,451104E-1;1,270543E-1;1,079377E-1;9,443515E-1;;
30/11/2021  10:22:48,955522;9,451819E-1;1,235499E-1;1,189953E-1;9,444987E-1;;
30/11/2021  10:22:48,955622;9,442074E-1;8,213450E-2;5,802041E-2;9,446388E-1;;
30/11/2021  10:22:48,955722;9,433073E-1;1,232313E-1;1,347919E-1;9,447716E-1;;
30/11/2021  10:22:48,955822;9,426636E-1;1,531778E-1;1,689125E-1;9,448967E-1;;
30/11/2021  10:22:48,955922;9,418440E-1;1,662396E-1;1,739675E-1;9,450137E-1;;
30/11/2021  10:22:48,956022;9,421927E-1;1,178155E-1;1,183634E-1;9,451220E-1;;
30/11/2021  10:22:48,956122;9,425533E-1;1,311958E-1;1,221546E-1;9,452213E-1;;
30/11/2021  10:22:48,956222;9,418500E-1;1,222756E-1;1,063580E-1;9,453112E-1;;
30/11/2021  10:22:48,956322;9,410184E-1;1,831244E-1;2,289396E-1;9,453913E-1;;
30/11/2021  10:22:48,956422;9,401542E-1;1,190898E-1;9,214107E-2;9,454613E-1;;
30/11/2021  10:22:48,956522;9,392482E-1;1,299215E-1;1,259458E-1;9,455208E-1;;
30/11/2021  10:22:48,956622;9,390395E-1;1,296029E-1;1,262617E-1;9,455691E-1;;
30/11/2021  10:22:48,956722;9,395879E-1;1,324701E-1;1,310007E-1;9,456059E-1;;
30/11/2021  10:22:48,956822;9,402138E-1;1,331073E-1;1,278414E-1;9,456308E-1;;
30/11/2021  10:22:48,956922;9,392780E-1;1,095324E-1;1,306848E-1;9,456436E-1;;
30/11/2021  10:22:48,957022;9,388786E-1;1,308772E-1;1,370034E-1;9,456442E-1;;
30/11/2021  10:22:48,957122;9,377938E-1;1,570008E-1;1,442698E-1;9,456326E-1;;
30/11/2021  10:22:48,957222;9,368520E-1;9,360338E-2;1,256299E-1;9,456086E-1;;
30/11/2021  10:22:48,957322;9,369265E-1;9,073616E-2;8,740209E-2;9,455719E-1;;
30/11/2021  10:22:48,957422;9,377699E-1;1,117624E-1;1,347919E-1;9,455222E-1;;
30/11/2021  10:22:48,957522;9,378236E-1;1,477620E-1;1,818658E-1;9,454597E-1;;
30/11/2021  10:22:48,957622;9,381365E-1;1,299215E-1;1,388990E-1;9,453844E-1;;
30/11/2021  10:22:48,957722;9,373974E-1;1,410718E-1;1,319485E-1;9,452966E-1;;
30/11/2021  10:22:48,957822;9,362768E-1;1,299215E-1;1,240502E-1;9,451968E-1;;
30/11/2021  10:22:48,957922;9,364377E-1;1,210013E-1;8,898175E-2;9,450851E-1;;
30/11/2021  10:22:48,958022;9,362261E-1;8,563888E-2;1,158360E-1;9,449616E-1;;
30/11/2021  10:22:48,958122;9,368609E-1;1,311958E-1;1,240502E-1;9,448269E-1;;
30/11/2021  10:22:48,958222;9,370397E-1;1,334259E-1;1,449017E-1;9,446811E-1;;
30/11/2021  10:22:48,958322;9,369563E-1;1,327887E-1;1,208909E-1;9,445248E-1;;
30/11/2021  10:22:48,958422;9,358327E-1;6,142680E-2;8,740209E-2;9,443588E-1;;
30/11/2021  10:22:48,958522;9,349476E-1;1,305587E-1;1,126766E-1;9,441833E-1;;
30/11/2021  10:22:48,958622;9,353589E-1;1,088952E-1;1,009872E-1;9,439989E-1;;
30/11/2021  10:22:48,958722;9,353320E-1;1,280100E-1;1,186794E-1;9,438058E-1;;
30/11/2021  10:22:48,958822;9,358417E-1;1,490363E-1;1,806020E-1;9,436046E-1;;
30/11/2021  10:22:48,958922;9,363930E-1;1,184526E-1;1,202590E-1;9,433958E-1;;
30/11/2021  10:22:48,959022;9,353708E-1;1,238685E-1;1,388990E-1;9,431802E-1;;
30/11/2021  10:22:48,959122;9,352158E-1;1,391603E-1;1,398468E-1;9,429583E-1;;
30/11/2021  10:22:48,959222;9,343456E-1;1,452133E-1;1,360556E-1;9,427307E-1;;
30/11/2021  10:22:48,959322;9,346048E-1;1,356559E-1;1,316326E-1;9,424980E-1;;
30/11/2021  10:22:48,959422;9,351204E-1;1,347002E-1;1,313166E-1;9,422606E-1;;
30/11/2021  10:22:48,959522;9,355615E-1;1,114439E-1;8,424277E-2;9,420190E-1;;
30/11/2021  10:22:48,959622;9,353261E-1;1,229127E-1;1,253139E-1;9,417740E-1;;
30/11/2021  10:22:48,959722;9,350966E-1;9,965640E-2;9,814378E-2;9,415263E-1;;
30/11/2021  10:22:48,959822;9,343366E-1;8,850610E-2;9,182514E-2;9,412764E-1;;
30/11/2021  10:22:48,959922;9,340654E-1;1,222756E-1;1,259458E-1;9,410250E-1;;
30/11/2021  10:22:48,960022;9,346048E-1;1,133553E-1;1,407946E-1;9,407726E-1;;
30/11/2021  10:22:48,960122;9,355794E-1;8,786894E-2;1,009872E-1;9,405195E-1;;
30/11/2021  10:22:48,960222;9,354512E-1;9,870066E-2;1,256299E-1;9,402664E-1;;
30/11/2021  10:22:48,960322;9,359132E-1;1,533758E-3;6,339125E-2;9,400142E-1;;
30/11/2021  10:22:48,960422;9,355794E-1;7,480716E-2;8,013565E-2;9,397634E-1;;
30/11/2021  10:22:48,960522;9,351651E-1;9,201048E-2;1,272095E-1;9,395149E-1;;
30/11/2021  10:22:48,960622;9,349684E-1;8,850610E-2;1,180475E-1;9,392691E-1;;
30/11/2021  10:22:48,960722;9,359430E-1;8,978042E-2;1,092014E-1;9,390266E-1;;
30/11/2021  10:22:48,960822;9,370308E-1;9,678918E-2;1,110970E-1;9,387881E-1;;
30/11/2021  10:22:48,960922;9,368132E-1;1,104881E-1;1,246821E-1;9,385541E-1;;
30/11/2021  10:22:48,961022;9,368937E-1;1,155854E-1;1,246821E-1;9,383255E-1;;
30/11/2021  10:22:48,961122;9,365867E-1;1,280100E-1;1,281573E-1;9,381030E-1;;
30/11/2021  10:22:48,961222;9,363751E-1;1,452133E-1;1,360556E-1;9,378871E-1;;
30/11/2021  10:22:48,961322;9,364705E-1;1,576380E-1;1,449017E-1;9,376783E-1;;
30/11/2021  10:22:48,961422;9,373467E-1;1,710183E-1;1,486929E-1;9,374770E-1;;
30/11/2021  10:22:48,961522;9,374480E-1;3,052454E-2;8,013565E-2;9,372838E-1;;
30/11/2021  10:22:48,961622;9,378027E-1;9,615202E-2;5,928414E-2;9,370990E-1;;
30/11/2021  10:22:48,961722;9,378444E-1;1,264171E-1;1,310007E-1;9,369231E-1;;
30/11/2021  10:22:48,961822;9,372066E-1;1,219570E-1;1,265777E-1;9,367566E-1;;
30/11/2021  10:22:48,961922;9,375971E-1;1,213198E-1;1,246821E-1;9,365997E-1;;
30/11/2021  10:22:48,962022;9,376030E-1;1,225942E-1;1,243661E-1;9,364527E-1;;
30/11/2021  10:22:48,962122;9,384614E-1;7,863012E-2;1,129926E-1;9,363158E-1;;
30/11/2021  10:22:48,962222;9,383690E-1;1,248242E-1;1,275255E-1;9,361891E-1;;
30/11/2021  10:22:48,962322;9,386849E-1;1,490363E-1;1,673329E-1;9,360728E-1;;
30/11/2021  10:22:48,962422;9,392780E-1;1,159040E-1;1,158360E-1;9,359673E-1;;
30/11/2021  10:22:48,962522;9,389889E-1;1,219570E-1;1,240502E-1;9,358726E-1;;
30/11/2021  10:22:48,962622;9,381007E-1;1,350188E-1;1,284732E-1;9,357889E-1;;
30/11/2021  10:22:48,962722;9,393584E-1;1,133553E-1;1,231024E-1;9,357163E-1;;
30/11/2021  10:22:48,962822;9,394985E-1;1,063466E-1;9,277293E-2;9,356546E-1;;
30/11/2021  10:22:48,962922;9,402167E-1;1,232313E-1;1,272095E-1;9,356038E-1;;
30/11/2021  10:22:48,963022;9,405625E-1;1,276914E-1;1,145722E-1;9,355642E-1;;
30/11/2021  10:22:48,963122;9,402853E-1;1,162226E-1;1,221546E-1;9,355356E-1;;
30/11/2021  10:22:48,963222;9,403896E-1;1,098510E-1;1,291051E-1;9,355183E-1;;
30/11/2021  10:22:48,963322;9,401840E-1;1,299215E-1;1,385831E-1;9,355120E-1;;
30/11/2021  10:22:48,963422;9,407621E-1;7,799296E-2;9,182514E-2;9,355167E-1;;
30/11/2021  10:22:48,963522;9,413731E-1;1,187712E-1;1,224705E-1;9,355321E-1;;
30/11/2021  10:22:48,963622;9,414536E-1;1,251428E-1;1,117289E-1;9,355583E-1;;
30/11/2021  10:22:48,963722;9,407115E-1;1,436204E-1;1,783905E-1;9,355951E-1;;
30/11/2021  10:22:48,963822;9,407145E-1;1,442576E-1;1,682807E-1;9,356422E-1;;
30/11/2021  10:22:48,963922;9,411794E-1;1,073023E-1;1,114129E-1;9,356992E-1;;
30/11/2021  10:22:48,964022;9,405118E-1;1,251428E-1;1,281573E-1;9,357659E-1;;
30/11/2021  10:22:48,964122;9,409886E-1;1,073023E-1;1,155200E-1;9,358417E-1;;
30/11/2021  10:22:48,964222;9,415638E-1;9,360338E-2;7,918786E-2;9,359262E-1;;
30/11/2021  10:22:48,964322;9,413969E-1;1,155854E-1;1,310007E-1;9,360190E-1;;
30/11/2021  10:22:48,964422;9,412688E-1;1,276914E-1;1,354238E-1;9,361196E-1;;
30/11/2021  10:22:48,964522;9,409380E-1;2,391944E-1;2,305193E-1;9,362277E-1;;
30/11/2021  10:22:48,964622;9,412092E-1;5,792242E-2;1,294210E-1;9,363427E-1;;
30/11/2021  10:22:48,964722;9,407770E-1;9,105474E-2;1,082536E-1;9,364641E-1;;
30/11/2021  10:22:48,964822;9,417903E-1;1,047537E-1;9,877564E-2;9,365913E-1;;
30/11/2021  10:22:48,964922;9,419125E-1;1,289658E-1;1,360556E-1;9,367237E-1;;
30/11/2021  10:22:48,965022;9,420109E-1;8,117876E-2;9,308886E-2;9,368610E-1;;
30/11/2021  10:22:48,965122;9,414595E-1;1,210013E-1;1,265777E-1;9,370028E-1;;
30/11/2021  10:22:48,965222;9,416771E-1;1,318330E-1;1,262617E-1;9,371486E-1;;
30/11/2021  10:22:48,965322;9,409767E-1;1,764342E-1;1,711241E-1;9,372978E-1;;
30/11/2021  10:22:48,965422;9,420437E-1;1,114439E-1;1,205749E-1;9,374501E-1;;
30/11/2021  10:22:48,965522;9,400409E-1;1,413904E-1;1,467973E-1;9,376047E-1;;
30/11/2021  10:22:48,965622;9,402555E-1;1,391603E-1;1,316326E-1;9,377611E-1;;
30/11/2021  10:22:48,965722;9,402078E-1;1,356559E-1;1,294210E-1;9,379185E-1;;
30/11/2021  10:22:48,965822;9,399068E-1;1,302401E-1;1,420583E-1;9,380762E-1;;
30/11/2021  10:22:48,965922;9,400826E-1;1,331073E-1;1,379512E-1;9,382335E-1;;
30/11/2021  10:22:48,966022;9,400886E-1;1,340630E-1;1,272095E-1;9,383897E-1;;
30/11/2021  10:22:48,966122;9,403509E-1;1,267357E-1;1,275255E-1;9,385441E-1;;
30/11/2021  10:22:48,966222;9,401571E-1;1,340630E-1;1,249980E-1;9,386963E-1;;
30/11/2021  10:22:48,966322;9,399545E-1;1,388417E-1;1,313166E-1;9,388457E-1;;
30/11/2021  10:22:48,966422;9,389769E-1;1,445762E-1;1,351078E-1;9,389919E-1;;
30/11/2021  10:22:48,966522;9,395998E-1;1,289658E-1;1,095173E-1;9,391342E-1;;
30/11/2021  10:22:48,966622;9,395492E-1;1,292843E-1;1,265777E-1;9,392722E-1;;
30/11/2021  10:22:48,966722;9,394001E-1;1,745227E-1;1,708081E-1;9,394054E-1;;
30/11/2021  10:22:48,966822;9,395611E-1;1,152668E-1;1,050943E-1;9,395335E-1;;
30/11/2021  10:22:48,966922;9,395581E-1;1,229127E-1;1,335282E-1;9,396560E-1;;
30/11/2021  10:22:48,967022;9,391319E-1;1,299215E-1;1,325804E-1;9,397728E-1;;
30/11/2021  10:22:48,967122;9,392631E-1;1,356559E-1;1,328963E-1;9,398835E-1;;
30/11/2021  10:22:48,967222;9,395164E-1;1,442576E-1;1,401627E-1;9,399879E-1;;
30/11/2021  10:22:48,967322;9,398293E-1;1,410718E-1;1,347919E-1;9,400859E-1;;
30/11/2021  10:22:48,967422;9,398293E-1;1,308772E-1;1,240502E-1;9,401774E-1;;
30/11/2021  10:22:48,967522;9,399277E-1;1,710183E-1;1,900800E-1;9,402624E-1;;
30/11/2021  10:22:48,967622;9,396386E-1;1,219570E-1;1,224705E-1;9,403409E-1;;
30/11/2021  10:22:48,967722;9,402793E-1;1,069837E-1;1,098333E-1;9,404131E-1;;
30/11/2021  10:22:48,967822;9,396356E-1;1,174969E-1;1,164678E-1;9,404791E-1;;
30/11/2021  10:22:48,967922;9,393078E-1;1,197269E-1;1,335282E-1;9,405388E-1;;
30/11/2021  10:22:48,968022;9,396416E-1;1,133553E-1;1,306848E-1;9,405925E-1;;
30/11/2021  10:22:48,968122;9,399932E-1;7,193994E-2;1,158360E-1;9,406402E-1;;
30/11/2021  10:22:48,968222;9,400230E-1;9,519628E-2;8,013565E-2;9,406821E-1;;
30/11/2021  10:22:48,968322;9,399992E-1;1,053908E-1;1,054102E-1;9,407184E-1;;
30/11/2021  10:22:48,968422;9,394270E-1;8,117876E-2;9,972343E-2;9,407492E-1;;
30/11/2021  10:22:48,968522;9,389382E-1;1,047537E-1;1,205749E-1;9,407748E-1;;
30/11/2021  10:22:48,968622;9,398084E-1;8,978042E-2;1,107811E-1;9,407952E-1;;
30/11/2021  10:22:48,968722;9,399545E-1;1,111253E-1;1,262617E-1;9,408107E-1;;
30/11/2021  10:22:48,968822;9,404224E-1;1,238685E-1;1,363715E-1;9,408214E-1;;
30/11/2021  10:22:48,968922;9,399426E-1;2,203982E-1;2,289396E-1;9,408277E-1;;
30/11/2021  10:22:48,969022;9,402436E-1;1,585937E-1;1,483770E-1;9,408298E-1;;
30/11/2021  10:22:48,969122;9,396624E-1;1,754784E-1;1,559593E-1;9,408282E-1;;
30/11/2021  10:22:48,969222;9,394001E-1;1,550893E-1;1,417424E-1;9,408229E-1;;
30/11/2021  10:22:48,969322;9,395343E-1;1,742041E-1;1,657532E-1;9,408143E-1;;
30/11/2021  10:22:48,969422;9,400916E-1;1,547707E-1;1,398468E-1;9,408025E-1;;
30/11/2021  10:22:48,969522;9,404760E-1;1,165411E-1;1,430061E-1;9,407877E-1;;
30/11/2021  10:22:48,969622;9,402227E-1;1,299215E-1;1,692285E-1;9,407702E-1;;
30/11/2021  10:22:48,969722;9,400826E-1;9,455912E-2;9,972343E-2;9,407504E-1;;
30/11/2021  10:22:48,969822;9,399753E-1;1,458505E-1;1,575390E-1;9,407285E-1;;
30/11/2021  10:22:48,969922;9,399873E-1;9,424054E-2;1,588027E-1;9,407049E-1;;
30/11/2021  10:22:48,970022;9,404164E-1;1,136739E-1;1,294210E-1;9,406797E-1;;
30/11/2021  10:22:48,970122;9,409618E-1;1,047537E-1;1,452176E-1;9,406532E-1;;
30/11/2021  10:22:48,970222;9,412122E-1;8,340882E-2;1,110970E-1;9,406257E-1;;
30/11/2021  10:22:48,970322;9,413463E-1;1,123996E-1;1,092014E-1;9,405977E-1;;
30/11/2021  10:22:48,970422;9,411734E-1;1,251428E-1;1,234183E-1;9,405696E-1;;
30/11/2021  10:22:48,970522;9,404790E-1;1,283286E-1;1,161519E-1;9,405417E-1;;
30/11/2021  10:22:48,970622;9,405952E-1;1,292843E-1;1,392149E-1;9,405143E-1;;
30/11/2021  10:22:48,970722;9,404611E-1;1,133553E-1;1,158360E-1;9,404875E-1;;
30/11/2021  10:22:48,970822;9,407919E-1;1,206827E-1;1,249980E-1;9,404615E-1;;
30/11/2021  10:22:48,970922;9,410274E-1;1,229127E-1;1,205749E-1;9,404365E-1;;
30/11/2021  10:22:48,971022;9,404969E-1;1,260985E-1;1,281573E-1;9,404125E-1;;
30/11/2021  10:22:48,971122;9,391915E-1;6,779840E-2;8,866581E-2;9,403897E-1;;
30/11/2021  10:22:48,971222;9,390216E-1;1,280100E-1;1,430061E-1;9,403680E-1;;
30/11/2021  10:22:48,971322;9,393644E-1;1,324701E-1;1,243661E-1;9,403472E-1;;
30/11/2021  10:22:48,971422;9,392332E-1;1,601866E-1;1,812339E-1;9,403270E-1;;
30/11/2021  10:22:48,971522;9,386849E-1;1,363980E-2;7,476481E-2;9,403073E-1;;
30/11/2021  10:22:48,971622;9,378474E-1;1,321516E-1;1,490088E-1;9,402878E-1;;
30/11/2021  10:22:48,971722;9,373795E-1;1,324701E-1;1,496407E-1;9,402681E-1;;
30/11/2021  10:22:48,971822;9,363394E-1;1,219570E-1;1,253139E-1;9,402478E-1;;
30/11/2021  10:22:48,971922;9,356271E-1;1,299215E-1;1,328963E-1;9,402264E-1;;
30/11/2021  10:22:48,972022;9,354453E-1;1,331073E-1;1,297370E-1;9,402030E-1;;
30/11/2021  10:22:48,972122;9,354572E-1;1,331073E-1;1,234183E-1;9,401772E-1;;
30/11/2021  10:22:48,972222;9,350429E-1;1,347002E-1;1,537478E-1;9,401482E-1;;
30/11/2021  10:22:48,972322;9,344439E-1;7,671864E-2;8,929768E-2;9,401155E-1;;
30/11/2021  10:22:48,972422;9,333948E-1;1,429833E-1;1,777586E-1;9,400785E-1;;
30/11/2021  10:22:48,972522;9,325723E-1;6,238254E-2;1,066739E-1;9,400365E-1;;
30/11/2021  10:22:48,972622;9,324620E-1;1,283286E-1;1,249980E-1;9,399887E-1;;
30/11/2021  10:22:48,972722;9,323011E-1;3,689614E-2;7,602853E-2;9,399346E-1;;
30/11/2021  10:22:48,972822;9,323100E-1;1,305587E-1;1,221546E-1;9,398735E-1;;
30/11/2021  10:22:48,972922;9,313861E-1;4,868360E-2;7,350108E-2;9,398048E-1;;
30/11/2021  10:22:48,973022;9,307185E-1;1,197269E-1;1,009872E-1;9,397282E-1;;
30/11/2021  10:22:48,973122;9,305040E-1;1,442576E-1;1,714400E-1;9,396430E-1;;
30/11/2021  10:22:48,973222;9,299615E-1;1,347002E-1;1,373193E-1;9,395488E-1;;
30/11/2021  10:22:48,973322;9,294400E-1;1,200455E-1;1,240502E-1;9,394453E-1;;
30/11/2021  10:22:48,973422;9,305248E-1;1,248242E-1;1,284732E-1;9,393319E-1;;
30/11/2021  10:22:48,973522;9,299139E-1;1,331073E-1;1,332122E-1;9,392086E-1;;
30/11/2021  10:22:48,973622;9,299645E-1;1,264171E-1;1,186794E-1;9,390753E-1;;
30/11/2021  10:22:48,973722;9,296754E-1;1,315144E-1;1,382671E-1;9,389320E-1;;
30/11/2021  10:22:48,973822;9,296665E-1;6,843556E-2;1,013031E-1;9,387788E-1;;
30/11/2021  10:22:48,973922;9,290525E-1;1,241871E-1;1,199431E-1;9,386159E-1;;
30/11/2021  10:22:48,974022;9,294549E-1;1,276914E-1;1,319485E-1;9,384435E-1;;
30/11/2021  10:22:48,974122;9,302238E-1;1,302401E-1;1,297370E-1;9,382617E-1;;
30/11/2021  10:22:48,974222;9,307156E-1;1,589123E-1;1,442698E-1;9,380712E-1;;
30/11/2021  10:22:48,974322;9,309063E-1;7,703722E-2;8,929768E-2;9,378726E-1;;
30/11/2021  10:22:48,974422;9,308199E-1;1,407532E-1;1,559593E-1;9,376665E-1;;
30/11/2021  10:22:48,974522;9,307513E-1;1,706997E-1;1,670170E-1;9,374538E-1;;
30/11/2021  10:22:48,974622;9,312371E-1;1,229127E-1;1,186794E-1;9,372353E-1;;
30/11/2021  10:22:48,974722;9,316424E-1;4,199342E-2;7,981972E-2;9,370118E-1;;
30/11/2021  10:22:48,974822;9,320954E-1;1,245056E-1;1,193112E-1;9,367843E-1;;
30/11/2021  10:22:48,974922;9,327571E-1;1,375674E-1;1,689125E-1;9,365537E-1;;
30/11/2021  10:22:48,975022;9,335528E-1;1,146297E-1;9,308886E-2;9,363211E-1;;
30/11/2021  10:22:48,975122;9,333561E-1;1,184526E-1;9,656411E-2;9,360877E-1;;
30/11/2021  10:22:48,975222;9,336720E-1;1,041165E-1;1,025668E-1;9,358547E-1;;
30/11/2021  10:22:48,975322;9,341280E-1;1,260985E-1;1,227865E-1;9,356232E-1;;
30/11/2021  10:22:48,975422;9,348105E-1;6,747982E-2;8,455870E-2;9,353944E-1;;
30/11/2021  10:22:48,975522;9,354662E-1;8,245308E-2;1,771268E-1;9,351693E-1;;
30/11/2021  10:22:48,975622;9,358804E-1;1,053908E-1;7,981972E-2;9,349492E-1;;
30/11/2021  10:22:48,975722;9,365659E-1;1,241871E-1;1,287892E-1;9,347352E-1;;
30/11/2021  10:22:48,975822;9,366970E-1;6,110822E-2;8,771802E-2;9,345285E-1;;
30/11/2021  10:22:48,975922;9,370487E-1;1,267357E-1;1,594346E-1;9,343303E-1;;
30/11/2021  10:22:48,976022;9,376090E-1;8,404598E-2;7,855599E-2;9,341417E-1;;
30/11/2021  10:22:48,976122;9,383570E-1;1,123996E-1;1,253139E-1;9,339635E-1;;
30/11/2021  10:22:48,976222;9,391736E-1;1,130368E-1;1,347919E-1;9,337968E-1;;
30/11/2021  10:22:48,976322;9,393972E-1;1,088952E-1;1,388990E-1;9,336427E-1;;
30/11/2021  10:22:48,976422;9,398353E-1;1,098510E-1;1,208909E-1;9,335020E-1;;
30/11/2021  10:22:48,976522;9,392094E-1;1,041165E-1;1,047783E-1;9,333757E-1;;
30/11/2021  10:22:48,976622;9,400499E-1;1,009307E-1;1,098333E-1;9,332643E-1;;
30/11/2021  10:22:48,976722;9,402167E-1;9,041758E-2;9,624818E-2;9,331684E-1;;
30/11/2021  10:22:48,976822;9,409052E-1;8,277166E-2;1,013031E-1;9,330886E-1;;
30/11/2021  10:22:48,976922;9,412479E-1;9,615202E-2;1,069899E-1;9,330253E-1;;
30/11/2021  10:22:48,977022;9,413940E-1;9,647060E-2;1,107811E-1;9,329788E-1;;
30/11/2021  10:22:48,977122;9,417158E-1;9,870066E-2;9,530039E-2;9,329494E-1;;
30/11/2021  10:22:48,977222;9,413284E-1;4,932076E-2;6,591871E-2;9,329373E-1;;
30/11/2021  10:22:48,977322;9,417725E-1;1,719741E-1;1,676488E-1;9,329426E-1;;
30/11/2021  10:22:48,977422;9,419870E-1;1,108067E-1;1,556434E-1;9,329652E-1;;
30/11/2021  10:22:48,977522;9,414536E-1;1,722926E-1;1,806020E-1;9,330050E-1;;
30/11/2021  10:22:48,977622;9,426964E-1;9,965640E-2;1,417424E-1;9,330616E-1;;
30/11/2021  10:22:48,977722;9,421450E-1;1,464877E-1;1,395309E-1;9,331348E-1;;
30/11/2021  10:22:48,977822;9,422672E-1;1,276914E-1;1,281573E-1;9,332242E-1;;
30/11/2021  10:22:48,977922;9,413582E-1;1,576380E-1;1,556434E-1;9,333294E-1;;
30/11/2021  10:22:48,978022;9,426427E-1;1,241871E-1;1,189953E-1;9,334497E-1;;
30/11/2021  10:22:48,978122;9,424371E-1;1,417090E-1;1,392149E-1;9,335845E-1;;
30/11/2021  10:22:48,978222;9,425622E-1;1,206827E-1;1,300529E-1;9,337331E-1;;
30/11/2021  10:22:48,978322;9,435279E-1;1,187712E-1;1,174156E-1;9,338949E-1;;
30/11/2021  10:22:48,978422;9,431643E-1;8,340882E-2;7,350108E-2;9,340692E-1;;
30/11/2021  10:22:48,978522;9,431851E-1;1,130368E-1;9,340479E-2;9,342555E-1;;
30/11/2021  10:22:48,978622;9,429616E-1;7,608148E-2;7,476481E-2;9,344531E-1;;
30/11/2021  10:22:48,978722;9,431494E-1;1,229127E-1;1,174156E-1;9,346612E-1;;
30/11/2021  10:22:48,978822;9,440226E-1;1,273729E-1;1,467973E-1;9,348790E-1;;
30/11/2021  10:22:48,978922;9,441537E-1;1,305587E-1;1,366875E-1;9,351058E-1;;
30/11/2021  10:22:48,979022;9,444011E-1;1,254614E-1;1,272095E-1;9,353410E-1;;
30/11/2021  10:22:48,979122;9,442878E-1;1,280100E-1;1,373193E-1;9,355839E-1;;
30/11/2021  10:22:48,979222;9,439779E-1;1,168597E-1;1,208909E-1;9,358340E-1;;
30/11/2021  10:22:48,979322;9,438855E-1;1,213198E-1;1,253139E-1;9,360904E-1;;
30/11/2021  10:22:48,979422;9,443385E-1;1,203641E-1;1,231024E-1;9,363523E-1;;
30/11/2021  10:22:48,979522;9,453250E-1;1,499920E-1;1,360556E-1;9,366191E-1;;
30/11/2021  10:22:48,979622;9,449316E-1;1,260985E-1;1,202590E-1;9,368902E-1;;
30/11/2021  10:22:48,979722;9,449912E-1;1,292843E-1;1,300529E-1;9,371649E-1;;
30/11/2021  10:22:48,979822;9,449375E-1;1,088952E-1;1,142563E-1;9,374426E-1;;
30/11/2021  10:22:48,979922;9,446395E-1;1,206827E-1;1,069899E-1;9,377226E-1;;
30/11/2021  10:22:48,980022;9,449107E-1;9,169190E-2;1,474292E-1;9,380044E-1;;
30/11/2021  10:22:48,980122;9,451909E-1;1,203641E-1;7,571260E-2;9,382873E-1;;
30/11/2021  10:22:48,980222;9,457899E-1;1,311958E-1;1,335282E-1;9,385706E-1;;
30/11/2021  10:22:48,980322;9,456230E-1;1,140974E-2;2,958653E-2;9,388538E-1;;
30/11/2021  10:22:48,980422;9,455217E-1;1,235499E-1;1,129926E-1;9,391365E-1;;
30/11/2021  10:22:48,980522;9,455485E-1;1,560451E-1;1,720719E-1;9,394181E-1;;
30/11/2021  10:22:48,980622;9,452713E-1;1,305587E-1;1,303688E-1;9,396982E-1;;
30/11/2021  10:22:48,980722;9,461028E-1;1,595494E-1;1,723878E-1;9,399762E-1;;
30/11/2021  10:22:48,980822;9,463830E-1;1,620981E-1;1,600664E-1;9,402517E-1;;
30/11/2021  10:22:48,980922;9,464784E-1;1,523270E-2;8,740209E-2;9,405243E-1;;
30/11/2021  10:22:48,981022;9,464664E-1;1,296029E-1;1,392149E-1;9,407938E-1;;
30/11/2021  10:22:48,981122;9,459359E-1;1,315144E-1;1,281573E-1;9,410599E-1;;
30/11/2021  10:22:48,981222;9,449375E-1;1,362931E-1;1,275255E-1;9,413222E-1;;
30/11/2021  10:22:48,981322;9,453637E-1;1,057094E-1;1,139404E-1;9,415803E-1;;
30/11/2021  10:22:48,981422;9,457184E-1;1,302401E-1;1,291051E-1;9,418335E-1;;
30/11/2021  10:22:48,981522;9,454174E-1;7,353284E-2;8,171531E-2;9,420815E-1;;
30/11/2021  10:22:48,981622;9,455038E-1;1,114439E-1;9,214107E-2;9,423239E-1;;
30/11/2021  10:22:48,981722;9,455455E-1;1,315144E-1;1,338441E-1;9,425604E-1;;
30/11/2021  10:22:48,981822;9,453309E-1;1,433019E-1;1,436380E-1;9,427905E-1;;
30/11/2021  10:22:48,981922;9,446723E-1;1,382046E-1;1,370034E-1;9,430140E-1;;
30/11/2021  10:22:48,982022;9,449882E-1;1,372488E-1;1,344760E-1;9,432304E-1;;
30/11/2021  10:22:48,982122;9,455932E-1;2,032998E-2;1,054102E-1;9,434395E-1;;
30/11/2021  10:22:48,982222;9,457124E-1;1,063466E-1;9,845971E-2;9,436410E-1;;
30/11/2021  10:22:48,982322;9,456349E-1;1,436204E-1;1,594346E-1;9,438347E-1;;
30/11/2021  10:22:48,982422;9,451074E-1;1,280100E-1;1,313166E-1;9,440207E-1;;
30/11/2021  10:22:48,982522;9,443534E-1;1,289658E-1;1,325804E-1;9,441987E-1;;
30/11/2021  10:22:48,982622;9,438706E-1;1,350188E-1;1,344760E-1;9,443685E-1;;
30/11/2021  10:22:48,982722;9,441180E-1;7,066562E-2;1,297370E-1;9,445298E-1;;
30/11/2021  10:22:48,982822;9,448630E-1;1,229127E-1;1,202590E-1;9,446824E-1;;
30/11/2021  10:22:48,982922;9,447736E-1;1,139925E-1;1,297370E-1;9,448261E-1;;
30/11/2021  10:22:48,983022;9,451134E-1;1,187712E-1;8,424277E-2;9,449608E-1;;
30/11/2021  10:22:48,983122;9,443832E-1;1,726112E-1;2,039810E-1;9,450867E-1;;
30/11/2021  10:22:48,983222;9,448392E-1;1,238685E-1;1,373193E-1;9,452038E-1;;
30/11/2021  10:22:48,983322;9,453637E-1;1,308772E-1;1,284732E-1;9,453122E-1;;
30/11/2021  10:22:48,983422;9,465797E-1;1,095324E-1;1,044624E-1;9,454121E-1;;
30/11/2021  10:22:48,983522;9,465499E-1;1,429833E-1;1,559593E-1;9,455038E-1;;
30/11/2021  10:22:48,983622;9,471161E-1;1,200455E-1;1,047783E-1;9,455880E-1;;
30/11/2021  10:22:48,983722;9,472622E-1;1,471248E-1;1,651214E-1;9,456651E-1;;
30/11/2021  10:22:48,983822;9,476556E-1;9,965640E-2;1,812339E-1;9,457358E-1;;
30/11/2021  10:22:48,983922;9,473069E-1;1,283286E-1;1,268936E-1;9,458007E-1;;
30/11/2021  10:22:48,984022;9,479208E-1;1,162226E-1;1,227865E-1;9,458605E-1;;
30/11/2021  10:22:48,984122;9,482963E-1;1,216384E-1;1,243661E-1;9,459156E-1;;
30/11/2021  10:22:48,984222;9,485705E-1;1,203641E-1;1,167838E-1;9,459669E-1;;
30/11/2021  10:22:48,984322;9,487583E-1;1,114439E-1;1,136244E-1;9,460149E-1;;
30/11/2021  10:22:48,984422;9,490265E-1;1,133553E-1;1,234183E-1;9,460602E-1;;
30/11/2021  10:22:48,984522;9,491487E-1;1,146297E-1;1,221546E-1;9,461036E-1;;
30/11/2021  10:22:48,984622;9,484573E-1;1,302401E-1;2,039810E-1;9,461456E-1;;
30/11/2021  10:22:48,984722;9,489967E-1;1,311958E-1;1,430061E-1;9,461867E-1;;
30/11/2021  10:22:48,984822;9,496166E-1;6,429402E-2;6,528685E-2;9,462273E-1;;
30/11/2021  10:22:48,984922;9,492858E-1;1,095324E-1;1,170997E-1;9,462679E-1;;
30/11/2021  10:22:48,985022;9,501560E-1;-3,159856E-2;4,380347E-2;9,463089E-1;;
30/11/2021  10:22:48,985122;9,498074E-1;9,328480E-2;1,155200E-1;9,463508E-1;;
30/11/2021  10:22:48,985222;9,492411E-1;1,200455E-1;1,319485E-1;9,463940E-1;;
30/11/2021  10:22:48,985322;9,491785E-1;1,321516E-1;1,562753E-1;9,464388E-1;;
30/11/2021  10:22:48,985422;9,490980E-1;1,311958E-1;1,411105E-1;9,464852E-1;;
30/11/2021  10:22:48,985522;9,496852E-1;1,541336E-1;1,467973E-1;9,465334E-1;;
30/11/2021  10:22:48,985622;9,497597E-1;1,891774E-1;1,970305E-1;9,465836E-1;;
30/11/2021  10:22:48,985722;9,495600E-1;1,770713E-1;1,512204E-1;9,466357E-1;;
30/11/2021  10:22:48,985822;9,490623E-1;1,579565E-1;1,167838E-1;9,466900E-1;;
30/11/2021  10:22:48,985922;9,485258E-1;1,461691E-1;1,256299E-1;9,467463E-1;;
30/11/2021  10:22:48,986022;9,481116E-1;1,445762E-1;1,521681E-1;9,468044E-1;;
30/11/2021  10:22:48,986122;9,479327E-1;1,334259E-1;1,297370E-1;9,468642E-1;;
30/11/2021  10:22:48,986222;9,483053E-1;1,286472E-1;1,325804E-1;9,469252E-1;;
30/11/2021  10:22:48,986322;9,481116E-1;9,870066E-2;1,013031E-1;9,469872E-1;;
30/11/2021  10:22:48,986422;9,473188E-1;1,305587E-1;1,401627E-1;9,470498E-1;;
30/11/2021  10:22:48,986522;9,466721E-1;1,308772E-1;1,259458E-1;9,471126E-1;;
30/11/2021  10:22:48,986622;9,454949E-1;1,079395E-1;1,370034E-1;9,471752E-1;;
30/11/2021  10:22:48,986722;9,451372E-1;1,254614E-1;1,281573E-1;9,472368E-1;;
30/11/2021  10:22:48,986822;9,454472E-1;1,241871E-1;1,256299E-1;9,472967E-1;;
30/11/2021  10:22:48,986922;9,448809E-1;1,232313E-1;1,265777E-1;9,473542E-1;;
30/11/2021  10:22:48,987022;9,439719E-1;1,270543E-1;1,300529E-1;9,474086E-1;;
30/11/2021  10:22:48,987122;9,436530E-1;9,742634E-2;9,466852E-2;9,474592E-1;;
30/11/2021  10:22:48,987222;9,430629E-1;8,818752E-2;1,174156E-1;9,475052E-1;;
30/11/2021  10:22:48,987322;9,418023E-1;1,127182E-1;1,082536E-1;9,475459E-1;;
30/11/2021  10:22:48,987422;9,418172E-1;1,238685E-1;1,351078E-1;9,475804E-1;;
30/11/2021  10:22:48,987522;9,409439E-1;1,305587E-1;1,262617E-1;9,476078E-1;;
30/11/2021  10:22:48,987622;9,407592E-1;7,926728E-2;1,540637E-1;9,476273E-1;;
30/11/2021  10:22:48,987722;9,403181E-1;1,343816E-1;1,170997E-1;9,476382E-1;;
30/11/2021  10:22:48,987822;9,395968E-1;1,257800E-1;1,303688E-1;9,476397E-1;;
30/11/2021  10:22:48,987922;9,388816E-1;1,238685E-1;1,613302E-1;9,476311E-1;;
30/11/2021  10:22:48,988022;9,379458E-1;1,327887E-1;1,325804E-1;9,476117E-1;;
30/11/2021  10:22:48,988122;9,383898E-1;1,219570E-1;1,202590E-1;9,475809E-1;;
30/11/2021  10:22:48,988222;9,380024E-1;1,493549E-1;1,559593E-1;9,475379E-1;;
30/11/2021  10:22:48,988322;9,378802E-1;1,496735E-1;2,074562E-1;9,474824E-1;;
30/11/2021  10:22:48,988422;9,375017E-1;1,356559E-1;1,477451E-1;9,474140E-1;;
30/11/2021  10:22:48,988522;9,368907E-1;1,372488E-1;1,281573E-1;9,473325E-1;;
30/11/2021  10:22:48,988622;9,365003E-1;1,331073E-1;1,272095E-1;9,472376E-1;;
30/11/2021  10:22:48,988722;9,367864E-1;1,375674E-1;1,281573E-1;9,471292E-1;;
30/11/2021  10:22:48,988822;9,370815E-1;1,206827E-1;1,325804E-1;9,470073E-1;;
30/11/2021  10:22:48,988922;9,374540E-1;1,178155E-1;1,205749E-1;9,468719E-1;;
30/11/2021  10:22:48,989022;9,378713E-1;1,372488E-1;1,344760E-1;9,467235E-1;;
30/11/2021  10:22:48,989122;9,376656E-1;1,098510E-1;1,047783E-1;9,465625E-1;;
30/11/2021  10:22:48,989222;9,379607E-1;-1,535098E-2;3,306178E-2;9,463895E-1;;
30/11/2021  10:22:48,989322;9,382557E-1;8,659462E-2;1,262617E-1;9,462052E-1;;
30/11/2021  10:22:48,989422;9,382945E-1;1,254614E-1;1,249980E-1;9,460105E-1;;
30/11/2021  10:22:48,989522;9,392362E-1;5,760384E-2;8,866581E-2;9,458061E-1;;
30/11/2021  10:22:48,989622;9,397041E-1;1,372488E-1;1,319485E-1;9,455932E-1;;
30/11/2021  10:22:48,989722;9,403658E-1;1,251428E-1;1,436380E-1;9,453727E-1;;
30/11/2021  10:22:48,989822;9,401959E-1;1,232313E-1;1,196272E-1;9,451460E-1;;
30/11/2021  10:22:48,989922;9,409946E-1;1,241871E-1;1,253139E-1;9,449143E-1;;
30/11/2021  10:22:48,990022;9,405476E-1;1,264171E-1;1,376353E-1;9,446789E-1;;
30/11/2021  10:22:48,990122;9,409320E-1;1,299215E-1;1,344760E-1;9,444410E-1;;
30/11/2021  10:22:48,990222;9,418529E-1;1,366117E-1;1,341600E-1;9,442018E-1;;
30/11/2021  10:22:48,990322;9,418768E-1;1,448948E-1;1,404787E-1;9,439626E-1;;
30/11/2021  10:22:48,990422;9,419364E-1;1,225942E-1;1,262617E-1;9,437245E-1;;
30/11/2021  10:22:48,990522;9,422702E-1;1,127182E-1;1,041465E-1;9,434889E-1;;
30/11/2021  10:22:48,990622;9,416711E-1;2,893164E-2;7,350108E-2;9,432567E-1;;
30/11/2021  10:22:48,990722;9,413075E-1;1,337445E-1;1,572231E-1;9,430289E-1;;
30/11/2021  10:22:48,990822;9,416145E-1;1,232313E-1;1,123607E-1;9,428064E-1;;
30/11/2021  10:22:48,990922;9,422135E-1;1,063466E-1;9,782784E-2;9,425899E-1;;
30/11/2021  10:22:48,991022;9,417993E-1;1,270543E-1;1,212068E-1;9,423800E-1;;
30/11/2021  10:22:48,991122;9,420586E-1;2,267698E-1;2,441044E-1;9,421775E-1;;
30/11/2021  10:22:48,991222;9,418142E-1;1,407532E-1;1,328963E-1;9,419828E-1;;
30/11/2021  10:22:48,991322;9,416145E-1;1,308772E-1;1,265777E-1;9,417964E-1;;
30/11/2021  10:22:48,991422;9,417039E-1;1,260985E-1;1,224705E-1;9,416188E-1;;
30/11/2021  10:22:48,991522;9,419483E-1;1,229127E-1;1,287892E-1;9,414502E-1;;
30/11/2021  10:22:48,991622;9,416085E-1;1,238685E-1;1,170997E-1;9,412908E-1;;
30/11/2021  10:22:48,991722;9,414148E-1;1,251428E-1;1,303688E-1;9,411408E-1;;
30/11/2021  10:22:48,991822;9,409439E-1;1,321516E-1;1,208909E-1;9,410003E-1;;
30/11/2021  10:22:48,991922;9,405863E-1;1,241871E-1;1,101492E-1;9,408692E-1;;
30/11/2021  10:22:48,992022;9,402257E-1;1,459554E-2;4,127601E-2;9,407474E-1;;
30/11/2021  10:22:48,992122;9,396952E-1;1,143111E-1;1,212068E-1;9,406345E-1;;
30/11/2021  10:22:48,992222;9,400141E-1;1,267357E-1;1,003553E-1;9,405303E-1;;
30/11/2021  10:22:48,992322;9,397161E-1;1,302401E-1;1,253139E-1;9,404342E-1;;
30/11/2021  10:22:48,992422;9,389769E-1;1,139925E-1;1,041465E-1;9,403459E-1;;
30/11/2021  10:22:48,992522;9,391915E-1;1,200455E-1;1,231024E-1;9,402648E-1;;
30/11/2021  10:22:48,992622;9,388607E-1;1,174969E-1;1,227865E-1;9,401905E-1;;
30/11/2021  10:22:48,992722;9,383511E-1;9,487770E-2;1,044624E-1;9,401224E-1;;
30/11/2021  10:22:48,992822;9,383988E-1;-2,490838E-2;5,391329E-2;9,400598E-1;;
30/11/2021  10:22:48,992922;9,386431E-1;1,028422E-1;1,559593E-1;9,400024E-1;;
30/11/2021  10:22:48,993022;9,388965E-1;8,213450E-2;1,189953E-1;9,399494E-1;;
30/11/2021  10:22:48,993122;9,379189E-1;1,082581E-1;1,442698E-1;9,399005E-1;;
30/11/2021  10:22:48,993222;9,369086E-1;1,066652E-1;1,145722E-1;9,398552E-1;;
30/11/2021  10:22:48,993322;9,370994E-1;1,060280E-1;1,085695E-1;9,398128E-1;;
30/11/2021  10:22:48,993422;9,375345E-1;8,181592E-2;8,961361E-2;9,397727E-1;;
30/11/2021  10:22:48,993522;9,370278E-1;1,015679E-1;1,142563E-1;9,397343E-1;;
30/11/2021  10:22:48,993622;9,368103E-1;1,152668E-1;1,278414E-1;9,396971E-1;;
30/11/2021  10:22:48,993722;9,368252E-1;8,181592E-2;5,675668E-2;9,396606E-1;;
30/11/2021  10:22:48,993822;9,367060E-1;1,378860E-1;1,648054E-1;9,396243E-1;;
30/11/2021  10:22:48,993922;9,364198E-1;1,477620E-1;1,430061E-1;9,395879E-1;;
30/11/2021  10:22:48,994022;9,359728E-1;1,735670E-1;1,524841E-1;9,395507E-1;;
30/11/2021  10:22:48,994122;9,357552E-1;1,831244E-1;1,619620E-1;9,395125E-1;;
30/11/2021  10:22:48,994222;9,359400E-1;8,786894E-2;1,231024E-1;9,394728E-1;;
30/11/2021  10:22:48,994322;9,366314E-1;1,270543E-1;1,546956E-1;9,394313E-1;;
30/11/2021  10:22:48,994422;9,365957E-1;1,770713E-1;1,840773E-1;9,393877E-1;;
30/11/2021  10:22:48,994522;9,363424E-1;1,190898E-1;1,208909E-1;9,393419E-1;;
30/11/2021  10:22:48,994622;9,370725E-1;1,245056E-1;1,170997E-1;9,392938E-1;;
30/11/2021  10:22:48,994722;9,364526E-1;1,098510E-1;1,095173E-1;9,392436E-1;;
30/11/2021  10:22:48,994822;9,370338E-1;1,111253E-1;1,167838E-1;9,391911E-1;;
30/11/2021  10:22:48,994922;9,376984E-1;1,165411E-1;1,155200E-1;9,391366E-1;;
30/11/2021  10:22:48,995022;9,381425E-1;1,190898E-1;1,278414E-1;9,390802E-1;;
30/11/2021  10:22:48,995122;9,390097E-1;1,216384E-1;1,098333E-1;9,390223E-1;;
30/11/2021  10:22:48,995222;9,383272E-1;1,270543E-1;1,202590E-1;9,389635E-1;;
30/11/2021  10:22:48,995322;9,384345E-1;1,222756E-1;1,335282E-1;9,389040E-1;;
30/11/2021  10:22:48,995422;9,388428E-1;1,165411E-1;1,193112E-1;9,388444E-1;;
30/11/2021  10:22:48,995522;9,396594E-1;5,537378E-2;8,203124E-2;9,387851E-1;;
30/11/2021  10:22:48,995622;9,399306E-1;1,241871E-1;1,430061E-1;9,387265E-1;;
30/11/2021  10:22:48,995722;9,398949E-1;1,034794E-1;1,079377E-1;9,386693E-1;;
30/11/2021  10:22:48,995822;9,397161E-1;1,197269E-1;1,455336E-1;9,386139E-1;;
30/11/2021  10:22:48,995922;9,398472E-1;1,181340E-1;1,231024E-1;9,385609E-1;;
30/11/2021  10:22:48,996022;9,396535E-1;1,219570E-1;1,227865E-1;9,385107E-1;;
30/11/2021  10:22:48,996122;9,395670E-1;1,267357E-1;1,240502E-1;9,384635E-1;;
30/11/2021  10:22:48,996222;9,400558E-1;1,235499E-1;1,237343E-1;9,384196E-1;;
30/11/2021  10:22:48,996322;9,402883E-1;1,095324E-1;1,098333E-1;9,383793E-1;;
30/11/2021  10:22:48,996422;9,395521E-1;1,136739E-1;1,205749E-1;9,383429E-1;;
30/11/2021  10:22:48,996522;9,391796E-1;1,031608E-1;1,104651E-1;9,383104E-1;;
30/11/2021  10:22:48,996622;9,387504E-1;1,289658E-1;1,205749E-1;9,382820E-1;;
30/11/2021  10:22:48,996722;9,389054E-1;1,108067E-1;1,044624E-1;9,382576E-1;;
30/11/2021  10:22:48,996822;9,385120E-1;7,066562E-2;8,645429E-2;9,382369E-1;;
30/11/2021  10:22:48,996922;9,389173E-1;1,190898E-1;1,253139E-1;9,382198E-1;;
30/11/2021  10:22:48,997022;9,383600E-1;1,190898E-1;1,082536E-1;9,382061E-1;;
30/11/2021  10:22:48,997122;9,381723E-1;8,436456E-2;8,613836E-2;9,381956E-1;;
30/11/2021  10:22:48,997222;9,372961E-1;1,098510E-1;1,114129E-1;9,381881E-1;;
30/11/2021  10:22:48,997322;9,365212E-1;1,315144E-1;1,319485E-1;9,381830E-1;;
30/11/2021  10:22:48,997422;9,363215E-1;1,311958E-1;1,449017E-1;9,381798E-1;;
30/11/2021  10:22:48,997522;9,363781E-1;1,203641E-1;1,215227E-1;9,381781E-1;;
30/11/2021  10:22:48,997622;9,365510E-1;1,200455E-1;1,208909E-1;9,381771E-1;;
30/11/2021  10:22:48,997722;9,364586E-1;1,283286E-1;1,648054E-1;9,381764E-1;;
30/11/2021  10:22:48,997822;9,358834E-1;1,315144E-1;1,224705E-1;9,381756E-1;;
30/11/2021  10:22:48,997922;9,350966E-1;1,327887E-1;1,455336E-1;9,381742E-1;;
30/11/2021  10:22:48,998022;9,344916E-1;7,703722E-2;8,361090E-2;9,381716E-1;;
30/11/2021  10:22:48,998122;9,340118E-1;1,238685E-1;1,303688E-1;9,381673E-1;;
30/11/2021  10:22:48,998222;9,337227E-1;1,206827E-1;1,227865E-1;9,381606E-1;;
30/11/2021  10:22:48,998322;9,339283E-1;1,273729E-1;1,265777E-1;9,381507E-1;;
30/11/2021  10:22:48,998422;9,334366E-1;1,123996E-1;9,150920E-2;9,381372E-1;;
30/11/2021  10:22:48,998522;9,330283E-1;1,251428E-1;1,325804E-1;9,381196E-1;;
30/11/2021  10:22:48,998622;9,313742E-1;1,464877E-1;1,439539E-1;9,380971E-1;;
30/11/2021  10:22:48,998722;9,313384E-1;9,498258E-3;8,929768E-2;9,380694E-1;;
30/11/2021  10:22:48,998822;9,312729E-1;1,241871E-1;1,249980E-1;9,380355E-1;;
30/11/2021  10:22:48,998922;9,315977E-1;1,276914E-1;1,259458E-1;9,379950E-1;;
30/11/2021  10:22:48,999022;9,318272E-1;1,210013E-1;1,515363E-1;9,379474E-1;;
30/11/2021  10:22:48,999122;9,320597E-1;1,222756E-1;1,341600E-1;9,378925E-1;;
30/11/2021  10:22:48,999222;9,317408E-1;1,044351E-1;7,729226E-2;9,378300E-1;;
30/11/2021  10:22:48,999322;9,314636E-1;1,015679E-1;7,950379E-2;9,377600E-1;;
30/11/2021  10:22:48,999422;9,313146E-1;-2,012968E-2;2,579535E-2;9,376824E-1;;
30/11/2021  10:22:48,999522;9,319494E-1;1,331073E-1;1,338441E-1;9,375973E-1;;
30/11/2021  10:22:48,999622;9,321044E-1;1,356559E-1;1,218387E-1;9,375047E-1;;
30/11/2021  10:22:48,999722;9,327511E-1;1,308772E-1;1,259458E-1;9,374050E-1;;
30/11/2021  10:22:48,999822;9,329031E-1;1,174969E-1;9,024547E-2;9,372986E-1;;
30/11/2021  10:22:48,999922;9,323994E-1;1,197269E-1;1,196272E-1;9,371859E-1;;
30/11/2021  10:22:49,000022;9,323398E-1;1,491412E-2;1,136244E-1;9,370675E-1;;
30/11/2021  10:22:49,000122;9,322474E-1;1,331073E-1;1,354238E-1;9,369437E-1;;
30/11/2021  10:22:49,000222;9,331356E-1;1,442576E-1;1,442698E-1;9,368152E-1;;
30/11/2021  10:22:49,000322;9,333919E-1;9,806350E-2;1,107811E-1;9,366824E-1;;
30/11/2021  10:22:49,000422;9,336720E-1;1,136739E-1;7,981972E-2;9,365460E-1;;
30/11/2021  10:22:49,000522;9,340296E-1;1,617795E-1;1,941871E-1;9,364067E-1;;
30/11/2021  10:22:49,000622;9,339313E-1;1,041165E-1;1,164678E-1;9,362653E-1;;
30/11/2021  10:22:49,000722;9,333025E-1;1,216384E-1;1,243661E-1;9,361225E-1;;
30/11/2021  10:22:49,000822;9,340326E-1;1,235499E-1;1,224705E-1;9,359790E-1;;
30/11/2021  10:22:49,000922;9,344290E-1;1,171783E-1;1,170997E-1;9,358353E-1;;
30/11/2021  10:22:49,001022;9,344081E-1;1,069837E-1;1,170997E-1;9,356921E-1;;
30/11/2021  10:22:49,001122;9,341518E-1;1,098510E-1;1,085695E-1;9,355502E-1;;
30/11/2021  10:22:49,001222;9,334008E-1;9,997498E-2;1,066739E-1;9,354100E-1;;
30/11/2021  10:22:49,001322;9,333233E-1;6,684266E-2;6,086380E-2;9,352721E-1;;
30/11/2021  10:22:49,001422;9,333740E-1;3,148028E-2;8,266311E-2;9,351367E-1;;
30/11/2021  10:22:49,001522;9,333531E-1;1,050723E-1;1,155200E-1;9,350041E-1;;
30/11/2021  10:22:49,001622;9,342651E-1;8,595746E-2;1,249980E-1;9,348746E-1;;
30/11/2021  10:22:49,001722;9,340118E-1;1,018865E-1;1,158360E-1;9,347486E-1;;
30/11/2021  10:22:49,001822;9,335319E-1;1,069837E-1;1,439539E-1;9,346263E-1;;
30/11/2021  10:22:49,001922;9,334634E-1;1,225942E-1;1,265777E-1;9,345079E-1;;
30/11/2021  10:22:49,002022;9,329687E-1;1,315144E-1;1,310007E-1;9,343938E-1;;
30/11/2021  10:22:49,002122;9,328733E-1;1,576380E-1;1,366875E-1;9,342839E-1;;
30/11/2021  10:22:49,002222;9,331952E-1;1,538150E-1;1,458495E-1;9,341782E-1;;
30/11/2021  10:22:49,002322;9,335737E-1;1,735670E-1;1,505885E-1;9,340768E-1;;
30/11/2021  10:22:49,002422;9,333591E-1;1,802571E-1;1,758630E-1;9,339797E-1;;
30/11/2021  10:22:49,002522;9,328494E-1;1,573194E-1;1,483770E-1;9,338870E-1;;
30/11/2021  10:22:49,002622;9,319822E-1;1,382046E-1;1,281573E-1;9,337986E-1;;
30/11/2021  10:22:49,002722;9,319136E-1;1,101695E-1;8,361090E-2;9,337144E-1;;
30/11/2021  10:22:49,002822;9,316752E-1;1,308772E-1;1,467973E-1;9,336340E-1;;
30/11/2021  10:22:49,002922;9,318242E-1;1,267357E-1;1,189953E-1;9,335573E-1;;
30/11/2021  10:22:49,003022;9,316543E-1;1,401161E-1;1,619620E-1;9,334838E-1;;
30/11/2021  10:22:49,003122;9,315322E-1;1,178155E-1;1,509044E-1;9,334134E-1;;
30/11/2021  10:22:49,003222;9,312758E-1;1,340630E-1;1,407946E-1;9,333458E-1;;
30/11/2021  10:22:49,003322;9,309808E-1;1,203641E-1;1,360556E-1;9,332806E-1;;
30/11/2021  10:22:49,003422;9,306232E-1;1,276914E-1;1,297370E-1;9,332176E-1;;
30/11/2021  10:22:49,003522;9,309182E-1;1,203641E-1;1,246821E-1;9,331564E-1;;
30/11/2021  10:22:49,003622;9,308854E-1;1,238685E-1;1,300529E-1;9,330967E-1;;
30/11/2021  10:22:49,003722;9,312103E-1;1,190898E-1;1,066739E-1;9,330382E-1;;
30/11/2021  10:22:49,003822;9,310195E-1;1,283286E-1;1,310007E-1;9,329809E-1;;
30/11/2021  10:22:49,003922;9,305427E-1;1,356559E-1;1,344760E-1;9,329244E-1;;
30/11/2021  10:22:49,004022;9,311447E-1;1,229127E-1;1,243661E-1;9,328686E-1;;
30/11/2021  10:22:49,004122;9,312520E-1;1,276914E-1;1,152041E-1;9,328134E-1;;
30/11/2021  10:22:49,004222;9,314964E-1;1,213198E-1;8,929768E-2;9,327588E-1;;
30/11/2021  10:22:49,004322;9,321252E-1;1,251428E-1;1,215227E-1;9,327047E-1;;
30/11/2021  10:22:49,004422;9,323696E-1;1,254614E-1;1,297370E-1;9,326513E-1;;
30/11/2021  10:22:49,004522;9,326915E-1;1,311958E-1;7,128955E-2;9,325988E-1;;
30/11/2021  10:22:49,004622;9,322117E-1;1,053908E-1;8,898175E-2;9,325475E-1;;
30/11/2021  10:22:49,004722;9,325693E-1;1,550893E-1;1,543797E-1;9,324975E-1;;
30/11/2021  10:22:49,004822;9,324560E-1;1,248242E-1;1,306848E-1;9,324490E-1;;
30/11/2021  10:22:49,004922;9,331058E-1;1,225942E-1;1,347919E-1;9,324023E-1;;
30/11/2021  10:22:49,005022;9,341489E-1;1,315144E-1;1,357397E-1;9,323575E-1;;
30/11/2021  10:22:49,005122;9,344707E-1;1,235499E-1;1,291051E-1;9,323152E-1;;
30/11/2021  10:22:49,005222;9,341787E-1;1,394789E-1;1,354238E-1;9,322756E-1;;
30/11/2021  10:22:49,005322;9,341489E-1;1,378860E-1;1,335282E-1;9,322394E-1;;
30/11/2021  10:22:49,005422;9,346078E-1;1,433019E-1;1,382671E-1;9,322067E-1;;
30/11/2021  10:22:49,005522;9,354214E-1;1,289658E-1;1,313166E-1;9,321779E-1;;
30/11/2021  10:22:49,005622;9,363841E-1;1,289658E-1;1,300529E-1;9,321536E-1;;
30/11/2021  10:22:49,005722;9,377252E-1;1,085766E-1;9,751191E-2;9,321341E-1;;
30/11/2021  10:22:49,005822;9,379845E-1;1,522221E-1;1,866047E-1;9,321203E-1;;
30/11/2021  10:22:49,005922;9,388279E-1;1,493549E-1;1,565912E-1;9,321128E-1;;
30/11/2021  10:22:49,006022;9,392839E-1;1,318330E-1;1,392149E-1;9,321125E-1;;
30/11/2021  10:22:49,006122;9,394568E-1;1,031608E-1;1,629098E-1;9,321201E-1;;
30/11/2021  10:22:49,006222;9,399187E-1;1,490363E-1;1,445858E-1;9,321363E-1;;
30/11/2021  10:22:49,006322;9,406876E-1;1,143111E-1;1,433221E-1;9,321617E-1;;
30/11/2021  10:22:49,006422;9,412748E-1;1,299215E-1;1,303688E-1;9,321970E-1;;
30/11/2021  10:22:49,006522;9,414893E-1;1,340630E-1;1,543797E-1;9,322428E-1;;
30/11/2021  10:22:49,006622;9,412569E-1;1,222756E-1;1,243661E-1;9,322996E-1;;
30/11/2021  10:22:49,006722;9,411764E-1;1,270543E-1;1,287892E-1;9,323678E-1;;
30/11/2021  10:22:49,006822;9,417248E-1;1,464877E-1;1,442698E-1;9,324476E-1;;
30/11/2021  10:22:49,006922;9,420973E-1;1,289658E-1;9,624818E-2;9,325392E-1;;
30/11/2021  10:22:49,007022;9,430480E-1;1,327887E-1;1,104651E-1;9,326428E-1;;
30/11/2021  10:22:49,007122;9,434086E-1;1,311958E-1;1,325804E-1;9,327585E-1;;
30/11/2021  10:22:49,007222;9,432567E-1;1,305587E-1;1,180475E-1;9,328864E-1;;
30/11/2021  10:22:49,007322;9,436471E-1;1,315144E-1;1,310007E-1;9,330266E-1;;
30/11/2021  10:22:49,007422;9,436560E-1;1,241871E-1;1,351078E-1;9,331790E-1;;
30/11/2021  10:22:49,007522;9,437126E-1;1,407532E-1;1,496407E-1;9,333435E-1;;
30/11/2021  10:22:49,007622;9,446812E-1;1,111253E-1;1,031987E-1;9,335199E-1;;
30/11/2021  10:22:49,007722;9,447706E-1;1,292843E-1;1,253139E-1;9,337081E-1;;
30/11/2021  10:22:49,007822;9,447915E-1;1,178155E-1;1,107811E-1;9,339078E-1;;
30/11/2021  10:22:49,007922;9,444816E-1;1,633724E-1;1,938712E-1;9,341186E-1;;
30/11/2021  10:22:49,008022;9,443921E-1;1,299215E-1;1,493248E-1;9,343403E-1;;
30/11/2021  10:22:49,008122;9,441269E-1;1,260985E-1;1,332122E-1;9,345722E-1;;
30/11/2021  10:22:49,008222;9,437842E-1;1,337445E-1;1,366875E-1;9,348137E-1;;
30/11/2021  10:22:49,008322;9,445978E-1;1,340630E-1;1,401627E-1;9,350641E-1;;
30/11/2021  10:22:49,008422;9,445233E-1;1,241871E-1;1,076217E-1;9,353226E-1;;
30/11/2021  10:22:49,008522;9,448243E-1;1,359745E-1;1,212068E-1;9,355885E-1;;
30/11/2021  10:22:49,008622;9,449465E-1;1,347002E-1;1,322644E-1;9,358612E-1;;
30/11/2021  10:22:49,008722;9,447617E-1;1,611423E-1;1,742834E-1;9,361399E-1;;
30/11/2021  10:22:49,008822;9,440494E-1;2,319720E-2;6,023194E-2;9,364239E-1;;
30/11/2021  10:22:49,008922;9,446336E-1;1,088952E-1;1,079377E-1;9,367123E-1;;
30/11/2021  10:22:49,009022;9,445084E-1;1,044351E-1;1,246821E-1;9,370044E-1;;
30/11/2021  10:22:49,009122;9,448899E-1;1,302401E-1;1,417424E-1;9,372993E-1;;
30/11/2021  10:22:49,009222;9,445501E-1;-6,112162E-3;6,086380E-2;9,375963E-1;;
30/11/2021  10:22:49,009322;9,442014E-1;7,926728E-2;8,361090E-2;9,378945E-1;;
30/11/2021  10:22:49,009422;9,431076E-1;1,022050E-1;1,161519E-1;9,381932E-1;;
30/11/2021  10:22:49,009522;9,439302E-1;1,327887E-1;1,515363E-1;9,384915E-1;;
30/11/2021  10:22:49,009622;9,435368E-1;1,069837E-1;1,215227E-1;9,387883E-1;;
30/11/2021  10:22:49,009722;9,436799E-1;9,838208E-2;1,120448E-1;9,390828E-1;;
30/11/2021  10:22:49,009822;9,433788E-1;9,455912E-2;1,095173E-1;9,393743E-1;;
30/11/2021  10:22:49,009922;9,430391E-1;1,002936E-1;8,740209E-2;9,396618E-1;;
30/11/2021  10:22:49,010022;9,430927E-1;1,206827E-1;1,651214E-1;9,399446E-1;;
30/11/2021  10:22:49,010122;9,425682E-1;-8,830580E-2;1,884484E-2;9,402220E-1;;
30/11/2021  10:22:49,010222;9,425593E-1;1,098510E-1;1,180475E-1;9,404931E-1;;
30/11/2021  10:22:49,010322;9,430898E-1;1,168597E-1;1,246821E-1;9,407571E-1;;
30/11/2021  10:22:49,010422;9,434861E-1;1,433019E-1;1,553275E-1;9,410136E-1;;
30/11/2021  10:22:49,010522;9,439302E-1;1,340630E-1;1,193112E-1;9,412620E-1;;
30/11/2021  10:22:49,010622;9,436590E-1;1,627352E-1;1,559593E-1;9,415021E-1;;
30/11/2021  10:22:49,010722;9,435785E-1;1,805757E-1;1,648054E-1;9,417336E-1;;
30/11/2021  10:22:49,010822;9,435636E-1;1,095324E-1;1,859729E-1;9,419562E-1;;
30/11/2021  10:22:49,010922;9,441060E-1;1,573194E-1;1,531159E-1;9,421698E-1;;
30/11/2021  10:22:49,011022;9,445561E-1;1,283286E-1;1,376353E-1;9,423743E-1;;
30/11/2021  10:22:49,011122;9,454084E-1;1,324701E-1;1,319485E-1;9,425697E-1;;
30/11/2021  10:22:49,011222;9,453220E-1;1,050723E-1;1,935552E-1;9,427563E-1;;
30/11/2021  10:22:49,011322;9,451819E-1;1,241871E-1;1,174156E-1;9,429342E-1;;
30/11/2021  10:22:49,011422;9,454055E-1;1,280100E-1;1,218387E-1;9,431038E-1;;
30/11/2021  10:22:49,011522;9,457541E-1;1,448948E-1;1,673329E-1;9,432653E-1;;
30/11/2021  10:22:49,011622;9,458734E-1;1,120810E-1;1,360556E-1;9,434191E-1;;
30/11/2021  10:22:49,011722;9,470774E-1;1,178155E-1;1,066739E-1;9,435655E-1;;
30/11/2021  10:22:49,011822;9,462489E-1;1,162226E-1;1,120448E-1;9,437049E-1;;
30/11/2021  10:22:49,011922;9,463830E-1;9,615202E-2;6,686651E-2;9,438379E-1;;
30/11/2021  10:22:49,012022;9,455962E-1;1,343816E-1;1,420583E-1;9,439648E-1;;
30/11/2021  10:22:49,012122;9,457512E-1;1,515849E-1;1,704922E-1;9,440858E-1;;
30/11/2021  10:22:49,012222;9,459598E-1;1,455319E-1;1,644895E-1;9,442012E-1;;
30/11/2021  10:22:49,012322;9,461624E-1;1,296029E-1;1,139404E-1;9,443112E-1;;
30/11/2021  10:22:49,012422;9,470625E-1;9,901924E-2;1,139404E-1;9,444161E-1;;
30/11/2021  10:22:49,012522;9,470685E-1;1,499920E-1;1,742834E-1;9,445161E-1;;
30/11/2021  10:22:49,012622;9,464247E-1;1,401161E-1;2,077722E-1;9,446117E-1;;
30/11/2021  10:22:49,012722;9,464158E-1;1,002936E-1;7,034176E-2;9,447032E-1;;
30/11/2021  10:22:49,012822;9,461654E-1;1,232313E-1;1,174156E-1;9,447909E-1;;
30/11/2021  10:22:49,012922;9,464724E-1;1,324701E-1;1,287892E-1;9,448748E-1;;
30/11/2021  10:22:49,013022;9,473337E-1;1,296029E-1;1,268936E-1;9,449553E-1;;
30/11/2021  10:22:49,013122;9,474857E-1;1,079395E-1;1,170997E-1;9,450325E-1;;
30/11/2021  10:22:49,013222;9,475125E-1;1,331073E-1;1,183634E-1;9,451068E-1;;
30/11/2021  10:22:49,013322;9,474499E-1;1,241871E-1;1,284732E-1;9,451787E-1;;
30/11/2021  10:22:49,013422;9,471102E-1;1,620981E-1;1,546956E-1;9,452483E-1;;
30/11/2021  10:22:49,013522;9,466274E-1;2,188053E-1;1,837613E-1;9,453158E-1;;
30/11/2021  10:22:49,013622;9,466900E-1;1,162226E-1;1,098333E-1;9,453815E-1;;
30/11/2021  10:22:49,013722;9,470744E-1;1,187712E-1;1,328963E-1;9,454453E-1;;
30/11/2021  10:22:49,013822;9,466959E-1;1,417090E-1;1,569071E-1;9,455074E-1;;
30/11/2021  10:22:49,013922;9,463144E-1;9,169190E-2;1,632258E-1;9,455678E-1;;
30/11/2021  10:22:49,014022;9,463591E-1;1,178155E-1;1,259458E-1;9,456265E-1;;
30/11/2021  10:22:49,014122;9,458763E-1;1,280100E-1;1,284732E-1;9,456834E-1;;
30/11/2021  10:22:49,014222;9,457929E-1;1,200455E-1;9,877564E-2;9,457384E-1;;
30/11/2021  10:22:49,014322;9,453160E-1;1,184526E-1;1,328963E-1;9,457914E-1;;
30/11/2021  10:22:49,014422;9,460850E-1;1,311958E-1;1,240502E-1;9,458422E-1;;
30/11/2021  10:22:49,014522;9,452654E-1;1,337445E-1;1,439539E-1;9,458906E-1;;
30/11/2021  10:22:49,014622;9,446187E-1;1,194084E-1;1,041465E-1;9,459364E-1;;
30/11/2021  10:22:49,014722;9,440971E-1;1,085766E-1;1,000394E-1;9,459795E-1;;
30/11/2021  10:22:49,014822;9,426755E-1;1,241871E-1;1,110970E-1;9,460194E-1;;
30/11/2021  10:22:49,014922;9,428513E-1;1,254614E-1;1,183634E-1;9,460556E-1;;
30/11/2021  10:22:49,015022;9,428215E-1;1,260985E-1;1,161519E-1;9,460875E-1;;
30/11/2021  10:22:49,015122;9,418559E-1;1,238685E-1;1,531159E-1;9,461147E-1;;
30/11/2021  10:22:49,015222;9,417635E-1;7,863012E-2;1,388990E-1;9,461366E-1;;
30/11/2021  10:22:49,015322;9,407592E-1;1,417090E-1;1,449017E-1;9,461527E-1;;
30/11/2021  10:22:49,015422;9,400171E-1;1,190898E-1;1,237343E-1;9,461623E-1;;
30/11/2021  10:22:49,015522;9,394508E-1;1,200455E-1;1,208909E-1;9,461649E-1;;
30/11/2021  10:22:49,015622;9,396505E-1;1,251428E-1;1,249980E-1;9,461598E-1;;
30/11/2021  10:22:49,015722;9,391230E-1;1,190898E-1;1,205749E-1;9,461463E-1;;
30/11/2021  10:22:49,015822;9,389352E-1;7,894870E-2;6,275939E-2;9,461241E-1;;
30/11/2021  10:22:49,015922;9,380739E-1;1,267357E-1;1,278414E-1;9,460925E-1;;
30/11/2021  10:22:49,016022;9,374868E-1;1,308772E-1;1,208909E-1;9,460512E-1;;
30/11/2021  10:22:49,016122;9,364616E-1;1,213198E-1;1,095173E-1;9,459997E-1;;
30/11/2021  10:22:49,016222;9,356181E-1;1,111253E-1;9,688005E-2;9,459375E-1;;
30/11/2021  10:22:49,016322;9,352605E-1;1,417090E-1;1,464814E-1;9,458640E-1;;
30/11/2021  10:22:49,016422;9,350877E-1;1,229127E-1;1,202590E-1;9,457786E-1;;
30/11/2021  10:22:49,016522;9,343694E-1;1,060280E-1;7,918786E-2;9,456809E-1;;
30/11/2021  10:22:49,016622;9,340535E-1;1,053908E-1;1,110970E-1;9,455704E-1;;
30/11/2021  10:22:49,016722;9,334336E-1;1,025236E-1;1,022509E-1;9,454470E-1;;
30/11/2021  10:22:49,016822;9,327511E-1;1,433019E-1;1,471132E-1;9,453102E-1;;
30/11/2021  10:22:49,016922;9,326319E-1;1,324701E-1;1,385831E-1;9,451598E-1;;
30/11/2021  10:22:49,017022;9,331117E-1;1,296029E-1;1,256299E-1;9,449957E-1;;
30/11/2021  10:22:49,017122;9,330909E-1;1,359745E-1;1,294210E-1;9,448178E-1;;
30/11/2021  10:22:49,017222;9,329329E-1;1,276914E-1;1,224705E-1;9,446263E-1;;
30/11/2021  10:22:49,017322;9,323368E-1;1,235499E-1;1,240502E-1;9,444215E-1;;
30/11/2021  10:22:49,017422;9,319762E-1;1,146297E-1;1,142563E-1;9,442037E-1;;
30/11/2021  10:22:49,017522;9,318600E-1;1,222756E-1;1,231024E-1;9,439732E-1;;
30/11/2021  10:22:49,017622;9,318600E-1;1,015679E-1;1,025668E-1;9,437304E-1;;
30/11/2021  10:22:49,017722;9,328107E-1;1,088952E-1;1,123607E-1;9,434758E-1;;
30/11/2021  10:22:49,017822;9,324590E-1;9,519628E-2;9,435259E-2;9,432101E-1;;
30/11/2021  10:22:49,017922;9,323786E-1;6,939130E-2;1,916077E-2;9,429340E-1;;
30/11/2021  10:22:49,018022;9,320954E-1;1,053908E-1;1,294210E-1;9,426483E-1;;
30/11/2021  10:22:49,018122;9,316156E-1;-1,662530E-2;3,622110E-2;9,423537E-1;;
30/11/2021  10:22:49,018222;9,312401E-1;1,114439E-1;1,303688E-1;9,420511E-1;;
30/11/2021  10:22:49,018322;9,312907E-1;9,615202E-2;1,240502E-1;9,417411E-1;;
30/11/2021  10:22:49,018422;9,318212E-1;-1,535098E-2;7,223735E-2;9,414245E-1;;
30/11/2021  10:22:49,018522;9,315649E-1;9,774492E-2;1,050943E-1;9,411020E-1;;
30/11/2021  10:22:49,018622;9,319405E-1;1,152668E-1;1,493248E-1;9,407744E-1;;
30/11/2021  10:22:49,018722;9,313474E-1;1,241871E-1;1,316326E-1;9,404428E-1;;
30/11/2021  10:22:49,018822;9,313206E-1;1,315144E-1;1,328963E-1;9,401078E-1;;
30/11/2021  10:22:49,018922;9,317676E-1;8,914326E-2;9,498445E-2;9,397703E-1;;
30/11/2021  10:22:49,019022;9,322772E-1;1,579565E-1;1,411105E-1;9,394313E-1;;
30/11/2021  10:22:49,019122;9,328107E-1;1,684697E-1;1,325804E-1;9,390915E-1;;
30/11/2021  10:22:49,019222;9,341101E-1;1,620981E-1;1,521681E-1;9,387522E-1;;
30/11/2021  10:22:49,019322;9,341757E-1;1,229127E-1;1,332122E-1;9,384143E-1;;
30/11/2021  10:22:49,019422;9,339551E-1;1,280100E-1;1,240502E-1;9,380793E-1;;
30/11/2021  10:22:49,019522;9,345870E-1;2,808078E-3;6,307532E-2;9,377483E-1;;
30/11/2021  10:22:49,019622;9,346764E-1;1,251428E-1;1,376353E-1;9,374225E-1;;
30/11/2021  10:22:49,019722;9,359877E-1;1,133553E-1;1,145722E-1;9,371029E-1;;
30/11/2021  10:22:49,019822;9,363513E-1;1,334259E-1;1,310007E-1;9,367908E-1;;
30/11/2021  10:22:49,019922;9,364556E-1;7,034704E-2;8,550650E-2;9,364874E-1;;
30/11/2021  10:22:49,020022;9,363096E-1;1,557265E-1;1,869207E-1;9,361938E-1;;
30/11/2021  10:22:49,020122;9,360264E-1;1,410718E-1;1,622780E-1;9,359111E-1;;
30/11/2021  10:22:49,020222;9,362857E-1;1,117624E-1;1,152041E-1;9,356401E-1;;
30/11/2021  10:22:49,020322;9,365122E-1;1,187712E-1;1,139404E-1;9,353816E-1;;
30/11/2021  10:22:49,020422;9,369831E-1;1,257800E-1;1,240502E-1;9,351361E-1;;
30/11/2021  10:22:49,020522;9,375255E-1;1,053908E-1;9,498445E-2;9,349044E-1;;
30/11/2021  10:22:49,020622;9,374868E-1;1,429833E-1;1,512204E-1;9,346871E-1;;
30/11/2021  10:22:49,020722;9,375583E-1;1,088952E-1;1,253139E-1;9,344846E-1;;
30/11/2021  10:22:49,020822;9,378713E-1;1,630538E-1;1,970305E-1;9,342974E-1;;
30/11/2021  10:22:49,020922;9,378713E-1;1,649653E-1;1,603824E-1;9,341259E-1;;
30/11/2021  10:22:49,021022;9,384137E-1;1,254614E-1;1,234183E-1;9,339703E-1;;
30/11/2021  10:22:49,021122;9,389740E-1;-8,830580E-2;4,001229E-2;9,338309E-1;;
30/11/2021  10:22:49,021222;9,391319E-1;4,040052E-2;8,929768E-2;9,337080E-1;;
30/11/2021  10:22:49,021322;9,388249E-1;1,331073E-1;1,398468E-1;9,336016E-1;;
30/11/2021  10:22:49,021422;9,383272E-1;1,340630E-1;1,306848E-1;9,335119E-1;;
30/11/2021  10:22:49,021522;9,384852E-1;1,276914E-1;1,281573E-1;9,334388E-1;;
30/11/2021  10:22:49,021622;9,380560E-1;1,592309E-1;1,685966E-1;9,333819E-1;;
30/11/2021  10:22:49,021722;9,386282E-1;1,324701E-1;1,376353E-1;9,333409E-1;;
30/11/2021  10:22:49,021822;9,387028E-1;1,324701E-1;1,291051E-1;9,333155E-1;;
30/11/2021  10:22:49,021922;9,388428E-1;1,280100E-1;1,300529E-1;9,333051E-1;;
30/11/2021  10:22:49,022022;9,385567E-1;1,229127E-1;1,028828E-1;9,333095E-1;;
30/11/2021  10:22:49,022122;9,378176E-1;1,608238E-1;1,606983E-1;9,333279E-1;;
30/11/2021  10:22:49,022222;9,378057E-1;1,413904E-1;1,449017E-1;9,333598E-1;;
30/11/2021  10:22:49,022322;9,380650E-1;1,283286E-1;1,265777E-1;9,334045E-1;;
30/11/2021  10:22:49,022422;9,375226E-1;1,276914E-1;1,272095E-1;9,334610E-1;;
30/11/2021  10:22:49,022522;9,380471E-1;1,385232E-1;1,834454E-1;9,335287E-1;;
30/11/2021  10:22:49,022622;9,376298E-1;1,092138E-1;1,098333E-1;9,336067E-1;;
30/11/2021  10:22:49,022722;9,369176E-1;1,251428E-1;1,291051E-1;9,336942E-1;;
30/11/2021  10:22:49,022822;9,359579E-1;1,305587E-1;1,366875E-1;9,337902E-1;;
30/11/2021  10:22:49,022922;9,359579E-1;1,700626E-1;1,698603E-1;9,338936E-1;;
30/11/2021  10:22:49,023022;9,353708E-1;1,248242E-1;1,249980E-1;9,340034E-1;;
30/11/2021  10:22:49,023122;9,356450E-1;1,296029E-1;1,322644E-1;9,341184E-1;;
30/11/2021  10:22:49,023222;9,353618E-1;1,245056E-1;1,221546E-1;9,342374E-1;;
30/11/2021  10:22:49,023322;9,344022E-1;1,716555E-1;2,722223E-1;9,343593E-1;;
30/11/2021  10:22:49,023422;9,342114E-1;1,143111E-1;9,056141E-2;9,344831E-1;;
30/11/2021  10:22:49,023522;9,333054E-1;1,165411E-1;9,530039E-2;9,346076E-1;;
30/11/2021  10:22:49,023622;9,337584E-1;-8,660802E-3;2,927060E-2;9,347316E-1;;
30/11/2021  10:22:49,023722;9,337644E-1;1,098510E-1;1,237343E-1;9,348540E-1;;
30/11/2021  10:22:49,023822;9,342889E-1;7,130278E-2;8,171531E-2;9,349739E-1;;
30/11/2021  10:22:49,023922;9,343366E-1;1,251428E-1;1,218387E-1;9,350904E-1;;
30/11/2021  10:22:49,024022;9,340118E-1;9,424054E-2;6,813023E-2;9,352030E-1;;
30/11/2021  10:22:49,024122;9,342472E-1;2,146638E-1;1,815498E-1;9,353109E-1;;
30/11/2021  10:22:49,024222;9,343336E-1;1,092138E-1;1,354238E-1;9,354138E-1;;
30/11/2021  10:22:49,024322;9,345244E-1;1,417090E-1;1,730197E-1;9,355111E-1;;
30/11/2021  10:22:49,024422;9,347270E-1;8,086018E-2;1,606983E-1;9,356026E-1;;
30/11/2021  10:22:49,024522;9,350549E-1;1,260985E-1;1,287892E-1;9,356881E-1;;
30/11/2021  10:22:49,024622;9,352158E-1;1,321516E-1;1,328963E-1;9,357675E-1;;
30/11/2021  10:22:49,024722;9,350459E-1;1,337445E-1;1,265777E-1;9,358407E-1;;
30/11/2021  10:22:49,024822;9,346376E-1;7,193994E-2;9,530039E-2;9,359078E-1;;
30/11/2021  10:22:49,024922;9,342234E-1;1,289658E-1;1,310007E-1;9,359687E-1;;
30/11/2021  10:22:49,025022;9,340982E-1;1,401161E-1;1,445858E-1;9,360235E-1;;
30/11/2021  10:22:49,025122;9,346883E-1;1,382046E-1;1,357397E-1;9,360719E-1;;
30/11/2021  10:22:49,025222;9,349506E-1;1,302401E-1;1,246821E-1;9,361140E-1;;
30/11/2021  10:22:49,025322;9,351145E-1;1,340630E-1;1,297370E-1;9,361500E-1;;
30/11/2021  10:22:49,025422;9,348135E-1;1,127182E-1;1,095173E-1;9,361800E-1;;
30/11/2021  10:22:49,025522;9,349714E-1;1,413904E-1;1,420583E-1;9,362042E-1;;
30/11/2021  10:22:49,025622;9,352158E-1;1,493549E-1;1,398468E-1;9,362229E-1;;
30/11/2021  10:22:49,025722;9,354036E-1;1,171783E-1;1,098333E-1;9,362363E-1;;
30/11/2021  10:22:49,025822;9,368907E-1;-5,867786E-2;9,403666E-2;9,362447E-1;;
30/11/2021  10:22:49,025922;9,377967E-1;1,362931E-1;1,742834E-1;9,362487E-1;;
30/11/2021  10:22:49,026022;9,379607E-1;1,095324E-1;1,253139E-1;9,362490E-1;;
30/11/2021  10:22:49,026122;9,388637E-1;1,041165E-1;1,054102E-1;9,362463E-1;;
30/11/2021  10:22:49,026222;9,392154E-1;1,136739E-1;1,170997E-1;9,362417E-1;;
30/11/2021  10:22:49,026322;9,397578E-1;1,063466E-1;1,423743E-1;9,362359E-1;;
30/11/2021  10:22:49,026422;9,402764E-1;8,563888E-2;1,259458E-1;9,362300E-1;;
30/11/2021  10:22:49,026522;9,417725E-1;1,098510E-1;9,972343E-2;9,362248E-1;;
30/11/2021  10:22:49,026622;9,422851E-1;1,257800E-1;1,588027E-1;9,362215E-1;;
30/11/2021  10:22:49,026722;9,414357E-1;9,296622E-2;8,866581E-2;9,362212E-1;;
30/11/2021  10:22:49,026822;9,421480E-1;-5,867786E-2;4,475127E-2;9,362248E-1;;
30/11/2021  10:22:49,026922;9,419125E-1;1,088952E-1;1,088855E-1;9,362331E-1;;
30/11/2021  10:22:49,027022;9,419900E-1;1,168597E-1;1,202590E-1;9,362469E-1;;
30/11/2021  10:22:49,027122;9,421003E-1;1,347002E-1;1,297370E-1;9,362668E-1;;
30/11/2021  10:22:49,027222;9,425146E-1;1,544522E-1;1,742834E-1;9,362932E-1;;
30/11/2021  10:22:49,027322;9,431196E-1;1,617795E-1;1,502726E-1;9,363266E-1;;
30/11/2021  10:22:49,027422;9,429586E-1;1,783457E-1;1,755471E-1;9,363674E-1;;
30/11/2021  10:22:49,027522;9,421003E-1;1,754784E-1;1,708081E-1;9,364160E-1;;
30/11/2021  10:22:49,027622;9,418947E-1;1,697440E-1;1,632258E-1;9,364726E-1;;
30/11/2021  10:22:49,027722;9,422702E-1;1,483991E-1;1,458495E-1;9,365370E-1;;
30/11/2021  10:22:49,027822;9,425116E-1;1,407532E-1;1,433221E-1;9,366092E-1;;
30/11/2021  10:22:49,027922;9,420228E-1;1,009307E-1;8,803395E-2;9,366891E-1;;
30/11/2021  10:22:49,028022;9,422523E-1;1,315144E-1;1,297370E-1;9,367765E-1;;
30/11/2021  10:22:49,028122;9,419006E-1;1,273729E-1;1,246821E-1;9,368710E-1;;
30/11/2021  10:22:49,028222;9,415519E-1;1,321516E-1;1,240502E-1;9,369725E-1;;
30/11/2021  10:22:49,028322;9,421152E-1;1,257800E-1;1,174156E-1;9,370804E-1;;
30/11/2021  10:22:49,028422;9,413880E-1;1,210013E-1;1,616461E-1;9,371943E-1;;
30/11/2021  10:22:49,028522;9,417486E-1;1,245056E-1;1,306848E-1;9,373137E-1;;
30/11/2021  10:22:49,028622;9,420794E-1;7,353284E-2;8,329497E-2;9,374382E-1;;
30/11/2021  10:22:49,028722;9,420467E-1;-9,595172E-2;2,927060E-2;9,375672E-1;;
30/11/2021  10:22:49,028822;9,413850E-1;1,206827E-1;1,133085E-1;9,377002E-1;;
30/11/2021  10:22:49,028922;9,420884E-1;1,624167E-1;1,613302E-1;9,378369E-1;;
30/11/2021  10:22:49,029022;9,422821E-1;1,292843E-1;1,344760E-1;9,379766E-1;;
30/11/2021  10:22:49,029122;9,426815E-1;1,251428E-1;1,294210E-1;9,381191E-1;;
30/11/2021  10:22:49,029222;9,428126E-1;1,340630E-1;1,366875E-1;9,382639E-1;;
30/11/2021  10:22:49,029322;9,429735E-1;1,203641E-1;1,341600E-1;9,384107E-1;;
30/11/2021  10:22:49,029422;9,431970E-1;1,299215E-1;1,259458E-1;9,385594E-1;;
30/11/2021  10:22:49,029522;9,426487E-1;1,324701E-1;1,234183E-1;9,387095E-1;;
30/11/2021  10:22:49,029622;9,418678E-1;1,413904E-1;1,388990E-1;9,388609E-1;;
30/11/2021  10:22:49,029722;9,426934E-1;1,296029E-1;1,316326E-1;9,390130E-1;;
30/11/2021  10:22:49,029822;9,428871E-1;1,216384E-1;1,246821E-1;9,391655E-1;;
30/11/2021  10:22:49,029922;9,430033E-1;1,136739E-1;1,000394E-1;9,393180E-1;;
30/11/2021  10:22:49,030022;9,434146E-1;1,714418E-2;5,075397E-2;9,394703E-1;;
30/11/2021  10:22:49,030122;9,434981E-1;1,028422E-1;1,202590E-1;9,396222E-1;;
30/11/2021  10:22:49,030222;9,430152E-1;1,292843E-1;1,379512E-1;9,397734E-1;;
30/11/2021  10:22:49,030322;9,429914E-1;1,413904E-1;1,471132E-1;9,399238E-1;;
30/11/2021  10:22:49,030422;9,434385E-1;1,490363E-1;1,546956E-1;9,400731E-1;;
30/11/2021  10:22:49,030522;9,438766E-1;1,053908E-1;1,319485E-1;9,402210E-1;;
30/11/2021  10:22:49,030622;9,442491E-1;1,296029E-1;1,237343E-1;9,403675E-1;;
30/11/2021  10:22:49,030722;9,438468E-1;1,308772E-1;1,505885E-1;9,405125E-1;;
30/11/2021  10:22:49,030822;9,437216E-1;1,206827E-1;1,208909E-1;9,406560E-1;;
30/11/2021  10:22:49,030922;9,438885E-1;1,225942E-1;1,215227E-1;9,407977E-1;;
30/11/2021  10:22:49,031022;9,434861E-1;1,235499E-1;1,234183E-1;9,409376E-1;;
30/11/2021  10:22:49,031122;9,436560E-1;1,318330E-1;1,433221E-1;9,410755E-1;;
30/11/2021  10:22:49,031222;9,440047E-1;1,311958E-1;1,148882E-1;9,412112E-1;;
30/11/2021  10:22:49,031322;9,437544E-1;1,213198E-1;1,310007E-1;9,413447E-1;;
30/11/2021  10:22:49,031422;9,439660E-1;1,197269E-1;1,098333E-1;9,414757E-1;;
30/11/2021  10:22:49,031522;9,442491E-1;1,311958E-1;1,262617E-1;9,416042E-1;;
30/11/2021  10:22:49,031622;9,436977E-1;1,299215E-1;1,354238E-1;9,417301E-1;;
30/11/2021  10:22:49,031722;9,433699E-1;1,111253E-1;1,404787E-1;9,418533E-1;;
30/11/2021  10:22:49,031822;9,441418E-1;9,041758E-2;9,688005E-2;9,419736E-1;;
30/11/2021  10:22:49,031922;9,449256E-1;1,369303E-1;1,338441E-1;9,420910E-1;;
30/11/2021  10:22:49,032022;9,453578E-1;4,454206E-2;8,708615E-2;9,422055E-1;;
30/11/2021  10:22:49,032122;9,447230E-1;1,499920E-1;1,783905E-1;9,423172E-1;;
30/11/2021  10:22:49,032222;9,446336E-1;1,423461E-1;1,774427E-1;9,424264E-1;;
30/11/2021  10:22:49,032322;9,444011E-1;1,299215E-1;1,278414E-1;9,425329E-1;;
30/11/2021  10:22:49,032422;9,449882E-1;1,229127E-1;1,249980E-1;9,426369E-1;;
30/11/2021  10:22:49,032522;9,449167E-1;1,149482E-1;1,174156E-1;9,427384E-1;;
30/11/2021  10:22:49,032622;9,453011E-1;8,755036E-2;8,487463E-2;9,428373E-1;;
30/11/2021  10:22:49,032722;9,453578E-1;1,350188E-1;1,041465E-1;9,429340E-1;;
30/11/2021  10:22:49,032822;9,452296E-1;1,366117E-1;1,439539E-1;9,430283E-1;;
30/11/2021  10:22:49,032922;9,447498E-1;1,260985E-1;1,180475E-1;9,431206E-1;;
30/11/2021  10:22:49,033022;9,444220E-1;8,723178E-2;1,041465E-1;9,432106E-1;;
30/11/2021  10:22:49,033122;9,443772E-1;1,165411E-1;1,180475E-1;9,432985E-1;;
30/11/2021  10:22:49,033222;9,450985E-1;1,174969E-1;1,000394E-1;9,433840E-1;;
30/11/2021  10:22:49,033322;9,444279E-1;1,305587E-1;1,449017E-1;9,434672E-1;;
30/11/2021  10:22:49,033422;9,444071E-1;7,703722E-2;9,245700E-2;9,435480E-1;;
30/11/2021  10:22:49,033522;9,439451E-1;1,296029E-1;1,253139E-1;9,436262E-1;;
30/11/2021  10:22:49,033622;9,433759E-1;1,331073E-1;1,316326E-1;9,437018E-1;;
30/11/2021  10:22:49,033722;9,427083E-1;2,038321E-1;2,030332E-1;9,437745E-1;;
30/11/2021  10:22:49,033822;9,428931E-1;1,429833E-1;1,420583E-1;9,438439E-1;;
30/11/2021  10:22:49,033922;9,431792E-1;1,321516E-1;1,253139E-1;9,439097E-1;;
30/11/2021  10:22:49,034022;9,429437E-1;1,206827E-1;1,297370E-1;9,439716E-1;;
30/11/2021  10:22:49,034122;9,428424E-1;1,149482E-1;7,950379E-2;9,440295E-1;;
30/11/2021  10:22:49,034222;9,425354E-1;1,875845E-1;2,068244E-1;9,440830E-1;;
30/11/2021  10:22:49,034322;9,427142E-1;1,034794E-1;1,069899E-1;9,441321E-1;;
30/11/2021  10:22:49,034422;9,427828E-1;1,022050E-1;1,088855E-1;9,441765E-1;;
30/11/2021  10:22:49,034522;9,433818E-1;9,678918E-2;1,019350E-1;9,442162E-1;;
30/11/2021  10:22:49,034622;9,440554E-1;5,441804E-2;1,063580E-1;9,442511E-1;;
30/11/2021  10:22:49,034722;9,442312E-1;7,863012E-2;7,413294E-2;9,442814E-1;;
30/11/2021  10:22:49,034822;9,437544E-1;9,774492E-2;1,186794E-1;9,443075E-1;;
30/11/2021  10:22:49,034922;9,440077E-1;1,002936E-1;1,180475E-1;9,443295E-1;;
30/11/2021  10:22:49,035022;9,439153E-1;1,117624E-1;1,177316E-1;9,443476E-1;;
30/11/2021  10:22:49,035122;9,441925E-1;8,086018E-2;9,245700E-2;9,443621E-1;;
30/11/2021  10:22:49,035222;9,451700E-1;9,806350E-2;1,110970E-1;9,443733E-1;;
30/11/2021  10:22:49,035322;9,455634E-1;1,063466E-1;1,142563E-1;9,443816E-1;;
30/11/2021  10:22:49,035422;9,456558E-1;1,331073E-1;1,452176E-1;9,443874E-1;;
30/11/2021  10:22:49,035522;9,458734E-1;1,200455E-1;1,373193E-1;9,443913E-1;;
30/11/2021  10:22:49,035622;9,456975E-1;1,375674E-1;1,300529E-1;9,443938E-1;;
30/11/2021  10:22:49,035722;9,460671E-1;1,620981E-1;1,442698E-1;9,443953E-1;;
30/11/2021  10:22:49,035822;9,464366E-1;1,617795E-1;1,262617E-1;9,443964E-1;;
30/11/2021  10:22:49,035922;9,469224E-1;5,059508E-2;5,075397E-2;9,443975E-1;;
30/11/2021  10:22:49,036022;9,467317E-1;9,997498E-2;1,073058E-1;9,443991E-1;;
30/11/2021  10:22:49,036122;9,465886E-1;5,919674E-2;4,348754E-2;9,444017E-1;;
30/11/2021  10:22:49,036222;9,457959E-1;1,385232E-1;1,439539E-1;9,444056E-1;;
30/11/2021  10:22:49,036322;9,463055E-1;1,292843E-1;1,426902E-1;9,444112E-1;;
30/11/2021  10:22:49,036422;9,458495E-1;1,391603E-1;1,398468E-1;9,444185E-1;;
30/11/2021  10:22:49,036522;9,461833E-1;2,574584E-2;4,096008E-2;9,444278E-1;;
30/11/2021  10:22:49,036622;9,460939E-1;1,111253E-1;1,164678E-1;9,444390E-1;;
30/11/2021  10:22:49,036722;9,464873E-1;2,032998E-2;5,075397E-2;9,444523E-1;;
30/11/2021  10:22:49,036822;9,463413E-1;1,149482E-1;1,126766E-1;9,444677E-1;;
30/11/2021  10:22:49,036922;9,459896E-1;1,117624E-1;1,306848E-1;9,444853E-1;;
30/11/2021  10:22:49,037022;9,460969E-1;1,063466E-1;9,530039E-2;9,445052E-1;;
30/11/2021  10:22:49,037122;9,462280E-1;1,225942E-1;1,221546E-1;9,445272E-1;;
30/11/2021  10:22:49,037222;9,467555E-1;1,308772E-1;1,322644E-1;9,445515E-1;;
30/11/2021  10:22:49,037322;9,466780E-1;1,053908E-1;1,073058E-1;9,445779E-1;;
30/11/2021  10:22:49,037422;9,474857E-1;-3,191714E-2;3,274585E-2;9,446065E-1;;
30/11/2021  10:22:49,037522;9,472532E-1;4,326774E-2;6,086380E-2;9,446374E-1;;
30/11/2021  10:22:49,037622;9,470089E-1;1,264171E-1;1,275255E-1;9,446708E-1;;
30/11/2021  10:22:49,037722;9,462966E-1;-2,745702E-2;1,016190E-1;9,447067E-1;;
30/11/2021  10:22:49,037822;9,465320E-1;1,108067E-1;1,373193E-1;9,447450E-1;;
30/11/2021  10:22:49,037922;9,471489E-1;9,455912E-2;1,347919E-1;9,447855E-1;;
30/11/2021  10:22:49,038022;9,474797E-1;1,362931E-1;1,297370E-1;9,448281E-1;;
30/11/2021  10:22:49,038122;9,468718E-1;6,779840E-2;7,887192E-2;9,448729E-1;;
30/11/2021  10:22:49,038222;9,457690E-1;1,088952E-1;1,016190E-1;9,449198E-1;;
30/11/2021  10:22:49,038322;9,451104E-1;1,082581E-1;1,123607E-1;9,449685E-1;;
30/11/2021  10:22:49,038422;9,445203E-1;1,308772E-1;1,885003E-1;9,450185E-1;;
30/11/2021  10:22:49,038522;9,443355E-1;1,159040E-1;1,170997E-1;9,450693E-1;;
30/11/2021  10:22:49,038622;9,440077E-1;1,267357E-1;1,117289E-1;9,451203E-1;;
30/11/2021  10:22:49,038722;9,439779E-1;1,445762E-1;1,565912E-1;9,451709E-1;;
30/11/2021  10:22:49,038822;9,435398E-1;1,270543E-1;1,167838E-1;9,452205E-1;;
30/11/2021  10:22:49,038922;9,417725E-1;7,863012E-2;8,013565E-2;9,452684E-1;;
30/11/2021  10:22:49,039022;9,411317E-1;1,149482E-1;9,530039E-2;9,453139E-1;;
30/11/2021  10:22:49,039122;9,399992E-1;1,104881E-1;1,050943E-1;9,453560E-1;;
30/11/2021  10:22:49,039222;9,396117E-1;1,079395E-1;1,019350E-1;9,453938E-1;;
30/11/2021  10:22:49,039322;9,400528E-1;1,649653E-1;2,472637E-1;9,454262E-1;;
30/11/2021  10:22:49,039422;9,397637E-1;7,512574E-2;1,003553E-1;9,454523E-1;;
30/11/2021  10:22:49,039522;9,386610E-1;1,254614E-1;1,379512E-1;9,454713E-1;;
30/11/2021  10:22:49,039622;9,382676E-1;1,324701E-1;1,338441E-1;9,454825E-1;;
30/11/2021  10:22:49,039722;9,368550E-1;1,241871E-1;1,208909E-1;9,454850E-1;;
30/11/2021  10:22:49,039822;9,371679E-1;1,213198E-1;1,268936E-1;9,454781E-1;;
30/11/2021  10:22:49,039922;9,365569E-1;1,152668E-1;1,183634E-1;9,454609E-1;;
30/11/2021  10:22:49,040022;9,369652E-1;1,238685E-1;1,249980E-1;9,454328E-1;;
30/11/2021  10:22:49,040122;9,362172E-1;1,331073E-1;1,325804E-1;9,453933E-1;;
30/11/2021  10:22:49,040222;9,365808E-1;1,378860E-1;1,246821E-1;9,453419E-1;;
30/11/2021  10:22:49,040322;9,352367E-1;1,108067E-1;9,751191E-2;9,452783E-1;;
30/11/2021  10:22:49,040422;9,351651E-1;1,251428E-1;1,158360E-1;9,452022E-1;;
30/11/2021  10:22:49,040522;9,347241E-1;3,084312E-2;6,781430E-2;9,451134E-1;;
30/11/2021  10:22:49,040622;9,345363E-1;7,321426E-2;9,656411E-2;9,450116E-1;;
30/11/2021  10:22:49,040722;9,344111E-1;1,181340E-1;1,322644E-1;9,448967E-1;;
30/11/2021  10:22:49,040822;9,341578E-1;9,816838E-3;6,275939E-2;9,447686E-1;;
30/11/2021  10:22:49,040922;9,341429E-1;3,912620E-2;8,519056E-2;9,446274E-1;;
30/11/2021  10:22:49,041022;9,329597E-1;1,292843E-1;1,249980E-1;9,444732E-1;;
30/11/2021  10:22:49,041122;9,317616E-1;1,216384E-1;1,313166E-1;9,443062E-1;;
30/11/2021  10:22:49,041222;9,321133E-1;1,280100E-1;1,294210E-1;9,441261E-1;;
30/11/2021  10:22:49,041322;9,323219E-1;1,372488E-1;1,300529E-1;9,439333E-1;;
30/11/2021  10:22:49,041422;9,319464E-1;1,327887E-1;1,366875E-1;9,437277E-1;;
30/11/2021  10:22:49,041522;9,322176E-1;1,321516E-1;1,322644E-1;9,435097E-1;;
30/11/2021  10:22:49,041622;9,304116E-1;1,235499E-1;1,224705E-1;9,432797E-1;;
30/11/2021  10:22:49,041722;9,297499E-1;1,302401E-1;1,275255E-1;9,430379E-1;;
30/11/2021  10:22:49,041822;9,294489E-1;1,487177E-1;1,398468E-1;9,427845E-1;;
30/11/2021  10:22:49,041922;9,290198E-1;1,101695E-1;1,224705E-1;9,425197E-1;;
30/11/2021  10:22:49,042022;9,296099E-1;1,324701E-1;1,316326E-1;9,422437E-1;;
30/11/2021  10:22:49,042122;9,292373E-1;1,375674E-1;1,249980E-1;9,419568E-1;;
30/11/2021  10:22:49,042222;9,292939E-1;1,340630E-1;1,313166E-1;9,416594E-1;;
30/11/2021  10:22:49,042322;9,282449E-1;1,264171E-1;1,284732E-1;9,413521E-1;;
30/11/2021  10:22:49,042422;9,283820E-1;1,318330E-1;1,300529E-1;9,410353E-1;;
30/11/2021  10:22:49,042522;9,288409E-1;1,238685E-1;1,284732E-1;9,407095E-1;;
30/11/2021  10:22:49,042622;9,295473E-1;1,133553E-1;1,240502E-1;9,403754E-1;;
30/11/2021  10:22:49,042722;9,295860E-1;1,079395E-1;9,688005E-2;9,400339E-1;;
30/11/2021  10:22:49,042822;9,300748E-1;1,786642E-1;2,102996E-1;9,396857E-1;;
30/11/2021  10:22:49,042922;9,302923E-1;1,098510E-1;1,152041E-1;9,393320E-1;;
30/11/2021  10:22:49,043022;9,302745E-1;1,066652E-1;1,155200E-1;9,389738E-1;;
30/11/2021  10:22:49,043122;9,302268E-1;1,037979E-1;1,114129E-1;9,386122E-1;;
30/11/2021  10:22:49,043222;9,312729E-1;1,104881E-1;1,202590E-1;9,382484E-1;;
30/11/2021  10:22:49,043322;9,321133E-1;-1,949252E-2;5,138584E-2;9,378836E-1;;
30/11/2021  10:22:49,043422;9,326557E-1;9,933782E-2;1,259458E-1;9,375191E-1;;
30/11/2021  10:22:49,043522;9,335826E-1;8,468314E-2;9,340479E-2;9,371562E-1;;
30/11/2021  10:22:49,043622;9,333680E-1;1,060280E-1;1,193112E-1;9,367966E-1;;
30/11/2021  10:22:49,043722;9,332488E-1;1,194084E-1;1,366875E-1;9,364417E-1;;
30/11/2021  10:22:49,043822;9,334932E-1;1,452133E-1;1,588027E-1;9,360927E-1;;
30/11/2021  10:22:49,043922;9,340863E-1;1,468062E-1;1,388990E-1;9,357509E-1;;
30/11/2021  10:22:49,044022;9,354602E-1;1,681511E-1;1,499566E-1;9,354175E-1;;
30/11/2021  10:22:49,044122;9,355079E-1;1,477620E-1;1,783905E-1;9,350939E-1;;
30/11/2021  10:22:49,044222;9,359341E-1;2,006463E-1;2,229369E-1;9,347812E-1;;
30/11/2021  10:22:49,044322;9,354781E-1;1,576380E-1;1,518522E-1;9,344807E-1;;
30/11/2021  10:22:49,044422;9,348552E-1;1,420275E-1;1,398468E-1;9,341934E-1;;
30/11/2021  10:22:49,044522;9,352218E-1;1,347002E-1;1,373193E-1;9,339200E-1;;
30/11/2021  10:22:49,044622;9,359788E-1;1,296029E-1;1,196272E-1;9,336613E-1;;
30/11/2021  10:22:49,044722;9,360831E-1;1,369303E-1;1,297370E-1;9,334178E-1;;
30/11/2021  10:22:49,044822;9,360592E-1;1,382046E-1;1,474292E-1;9,331901E-1;;
30/11/2021  10:22:49,044922;9,361695E-1;1,210013E-1;1,373193E-1;9,329787E-1;;
30/11/2021  10:22:49,045022;9,365361E-1;1,245056E-1;1,202590E-1;9,327838E-1;;
30/11/2021  10:22:49,045122;9,361427E-1;1,812129E-1;2,150386E-1;9,326059E-1;;
30/11/2021  10:22:49,045222;9,363006E-1;9,296622E-2;9,561632E-2;9,324451E-1;;
30/11/2021  10:22:49,045322;9,373050E-1;1,382046E-1;1,461654E-1;9,323014E-1;;
30/11/2021  10:22:49,045422;9,377967E-1;1,506292E-1;1,591187E-1;9,321750E-1;;
30/11/2021  10:22:49,045522;9,374570E-1;8,149734E-2;1,379512E-1;9,320659E-1;;
30/11/2021  10:22:49,045622;9,381246E-1;1,397975E-1;1,370034E-1;9,319742E-1;;
30/11/2021  10:22:49,045722;9,377967E-1;1,187712E-1;1,212068E-1;9,318998E-1;;
30/11/2021  10:22:49,045822;9,377848E-1;1,879031E-1;1,610142E-1;9,318427E-1;;
30/11/2021  10:22:49,045922;9,385776E-1;1,366117E-1;1,382671E-1;9,318027E-1;;
30/11/2021  10:22:49,046022;9,393197E-1;1,292843E-1;1,272095E-1;9,317794E-1;;
30/11/2021  10:22:49,046122;9,394359E-1;1,286472E-1;1,281573E-1;9,317729E-1;;
30/11/2021  10:22:49,046222;9,398442E-1;1,292843E-1;1,325804E-1;9,317828E-1;;
30/11/2021  10:22:49,046322;9,397131E-1;1,420275E-1;1,385831E-1;9,318091E-1;;
30/11/2021  10:22:49,046422;9,396952E-1;1,213198E-1;1,180475E-1;9,318514E-1;;
30/11/2021  10:22:49,046522;9,396624E-1;1,088952E-1;1,000394E-1;9,319094E-1;;
30/11/2021  10:22:49,046622;9,406161E-1;1,321516E-1;1,291051E-1;9,319826E-1;;
30/11/2021  10:22:49,046722;9,408456E-1;1,589123E-1;1,885003E-1;9,320706E-1;;
30/11/2021  10:22:49,046822;9,408247E-1;1,172832E-2;7,381701E-2;9,321731E-1;;
30/11/2021  10:22:49,046922;9,406638E-1;1,254614E-1;1,493248E-1;9,322895E-1;;
30/11/2021  10:22:49,047022;9,409171E-1;1,260985E-1;1,291051E-1;9,324193E-1;;
30/11/2021  10:22:49,047122;9,405088E-1;1,397975E-1;1,366875E-1;9,325621E-1;;
30/11/2021  10:22:49,047222;9,402704E-1;1,286472E-1;1,287892E-1;9,327170E-1;;
30/11/2021  10:22:49,047322;9,408426E-1;1,260985E-1;1,316326E-1;9,328833E-1;;
30/11/2021  10:22:49,047422;9,412211E-1;1,216384E-1;1,218387E-1;9,330603E-1;;
30/11/2021  10:22:49,047522;9,416860E-1;1,620981E-1;1,606983E-1;9,332472E-1;;
30/11/2021  10:22:49,047622;9,421152E-1;2,797590E-2;2,516348E-2;9,334436E-1;;
30/11/2021  10:22:49,047722;9,419274E-1;1,426647E-1;1,758630E-1;9,336486E-1;;
30/11/2021  10:22:49,047822;9,421033E-1;1,649653E-1;1,354238E-1;9,338619E-1;;
30/11/2021  10:22:49,047922;9,425891E-1;1,241871E-1;1,167838E-1;9,340827E-1;;
30/11/2021  10:22:49,048022;9,435040E-1;1,308772E-1;1,347919E-1;9,343106E-1;;
30/11/2021  10:22:49,048122;9,438468E-1;9,296622E-2;9,245700E-2;9,345449E-1;;
30/11/2021  10:22:49,048222;9,446842E-1;7,608148E-2;7,981972E-2;9,347855E-1;;
30/11/2021  10:22:49,048322;9,448303E-1;1,216384E-1;1,136244E-1;9,350320E-1;;
30/11/2021  10:22:49,048422;9,447468E-1;1,280100E-1;1,461654E-1;9,352842E-1;;
30/11/2021  10:22:49,048522;9,454233E-1;1,369303E-1;1,404787E-1;9,355417E-1;;
30/11/2021  10:22:49,048622;9,463025E-1;1,423461E-1;1,385831E-1;9,358043E-1;;
30/11/2021  10:22:49,048722;9,468628E-1;1,270543E-1;1,313166E-1;9,360719E-1;;
30/11/2021  10:22:49,048822;9,477867E-1;1,343816E-1;1,338441E-1;9,363443E-1;;
30/11/2021  10:22:49,048922;9,488209E-1;1,315144E-1;1,208909E-1;9,366216E-1;;
30/11/2021  10:22:49,049022;9,490861E-1;1,353374E-1;1,411105E-1;9,369039E-1;;
30/11/2021  10:22:49,049122;9,490563E-1;5,993878E-3;7,476481E-2;9,371912E-1;;
30/11/2021  10:22:49,049222;9,494259E-1;1,280100E-1;1,287892E-1;9,374837E-1;;
30/11/2021  10:22:49,049322;9,500875E-1;1,302401E-1;1,335282E-1;9,377814E-1;;
30/11/2021  10:22:49,049422;9,509965E-1;1,006121E-1;1,085695E-1;9,380843E-1;;
30/11/2021  10:22:49,049522;9,515270E-1;1,598680E-1;1,467973E-1;9,383925E-1;;
30/11/2021  10:22:49,049622;9,513184E-1;1,286472E-1;1,332122E-1;9,387061E-1;;
30/11/2021  10:22:49,049722;9,513899E-1;1,203641E-1;1,063580E-1;9,390250E-1;;
30/11/2021  10:22:49,049822;9,512290E-1;1,461691E-1;1,837613E-1;9,393493E-1;;
30/11/2021  10:22:49,049922;9,517177E-1;1,452133E-1;1,597505E-1;9,396787E-1;;
30/11/2021  10:22:49,050022;9,522393E-1;1,480806E-1;1,502726E-1;9,400130E-1;;
30/11/2021  10:22:49,050122;9,524390E-1;1,391603E-1;1,347919E-1;9,403519E-1;;
30/11/2021  10:22:49,050222;9,523406E-1;1,296029E-1;1,528000E-1;9,406952E-1;;
30/11/2021  10:22:49,050322;9,524568E-1;1,350188E-1;1,133085E-1;9,410426E-1;;
30/11/2021  10:22:49,050422;9,529158E-1;1,362931E-1;1,152041E-1;9,413937E-1;;
30/11/2021  10:22:49,050522;9,526386E-1;1,085766E-1;8,582243E-2;9,417482E-1;;
30/11/2021  10:22:49,050622;9,529039E-1;9,328480E-2;1,016190E-1;9,421056E-1;;
30/11/2021  10:22:49,050722;9,536668E-1;1,136739E-1;1,028828E-1;9,424655E-1;;
30/11/2021  10:22:49,050822;9,542212E-1;1,165411E-1;1,521681E-1;9,428275E-1;;
30/11/2021  10:22:49,050922;9,542361E-1;1,190898E-1;9,624818E-2;9,431913E-1;;
30/11/2021  10:22:49,051022;9,538755E-1;9,901924E-2;1,231024E-1;9,435565E-1;;
30/11/2021  10:22:49,051122;9,537592E-1;5,919674E-2;7,666040E-2;9,439228E-1;;
30/11/2021  10:22:49,051222;9,536251E-1;7,926728E-2;7,160549E-2;9,442897E-1;;
30/11/2021  10:22:49,051322;9,545162E-1;8,627604E-2;7,824006E-2;9,446567E-1;;
30/11/2021  10:22:49,051422;9,546593E-1;1,152668E-1;1,388990E-1;9,450232E-1;;
30/11/2021  10:22:49,051522;9,549096E-1;9,901924E-2;1,155200E-1;9,453889E-1;;
30/11/2021  10:22:49,051622;9,544000E-1;1,152668E-1;1,411105E-1;9,457533E-1;;
30/11/2021  10:22:49,051722;9,544685E-1;1,311958E-1;1,452176E-1;9,461160E-1;;
30/11/2021  10:22:49,051822;9,537205E-1;9,424054E-2;1,092014E-1;9,464766E-1;;
30/11/2021  10:22:49,051922;9,538248E-1;1,006121E-1;1,139404E-1;9,468343E-1;;
30/11/2021  10:22:49,052022;9,546027E-1;1,152668E-1;1,259458E-1;9,471886E-1;;
30/11/2021  10:22:49,052122;9,543493E-1;1,251428E-1;1,351078E-1;9,475389E-1;;
30/11/2021  10:22:49,052222;9,542003E-1;1,388417E-1;1,310007E-1;9,478848E-1;;
30/11/2021  10:22:49,052322;9,537294E-1;1,483991E-1;1,237343E-1;9,482257E-1;;
30/11/2021  10:22:49,052422;9,531572E-1;1,541336E-1;1,300529E-1;9,485610E-1;;
30/11/2021  10:22:49,052522;9,528413E-1;9,870066E-2;1,133085E-1;9,488901E-1;;
30/11/2021  10:22:49,052622;9,521946E-1;1,528593E-1;1,423743E-1;9,492123E-1;;
30/11/2021  10:22:49,052722;9,527519E-1;4,581638E-2;9,087734E-2;9,495268E-1;;
30/11/2021  10:22:49,052822;9,521737E-1;4,422348E-2;6,433905E-2;9,498329E-1;;
30/11/2021  10:22:49,052922;9,522899E-1;1,280100E-1;1,351078E-1;9,501300E-1;;
30/11/2021  10:22:49,053022;9,518787E-1;1,251428E-1;1,249980E-1;9,504175E-1;;
30/11/2021  10:22:49,053122;9,515598E-1;1,353374E-1;1,341600E-1;9,506948E-1;;
30/11/2021  10:22:49,053222;9,511068E-1;1,503106E-1;1,524841E-1;9,509613E-1;;
30/11/2021  10:22:49,053322;9,511157E-1;1,238685E-1;1,265777E-1;9,512165E-1;;
30/11/2021  10:22:49,053422;9,514078E-1;1,232313E-1;1,221546E-1;9,514597E-1;;
30/11/2021  10:22:49,053522;9,519442E-1;1,289658E-1;1,376353E-1;9,516906E-1;;
30/11/2021  10:22:49,053622;9,507819E-1;1,270543E-1;1,291051E-1;9,519090E-1;;
30/11/2021  10:22:49,053722;9,501024E-1;9,519628E-2;1,035146E-1;9,521145E-1;;
30/11/2021  10:22:49,053822;9,498163E-1;1,318330E-1;1,212068E-1;9,523069E-1;;
30/11/2021  10:22:49,053922;9,492381E-1;1,353374E-1;1,256299E-1;9,524856E-1;;
30/11/2021  10:22:49,054022;9,490802E-1;1,146297E-1;1,215227E-1;9,526504E-1;;
30/11/2021  10:22:49,054122;9,494408E-1;9,455912E-2;1,509044E-1;9,528008E-1;;
30/11/2021  10:22:49,054222;9,489550E-1;1,248242E-1;1,114129E-1;9,529367E-1;;
30/11/2021  10:22:49,054322;9,486778E-1;1,219570E-1;1,275255E-1;9,530579E-1;;
30/11/2021  10:22:49,054422;9,477688E-1;1,248242E-1;1,297370E-1;9,531642E-1;;
30/11/2021  10:22:49,054522;9,468598E-1;1,280100E-1;1,300529E-1;9,532555E-1;;
30/11/2021  10:22:49,054622;9,471310E-1;1,283286E-1;1,174156E-1;9,533315E-1;;
30/11/2021  10:22:49,054722;9,471907E-1;1,280100E-1;1,199431E-1;9,533919E-1;;
30/11/2021  10:22:49,054822;9,471728E-1;1,241871E-1;1,139404E-1;9,534368E-1;;
30/11/2021  10:22:49,054922;9,462399E-1;1,219570E-1;1,584868E-1;9,534662E-1;;
30/11/2021  10:22:49,055022;9,457720E-1;1,235499E-1;1,265777E-1;9,534800E-1;;
30/11/2021  10:22:49,055122;9,447677E-1;1,190898E-1;1,152041E-1;9,534783E-1;;
30/11/2021  10:22:49,055222;9,439332E-1;1,206827E-1;1,129926E-1;9,534611E-1;;
30/11/2021  10:22:49,055322;9,444369E-1;1,178155E-1;1,366875E-1;9,534281E-1;;
30/11/2021  10:22:49,055422;9,435368E-1;1,366117E-1;1,234183E-1;9,533793E-1;;
30/11/2021  10:22:49,055522;9,432388E-1;1,095324E-1;1,000394E-1;9,533147E-1;;
30/11/2021  10:22:49,055622;9,423506E-1;1,101695E-1;9,056141E-2;9,532344E-1;;
30/11/2021  10:22:49,055722;9,424520E-1;1,229127E-1;1,133085E-1;9,531384E-1;;
30/11/2021  10:22:49,055822;9,409648E-1;1,206827E-1;1,313166E-1;9,530267E-1;;
30/11/2021  10:22:49,055922;9,407919E-1;1,267357E-1;1,325804E-1;9,528993E-1;;
30/11/2021  10:22:49,056022;9,403717E-1;9,901924E-2;1,120448E-1;9,527563E-1;;
30/11/2021  10:22:49,056122;9,407264E-1;1,280100E-1;1,249980E-1;9,525977E-1;;
30/11/2021  10:22:49,056222;9,400260E-1;1,264171E-1;1,455336E-1;9,524236E-1;;
30/11/2021  10:22:49,056322;9,396952E-1;1,292843E-1;1,809180E-1;9,522344E-1;;
30/11/2021  10:22:49,056422;9,386163E-1;1,213198E-1;1,212068E-1;9,520304E-1;;
30/11/2021  10:22:49,056522;9,383123E-1;1,143111E-1;1,079377E-1;9,518117E-1;;
30/11/2021  10:22:49,056622;9,380531E-1;1,060280E-1;1,079377E-1;9,515787E-1;;
30/11/2021  10:22:49,056722;9,377103E-1;1,197269E-1;1,249980E-1;9,513315E-1;;
30/11/2021  10:22:49,056822;9,377073E-1;1,254614E-1;1,152041E-1;9,510706E-1;;
30/11/2021  10:22:49,056922;9,371768E-1;9,296622E-2;7,855599E-2;9,507963E-1;;
30/11/2021  10:22:49,057022;9,370010E-1;1,130368E-1;1,142563E-1;9,505091E-1;;
30/11/2021  10:22:49,057122;9,363811E-1;1,168597E-1;1,063580E-1;9,502095E-1;;
30/11/2021  10:22:49,057222;9,355138E-1;1,251428E-1;1,328963E-1;9,498979E-1;;
30/11/2021  10:22:49,057322;9,350996E-1;1,359745E-1;1,467973E-1;9,495749E-1;;
30/11/2021  10:22:49,057422;9,353678E-1;1,146297E-1;1,294210E-1;9,492408E-1;;
30/11/2021  10:22:49,057522;9,355794E-1;1,417090E-1;1,562753E-1;9,488962E-1;;
30/11/2021  10:22:49,057622;9,349625E-1;1,079395E-1;1,338441E-1;9,485416E-1;;
30/11/2021  10:22:49,057722;9,341250E-1;1,308772E-1;1,278414E-1;9,481776E-1;;
30/11/2021  10:22:49,057822;9,340237E-1;1,114439E-1;1,148882E-1;9,478050E-1;;
30/11/2021  10:22:49,057922;9,331415E-1;1,289658E-1;1,272095E-1;9,474241E-1;;
30/11/2021  10:22:49,058022;9,328703E-1;8,946184E-2;1,234183E-1;9,470357E-1;;
30/11/2021  10:22:49,058122;9,330044E-1;1,245056E-1;1,161519E-1;9,466400E-1;;
30/11/2021  10:22:49,058222;9,329180E-1;1,238685E-1;1,306848E-1;9,462378E-1;;
30/11/2021  10:22:49,058322;9,325306E-1;1,149482E-1;8,392683E-2;9,458295E-1;;
30/11/2021  10:22:49,058422;9,320150E-1;1,605052E-1;1,850251E-1;9,454158E-1;;
30/11/2021  10:22:49,058522;9,318749E-1;1,697440E-1;1,916596E-1;9,449974E-1;;
30/11/2021  10:22:49,058622;9,308020E-1;1,098510E-1;1,022509E-1;9,445747E-1;;
30/11/2021  10:22:49,058722;9,316096E-1;1,378860E-1;1,256299E-1;9,441484E-1;;
30/11/2021  10:22:49,058822;9,321491E-1;1,493549E-1;1,588027E-1;9,437189E-1;;
30/11/2021  10:22:49,058922;9,316484E-1;8,054160E-2;1,129926E-1;9,432870E-1;;
30/11/2021  10:22:49,059022;9,315411E-1;1,528593E-1;1,755471E-1;9,428535E-1;;
30/11/2021  10:22:49,059122;9,312609E-1;1,098510E-1;1,231024E-1;9,424191E-1;;
30/11/2021  10:22:49,059222;9,307871E-1;1,057094E-1;1,092014E-1;9,419844E-1;;
30/11/2021  10:22:49,059322;9,316007E-1;9,710776E-2;1,123607E-1;9,415502E-1;;
30/11/2021  10:22:49,059422;9,317676E-1;1,034794E-1;1,145722E-1;9,411173E-1;;
30/11/2021  10:22:49,059522;9,318689E-1;1,088952E-1;1,076217E-1;9,406863E-1;;
30/11/2021  10:22:49,059622;9,317497E-1;9,169190E-2;1,041465E-1;9,402581E-1;;
30/11/2021  10:22:49,059722;9,313623E-1;1,079395E-1;1,224705E-1;9,398336E-1;;
30/11/2021  10:22:49,059822;9,312341E-1;1,757970E-1;1,976624E-1;9,394134E-1;;
30/11/2021  10:22:49,059922;9,308944E-1;1,104881E-1;1,088855E-1;9,389983E-1;;
30/11/2021  10:22:49,060022;9,308824E-1;1,095324E-1;1,117289E-1;9,385888E-1;;
30/11/2021  10:22:49,060122;9,315262E-1;9,009900E-2;1,123607E-1;9,381855E-1;;
30/11/2021  10:22:49,060222;9,312371E-1;1,219570E-1;1,401627E-1;9,377890E-1;;
30/11/2021  10:22:49,060322;9,309212E-1;6,588692E-2;6,907803E-2;9,373998E-1;;
30/11/2021  10:22:49,060422;9,305099E-1;1,716555E-1;1,483770E-1;9,370184E-1;;
30/11/2021  10:22:49,060522;9,302268E-1;1,452133E-1;1,556434E-1;9,366453E-1;;
30/11/2021  10:22:49,060622;9,299079E-1;1,716555E-1;1,619620E-1;9,362807E-1;;
30/11/2021  10:22:49,060722;9,302953E-1;1,780271E-1;1,581709E-1;9,359248E-1;;
30/11/2021  10:22:49,060822;9,304592E-1;1,563636E-1;1,404787E-1;9,355779E-1;;
30/11/2021  10:22:49,060922;9,305248E-1;1,544522E-1;1,515363E-1;9,352402E-1;;
30/11/2021  10:22:49,061022;9,305338E-1;1,458505E-1;1,287892E-1;9,349120E-1;;
30/11/2021  10:22:49,061122;9,303937E-1;1,391603E-1;1,588027E-1;9,345936E-1;;
30/11/2021  10:22:49,061222;9,298900E-1;1,041165E-1;1,063580E-1;9,342851E-1;;
30/11/2021  10:22:49,061322;9,303937E-1;1,318330E-1;1,259458E-1;9,339866E-1;;
30/11/2021  10:22:49,061422;9,315024E-1;1,353374E-1;1,338441E-1;9,336984E-1;;
30/11/2021  10:22:49,061522;9,314457E-1;9,901924E-2;1,101492E-1;9,334206E-1;;
30/11/2021  10:22:49,061622;9,323845E-1;1,194084E-1;1,341600E-1;9,331536E-1;;
30/11/2021  10:22:49,061722;9,320448E-1;3,689614E-2;7,160549E-2;9,328977E-1;;
30/11/2021  10:22:49,061822;9,324233E-1;1,006121E-1;1,041465E-1;9,326534E-1;;
30/11/2021  10:22:49,061922;9,322355E-1;-5,804070E-2;9,751191E-2;9,324210E-1;;
30/11/2021  10:22:49,062022;9,326706E-1;1,404346E-1;1,806020E-1;9,322007E-1;;
30/11/2021  10:22:49,062122;9,330342E-1;1,318330E-1;1,619620E-1;9,319928E-1;;
30/11/2021  10:22:49,062222;9,334932E-1;1,394789E-1;1,360556E-1;9,317975E-1;;
30/11/2021  10:22:49,062322;9,336810E-1;1,353374E-1;1,569071E-1;9,316152E-1;;
30/11/2021  10:22:49,062422;9,342740E-1;1,178155E-1;1,142563E-1;9,314461E-1;;
30/11/2021  10:22:49,062522;9,338359E-1;1,088952E-1;1,180475E-1;9,312903E-1;;
30/11/2021  10:22:49,062622;9,339432E-1;1,350188E-1;1,828136E-1;9,311482E-1;;
30/11/2021  10:22:49,062722;9,344499E-1;1,245056E-1;1,196272E-1;9,310199E-1;;
30/11/2021  10:22:49,062822;9,343873E-1;1,082581E-1;1,003553E-1;9,309052E-1;;
30/11/2021  10:22:49,062922;9,348254E-1;1,299215E-1;1,243661E-1;9,308044E-1;;
30/11/2021  10:22:49,063022;9,343217E-1;1,378860E-1;1,155200E-1;9,307174E-1;;
30/11/2021  10:22:49,063122;9,351055E-1;1,171783E-1;1,344760E-1;9,306440E-1;;
30/11/2021  10:22:49,063222;9,350966E-1;5,537378E-2;6,244346E-2;9,305842E-1;;
30/11/2021  10:22:49,063322;9,343932E-1;1,311958E-1;1,477451E-1;9,305379E-1;;
30/11/2021  10:22:49,063422;9,350608E-1;9,678918E-2;8,455870E-2;9,305047E-1;;
30/11/2021  10:22:49,063522;9,353469E-1;1,579565E-1;1,512204E-1;9,304844E-1;;
30/11/2021  10:22:49,063622;9,353320E-1;1,350188E-1;1,559593E-1;9,304767E-1;;
30/11/2021  10:22:49,063722;9,363990E-1;1,433019E-1;1,670170E-1;9,304812E-1;;
30/11/2021  10:22:49,063822;9,357582E-1;1,273729E-1;1,129926E-1;9,304979E-1;;
30/11/2021  10:22:49,063922;9,357523E-1;1,216384E-1;1,218387E-1;9,305263E-1;;
30/11/2021  10:22:49,064022;9,359817E-1;1,260985E-1;1,294210E-1;9,305661E-1;;
30/11/2021  10:22:49,064122;9,371917E-1;1,296029E-1;1,354238E-1;9,306171E-1;;
30/11/2021  10:22:49,064222;9,377342E-1;1,238685E-1;1,256299E-1;9,306787E-1;;
30/11/2021  10:22:49,064322;9,375315E-1;1,311958E-1;1,297370E-1;9,307510E-1;;
30/11/2021  10:22:49,064422;9,390425E-1;1,095324E-1;1,038306E-1;9,308338E-1;;
30/11/2021  10:22:49,064522;9,382766E-1;3,944478E-2;8,329497E-2;9,309268E-1;;
30/11/2021  10:22:49,064622;9,389889E-1;1,178155E-1;1,066739E-1;9,310301E-1;;
30/11/2021  10:22:49,064722;9,388965E-1;1,343816E-1;1,256299E-1;9,311435E-1;;
30/11/2021  10:22:49,064822;9,402018E-1;9,838208E-2;1,259458E-1;9,312667E-1;;
30/11/2021  10:22:49,064922;9,407592E-1;1,321516E-1;1,445858E-1;9,313996E-1;;
30/11/2021  10:22:49,065022;9,409648E-1;1,439390E-1;1,528000E-1;9,315423E-1;;
30/11/2021  10:22:49,065122;9,413522E-1;1,343816E-1;1,338441E-1;9,316947E-1;;
30/11/2021  10:22:49,065222;9,410334E-1;1,439390E-1;1,411105E-1;9,318567E-1;;
30/11/2021  10:22:49,065322;9,419304E-1;1,570008E-1;1,625939E-1;9,320282E-1;;
30/11/2021  10:22:49,065422;9,421748E-1;1,296029E-1;1,303688E-1;9,322090E-1;;
30/11/2021  10:22:49,065522;9,393674E-1;1,123996E-1;1,114129E-1;9,323989E-1;;
30/11/2021  10:22:49,065622;9,390365E-1;1,206827E-1;1,101492E-1;9,325975E-1;;
30/11/2021  10:22:49,065722;9,397250E-1;1,210013E-1;1,202590E-1;9,328037E-1;;
30/11/2021  10:22:49,065822;9,396177E-1;1,292843E-1;1,379512E-1;9,330169E-1;;
30/11/2021  10:22:49,065922;9,393703E-1;1,174969E-1;1,054102E-1;9,332361E-1;;
30/11/2021  10:22:49,066022;9,394449E-1;1,133553E-1;1,148882E-1;9,334605E-1;;
30/11/2021  10:22:49,066122;9,390216E-1;1,222756E-1;1,237343E-1;9,336892E-1;;
30/11/2021  10:22:49,066222;9,385627E-1;1,296029E-1;1,237343E-1;9,339213E-1;;
30/11/2021  10:22:49,066322;9,390813E-1;1,257800E-1;1,249980E-1;9,341559E-1;;
30/11/2021  10:22:49,066422;9,392839E-1;3,307318E-2;1,073058E-1;9,343920E-1;;
30/11/2021  10:22:49,066522;9,391021E-1;1,334259E-1;1,224705E-1;9,346289E-1;;
30/11/2021  10:22:49,066622;9,389322E-1;1,436204E-1;1,613302E-1;9,348659E-1;;
30/11/2021  10:22:49,066722;9,385925E-1;1,162226E-1;1,196272E-1;9,351020E-1;;
30/11/2021  10:22:49,066822;9,381156E-1;1,143111E-1;1,152041E-1;9,353366E-1;;
30/11/2021  10:22:49,066922;9,374659E-1;1,235499E-1;1,170997E-1;9,355688E-1;;
30/11/2021  10:22:49,067022;9,377938E-1;1,276914E-1;1,278414E-1;9,357977E-1;;
30/11/2021  10:22:49,067122;9,379487E-1;5,441804E-2;5,865227E-2;9,360226E-1;;
30/11/2021  10:22:49,067222;9,381693E-1;1,448948E-1;1,316326E-1;9,362426E-1;;
30/11/2021  10:22:49,067322;9,386163E-1;1,232313E-1;1,016190E-1;9,364571E-1;;
30/11/2021  10:22:49,067422;9,386014E-1;1,327887E-1;1,303688E-1;9,366658E-1;;
30/11/2021  10:22:49,067522;9,380769E-1;1,136739E-1;1,278414E-1;9,368681E-1;;
30/11/2021  10:22:49,067622;9,380381E-1;1,178155E-1;1,212068E-1;9,370638E-1;;
30/11/2021  10:22:49,067722;9,381127E-1;8,340882E-2;9,340479E-2;9,372523E-1;;
30/11/2021  10:22:49,067822;9,381067E-1;1,085766E-1;1,180475E-1;9,374334E-1;;
30/11/2021  10:22:49,067922;9,384524E-1;7,448858E-2;7,508074E-2;9,376068E-1;;
30/11/2021  10:22:49,068022;9,384584E-1;1,560451E-1;2,058766E-1;9,377722E-1;;
30/11/2021  10:22:49,068122;9,377252E-1;1,060280E-1;1,126766E-1;9,379296E-1;;
30/11/2021  10:22:49,068222;9,374033E-1;9,774492E-2;1,050943E-1;9,380788E-1;;
30/11/2021  10:22:49,068322;9,374272E-1;9,105474E-2;1,044624E-1;9,382196E-1;;
30/11/2021  10:22:49,068422;9,369414E-1;9,551486E-2;9,403666E-2;9,383516E-1;;
30/11/2021  10:22:49,068522;9,371739E-1;-6,112162E-3;3,811669E-2;9,384748E-1;;
30/11/2021  10:22:49,068622;9,371977E-1;9,933782E-2;1,202590E-1;9,385890E-1;;
30/11/2021  10:22:49,068722;9,370248E-1;1,073023E-1;1,310007E-1;9,386940E-1;;
30/11/2021  10:22:49,068822;9,363006E-1;1,200455E-1;1,215227E-1;9,387897E-1;;
30/11/2021  10:22:49,068922;9,361457E-1;1,722926E-1;2,112474E-1;9,388762E-1;;
30/11/2021  10:22:49,069022;9,355943E-1;1,636910E-1;1,493248E-1;9,389532E-1;;
30/11/2021  10:22:49,069122;9,354662E-1;9,137332E-2;1,224705E-1;9,390205E-1;;
30/11/2021  10:22:49,069222;9,356867E-1;2,028763E-1;1,891322E-1;9,390781E-1;;
30/11/2021  10:22:49,069322;9,353887E-1;1,808943E-1;1,935552E-1;9,391257E-1;;
30/11/2021  10:22:49,069422;9,350817E-1;1,560451E-1;1,505885E-1;9,391635E-1;;
30/11/2021  10:22:49,069522;9,341608E-1;1,229127E-1;1,316326E-1;9,391914E-1;;
30/11/2021  10:22:49,069622;9,337763E-1;1,875845E-1;1,919756E-1;9,392092E-1;;
30/11/2021  10:22:49,069722;9,337257E-1;1,283286E-1;1,303688E-1;9,392168E-1;;
30/11/2021  10:22:49,069822;9,339820E-1;1,238685E-1;1,212068E-1;9,392142E-1;;
30/11/2021  10:22:49,069922;9,337525E-1;1,321516E-1;1,300529E-1;9,392012E-1;;
30/11/2021  10:22:49,070022;9,338210E-1;1,168597E-1;1,066739E-1;9,391780E-1;;
30/11/2021  10:22:49,070122;9,329448E-1;2,140266E-1;2,134590E-1;9,391447E-1;;
30/11/2021  10:22:49,070222;9,330581E-1;1,203641E-1;1,183634E-1;9,391013E-1;;
30/11/2021  10:22:49,070322;9,322742E-1;8,436456E-2;8,803395E-2;9,390479E-1;;
30/11/2021  10:22:49,070422;9,327988E-1;1,315144E-1;1,256299E-1;9,389847E-1;;
30/11/2021  10:22:49,070522;9,324709E-1;1,359745E-1;1,625939E-1;9,389117E-1;;
30/11/2021  10:22:49,070622;9,323100E-1;8,691320E-2;1,101492E-1;9,388292E-1;;
30/11/2021  10:22:49,070722;9,322266E-1;1,219570E-1;1,382671E-1;9,387374E-1;;
30/11/2021  10:22:49,070822;9,317676E-1;1,251428E-1;1,379512E-1;9,386366E-1;;
30/11/2021  10:22:49,070922;9,312311E-1;1,264171E-1;1,262617E-1;9,385269E-1;;
30/11/2021  10:22:49,071022;9,309838E-1;1,327887E-1;1,300529E-1;9,384087E-1;;
30/11/2021  10:22:49,071122;9,310493E-1;1,273729E-1;1,376353E-1;9,382820E-1;;
30/11/2021  10:22:49,071222;9,309570E-1;1,337445E-1;1,360556E-1;9,381472E-1;;
30/11/2021  10:22:49,071322;9,311417E-1;1,356559E-1;1,499566E-1;9,380045E-1;;
30/11/2021  10:22:49,071422;9,312073E-1;1,002936E-1;7,128955E-2;9,378543E-1;;
30/11/2021  10:22:49,071522;9,303251E-1;1,152668E-1;1,455336E-1;9,376969E-1;;
30/11/2021  10:22:49,071622;9,298662E-1;1,382046E-1;1,212068E-1;9,375328E-1;;
30/11/2021  10:22:49,071722;9,302149E-1;1,547707E-1;1,670170E-1;9,373621E-1;;
30/11/2021  10:22:49,071822;9,308139E-1;-3,244942E-3;4,032822E-2;9,371854E-1;;
30/11/2021  10:22:49,071922;9,308735E-1;1,841850E-2;8,740209E-2;9,370030E-1;;
30/11/2021  10:22:49,072022;9,311268E-1;1,162226E-1;1,041465E-1;9,368154E-1;;
30/11/2021  10:22:49,072122;9,311060E-1;1,582751E-1;1,528000E-1;9,366233E-1;;
30/11/2021  10:22:49,072222;9,306708E-1;1,241871E-1;1,401627E-1;9,364274E-1;;
30/11/2021  10:22:49,072322;9,309421E-1;1,267357E-1;1,338441E-1;9,362281E-1;;
30/11/2021  10:22:49,072422;9,314755E-1;8,117876E-2;9,530039E-2;9,360262E-1;;
30/11/2021  10:22:49,072522;9,322593E-1;1,232313E-1;1,291051E-1;9,358224E-1;;
30/11/2021  10:22:49,072622;9,321342E-1;1,873708E-2;7,729226E-2;9,356173E-1;;
30/11/2021  10:22:49,072722;9,324709E-1;1,353374E-1;1,281573E-1;9,354118E-1;;
30/11/2021  10:22:49,072822;9,331147E-1;1,184526E-1;1,354238E-1;9,352068E-1;;
30/11/2021  10:22:49,072922;9,332667E-1;1,034794E-1;1,095173E-1;9,350032E-1;;
30/11/2021  10:22:49,073022;9,332667E-1;1,267357E-1;1,284732E-1;9,348017E-1;;
30/11/2021  10:22:49,073122;9,343128E-1;1,254614E-1;1,306848E-1;9,346034E-1;;
30/11/2021  10:22:49,073222;9,351026E-1;9,073616E-2;9,150920E-2;9,344091E-1;;
30/11/2021  10:22:49,073322;9,359102E-1;-7,779266E-2;3,242992E-2;9,342198E-1;;
30/11/2021  10:22:49,073422;9,365391E-1;1,280100E-1;1,332122E-1;9,340367E-1;;
30/11/2021  10:22:49,073522;9,358506E-1;1,152668E-1;1,148882E-1;9,338607E-1;;
30/11/2021  10:22:49,073622;9,366642E-1;1,216384E-1;1,467973E-1;9,336929E-1;;
30/11/2021  10:22:49,073722;9,371292E-1;1,210013E-1;1,777586E-1;9,335342E-1;;
30/11/2021  10:22:49,073822;9,382766E-1;8,213450E-2;9,624818E-2;9,333854E-1;;
30/11/2021  10:22:49,073922;9,388279E-1;1,369303E-1;1,347919E-1;9,332475E-1;;
30/11/2021  10:22:49,074022;9,394150E-1;1,448948E-1;1,752312E-1;9,331214E-1;;
30/11/2021  10:22:49,074122;9,400886E-1;1,382046E-1;1,205749E-1;9,330081E-1;;
30/11/2021  10:22:49,074222;9,401273E-1;1,372488E-1;1,196272E-1;9,329083E-1;;
30/11/2021  10:22:49,074322;9,407443E-1;1,101695E-1;9,530039E-2;9,328230E-1;;
30/11/2021  10:22:49,074422;9,412301E-1;1,362931E-1;1,483770E-1;9,327529E-1;;
30/11/2021  10:22:49,074522;9,419721E-1;1,327887E-1;1,221546E-1;9,326985E-1;;
30/11/2021  10:22:49,074622;9,425920E-1;1,525407E-1;1,689125E-1;9,326605E-1;;
30/11/2021  10:22:49,074722;9,429854E-1;1,343816E-1;1,139404E-1;9,326394E-1;;
30/11/2021  10:22:49,074822;9,437156E-1;1,433019E-1;1,445858E-1;9,326359E-1;;
30/11/2021  10:22:49,074922;9,437514E-1;1,523270E-2;2,516348E-2;9,326502E-1;;
30/11/2021  10:22:49,075022;9,439034E-1;1,366117E-1;1,575390E-1;9,326829E-1;;
30/11/2021  10:22:49,075122;9,445441E-1;1,149482E-1;9,909157E-2;9,327340E-1;;
30/11/2021  10:22:49,075222;9,451015E-1;1,483991E-1;1,543797E-1;9,328038E-1;;
30/11/2021  10:22:49,075322;9,457750E-1;1,375674E-1;1,445858E-1;9,328923E-1;;
30/11/2021  10:22:49,075422;9,464158E-1;1,270543E-1;1,505885E-1;9,329996E-1;;
30/11/2021  10:22:49,075522;9,461028E-1;1,213198E-1;1,483770E-1;9,331257E-1;;
30/11/2021  10:22:49,075622;9,468569E-1;1,372488E-1;1,316326E-1;9,332706E-1;;
30/11/2021  10:22:49,075722;9,471161E-1;1,417090E-1;1,376353E-1;9,334340E-1;;
30/11/2021  10:22:49,075822;9,473039E-1;1,229127E-1;1,275255E-1;9,336157E-1;;
30/11/2021  10:22:49,075922;9,483440E-1;2,096714E-2;6,876210E-2;9,338155E-1;;
30/11/2021  10:22:49,076022;9,490206E-1;1,229127E-1;1,231024E-1;9,340330E-1;;
30/11/2021  10:22:49,076122;9,491815E-1;1,257800E-1;1,208909E-1;9,342679E-1;;
30/11/2021  10:22:49,076222;9,487702E-1;8,914326E-2;9,372073E-2;9,345198E-1;;
30/11/2021  10:22:49,076322;9,485348E-1;9,870066E-2;1,079377E-1;9,347884E-1;;
30/11/2021  10:22:49,076422;9,489460E-1;1,873708E-2;7,097362E-2;9,350729E-1;;
30/11/2021  10:22:49,076522;9,498312E-1;6,747982E-2;1,082536E-1;9,353725E-1;;
30/11/2021  10:22:49,076622;9,498610E-1;-1,025370E-2;4,159195E-2;9,356866E-1;;
30/11/2021  10:22:49,076722;9,498431E-1;9,933782E-2;1,205749E-1;9,360145E-1;;
30/11/2021  10:22:49,076822;9,494914E-1;9,901924E-2;1,101492E-1;9,363552E-1;;
30/11/2021  10:22:49,076922;9,496226E-1;9,455912E-2;1,120448E-1;9,367080E-1;;
30/11/2021  10:22:49,077022;9,498699E-1;1,190898E-1;1,433221E-1;9,370719E-1;;
30/11/2021  10:22:49,077122;9,497448E-1;1,222756E-1;1,332122E-1;9,374457E-1;;
30/11/2021  10:22:49,077222;9,508385E-1;1,477620E-1;1,464814E-1;9,378286E-1;;
30/11/2021  10:22:49,077322;9,511366E-1;1,461691E-1;1,445858E-1;9,382195E-1;;
30/11/2021  10:22:49,077422;9,509399E-1;1,687883E-1;1,534319E-1;9,386177E-1;;
30/11/2021  10:22:49,077522;9,513750E-1;1,815315E-1;1,502726E-1;9,390222E-1;;
30/11/2021  10:22:49,077622;9,515598E-1;1,722926E-1;1,524841E-1;9,394322E-1;;
30/11/2021  10:22:49,077722;9,513213E-1;1,566822E-1;1,480610E-1;9,398468E-1;;
30/11/2021  10:22:49,077822;9,518131E-1;1,397975E-1;1,392149E-1;9,402652E-1;;
30/11/2021  10:22:49,077922;9,524956E-1;1,006121E-1;1,493248E-1;9,406865E-1;;
30/11/2021  10:22:49,078022;9,531930E-1;1,385232E-1;1,199431E-1;9,411100E-1;;
30/11/2021  10:22:49,078122;9,529426E-1;1,194084E-1;1,284732E-1;9,415351E-1;;
30/11/2021  10:22:49,078222;9,526535E-1;1,238685E-1;1,316326E-1;9,419610E-1;;
30/11/2021  10:22:49,078322;9,521827E-1;1,245056E-1;1,287892E-1;9,423872E-1;;
30/11/2021  10:22:49,078422;9,519889E-1;1,347002E-1;1,253139E-1;9,428128E-1;;
30/11/2021  10:22:49,078522;9,530022E-1;9,360338E-2;1,385831E-1;9,432370E-1;;
30/11/2021  10:22:49,078622;9,529784E-1;1,327887E-1;1,272095E-1;9,436590E-1;;
30/11/2021  10:22:49,078722;9,526476E-1;1,598680E-1;1,840773E-1;9,440781E-1;;
30/11/2021  10:22:49,078822;9,520307E-1;1,308772E-1;1,332122E-1;9,444937E-1;;
30/11/2021  10:22:49,078922;9,516432E-1;1,299215E-1;1,253139E-1;9,449049E-1;;
30/11/2021  10:22:49,079022;9,514704E-1;1,264171E-1;1,240502E-1;9,453109E-1;;
30/11/2021  10:22:49,079122;9,512319E-1;1,366117E-1;1,483770E-1;9,457108E-1;;
30/11/2021  10:22:49,079222;9,517773E-1;1,238685E-1;1,253139E-1;9,461037E-1;;
30/11/2021  10:22:49,079322;9,510442E-1;1,506292E-1;1,401627E-1;9,464889E-1;;
30/11/2021  10:22:49,079422;9,506299E-1;1,203641E-1;1,013031E-1;9,468655E-1;;
30/11/2021  10:22:49,079522;9,501233E-1;1,353374E-1;1,227865E-1;9,472328E-1;;
30/11/2021  10:22:49,079622;9,491875E-1;1,174969E-1;1,303688E-1;9,475898E-1;;
30/11/2021  10:22:49,079722;9,487851E-1;1,092138E-1;1,272095E-1;9,479358E-1;;
30/11/2021  10:22:49,079822;9,487523E-1;1,359745E-1;1,373193E-1;9,482696E-1;;
30/11/2021  10:22:49,079922;9,488447E-1;1,270543E-1;1,303688E-1;9,485905E-1;;
30/11/2021  10:22:49,080022;9,484662E-1;1,238685E-1;1,262617E-1;9,488977E-1;;
30/11/2021  10:22:49,080122;9,481026E-1;1,525407E-1;2,087200E-1;9,491904E-1;;
30/11/2021  10:22:49,080222;9,471877E-1;1,401161E-1;1,382671E-1;9,494681E-1;;
30/11/2021  10:22:49,080322;9,466542E-1;1,296029E-1;1,227865E-1;9,497300E-1;;
30/11/2021  10:22:49,080422;9,464992E-1;1,187712E-1;1,177316E-1;9,499755E-1;;
30/11/2021  10:22:49,080522;9,463711E-1;1,327887E-1;1,316326E-1;9,502039E-1;;
30/11/2021  10:22:49,080622;9,468241E-1;1,206827E-1;1,152041E-1;9,504147E-1;;
30/11/2021  10:22:49,080722;9,462519E-1;1,219570E-1;1,069899E-1;9,506076E-1;;
30/11/2021  10:22:49,080822;9,454651E-1;1,321516E-1;1,208909E-1;9,507822E-1;;
30/11/2021  10:22:49,080922;9,452266E-1;1,152668E-1;1,092014E-1;9,509383E-1;;
30/11/2021  10:22:49,081022;9,447170E-1;1,311958E-1;1,398468E-1;9,510758E-1;;
30/11/2021  10:22:49,081122;9,443325E-1;1,321516E-1;1,398468E-1;9,511942E-1;;
30/11/2021  10:22:49,081222;9,446008E-1;1,092138E-1;1,325804E-1;9,512935E-1;;
30/11/2021  10:22:49,081322;9,446693E-1;9,742634E-2;1,553275E-1;9,513737E-1;;
30/11/2021  10:22:49,081422;9,438080E-1;6,270112E-2;9,435259E-2;9,514348E-1;;
30/11/2021  10:22:49,081522;9,436292E-1;1,184526E-1;1,196272E-1;9,514769E-1;;
30/11/2021  10:22:49,081622;9,428424E-1;1,197269E-1;1,240502E-1;9,515002E-1;;
30/11/2021  10:22:49,081722;9,415698E-1;1,550893E-1;1,357397E-1;9,515047E-1;;
30/11/2021  10:22:49,081822;9,417367E-1;1,426647E-1;1,458495E-1;9,514906E-1;;
30/11/2021  10:22:49,081922;9,418947E-1;1,155854E-1;1,170997E-1;9,514578E-1;;
30/11/2021  10:22:49,082022;9,414148E-1;1,225942E-1;1,253139E-1;9,514065E-1;;
30/11/2021  10:22:49,082122;9,408277E-1;1,200455E-1;8,171531E-2;9,513370E-1;;
30/11/2021  10:22:49,082222;9,403628E-1;2,054250E-1;2,242006E-1;9,512496E-1;;
30/11/2021  10:22:49,082322;9,404015E-1;1,095324E-1;1,013031E-1;9,511445E-1;;
30/11/2021  10:22:49,082422;9,391200E-1;1,260985E-1;1,354238E-1;9,510221E-1;;
30/11/2021  10:22:49,082522;9,392631E-1;1,337445E-1;1,297370E-1;9,508828E-1;;
30/11/2021  10:22:49,082622;9,394061E-1;1,461691E-1;1,796542E-1;9,507267E-1;;
30/11/2021  10:22:49,082722;9,388786E-1;1,378860E-1;1,189953E-1;9,505544E-1;;
30/11/2021  10:22:49,082822;9,384792E-1;1,350188E-1;1,505885E-1;9,503664E-1;;
30/11/2021  10:22:49,082922;9,379577E-1;1,235499E-1;1,411105E-1;9,501631E-1;;
30/11/2021  10:22:49,083022;9,373944E-1;1,302401E-1;1,306848E-1;9,499451E-1;;
30/11/2021  10:22:49,083122;9,374063E-1;1,299215E-1;1,341600E-1;9,497129E-1;;
30/11/2021  10:22:49,083222;9,377431E-1;1,267357E-1;1,268936E-1;9,494670E-1;;
30/11/2021  10:22:49,083322;9,372037E-1;1,334259E-1;1,205749E-1;9,492079E-1;;
30/11/2021  10:22:49,083422;9,379040E-1;1,461691E-1;1,556434E-1;9,489365E-1;;
30/11/2021  10:22:49,083522;9,374659E-1;1,229127E-1;1,328963E-1;9,486535E-1;;
30/11/2021  10:22:49,083622;9,362023E-1;1,276914E-1;1,259458E-1;9,483598E-1;;
30/11/2021  10:22:49,083722;9,363245E-1;1,327887E-1;1,635417E-1;9,480560E-1;;
30/11/2021  10:22:49,083822;9,355645E-1;6,312458E-3;5,486109E-2;9,477429E-1;;
30/11/2021  10:22:49,083922;9,363960E-1;3,275460E-2;5,517702E-2;9,474211E-1;;
30/11/2021  10:22:49,084022;9,362917E-1;1,286472E-1;1,366875E-1;9,470913E-1;;
30/11/2021  10:22:49,084122;9,357344E-1;3,785188E-2;6,591871E-2;9,467544E-1;;
30/11/2021  10:22:49,084222;9,352337E-1;1,308772E-1;1,265777E-1;9,464111E-1;;
30/11/2021  10:22:49,084322;9,345601E-1;1,264171E-1;1,499566E-1;9,460621E-1;;
30/11/2021  10:22:49,084422;9,338777E-1;1,041165E-1;1,202590E-1;9,457081E-1;;
30/11/2021  10:22:49,084522;9,330104E-1;1,012493E-1;1,167838E-1;9,453495E-1;;
30/11/2021  10:22:49,084622;9,339343E-1;9,774492E-2;1,028828E-1;9,449868E-1;;
30/11/2021  10:22:49,084722;9,334693E-1;9,647060E-2;1,044624E-1;9,446204E-1;;
30/11/2021  10:22:49,084822;9,332011E-1;9,901924E-2;9,940750E-2;9,442509E-1;;
30/11/2021  10:22:49,084922;9,321372E-1;9,232906E-2;1,167838E-1;9,438788E-1;;
30/11/2021  10:22:49,085022;9,317467E-1;4,772786E-2;5,359736E-2;9,435044E-1;;
30/11/2021  10:22:49,085122;9,313474E-1;9,009900E-2;9,624818E-2;9,431282E-1;;
30/11/2021  10:22:49,085222;9,316186E-1;9,519628E-2;1,082536E-1;9,427503E-1;;
30/11/2021  10:22:49,085322;9,314338E-1;6,429402E-2;9,214107E-2;9,423712E-1;;
30/11/2021  10:22:49,085422;9,317736E-1;1,197269E-1;1,297370E-1;9,419911E-1;;
30/11/2021  10:22:49,085522;9,312729E-1;8,755036E-2;8,582243E-2;9,416107E-1;;
30/11/2021  10:22:49,085622;9,309242E-1;1,385232E-1;1,221546E-1;9,412302E-1;;
30/11/2021  10:22:49,085722;9,304622E-1;2,108408E-1;2,169342E-1;9,408502E-1;;
30/11/2021  10:22:49,085822;9,304503E-1;1,503106E-1;1,903959E-1;9,404710E-1;;
30/11/2021  10:22:49,085922;9,308854E-1;1,321516E-1;1,480610E-1;9,400930E-1;;
30/11/2021  10:22:49,086022;9,307871E-1;1,499920E-1;1,464814E-1;9,397165E-1;;
30/11/2021  10:22:49,086122;9,310315E-1;1,423461E-1;1,629098E-1;9,393421E-1;;
30/11/2021  10:22:49,086222;9,304205E-1;5,378088E-2;8,961361E-2;9,389703E-1;;
30/11/2021  10:22:49,086322;9,303937E-1;1,397975E-1;1,493248E-1;9,386016E-1;;
30/11/2021  10:22:49,086422;9,296277E-1;1,394789E-1;1,790224E-1;9,382363E-1;;
30/11/2021  10:22:49,086522;9,298483E-1;2,032998E-2;5,012211E-2;9,378749E-1;;
30/11/2021  10:22:49,086622;9,297946E-1;1,159040E-1;1,009872E-1;9,375176E-1;;
30/11/2021  10:22:49,086722;9,301642E-1;1,573194E-1;1,559593E-1;9,371647E-1;;
30/11/2021  10:22:49,086822;9,305367E-1;1,216384E-1;1,038306E-1;9,368168E-1;;
30/11/2021  10:22:49,086922;9,298572E-1;5,537378E-2;8,203124E-2;9,364741E-1;;
30/11/2021  10:22:49,087022;9,294906E-1;6,047106E-2;6,970989E-2;9,361370E-1;;
30/11/2021  10:22:49,087122;9,290168E-1;1,385232E-1;1,471132E-1;9,358060E-1;;
30/11/2021  10:22:49,087222;9,290764E-1;8,532030E-2;8,582243E-2;9,354811E-1;;
30/11/2021  10:22:49,087322;9,293983E-1;1,452133E-1;1,524841E-1;9,351625E-1;;
30/11/2021  10:22:49,087422;9,290704E-1;1,203641E-1;1,442698E-1;9,348505E-1;;
30/11/2021  10:22:49,087522;9,292224E-1;1,292843E-1;1,553275E-1;9,345452E-1;;
30/11/2021  10:22:49,087622;9,288052E-1;1,133553E-1;9,308886E-2;9,342467E-1;;
30/11/2021  10:22:49,087722;9,282628E-1;1,267357E-1;1,237343E-1;9,339553E-1;;
30/11/2021  10:22:49,087822;9,286681E-1;1,267357E-1;1,281573E-1;9,336709E-1;;
30/11/2021  10:22:49,087922;9,298125E-1;1,286472E-1;1,287892E-1;9,333937E-1;;
30/11/2021  10:22:49,088022;9,302208E-1;1,213198E-1;1,189953E-1;9,331239E-1;;
30/11/2021  10:22:49,088122;9,308109E-1;1,248242E-1;1,218387E-1;9,328617E-1;;
30/11/2021  10:22:49,088222;9,305278E-1;1,245056E-1;1,164678E-1;9,326078E-1;;
30/11/2021  10:22:49,088322;9,305218E-1;1,060280E-1;9,972343E-2;9,323624E-1;;
30/11/2021  10:22:49,088422;9,302983E-1;3,126658E-3;5,891631E-3;9,321259E-1;;
30/11/2021  10:22:49,088522;9,308407E-1;1,174969E-1;1,044624E-1;9,318987E-1;;
30/11/2021  10:22:49,088622;9,318928E-1;-1,574377E-1;-5,634697E-2;9,316810E-1;;
30/11/2021  10:22:49,088722;9,323964E-1;1,165411E-1;1,313166E-1;9,314732E-1;;
30/11/2021  10:22:49,088822;9,334723E-1;1,292843E-1;1,430061E-1;9,312758E-1;;
30/11/2021  10:22:49,088922;9,326975E-1;1,359745E-1;1,319485E-1;9,310893E-1;;
30/11/2021  10:22:49,089022;9,326855E-1;1,315144E-1;1,306848E-1;9,309144E-1;;
30/11/2021  10:22:49,089122;9,327690E-1;1,257800E-1;1,373193E-1;9,307513E-1;;
30/11/2021  10:22:49,089222;9,331385E-1;1,248242E-1;1,253139E-1;9,306003E-1;;
30/11/2021  10:22:49,089322;9,335856E-1;1,299215E-1;1,281573E-1;9,304616E-1;;
30/11/2021  10:22:49,089422;9,344379E-1;1,286472E-1;1,366875E-1;9,303355E-1;;
30/11/2021  10:22:49,089522;9,340624E-1;1,139925E-1;1,117289E-1;9,302222E-1;;
30/11/2021  10:22:49,089622;9,343813E-1;1,225942E-1;1,139404E-1;9,301221E-1;;
30/11/2021  10:22:49,089722;9,339641E-1;1,257800E-1;1,189953E-1;9,300351E-1;;
30/11/2021  10:22:49,089822;9,339611E-1;1,219570E-1;1,155200E-1;9,299614E-1;;
30/11/2021  10:22:49,089922;9,344052E-1;1,235499E-1;1,265777E-1;9,299009E-1;;
30/11/2021  10:22:49,090022;9,350042E-1;5,983390E-2;7,160549E-2;9,298535E-1;;
30/11/2021  10:22:49,090122;9,355585E-1;1,114439E-1;9,782784E-2;9,298191E-1;;
30/11/2021  10:22:49,090222;9,353171E-1;1,296029E-1;1,347919E-1;9,297976E-1;;
30/11/2021  10:22:49,090322;9,348582E-1;1,426647E-1;1,376353E-1;9,297891E-1;;
30/11/2021  10:22:49,090422;9,350042E-1;1,382046E-1;1,341600E-1;9,297932E-1;;
30/11/2021  10:22:49,090522;9,358029E-1;1,362931E-1;1,363715E-1;9,298098E-1;;
30/11/2021  10:22:49,090622;9,359221E-1;1,331073E-1;1,341600E-1;9,298384E-1;;
30/11/2021  10:22:49,090722;9,371023E-1;1,264171E-1;1,218387E-1;9,298789E-1;;
30/11/2021  10:22:49,090822;9,371530E-1;1,066652E-1;1,897641E-1;9,299312E-1;;
30/11/2021  10:22:49,090922;9,369861E-1;1,452133E-1;1,360556E-1;9,299950E-1;;
30/11/2021  10:22:49,091022;9,369712E-1;1,273729E-1;1,287892E-1;9,300702E-1;;
30/11/2021  10:22:49,091122;9,371053E-1;1,401161E-1;1,272095E-1;9,301566E-1;;
30/11/2021  10:22:49,091222;9,375106E-1;1,203641E-1;1,430061E-1;9,302538E-1;;
30/11/2021  10:22:49,091322;9,380680E-1;1,299215E-1;1,366875E-1;9,303615E-1;;
30/11/2021  10:22:49,091422;9,389710E-1;7,926728E-2;1,240502E-1;9,304793E-1;;
30/11/2021  10:22:49,091522;9,389769E-1;5,887816E-2;8,076751E-2;9,306072E-1;;
30/11/2021  10:22:49,091622;9,390216E-1;1,273729E-1;1,212068E-1;9,307448E-1;;
30/11/2021  10:22:49,091722;9,384614E-1;1,340630E-1;1,464814E-1;9,308921E-1;;
30/11/2021  10:22:49,091822;9,387236E-1;1,283286E-1;1,268936E-1;9,310484E-1;;
30/11/2021  10:22:49,091922;9,390097E-1;1,289658E-1;1,382671E-1;9,312136E-1;;
30/11/2021  10:22:49,092022;9,399336E-1;1,369303E-1;1,325804E-1;9,313870E-1;;
30/11/2021  10:22:49,092122;9,402555E-1;1,321516E-1;1,351078E-1;9,315684E-1;;
30/11/2021  10:22:49,092222;9,402078E-1;1,184526E-1;1,850251E-1;9,317574E-1;;
30/11/2021  10:22:49,092322;9,395372E-1;1,270543E-1;1,287892E-1;9,319537E-1;;
30/11/2021  10:22:49,092422;9,393644E-1;1,257800E-1;1,237343E-1;9,321569E-1;;
30/11/2021  10:22:49,092522;9,393614E-1;1,085766E-1;1,129926E-1;9,323664E-1;;
30/11/2021  10:22:49,092622;9,404671E-1;1,136739E-1;1,218387E-1;9,325815E-1;;
30/11/2021  10:22:49,092722;9,406638E-1;1,006121E-1;9,814378E-2;9,328018E-1;;
30/11/2021  10:22:49,092822;9,410155E-1;1,149482E-1;1,376353E-1;9,330268E-1;;
30/11/2021  10:22:49,092922;9,404850E-1;1,174969E-1;1,606983E-1;9,332561E-1;;
30/11/2021  10:22:49,093022;9,399455E-1;9,997498E-2;1,155200E-1;9,334893E-1;;
30/11/2021  10:22:49,093122;9,395581E-1;1,079395E-1;1,272095E-1;9,337257E-1;;
30/11/2021  10:22:49,093222;9,406698E-1;1,028422E-1;1,126766E-1;9,339648E-1;;
30/11/2021  10:22:49,093322;9,414744E-1;7,002846E-2;8,929768E-2;9,342059E-1;;
30/11/2021  10:22:49,093422;9,423894E-1;9,901924E-2;1,098333E-1;9,344486E-1;;
30/11/2021  10:22:49,093522;9,420824E-1;1,222756E-1;1,515363E-1;9,346927E-1;;
30/11/2021  10:22:49,093622;9,415430E-1;1,165411E-1;1,338441E-1;9,349379E-1;;
30/11/2021  10:22:49,093722;9,414923E-1;1,340630E-1;1,458495E-1;9,351839E-1;;
30/11/2021  10:22:49,093822;9,416473E-1;1,448948E-1;1,351078E-1;9,354304E-1;;
30/11/2021  10:22:49,093922;9,431851E-1;1,773899E-1;1,679647E-1;9,356770E-1;;
30/11/2021  10:22:49,094022;9,437484E-1;1,687883E-1;1,414265E-1;9,359233E-1;;
30/11/2021  10:22:49,094122;9,440584E-1;1,856730E-1;1,606983E-1;9,361695E-1;;
30/11/2021  10:22:49,094222;9,442878E-1;1,646467E-1;1,515363E-1;9,364154E-1;;
30/11/2021  10:22:49,094322;9,443266E-1;1,522221E-1;1,493248E-1;9,366612E-1;;
30/11/2021  10:22:49,094422;9,445203E-1;1,404346E-1;1,471132E-1;9,369068E-1;;
30/11/2021  10:22:49,094522;9,444875E-1;1,458505E-1;1,591187E-1;9,371522E-1;;
30/11/2021  10:22:49,094622;9,445441E-1;1,311958E-1;1,193112E-1;9,373974E-1;;
30/11/2021  10:22:49,094722;9,456051E-1;1,436204E-1;1,543797E-1;9,376422E-1;;
30/11/2021  10:22:49,094822;9,460343E-1;1,149482E-1;1,158360E-1;9,378867E-1;;
30/11/2021  10:22:49,094922;9,457452E-1;1,289658E-1;1,483770E-1;9,381310E-1;;
30/11/2021  10:22:49,095022;9,451164E-1;1,506292E-1;1,654373E-1;9,383750E-1;;
30/11/2021  10:22:49,095122;9,447230E-1;1,340630E-1;1,313166E-1;9,386187E-1;;
30/11/2021  10:22:49,095222;9,450359E-1;1,267357E-1;1,259458E-1;9,388618E-1;;
30/11/2021  10:22:49,095322;9,455336E-1;1,347002E-1;1,360556E-1;9,391040E-1;;
30/11/2021  10:22:49,095422;9,461684E-1;1,410718E-1;1,310007E-1;9,393451E-1;;
30/11/2021  10:22:49,095522;9,463860E-1;1,108067E-1;1,717559E-1;9,395850E-1;;
30/11/2021  10:22:49,095622;9,457750E-1;3,944478E-2;3,242992E-2;9,398237E-1;;
30/11/2021  10:22:49,095722;9,458465E-1;1,480806E-1;1,739675E-1;9,400609E-1;;
30/11/2021  10:22:49,095822;9,450836E-1;1,656025E-1;1,512204E-1;9,402964E-1;;
30/11/2021  10:22:49,095922;9,461356E-1;1,146297E-1;1,186794E-1;9,405300E-1;;
30/11/2021  10:22:49,096022;9,470059E-1;3,402892E-2;3,685297E-2;9,407615E-1;;
30/11/2021  10:22:49,096122;9,471251E-1;1,347002E-1;1,259458E-1;9,409906E-1;;
30/11/2021  10:22:49,096222;9,473248E-1;1,267357E-1;1,177316E-1;9,412174E-1;;
30/11/2021  10:22:49,096322;9,474201E-1;1,146297E-1;1,202590E-1;9,414419E-1;;
30/11/2021  10:22:49,096422;9,468181E-1;1,321516E-1;1,335282E-1;9,416642E-1;;
30/11/2021  10:22:49,096522;9,471191E-1;1,245056E-1;1,240502E-1;9,418841E-1;;
30/11/2021  10:22:49,096622;9,479029E-1;1,283286E-1;1,291051E-1;9,421015E-1;;
30/11/2021  10:22:49,096722;9,485974E-1;1,401161E-1;1,407946E-1;9,423164E-1;;
30/11/2021  10:22:49,096822;9,485765E-1;1,337445E-1;1,335282E-1;9,425289E-1;;
30/11/2021  10:22:49,096922;9,481235E-1;1,270543E-1;1,246821E-1;9,427391E-1;;
30/11/2021  10:22:49,097022;9,474678E-1;1,417090E-1;1,471132E-1;9,429470E-1;;
30/11/2021  10:22:49,097122;9,470416E-1;4,581638E-2;8,771802E-2;9,431526E-1;;
30/11/2021  10:22:49,097222;9,471757E-1;1,219570E-1;1,199431E-1;9,433555E-1;;
30/11/2021  10:22:49,097322;9,473784E-1;1,254614E-1;1,243661E-1;9,435555E-1;;
30/11/2021  10:22:49,097422;9,475453E-1;1,108067E-1;1,338441E-1;9,437524E-1;;
30/11/2021  10:22:49,097522;9,473039E-1;1,652839E-1;1,499566E-1;9,439459E-1;;
30/11/2021  10:22:49,097622;9,465409E-1;1,347002E-1;1,411105E-1;9,441357E-1;;
30/11/2021  10:22:49,097722;9,456707E-1;1,652839E-1;1,600664E-1;9,443217E-1;;
30/11/2021  10:22:49,097822;9,453578E-1;-2,873134E-2;6,370719E-2;9,445033E-1;;
30/11/2021  10:22:49,097922;9,446514E-1;1,302401E-1;1,310007E-1;9,446799E-1;;
30/11/2021  10:22:49,098022;9,453399E-1;-1,248376E-2;1,272095E-1;9,448509E-1;;
30/11/2021  10:22:49,098122;9,458018E-1;1,318330E-1;1,322644E-1;9,450159E-1;;
30/11/2021  10:22:49,098222;9,451193E-1;1,181340E-1;1,303688E-1;9,451744E-1;;
30/11/2021  10:22:49,098322;9,439183E-1;1,232313E-1;1,066739E-1;9,453260E-1;;
30/11/2021  10:22:49,098422;9,439511E-1;1,276914E-1;1,009872E-1;9,454703E-1;;
30/11/2021  10:22:49,098522;9,426517E-1;9,933782E-2;8,487463E-2;9,456067E-1;;
30/11/2021  10:22:49,098622;9,435547E-1;1,213198E-1;1,237343E-1;9,457347E-1;;
30/11/2021  10:22:49,098722;9,435606E-1;1,292843E-1;1,177316E-1;9,458537E-1;;
30/11/2021  10:22:49,098822;9,429527E-1;1,331073E-1;1,414265E-1;9,459634E-1;;
30/11/2021  10:22:49,098922;9,433073E-1;1,321516E-1;1,158360E-1;9,460634E-1;;
30/11/2021  10:22:49,099022;9,424401E-1;1,241871E-1;1,341600E-1;9,461535E-1;;
30/11/2021  10:22:49,099122;9,415698E-1;-3,924448E-2;8,045158E-2;9,462333E-1;;
30/11/2021  10:22:49,099222;9,412926E-1;1,324701E-1;1,328963E-1;9,463025E-1;;
30/11/2021  10:22:49,099322;9,418917E-1;6,015248E-2;8,297904E-2;9,463608E-1;;
30/11/2021  10:22:49,099422;9,422672E-1;1,327887E-1;1,392149E-1;9,464080E-1;;
30/11/2021  10:22:49,099522;9,421688E-1;1,299215E-1;1,193112E-1;9,464440E-1;;
30/11/2021  10:22:49,099622;9,417367E-1;1,499920E-1;1,673329E-1;9,464688E-1;;
30/11/2021  10:22:49,099722;9,412360E-1;1,114439E-1;1,129926E-1;9,464825E-1;;
30/11/2021  10:22:49,099822;9,408933E-1;1,254614E-1;1,262617E-1;9,464851E-1;;
30/11/2021  10:22:49,099922;9,404641E-1;1,289658E-1;1,265777E-1;9,464768E-1;;
30/11/2021  10:22:49,100022;9,407502E-1;1,359745E-1;1,322644E-1;9,464575E-1;;
30/11/2021  10:22:49,100122;9,405923E-1;1,152668E-1;1,234183E-1;9,464272E-1;;
30/11/2021  10:22:49,100222;9,406221E-1;1,283286E-1;1,259458E-1;9,463863E-1;;
30/11/2021  10:22:49,100322;9,405237E-1;1,123996E-1;9,498445E-2;9,463348E-1;;
30/11/2021  10:22:49,100422;9,394180E-1;-3,892590E-2;3,369365E-2;9,462730E-1;;
30/11/2021  10:22:49,100522;9,395432E-1;8,627604E-2;1,395309E-1;9,462011E-1;;
30/11/2021  10:22:49,100622;9,392541E-1;1,184526E-1;1,685966E-1;9,461193E-1;;
30/11/2021  10:22:49,100722;9,394210E-1;9,360338E-2;1,164678E-1;9,460279E-1;;
30/11/2021  10:22:49,100822;9,403866E-1;1,127182E-1;1,104651E-1;9,459270E-1;;
30/11/2021  10:22:49,100922;9,395521E-1;4,581638E-2;6,402312E-2;9,458171E-1;;
30/11/2021  10:22:49,101022;9,388130E-1;1,088952E-1;1,114129E-1;9,456986E-1;;
30/11/2021  10:22:49,101122;9,391111E-1;1,136739E-1;1,177316E-1;9,455720E-1;;
30/11/2021  10:22:49,101222;9,393852E-1;1,372488E-1;1,458495E-1;9,454377E-1;;
30/11/2021  10:22:49,101322;9,398174E-1;9,615202E-2;1,092014E-1;9,452960E-1;;
30/11/2021  10:22:49,101422;9,404939E-1;1,088952E-1;1,129926E-1;9,451475E-1;;
30/11/2021  10:22:49,101522;9,407979E-1;9,901924E-2;1,123607E-1;9,449931E-1;;
30/11/2021  10:22:49,101622;9,416234E-1;8,946184E-2;1,016190E-1;9,448334E-1;;
30/11/2021  10:22:49,101722;9,403717E-1;8,022302E-2;8,898175E-2;9,446694E-1;;
30/11/2021  10:22:49,101822;9,410363E-1;5,473662E-2;5,770448E-2;9,445020E-1;;
30/11/2021  10:22:49,101922;9,416890E-1;1,123996E-1;1,433221E-1;9,443319E-1;;
30/11/2021  10:22:49,102022;9,418351E-1;1,254614E-1;1,224705E-1;9,441600E-1;;
30/11/2021  10:22:49,102122;9,430361E-1;1,458505E-1;1,335282E-1;9,439872E-1;;
30/11/2021  10:22:49,102222;9,435577E-1;1,576380E-1;1,417424E-1;9,438146E-1;;
30/11/2021  10:22:49,102322;9,441001E-1;1,627352E-1;1,445858E-1;9,436432E-1;;
30/11/2021  10:22:49,102422;9,439183E-1;1,605052E-1;1,682807E-1;9,434741E-1;;
30/11/2021  10:22:49,102522;9,439809E-1;1,547707E-1;1,496407E-1;9,433085E-1;;
30/11/2021  10:22:49,102622;9,442610E-1;1,417090E-1;1,426902E-1;9,431473E-1;;
30/11/2021  10:22:49,102722;9,450299E-1;1,334259E-1;1,322644E-1;9,429914E-1;;
30/11/2021  10:22:49,102822;9,456439E-1;1,229127E-1;1,193112E-1;9,428417E-1;;
30/11/2021  10:22:49,102922;9,457631E-1;1,382046E-1;1,382671E-1;9,426991E-1;;
30/11/2021  10:22:49,103022;9,459389E-1;1,334259E-1;1,265777E-1;9,425646E-1;;
30/11/2021  10:22:49,103122;9,453250E-1;1,200455E-1;1,183634E-1;9,424388E-1;;
30/11/2021  10:22:49,103222;9,450568E-1;1,025236E-1;8,613836E-2;9,423225E-1;;
30/11/2021  10:22:49,103322;9,458763E-1;-9,085444E-2;5,675668E-2;9,422160E-1;;
30/11/2021  10:22:49,103422;9,465469E-1;1,251428E-1;1,227865E-1;9,421198E-1;;
30/11/2021  10:22:49,103522;9,469522E-1;1,585937E-1;1,572231E-1;9,420343E-1;;
30/11/2021  10:22:49,103622;9,464307E-1;1,206827E-1;1,114129E-1;9,419599E-1;;
30/11/2021  10:22:49,103722;9,463264E-1;1,315144E-1;1,278414E-1;9,418969E-1;;
30/11/2021  10:22:49,103822;9,465886E-1;1,308772E-1;1,275255E-1;9,418455E-1;;
30/11/2021  10:22:49,103922;9,462548E-1;1,063466E-1;1,107811E-1;9,418059E-1;;
30/11/2021  10:22:49,104022;9,469969E-1;9,997498E-2;8,487463E-2;9,417779E-1;;
30/11/2021  10:22:49,104122;9,470923E-1;6,174538E-2;1,114129E-1;9,417615E-1;;
30/11/2021  10:22:49,104222;9,473218E-1;-2,586412E-2;7,602853E-2;9,417568E-1;;
30/11/2021  10:22:49,104322;9,472056E-1;1,570008E-1;1,597505E-1;9,417636E-1;;
30/11/2021  10:22:49,104422;9,470983E-1;1,235499E-1;1,218387E-1;9,417819E-1;;
30/11/2021  10:22:49,104522;9,461893E-1;1,289658E-1;1,202590E-1;9,418112E-1;;
30/11/2021  10:22:49,104622;9,461148E-1;1,073023E-1;8,613836E-2;9,418513E-1;;
30/11/2021  10:22:49,104722;9,465976E-1;1,187712E-1;1,177316E-1;9,419017E-1;;
30/11/2021  10:22:49,104822;9,467704E-1;1,270543E-1;1,205749E-1;9,419617E-1;;
30/11/2021  10:22:49,104922;9,459300E-1;1,273729E-1;1,006712E-1;9,420309E-1;;
30/11/2021  10:22:49,105022;9,461297E-1;1,550893E-1;1,758630E-1;9,421087E-1;;
30/11/2021  10:22:49,105122;9,460343E-1;1,216384E-1;1,278414E-1;9,421945E-1;;
30/11/2021  10:22:49,105222;9,451402E-1;1,283286E-1;1,224705E-1;9,422875E-1;;
30/11/2021  10:22:49,105322;9,449346E-1;1,407532E-1;1,398468E-1;9,423870E-1;;
30/11/2021  10:22:49,105422;9,451342E-1;1,203641E-1;1,373193E-1;9,424922E-1;;
30/11/2021  10:22:49,105522;9,454084E-1;1,385232E-1;1,518522E-1;9,426021E-1;;
30/11/2021  10:22:49,105622;9,453458E-1;1,353374E-1;1,528000E-1;9,427162E-1;;
30/11/2021  10:22:49,105722;9,441567E-1;1,213198E-1;1,234183E-1;9,428335E-1;;
30/11/2021  10:22:49,105822;9,441418E-1;1,159040E-1;1,170997E-1;9,429534E-1;;
30/11/2021  10:22:49,105922;9,437961E-1;1,241871E-1;1,164678E-1;9,430749E-1;;
30/11/2021  10:22:49,106022;9,436530E-1;5,409946E-2;6,402312E-2;9,431972E-1;;
30/11/2021  10:22:49,106122;9,437126E-1;1,216384E-1;1,193112E-1;9,433194E-1;;
30/11/2021  10:22:49,106222;9,437812E-1;1,174969E-1;1,142563E-1;9,434408E-1;;
30/11/2021  10:22:49,106322;9,434951E-1;1,139925E-1;8,961361E-2;9,435606E-1;;
30/11/2021  10:22:49,106422;9,428931E-1;1,506292E-1;1,821817E-1;9,436780E-1;;
30/11/2021  10:22:49,106522;9,426636E-1;1,869473E-1;2,756976E-1;9,437926E-1;;
30/11/2021  10:22:49,106622;9,422821E-1;1,248242E-1;1,300529E-1;9,439034E-1;;
30/11/2021  10:22:49,106722;9,429765E-1;6,939130E-2;8,613836E-2;9,440098E-1;;
30/11/2021  10:22:49,106822;9,429765E-1;1,509478E-1;1,698603E-1;9,441113E-1;;
30/11/2021  10:22:49,106922;9,438289E-1;1,311958E-1;1,265777E-1;9,442075E-1;;
30/11/2021  10:22:49,107022;9,432626E-1;1,585937E-1;1,758630E-1;9,442980E-1;;
30/11/2021  10:22:49,107122;9,436858E-1;1,280100E-1;1,237343E-1;9,443827E-1;;
30/11/2021  10:22:49,107222;9,434385E-1;1,321516E-1;1,306848E-1;9,444614E-1;;
30/11/2021  10:22:49,107322;9,434563E-1;1,280100E-1;1,249980E-1;9,445341E-1;;
30/11/2021  10:22:49,107422;9,441358E-1;1,270543E-1;1,291051E-1;9,446007E-1;;
30/11/2021  10:22:49,107522;9,445263E-1;1,372488E-1;1,180475E-1;9,446612E-1;;
30/11/2021  10:22:49,107622;9,444160E-1;1,159040E-1;1,136244E-1;9,447160E-1;;
30/11/2021  10:22:49,107722;9,446902E-1;1,155854E-1;1,205749E-1;9,447650E-1;;
30/11/2021  10:22:49,107822;9,445143E-1;1,260985E-1;1,145722E-1;9,448087E-1;;
30/11/2021  10:22:49,107922;9,441656E-1;1,184526E-1;1,505885E-1;9,448473E-1;;
30/11/2021  10:22:49,108022;9,443981E-1;1,636910E-1;1,455336E-1;9,448810E-1;;
30/11/2021  10:22:49,108122;9,455634E-1;4,709070E-2;5,233363E-2;9,449100E-1;;
30/11/2021  10:22:49,108222;9,454412E-1;1,152668E-1;1,227865E-1;9,449346E-1;;
30/11/2021  10:22:49,108322;9,453995E-1;1,117624E-1;1,073058E-1;9,449554E-1;;
30/11/2021  10:22:49,108422;9,449554E-1;1,187712E-1;1,101492E-1;9,449727E-1;;
30/11/2021  10:22:49,108522;9,449435E-1;1,410718E-1;1,332122E-1;9,449868E-1;;
30/11/2021  10:22:49,108622;9,444011E-1;1,337445E-1;1,395309E-1;9,449981E-1;;
30/11/2021  10:22:49,108722;9,451551E-1;1,219570E-1;1,231024E-1;9,450066E-1;;
30/11/2021  10:22:49,108822;9,452564E-1;1,219570E-1;1,265777E-1;9,450127E-1;;
30/11/2021  10:22:49,108922;9,448154E-1;1,382046E-1;1,543797E-1;9,450166E-1;;
30/11/2021  10:22:49,109022;9,448124E-1;1,174969E-1;1,170997E-1;9,450184E-1;;
30/11/2021  10:22:49,109122;9,440107E-1;9,137332E-2;6,907803E-2;9,450185E-1;;
30/11/2021  10:22:49,109222;9,430749E-1;7,098420E-2;7,981972E-2;9,450168E-1;;
30/11/2021  10:22:49,109322;9,427232E-1;1,149482E-1;1,351078E-1;9,450132E-1;;
30/11/2021  10:22:49,109422;9,426099E-1;1,047537E-1;1,082536E-1;9,450076E-1;;
30/11/2021  10:22:49,109522;9,416294E-1;1,076209E-1;1,136244E-1;9,449995E-1;;
30/11/2021  10:22:49,109622;9,413761E-1;7,671864E-2;8,013565E-2;9,449887E-1;;
30/11/2021  10:22:49,109722;9,401452E-1;9,997498E-2;1,218387E-1;9,449748E-1;;
30/11/2021  10:22:49,109822;9,397727E-1;1,079395E-1;1,281573E-1;9,449573E-1;;
30/11/2021  10:22:49,109922;9,388697E-1;1,321516E-1;1,572231E-1;9,449355E-1;;
30/11/2021  10:22:49,110022;9,383928E-1;9,933782E-2;1,129926E-1;9,449088E-1;;
30/11/2021  10:22:49,110122;9,379130E-1;1,108067E-1;1,243661E-1;9,448765E-1;;
30/11/2021  10:22:49,110222;9,376000E-1;1,464877E-1;1,727037E-1;9,448380E-1;;
30/11/2021  10:22:49,110322;9,370129E-1;1,305587E-1;1,373193E-1;9,447927E-1;;
30/11/2021  10:22:49,110422;9,363453E-1;1,098510E-1;1,031987E-1;9,447398E-1;;
30/11/2021  10:22:49,110522;9,357672E-1;7,002846E-2;1,013031E-1;9,446788E-1;;
30/11/2021  10:22:49,110622;9,353559E-1;9,487770E-2;3,843263E-2;9,446091E-1;;
30/11/2021  10:22:49,110722;9,345870E-1;1,544522E-1;1,600664E-1;9,445302E-1;;
30/11/2021  10:22:49,110822;9,343247E-1;1,499920E-1;1,455336E-1;9,444414E-1;;
30/11/2021  10:22:49,110922;9,344022E-1;1,401161E-1;1,398468E-1;9,443423E-1;;
30/11/2021  10:22:49,111022;9,336571E-1;1,315144E-1;1,148882E-1;9,442324E-1;;
30/11/2021  10:22:49,111122;9,331266E-1;1,327887E-1;1,341600E-1;9,441116E-1;;
30/11/2021  10:22:49,111222;9,323547E-1;1,595494E-1;1,837613E-1;9,439793E-1;;
30/11/2021  10:22:49,111322;9,317736E-1;1,385232E-1;1,392149E-1;9,438354E-1;;
30/11/2021  10:22:49,111422;9,322534E-1;1,296029E-1;1,262617E-1;9,436795E-1;;
30/11/2021  10:22:49,111522;9,321819E-1;1,085766E-1;1,843932E-1;9,435115E-1;;
30/11/2021  10:22:49,111622;9,314457E-1;-3,159856E-2;4,727872E-2;9,433314E-1;;
30/11/2021  10:22:49,111722;9,311656E-1;1,420275E-1;1,667010E-1;9,431392E-1;;
30/11/2021  10:22:49,111822;9,310732E-1;1,353374E-1;1,227865E-1;9,429351E-1;;
30/11/2021  10:22:49,111922;9,306381E-1;1,213198E-1;1,205749E-1;9,427191E-1;;
30/11/2021  10:22:49,112022;9,306261E-1;1,311958E-1;1,268936E-1;9,424915E-1;;
30/11/2021  10:22:49,112122;9,308348E-1;1,280100E-1;1,281573E-1;9,422525E-1;;
30/11/2021  10:22:49,112222;9,314547E-1;1,162226E-1;1,170997E-1;9,420027E-1;;
30/11/2021  10:22:49,112322;9,312043E-1;1,378860E-1;1,297370E-1;9,417424E-1;;
30/11/2021  10:22:49,112422;9,310315E-1;1,178155E-1;1,117289E-1;9,414726E-1;;
30/11/2021  10:22:49,112522;9,306142E-1;5,537378E-2;5,612482E-2;9,411937E-1;;
30/11/2021  10:22:49,112622;9,311984E-1;1,203641E-1;1,310007E-1;9,409065E-1;;
30/11/2021  10:22:49,112722;9,315828E-1;1,248242E-1;1,249980E-1;9,406119E-1;;
30/11/2021  10:22:49,112822;9,326676E-1;8,436456E-2;1,025668E-1;9,403106E-1;;
30/11/2021  10:22:49,112922;9,329418E-1;4,231200E-2;6,497092E-2;9,400038E-1;;
30/11/2021  10:22:49,113022;9,328167E-1;1,459554E-2;7,476481E-2;9,396926E-1;;
30/11/2021  10:22:49,113122;9,329925E-1;1,235499E-1;1,234183E-1;9,393782E-1;;
30/11/2021  10:22:49,113222;9,333114E-1;1,305587E-1;1,275255E-1;9,390619E-1;;
30/11/2021  10:22:49,113322;9,330432E-1;1,372488E-1;1,584868E-1;9,387447E-1;;
30/11/2021  10:22:49,113422;9,338389E-1;1,280100E-1;1,338441E-1;9,384279E-1;;
30/11/2021  10:22:49,113522;9,349982E-1;1,245056E-1;1,341600E-1;9,381124E-1;;
30/11/2021  10:22:49,113622;9,349148E-1;1,353374E-1;1,455336E-1;9,377997E-1;;
30/11/2021  10:22:49,113722;9,344707E-1;1,251428E-1;1,234183E-1;9,374909E-1;;
30/11/2021  10:22:49,113822;9,343396E-1;1,273729E-1;1,145722E-1;9,371873E-1;;
30/11/2021  10:22:49,113922;9,336422E-1;8,340882E-2;7,444887E-2;9,368896E-1;;
30/11/2021  10:22:49,114022;9,340207E-1;1,362931E-1;1,543797E-1;9,365988E-1;;
30/11/2021  10:22:49,114122;9,340922E-1;1,331073E-1;1,231024E-1;9,363156E-1;;
30/11/2021  10:22:49,114222;9,345721E-1;1,248242E-1;1,208909E-1;9,360405E-1;;
30/11/2021  10:22:49,114322;9,347211E-1;1,385232E-1;1,306848E-1;9,357743E-1;;
30/11/2021  10:22:49,114422;9,340505E-1;1,442576E-1;1,445858E-1;9,355175E-1;;
30/11/2021  10:22:49,114522;9,337704E-1;1,324701E-1;1,287892E-1;9,352707E-1;;
30/11/2021  10:22:49,114622;9,333263E-1;1,302401E-1;1,227865E-1;9,350341E-1;;
30/11/2021  10:22:49,114722;9,340982E-1;1,311958E-1;1,325804E-1;9,348079E-1;;
30/11/2021  10:22:49,114822;9,342710E-1;1,289658E-1;1,322644E-1;9,345924E-1;;
30/11/2021  10:22:49,114922;9,343307E-1;1,283286E-1;1,212068E-1;9,343877E-1;;
30/11/2021  10:22:49,115022;9,343038E-1;1,375674E-1;1,388990E-1;9,341940E-1;;
30/11/2021  10:22:49,115122;9,340833E-1;1,327887E-1;1,338441E-1;9,340114E-1;;
30/11/2021  10:22:49,115222;9,337316E-1;1,273729E-1;1,174156E-1;9,338401E-1;;
30/11/2021  10:22:49,115322;9,340177E-1;1,044351E-1;9,277293E-2;9,336800E-1;;
30/11/2021  10:22:49,115422;9,345482E-1;1,636910E-1;1,682807E-1;9,335309E-1;;
30/11/2021  10:22:49,115522;9,349833E-1;1,260985E-1;1,114129E-1;9,333928E-1;;
30/11/2021  10:22:49,115622;9,354483E-1;1,280100E-1;1,275255E-1;9,332659E-1;;
30/11/2021  10:22:49,115722;9,347300E-1;1,219570E-1;1,126766E-1;9,331500E-1;;
30/11/2021  10:22:49,115822;9,346913E-1;1,404346E-1;1,395309E-1;9,330452E-1;;
30/11/2021  10:22:49,115922;9,346913E-1;1,448948E-1;1,411105E-1;9,329514E-1;;
30/11/2021  10:22:49,116022;9,345482E-1;1,337445E-1;1,401627E-1;9,328683E-1;;
30/11/2021  10:22:49,116122;9,342889E-1;1,289658E-1;1,256299E-1;9,327957E-1;;
30/11/2021  10:22:49,116222;9,350489E-1;1,585937E-1;1,670170E-1;9,327332E-1;;
30/11/2021  10:22:49,116322;9,350400E-1;9,487770E-2;1,139404E-1;9,326807E-1;;
30/11/2021  10:22:49,116422;9,341965E-1;1,694254E-1;1,673329E-1;9,326377E-1;;
30/11/2021  10:22:49,116522;9,335170E-1;1,273729E-1;1,164678E-1;9,326040E-1;;
30/11/2021  10:22:49,116622;9,340118E-1;1,331073E-1;1,249980E-1;9,325790E-1;;
30/11/2021  10:22:49,116722;9,338210E-1;1,222756E-1;1,133085E-1;9,325622E-1;;
30/11/2021  10:22:49,116822;9,345184E-1;1,388417E-1;1,354238E-1;9,325530E-1;;
30/11/2021  10:22:49,116922;9,351562E-1;7,926728E-2;9,530039E-2;9,325510E-1;;
30/11/2021  10:22:49,117022;9,356509E-1;8,965980E-4;2,042450E-2;9,325559E-1;;
30/11/2021  10:22:49,117122;9,362231E-1;2,025577E-1;2,260962E-1;9,325675E-1;;
30/11/2021  10:22:49,117222;9,361218E-1;1,273729E-1;1,338441E-1;9,325857E-1;;
30/11/2021  10:22:49,117322;9,371858E-1;1,219570E-1;1,291051E-1;9,326105E-1;;
30/11/2021  10:22:49,117422;9,379309E-1;1,197269E-1;1,243661E-1;9,326418E-1;;
30/11/2021  10:22:49,117522;9,387624E-1;8,277166E-2;1,208909E-1;9,326798E-1;;
30/11/2021  10:22:49,117622;9,402913E-1;8,882468E-2;1,272095E-1;9,327248E-1;;
30/11/2021  10:22:49,117722;9,401333E-1;1,362931E-1;1,606983E-1;9,327771E-1;;
30/11/2021  10:22:49,117822;9,399902E-1;1,063466E-1;1,218387E-1;9,328373E-1;;
30/11/2021  10:22:49,117922;9,407383E-1;9,742634E-2;1,120448E-1;9,329056E-1;;
30/11/2021  10:22:49,118022;9,412658E-1;1,012493E-1;9,814378E-2;9,329823E-1;;
30/11/2021  10:22:49,118122;9,415668E-1;1,260985E-1;1,458495E-1;9,330678E-1;;
30/11/2021  10:22:49,118222;9,432567E-1;9,328480E-2;1,095173E-1;9,331624E-1;;
30/11/2021  10:22:49,118322;9,435845E-1;9,296622E-2;1,038306E-1;9,332665E-1;;
30/11/2021  10:22:49,118422;9,439898E-1;9,678918E-2;8,677022E-2;9,333804E-1;;
30/11/2021  10:22:49,118522;9,443147E-1;1,101695E-1;1,208909E-1;9,335047E-1;;
30/11/2021  10:22:49,118622;9,440971E-1;1,296029E-1;1,467973E-1;9,336397E-1;;
30/11/2021  10:22:49,118722;9,445799E-1;1,458505E-1;1,480610E-1;9,337856E-1;;
30/11/2021  10:22:49,118822;9,454919E-1;1,503106E-1;1,388990E-1;9,339425E-1;;
30/11/2021  10:22:49,118922;9,455932E-1;2,108408E-1;2,137749E-1;9,341106E-1;;
30/11/2021  10:22:49,119022;9,456022E-1;1,665582E-1;1,420583E-1;9,342899E-1;;
30/11/2021  10:22:49,119122;9,457273E-1;1,614609E-1;1,704922E-1;9,344805E-1;;
30/11/2021  10:22:49,119222;9,450150E-1;1,442576E-1;1,430061E-1;9,346822E-1;;
30/11/2021  10:22:49,119322;9,449435E-1;1,391603E-1;1,411105E-1;9,348948E-1;;
30/11/2021  10:22:49,119422;9,450597E-1;1,139925E-1;1,234183E-1;9,351177E-1;;
30/11/2021  10:22:49,119522;9,451730E-1;1,254614E-1;1,275255E-1;9,353504E-1;;
30/11/2021  10:22:49,119622;9,454412E-1;1,238685E-1;1,148882E-1;9,355924E-1;;
30/11/2021  10:22:49,119722;9,458912E-1;1,461691E-1;1,531159E-1;9,358431E-1;;
30/11/2021  10:22:49,119822;9,456320E-1;1,152668E-1;1,385831E-1;9,361018E-1;;
30/11/2021  10:22:49,119922;9,447498E-1;1,184526E-1;1,129926E-1;9,363680E-1;;
30/11/2021  10:22:49,120022;9,447498E-1;1,955490E-1;2,292556E-1;9,366408E-1;;
30/11/2021  10:22:49,120122;9,445203E-1;7,640006E-2;9,814378E-2;9,369195E-1;;
30/11/2021  10:22:49,120222;9,452803E-1;1,213198E-1;1,262617E-1;9,372032E-1;;
30/11/2021  10:22:49,120322;9,450359E-1;1,127182E-1;1,050943E-1;9,374908E-1;;
30/11/2021  10:22:49,120422;9,450508E-1;7,799296E-2;7,602853E-2;9,377817E-1;;
30/11/2021  10:22:49,120522;9,437812E-1;1,241871E-1;1,237343E-1;9,380751E-1;;
30/11/2021  10:22:49,120622;9,429378E-1;1,194084E-1;1,234183E-1;9,383698E-1;;
30/11/2021  10:22:49,120722;9,429527E-1;1,340630E-1;1,518522E-1;9,386649E-1;;
30/11/2021  10:22:49,120822;9,427381E-1;1,267357E-1;1,287892E-1;9,389591E-1;;
30/11/2021  10:22:49,120922;9,424520E-1;1,232313E-1;1,186794E-1;9,392512E-1;;
30/11/2021  10:22:49,121022;9,421241E-1;1,069837E-1;1,231024E-1;9,395403E-1;;
30/11/2021  10:22:49,121122;9,412360E-1;1,190898E-1;1,069899E-1;9,398251E-1;;
30/11/2021  10:22:49,121222;9,410721E-1;1,636910E-1;1,651214E-1;9,401045E-1;;
30/11/2021  10:22:49,121322;9,397578E-1;1,232313E-1;1,174156E-1;9,403773E-1;;
30/11/2021  10:22:49,121422;9,389114E-1;1,136739E-1;1,215227E-1;9,406424E-1;;
30/11/2021  10:22:49,121522;9,398800E-1;1,283286E-1;1,246821E-1;9,408984E-1;;
30/11/2021  10:22:49,121622;9,396535E-1;1,190898E-1;1,303688E-1;9,411442E-1;;
30/11/2021  10:22:49,121722;9,393346E-1;1,079395E-1;1,050943E-1;9,413789E-1;;
30/11/2021  10:22:49,121822;9,389322E-1;1,280100E-1;1,328963E-1;9,416016E-1;;
30/11/2021  10:22:49,121922;9,382617E-1;1,311958E-1;1,398468E-1;9,418115E-1;;
30/11/2021  10:22:49,122022;9,378802E-1;3,594040E-2;1,107811E-1;9,420079E-1;;
30/11/2021  10:22:49,122122;9,383183E-1;1,254614E-1;1,272095E-1;9,421900E-1;;
30/11/2021  10:22:49,122222;9,390485E-1;1,235499E-1;1,467973E-1;9,423573E-1;;
30/11/2021  10:22:49,122322;9,393167E-1;1,267357E-1;1,256299E-1;9,425095E-1;;
30/11/2021  10:22:49,122422;9,388995E-1;1,283286E-1;1,382671E-1;9,426463E-1;;
30/11/2021  10:22:49,122522;9,385597E-1;1,069837E-1;7,760819E-2;9,427678E-1;;
30/11/2021  10:22:49,122622;9,383004E-1;5,728526E-2;5,170177E-2;9,428740E-1;;
30/11/2021  10:22:49,122722;9,378176E-1;1,700626E-1;1,704922E-1;9,429648E-1;;
30/11/2021  10:22:49,122822;9,382199E-1;1,168597E-1;1,193112E-1;9,430403E-1;;
30/11/2021  10:22:49,122922;9,388786E-1;1,225942E-1;1,101492E-1;9,431006E-1;;
30/11/2021  10:22:49,123022;9,383570E-1;1,276914E-1;1,262617E-1;9,431459E-1;;
30/11/2021  10:22:49,123122;9,377163E-1;1,238685E-1;9,593225E-2;9,431767E-1;;
30/11/2021  10:22:49,123222;9,379279E-1;1,327887E-1;1,360556E-1;9,431932E-1;;
30/11/2021  10:22:49,123322;9,372990E-1;1,777085E-1;1,919756E-1;9,431957E-1;;
30/11/2021  10:22:49,123422;9,373259E-1;1,362931E-1;1,382671E-1;9,431846E-1;;
30/11/2021  10:22:49,123522;9,380888E-1;1,359745E-1;1,439539E-1;9,431602E-1;;
30/11/2021  10:22:49,123622;9,384882E-1;1,286472E-1;1,259458E-1;9,431230E-1;;
30/11/2021  10:22:49,123722;9,385776E-1;1,187712E-1;1,129926E-1;9,430737E-1;;
30/11/2021  10:22:49,123822;9,388577E-1;1,598680E-1;1,872366E-1;9,430130E-1;;
30/11/2021  10:22:49,123922;9,390067E-1;7,703722E-2;9,466852E-2;9,429416E-1;;
30/11/2021  10:22:49,124022;9,387832E-1;1,187712E-1;1,199431E-1;9,428604E-1;;
30/11/2021  10:22:49,124122;9,393644E-1;1,289658E-1;1,294210E-1;9,427703E-1;;
30/11/2021  10:22:49,124222;9,401899E-1;1,305587E-1;1,287892E-1;9,426721E-1;;
30/11/2021  10:22:49,124322;9,402167E-1;1,210013E-1;1,152041E-1;9,425668E-1;;
30/11/2021  10:22:49,124422;9,397846E-1;1,123996E-1;1,085695E-1;9,424554E-1;;
30/11/2021  10:22:49,124522;9,391230E-1;1,216384E-1;1,139404E-1;9,423389E-1;;
30/11/2021  10:22:49,124622;9,387713E-1;9,742634E-2;7,223735E-2;9,422180E-1;;
30/11/2021  10:22:49,124722;9,381365E-1;7,576290E-2;1,152041E-1;9,420934E-1;;
30/11/2021  10:22:49,124822;9,383839E-1;1,260985E-1;1,430061E-1;9,419656E-1;;
30/11/2021  10:22:49,124922;9,387028E-1;9,328480E-2;1,420583E-1;9,418351E-1;;
30/11/2021  10:22:49,125022;9,381752E-1;1,620981E-1;1,809180E-1;9,417023E-1;;
30/11/2021  10:22:49,125122;9,378325E-1;1,260985E-1;8,234717E-2;9,415678E-1;;
30/11/2021  10:22:49,125222;9,374838E-1;1,324701E-1;1,189953E-1;9,414318E-1;;
30/11/2021  10:22:49,125322;9,368788E-1;1,120810E-1;1,117289E-1;9,412947E-1;;
30/11/2021  10:22:49,125422;9,372663E-1;1,490363E-1;1,227865E-1;9,411567E-1;;
30/11/2021  10:22:49,125522;9,374361E-1;1,270543E-1;1,303688E-1;9,410179E-1;;
30/11/2021  10:22:49,125622;9,379964E-1;1,254614E-1;1,167838E-1;9,408786E-1;;
30/11/2021  10:22:49,125722;9,380322E-1;1,111253E-1;1,278414E-1;9,407391E-1;;
30/11/2021  10:22:49,125822;9,373616E-1;1,101695E-1;1,019350E-1;9,405998E-1;;
30/11/2021  10:22:49,125922;9,367268E-1;9,933782E-2;9,688005E-2;9,404610E-1;;
30/11/2021  10:22:49,126022;9,363126E-1;1,031608E-1;9,498445E-2;9,403229E-1;;
30/11/2021  10:22:49,126122;9,362917E-1;9,137332E-2;8,297904E-2;9,401855E-1;;
30/11/2021  10:22:49,126222;9,371113E-1;1,053908E-1;1,003553E-1;9,400489E-1;;
30/11/2021  10:22:49,126322;9,375494E-1;1,120810E-1;1,464814E-1;9,399132E-1;;
30/11/2021  10:22:49,126422;9,372156E-1;8,946184E-2;1,152041E-1;9,397787E-1;;
30/11/2021  10:22:49,126522;9,370815E-1;9,965640E-2;1,050943E-1;9,396455E-1;;
30/11/2021  10:22:49,126622;9,367536E-1;8,563888E-2;1,054102E-1;9,395141E-1;;
30/11/2021  10:22:49,126722;9,363304E-1;9,678918E-2;1,101492E-1;9,393844E-1;;
30/11/2021  10:22:49,126822;9,367566E-1;9,997498E-2;1,126766E-1;9,392566E-1;;
30/11/2021  10:22:49,126922;9,371381E-1;8,882468E-2;1,136244E-1;9,391309E-1;;
30/11/2021  10:22:49,127022;9,378325E-1;1,111253E-1;1,054102E-1;9,390073E-1;;
30/11/2021  10:22:49,127122;9,374957E-1;1,264171E-1;1,294210E-1;9,388861E-1;;
30/11/2021  10:22:49,127222;9,363453E-1;1,499920E-1;1,357397E-1;9,387677E-1;;
30/11/2021  10:22:49,127322;9,355556E-1;1,560451E-1;1,284732E-1;9,386520E-1;;
30/11/2021  10:22:49,127422;9,355645E-1;1,649653E-1;1,319485E-1;9,385391E-1;;
30/11/2021  10:22:49,127522;9,357016E-1;2,032998E-2;8,297904E-2;9,384287E-1;;
30/11/2021  10:22:49,127622;9,361248E-1;1,458505E-1;1,452176E-1;9,383208E-1;;
30/11/2021  10:22:49,127722;9,356867E-1;1,315144E-1;1,287892E-1;9,382152E-1;;
30/11/2021  10:22:49,127822;9,356778E-1;1,139925E-1;9,877564E-2;9,381119E-1;;
30/11/2021  10:22:49,127922;9,351204E-1;1,187712E-1;1,101492E-1;9,380108E-1;;
30/11/2021  10:22:49,128022;9,349237E-1;1,356559E-1;1,591187E-1;9,379118E-1;;
30/11/2021  10:22:49,128122;9,353022E-1;1,095324E-1;1,148882E-1;9,378146E-1;;
30/11/2021  10:22:49,128222;9,360115E-1;1,222756E-1;1,212068E-1;9,377193E-1;;
30/11/2021  10:22:49,128322;9,369235E-1;1,229127E-1;1,246821E-1;9,376257E-1;;
30/11/2021  10:22:49,128422;9,368848E-1;1,149482E-1;1,136244E-1;9,375342E-1;;
30/11/2021  10:22:49,128522;9,371143E-1;1,213198E-1;1,199431E-1;9,374449E-1;;
30/11/2021  10:22:49,128622;9,370546E-1;1,289658E-1;1,262617E-1;9,373581E-1;;
30/11/2021  10:22:49,128722;9,370397E-1;1,359745E-1;1,306848E-1;9,372741E-1;;
30/11/2021  10:22:49,128822;9,377044E-1;1,260985E-1;1,275255E-1;9,371931E-1;;
30/11/2021  10:22:49,128922;9,378474E-1;1,229127E-1;1,215227E-1;9,371155E-1;;
30/11/2021  10:22:49,129022;9,385627E-1;1,111253E-1;9,150920E-2;9,370415E-1;;
30/11/2021  10:22:49,129122;9,387564E-1;1,506292E-1;1,913437E-1;9,369716E-1;;
30/11/2021  10:22:49,129222;9,381276E-1;1,190898E-1;1,253139E-1;9,369061E-1;;
30/11/2021  10:22:49,129322;9,381842E-1;1,286472E-1;1,417424E-1;9,368453E-1;;
30/11/2021  10:22:49,129422;9,382348E-1;1,509478E-1;1,711241E-1;9,367894E-1;;
30/11/2021  10:22:49,129522;9,382199E-1;1,480806E-1;1,430061E-1;9,367387E-1;;
30/11/2021  10:22:49,129622;9,386014E-1;1,407532E-1;1,477451E-1;9,366932E-1;;
30/11/2021  10:22:49,129722;9,391409E-1;1,296029E-1;1,291051E-1;9,366530E-1;;
30/11/2021  10:22:49,129822;9,392869E-1;1,423461E-1;1,676488E-1;9,366184E-1;;
30/11/2021  10:22:49,129922;9,385448E-1;1,343816E-1;1,338441E-1;9,365894E-1;;
30/11/2021  10:22:49,130022;9,391856E-1;1,324701E-1;1,303688E-1;9,365663E-1;;
30/11/2021  10:22:49,130122;9,392750E-1;1,353374E-1;1,291051E-1;9,365490E-1;;
30/11/2021  10:22:49,130222;9,397220E-1;1,969282E-2;7,950379E-2;9,365375E-1;;
30/11/2021  10:22:49,130322;9,400499E-1;1,366117E-1;1,133085E-1;9,365321E-1;;
30/11/2021  10:22:49,130422;9,400379E-1;1,283286E-1;1,357397E-1;9,365327E-1;;
30/11/2021  10:22:49,130522;9,402287E-1;6,047106E-2;2,137230E-2;9,365395E-1;;
30/11/2021  10:22:49,130622;9,403300E-1;1,318330E-1;1,265777E-1;9,365526E-1;;
30/11/2021  10:22:49,130722;9,401869E-1;-6,430742E-3;7,097362E-2;9,365719E-1;;
30/11/2021  10:22:49,130822;9,406519E-1;1,241871E-1;1,382671E-1;9,365974E-1;;
30/11/2021  10:22:49,130922;9,414029E-1;1,127182E-1;1,082536E-1;9,366292E-1;;
30/11/2021  10:22:49,131022;9,419960E-1;1,362931E-1;1,351078E-1;9,366673E-1;;
30/11/2021  10:22:49,131122;9,425295E-1;9,169190E-2;9,403666E-2;9,367119E-1;;
30/11/2021  10:22:49,131222;9,421867E-1;1,155854E-1;1,569071E-1;9,367630E-1;;
30/11/2021  10:22:49,131322;9,415966E-1;1,538150E-1;1,774427E-1;9,368210E-1;;
30/11/2021  10:22:49,131422;9,422583E-1;1,308772E-1;1,306848E-1;9,368856E-1;;
30/11/2021  10:22:49,131522;9,426397E-1;1,308772E-1;1,357397E-1;9,369569E-1;;
30/11/2021  10:22:49,131622;9,430570E-1;1,308772E-1;1,344760E-1;9,370349E-1;;
30/11/2021  10:22:49,131722;9,434742E-1;1,222756E-1;1,170997E-1;9,371195E-1;;
30/11/2021  10:22:49,131822;9,439898E-1;1,382046E-1;1,287892E-1;9,372108E-1;;
30/11/2021  10:22:49,131922;9,434474E-1;1,238685E-1;1,385831E-1;9,373088E-1;;
30/11/2021  10:22:49,132022;9,436411E-1;1,299215E-1;1,284732E-1;9,374134E-1;;
30/11/2021  10:22:49,132122;9,436292E-1;1,171783E-1;1,148882E-1;9,375247E-1;;
30/11/2021  10:22:49,132222;9,437067E-1;1,241871E-1;1,174156E-1;9,376423E-1;;
30/11/2021  10:22:49,132322;9,450866E-1;-1,280234E-2;9,150920E-2;9,377662E-1;;
30/11/2021  10:22:49,132422;9,445739E-1;8,723178E-2;1,082536E-1;9,378963E-1;;
30/11/2021  10:22:49,132522;9,445888E-1;1,190898E-1;1,189953E-1;9,380323E-1;;
30/11/2021  10:22:49,132622;9,439451E-1;8,563888E-2;8,076751E-2;9,381743E-1;;
30/11/2021  10:22:49,132722;9,437722E-1;1,423461E-1;1,303688E-1;9,383217E-1;;
30/11/2021  10:22:49,132822;9,437544E-1;1,452133E-1;1,616461E-1;9,384743E-1;;
30/11/2021  10:22:49,132922;9,444547E-1;1,296029E-1;1,341600E-1;9,386315E-1;;
30/11/2021  10:22:49,133022;9,445590E-1;1,331073E-1;1,316326E-1;9,387929E-1;;
30/11/2021  10:22:49,133122;9,444816E-1;1,219570E-1;1,306848E-1;9,389583E-1;;
30/11/2021  10:22:49,133222;9,444637E-1;1,311958E-1;1,114129E-1;9,391271E-1;;
30/11/2021  10:22:49,133322;9,440166E-1;1,378860E-1;1,550115E-1;9,392990E-1;;
30/11/2021  10:22:49,133422;9,441686E-1;3,594040E-2;5,422923E-2;9,394735E-1;;
30/11/2021  10:22:49,133522;9,443266E-1;1,353374E-1;1,313166E-1;9,396502E-1;;
30/11/2021  10:22:49,133622;9,447110E-1;1,337445E-1;1,347919E-1;9,398285E-1;;
30/11/2021  10:22:49,133722;9,447289E-1;1,257800E-1;1,676488E-1;9,400081E-1;;
30/11/2021  10:22:49,133822;9,443147E-1;1,452133E-1;1,363715E-1;9,401885E-1;;
30/11/2021  10:22:49,133922;9,433043E-1;1,413904E-1;1,537478E-1;9,403694E-1;;
30/11/2021  10:22:49,134022;9,433967E-1;1,337445E-1;1,401627E-1;9,405502E-1;;
30/11/2021  10:22:49,134122;9,430182E-1;8,372740E-2;1,888163E-1;9,407302E-1;;
30/11/2021  10:22:49,134222;9,422225E-1;1,104881E-1;1,170997E-1;9,409088E-1;;
30/11/2021  10:22:49,134322;9,422702E-1;1,289658E-1;1,360556E-1;9,410853E-1;;
30/11/2021  10:22:49,134422;9,424460E-1;1,079395E-1;1,152041E-1;9,412588E-1;;
30/11/2021  10:22:49,134522;9,422076E-1;1,127182E-1;1,338441E-1;9,414288E-1;;
30/11/2021  10:22:49,134622;9,421897E-1;-5,039478E-2;3,053433E-2;9,415946E-1;;
30/11/2021  10:22:49,134722;9,410870E-1;1,203641E-1;1,370034E-1;9,417556E-1;;
30/11/2021  10:22:49,134822;9,404671E-1;1,503106E-1;1,875525E-1;9,419112E-1;;
30/11/2021  10:22:49,134922;9,407621E-1;9,774492E-2;1,278414E-1;9,420606E-1;;
30/11/2021  10:22:49,135022;9,411496E-1;8,245308E-2;8,297904E-2;9,422032E-1;;
30/11/2021  10:22:49,135122;9,413344E-1;1,034794E-1;1,060421E-1;9,423385E-1;;
30/11/2021  10:22:49,135222;9,408128E-1;9,201048E-2;7,634447E-2;9,424659E-1;;
30/11/2021  10:22:49,135322;9,399634E-1;1,343816E-1;1,493248E-1;9,425853E-1;;
30/11/2021  10:22:49,135422;9,402108E-1;1,232313E-1;1,385831E-1;9,426961E-1;;
30/11/2021  10:22:49,135522;9,394359E-1;1,519035E-1;1,749153E-1;9,427980E-1;;
30/11/2021  10:22:49,135622;9,398859E-1;1,767528E-1;1,531159E-1;9,428905E-1;;
30/11/2021  10:22:49,135722;9,402466E-1;1,636910E-1;1,490088E-1;9,429735E-1;;
30/11/2021  10:22:49,135822;9,399843E-1;1,914074E-1;1,850251E-1;9,430467E-1;;
30/11/2021  10:22:49,135922;9,395551E-1;1,458505E-1;1,916596E-1;9,431100E-1;;
30/11/2021  10:22:49,136022;9,388309E-1;1,624167E-1;1,461654E-1;9,431633E-1;;
30/11/2021  10:22:49,136122;9,385567E-1;1,388417E-1;1,373193E-1;9,432066E-1;;
30/11/2021  10:22:49,136222;9,384256E-1;1,359745E-1;1,344760E-1;9,432396E-1;;
30/11/2021  10:22:49,136322;9,395909E-1;1,372488E-1;1,363715E-1;9,432623E-1;;
30/11/2021  10:22:49,136422;9,395819E-1;1,391603E-1;1,373193E-1;9,432747E-1;;
30/11/2021  10:22:49,136522;9,391796E-1;1,044351E-1;1,063580E-1;9,432770E-1;;
30/11/2021  10:22:49,136622;9,388875E-1;1,324701E-1;1,354238E-1;9,432695E-1;;
30/11/2021  10:22:49,136722;9,385865E-1;1,509478E-1;1,467973E-1;9,432525E-1;;
30/11/2021  10:22:49,136822;9,384226E-1;-6,122650E-2;-1,495988E-2;9,432261E-1;;
30/11/2021  10:22:49,136922;9,384047E-1;1,130368E-1;1,050943E-1;9,431905E-1;;
30/11/2021  10:22:49,137022;9,388816E-1;1,359745E-1;1,335282E-1;9,431460E-1;;
30/11/2021  10:22:49,137122;9,390962E-1;1,270543E-1;1,521681E-1;9,430929E-1;;
30/11/2021  10:22:49,137222;9,391319E-1;1,104881E-1;1,401627E-1;9,430317E-1;;
30/11/2021  10:22:49,137322;9,386819E-1;1,289658E-1;1,275255E-1;9,429628E-1;;
30/11/2021  10:22:49,137422;9,393644E-1;1,308772E-1;1,322644E-1;9,428867E-1;;
30/11/2021  10:22:49,137522;9,394598E-1;1,327887E-1;1,512204E-1;9,428039E-1;;
30/11/2021  10:22:49,137622;9,397071E-1;1,034794E-1;1,300529E-1;9,427150E-1;;
30/11/2021  10:22:49,137722;9,405744E-1;1,340630E-1;1,310007E-1;9,426208E-1;;
30/11/2021  10:22:49,137822;9,404611E-1;1,388417E-1;1,562753E-1;9,425218E-1;;
30/11/2021  10:22:49,137922;9,396952E-1;1,273729E-1;1,221546E-1;9,424189E-1;;
30/11/2021  10:22:49,138022;9,399068E-1;1,133553E-1;1,047783E-1;9,423128E-1;;
30/11/2021  10:22:49,138122;9,394687E-1;1,347002E-1;1,180475E-1;9,422040E-1;;
30/11/2021  10:22:49,138222;9,393644E-1;1,302401E-1;1,256299E-1;9,420931E-1;;
30/11/2021  10:22:49,138322;9,391975E-1;1,267357E-1;1,196272E-1;9,419805E-1;;
30/11/2021  10:22:49,138422;9,390425E-1;1,340630E-1;1,660692E-1;9,418665E-1;;
30/11/2021  10:22:49,138522;9,386253E-1;7,894870E-2;7,792413E-2;9,417516E-1;;
30/11/2021  10:22:49,138622;9,383541E-1;1,356559E-1;1,433221E-1;9,416360E-1;;
30/11/2021  10:22:49,138722;9,376656E-1;1,216384E-1;1,401627E-1;9,415199E-1;;
30/11/2021  10:22:49,138822;9,376507E-1;1,245056E-1;1,278414E-1;9,414034E-1;;
30/11/2021  10:22:49,138922;9,371977E-1;1,229127E-1;1,240502E-1;9,412864E-1;;
30/11/2021  10:22:49,139022;9,373408E-1;1,302401E-1;1,328963E-1;9,411691E-1;;
30/11/2021  10:22:49,139122;9,375285E-1;8,978042E-2;7,792413E-2;9,410515E-1;;
30/11/2021  10:22:49,139222;9,369384E-1;1,254614E-1;1,240502E-1;9,409335E-1;;
30/11/2021  10:22:49,139322;9,359311E-1;1,292843E-1;1,297370E-1;9,408152E-1;;
30/11/2021  10:22:49,139422;9,353112E-1;1,331073E-1;1,262617E-1;9,406964E-1;;
30/11/2021  10:22:49,139522;9,346734E-1;7,002846E-2;7,002583E-2;9,405769E-1;;
30/11/2021  10:22:49,139622;9,350400E-1;1,429833E-1;1,521681E-1;9,404564E-1;;
30/11/2021  10:22:49,139722;9,351651E-1;1,254614E-1;1,224705E-1;9,403346E-1;;
30/11/2021  10:22:49,139822;9,341161E-1;8,659462E-2;8,392683E-2;9,402113E-1;;
30/11/2021  10:22:49,139922;9,338836E-1;-2,012968E-2;5,928414E-2;9,400863E-1;;
30/11/2021  10:22:49,140022;9,329776E-1;1,159040E-1;1,110970E-1;9,399592E-1;;
30/11/2021  10:22:49,140122;9,311626E-1;1,515849E-1;1,581709E-1;9,398296E-1;;
30/11/2021  10:22:49,140222;9,313951E-1;1,232313E-1;1,338441E-1;9,396971E-1;;
30/11/2021  10:22:49,140322;9,308884E-1;1,238685E-1;1,281573E-1;9,395610E-1;;
30/11/2021  10:22:49,140422;9,303728E-1;1,334259E-1;1,291051E-1;9,394207E-1;;
30/11/2021  10:22:49,140522;9,296248E-1;1,289658E-1;1,332122E-1;9,392757E-1;;
30/11/2021  10:22:49,140622;9,277949E-1;1,264171E-1;1,240502E-1;9,391255E-1;;
30/11/2021  10:22:49,140722;9,266236E-1;1,299215E-1;1,278414E-1;9,389692E-1;;
30/11/2021  10:22:49,140822;9,253898E-1;1,369303E-1;1,256299E-1;9,388061E-1;;
30/11/2021  10:22:49,140922;9,250828E-1;1,321516E-1;1,310007E-1;9,386351E-1;;
30/11/2021  10:22:49,141022;9,246834E-1;1,149482E-1;1,212068E-1;9,384554E-1;;
30/11/2021  10:22:49,141122;9,247460E-1;1,073023E-1;9,877564E-2;9,382661E-1;;
30/11/2021  10:22:49,141222;9,236165E-1;1,168597E-1;7,160549E-2;9,380665E-1;;
30/11/2021  10:22:49,141322;9,232678E-1;1,474434E-1;1,799702E-1;9,378562E-1;;
30/11/2021  10:22:49,141422;9,226211E-1;8,850610E-2;1,003553E-1;9,376345E-1;;
30/11/2021  10:22:49,141522;9,224661E-1;1,401161E-1;1,493248E-1;9,374010E-1;;
30/11/2021  10:22:49,141622;9,230621E-1;1,499920E-1;1,622780E-1;9,371553E-1;;
30/11/2021  10:22:49,141722;9,230532E-1;8,468314E-2;1,357397E-1;9,368974E-1;;
30/11/2021  10:22:49,141822;9,236403E-1;1,302401E-1;1,212068E-1;9,366273E-1;;
30/11/2021  10:22:49,141922;9,237446E-1;1,359745E-1;1,606983E-1;9,363454E-1;;
30/11/2021  10:22:49,142022;9,233632E-1;1,286472E-1;1,234183E-1;9,360521E-1;;
30/11/2021  10:22:49,142122;9,235599E-1;1,378860E-1;1,316326E-1;9,357480E-1;;
30/11/2021  10:22:49,142222;9,238221E-1;4,900218E-2;8,171531E-2;9,354338E-1;;
30/11/2021  10:22:49,142322;9,245583E-1;1,362931E-1;1,351078E-1;9,351102E-1;;
30/11/2021  10:22:49,142422;9,251245E-1;1,267357E-1;9,972343E-2;9,347782E-1;;
30/11/2021  10:22:49,142522;9,252616E-1;1,178155E-1;1,319485E-1;9,344388E-1;;
30/11/2021  10:22:49,142622;9,253272E-1;5,409946E-2;8,203124E-2;9,340932E-1;;
30/11/2021  10:22:49,142722;9,248086E-1;1,155854E-1;1,079377E-1;9,337427E-1;;
30/11/2021  10:22:49,142822;9,249606E-1;6,747982E-2;8,866581E-2;9,333883E-1;;
30/11/2021  10:22:49,142922;9,253152E-1;1,076209E-1;1,246821E-1;9,330311E-1;;
30/11/2021  10:22:49,143022;9,253570E-1;6,524976E-2;8,771802E-2;9,326722E-1;;
30/11/2021  10:22:49,143122;9,259113E-1;1,130368E-1;1,243661E-1;9,323128E-1;;
30/11/2021  10:22:49,143222;9,264507E-1;-7,067902E-3;5,264957E-2;9,319539E-1;;
30/11/2021  10:22:49,143322;9,265163E-1;1,302401E-1;1,714400E-1;9,315968E-1;;
30/11/2021  10:22:49,143422;9,266921E-1;1,162226E-1;1,426902E-1;9,312427E-1;;
30/11/2021  10:22:49,143522;9,272733E-1;9,487770E-2;1,095173E-1;9,308927E-1;;
30/11/2021  10:22:49,143622;9,281763E-1;9,742634E-2;1,126766E-1;9,305480E-1;;
30/11/2021  10:22:49,143722;9,291598E-1;1,002936E-1;1,148882E-1;9,302099E-1;;
30/11/2021  10:22:49,143822;9,303102E-1;6,174538E-2;8,929768E-2;9,298797E-1;;
30/11/2021  10:22:49,143922;9,320090E-1;1,448948E-1;1,486929E-1;9,295588E-1;;
30/11/2021  10:22:49,144022;9,323577E-1;1,353374E-1;1,382671E-1;9,292489E-1;;
30/11/2021  10:22:49,144122;9,330849E-1;2,137080E-1;1,922915E-1;9,289516E-1;;
30/11/2021  10:22:49,144222;9,341250E-1;1,746276E-2;8,866581E-2;9,286685E-1;;
30/11/2021  10:22:49,144322;9,351592E-1;1,687883E-1;1,493248E-1;9,284010E-1;;
30/11/2021  10:22:49,144422;9,368997E-1;1,037979E-1;1,110970E-1;9,281509E-1;;
30/11/2021  10:22:49,144522;9,381663E-1;2,765732E-2;9,056141E-2;9,279196E-1;;
30/11/2021  10:22:49,144622;9,385090E-1;1,190898E-1;1,259458E-1;9,277090E-1;;
30/11/2021  10:22:49,144722;9,392303E-1;1,286472E-1;1,284732E-1;9,275205E-1;;
30/11/2021  10:22:49,144822;9,393018E-1;1,133553E-1;1,170997E-1;9,273555E-1;;
30/11/2021  10:22:49,144922;9,404224E-1;1,573194E-1;1,594346E-1;9,272153E-1;;
30/11/2021  10:22:49,145022;9,409708E-1;1,168597E-1;1,212068E-1;9,271009E-1;;
30/11/2021  10:22:49,145122;9,417665E-1;1,216384E-1;1,180475E-1;9,270133E-1;;
30/11/2021  10:22:49,145222;9,423179E-1;1,194084E-1;1,243661E-1;9,269533E-1;;
30/11/2021  10:22:49,145322;9,423059E-1;7,130278E-2;7,634447E-2;9,269215E-1;;
30/11/2021  10:22:49,145422;9,428603E-1;1,222756E-1;1,249980E-1;9,269185E-1;;
30/11/2021  10:22:49,145522;9,427440E-1;1,296029E-1;1,281573E-1;9,269445E-1;;
30/11/2021  10:22:49,145622;9,425712E-1;1,340630E-1;1,259458E-1;9,269996E-1;;
30/11/2021  10:22:49,145722;9,432060E-1;1,206827E-1;1,177316E-1;9,270836E-1;;
30/11/2021  10:22:49,145822;9,441001E-1;1,069837E-1;1,123607E-1;9,271962E-1;;
30/11/2021  10:22:49,145922;9,441746E-1;1,152668E-1;1,104651E-1;9,273371E-1;;
30/11/2021  10:22:49,146022;9,442342E-1;1,114439E-1;1,275255E-1;9,275057E-1;;
30/11/2021  10:22:49,146122;9,438766E-1;1,235499E-1;1,256299E-1;9,277014E-1;;
30/11/2021  10:22:49,146222;9,438795E-1;1,745227E-1;1,897641E-1;9,279234E-1;;
30/11/2021  10:22:49,146322;9,442908E-1;1,165411E-1;1,262617E-1;9,281708E-1;;
30/11/2021  10:22:49,146422;9,458346E-1;1,273729E-1;1,322644E-1;9,284424E-1;;
30/11/2021  10:22:49,146522;9,457452E-1;1,289658E-1;1,161519E-1;9,287374E-1;;
30/11/2021  10:22:49,146622;9,459270E-1;1,353374E-1;1,493248E-1;9,290546E-1;;
30/11/2021  10:22:49,146722;9,461744E-1;1,264171E-1;1,300529E-1;9,293932E-1;;
30/11/2021  10:22:49,146822;9,460552E-1;1,627352E-1;1,995579E-1;9,297519E-1;;
30/11/2021  10:22:49,146922;9,466810E-1;1,859916E-1;1,843932E-1;9,301296E-1;;
30/11/2021  10:22:49,147022;9,467674E-1;-1,726246E-2;5,675668E-2;9,305251E-1;;
30/11/2021  10:22:49,147122;9,477658E-1;8,309024E-2;4,917431E-2;9,309372E-1;;
30/11/2021  10:22:49,147222;9,478344E-1;1,260985E-1;1,170997E-1;9,313647E-1;;
30/11/2021  10:22:49,147322;9,479894E-1;9,137332E-2;7,034176E-2;9,318066E-1;;
30/11/2021  10:22:49,147422;9,474559E-1;1,506292E-1;1,543797E-1;9,322615E-1;;
30/11/2021  10:22:49,147522;9,472830E-1;1,203641E-1;1,332122E-1;9,327283E-1;;
30/11/2021  10:22:49,147622;9,471698E-1;1,299215E-1;1,603824E-1;9,332055E-1;;
30/11/2021  10:22:49,147722;9,475542E-1;1,171783E-1;1,079377E-1;9,336917E-1;;
30/11/2021  10:22:49,147822;9,482636E-1;1,206827E-1;1,212068E-1;9,341856E-1;;
30/11/2021  10:22:49,147922;9,485437E-1;1,464877E-1;1,559593E-1;9,346858E-1;;
30/11/2021  10:22:49,148022;9,481414E-1;1,178155E-1;1,136244E-1;9,351911E-1;;
30/11/2021  10:22:49,148122;9,480609E-1;1,018865E-1;1,054102E-1;9,357002E-1;;
30/11/2021  10:22:49,148222;9,477778E-1;1,248242E-1;1,221546E-1;9,362118E-1;;
30/11/2021  10:22:49,148322;9,487702E-1;1,302401E-1;1,297370E-1;9,367248E-1;;
30/11/2021  10:22:49,148422;9,494259E-1;1,286472E-1;1,234183E-1;9,372378E-1;;
30/11/2021  10:22:49,148522;9,491904E-1;1,251428E-1;1,221546E-1;9,377500E-1;;
30/11/2021  10:22:49,148622;9,496792E-1;1,649653E-1;1,464814E-1;9,382603E-1;;
30/11/2021  10:22:49,148722;9,498819E-1;1,174969E-1;1,088855E-1;9,387678E-1;;
30/11/2021  10:22:49,148822;9,500011E-1;1,311958E-1;1,297370E-1;9,392717E-1;;
30/11/2021  10:22:49,148922;9,491815E-1;1,353374E-1;1,695444E-1;9,397713E-1;;
30/11/2021  10:22:49,149022;9,499981E-1;9,965640E-2;1,057261E-1;9,402657E-1;;
30/11/2021  10:22:49,149122;9,497179E-1;4,645354E-2;1,126766E-1;9,407541E-1;;
30/11/2021  10:22:49,149222;9,499385E-1;1,656025E-1;1,758630E-1;9,412357E-1;;
30/11/2021  10:22:49,149322;9,493037E-1;5,983390E-2;9,498445E-2;9,417098E-1;;
30/11/2021  10:22:49,149422;9,491100E-1;1,229127E-1;1,126766E-1;9,421758E-1;;
30/11/2021  10:22:49,149522;9,488954E-1;1,232313E-1;1,120448E-1;9,426327E-1;;
30/11/2021  10:22:49,149622;9,488984E-1;1,292843E-1;1,092014E-1;9,430798E-1;;
30/11/2021  10:22:49,149722;9,489937E-1;-4,689040E-2;4,822652E-2;9,435164E-1;;
30/11/2021  10:22:49,149822;9,490206E-1;1,229127E-1;1,110970E-1;9,439417E-1;;
30/11/2021  10:22:49,149922;9,496852E-1;1,541336E-1;1,755471E-1;9,443553E-1;;
30/11/2021  10:22:49,150022;9,493722E-1;1,337445E-1;1,246821E-1;9,447566E-1;;
30/11/2021  10:22:49,150122;9,490116E-1;2,893164E-2;7,350108E-2;9,451453E-1;;
30/11/2021  10:22:49,150222;9,489222E-1;1,088952E-1;9,845971E-2;9,455209E-1;;
30/11/2021  10:22:49,150322;9,488388E-1;1,264171E-1;1,092014E-1;9,458830E-1;;
30/11/2021  10:22:49,150422;9,496226E-1;1,356559E-1;1,177316E-1;9,462313E-1;;
30/11/2021  10:22:49,150522;9,502395E-1;1,522221E-1;1,768108E-1;9,465657E-1;;
30/11/2021  10:22:49,150622;9,500190E-1;1,302401E-1;1,477451E-1;9,468861E-1;;
30/11/2021  10:22:49,150722;9,504362E-1;1,321516E-1;1,458495E-1;9,471925E-1;;
30/11/2021  10:22:49,150822;9,501680E-1;1,308772E-1;1,332122E-1;9,474851E-1;;
30/11/2021  10:22:49,150922;9,496583E-1;1,232313E-1;1,224705E-1;9,477640E-1;;
30/11/2021  10:22:49,151022;9,488566E-1;1,238685E-1;1,259458E-1;9,480292E-1;;
30/11/2021  10:22:49,151122;9,497895E-1;1,088952E-1;1,189953E-1;9,482809E-1;;
30/11/2021  10:22:49,151222;9,494855E-1;7,130278E-2;6,813023E-2;9,485189E-1;;
30/11/2021  10:22:49,151322;9,490325E-1;1,073023E-1;1,164678E-1;9,487434E-1;;
30/11/2021  10:22:49,151422;9,484007E-1;1,088952E-1;1,114129E-1;9,489544E-1;;
30/11/2021  10:22:49,151522;9,475513E-1;1,073023E-1;1,035146E-1;9,491520E-1;;
30/11/2021  10:22:49,151622;9,465380E-1;9,806350E-2;1,098333E-1;9,493360E-1;;
30/11/2021  10:22:49,151722;9,459300E-1;9,965640E-2;1,433221E-1;9,495061E-1;;
30/11/2021  10:22:49,151822;9,459657E-1;8,372740E-2;1,047783E-1;9,496619E-1;;
30/11/2021  10:22:49,151922;9,450568E-1;9,296622E-2;1,148882E-1;9,498033E-1;;
30/11/2021  10:22:49,152022;9,448303E-1;1,624167E-1;1,360556E-1;9,499298E-1;;
30/11/2021  10:22:49,152122;9,437007E-1;7,385142E-2;1,006712E-1;9,500411E-1;;
30/11/2021  10:22:49,152222;9,432865E-1;1,608238E-1;1,414265E-1;9,501368E-1;;
30/11/2021  10:22:49,152322;9,426993E-1;1,461691E-1;1,366875E-1;9,502165E-1;;
30/11/2021  10:22:49,152422;9,429944E-1;1,550893E-1;1,373193E-1;9,502800E-1;;
30/11/2021  10:22:49,152522;9,430451E-1;1,770713E-1;1,556434E-1;9,503268E-1;;
30/11/2021  10:22:49,152622;9,430957E-1;1,659210E-1;1,606983E-1;9,503570E-1;;
30/11/2021  10:22:49,152722;9,431583E-1;1,512664E-1;1,373193E-1;9,503706E-1;;
30/11/2021  10:22:49,152822;9,425652E-1;1,375674E-1;1,341600E-1;9,503677E-1;;
30/11/2021  10:22:49,152922;9,420586E-1;1,315144E-1;1,253139E-1;9,503485E-1;;
30/11/2021  10:22:49,153022;9,421063E-1;1,362931E-1;1,287892E-1;9,503133E-1;;
30/11/2021  10:22:49,153122;9,422404E-1;1,254614E-1;1,275255E-1;9,502622E-1;;
30/11/2021  10:22:49,153222;9,426934E-1;1,079395E-1;1,319485E-1;9,501957E-1;;
30/11/2021  10:22:49,153322;9,430391E-1;1,203641E-1;1,161519E-1;9,501143E-1;;
30/11/2021  10:22:49,153422;9,420198E-1;1,254614E-1;1,297370E-1;9,500186E-1;;
30/11/2021  10:22:49,153522;9,416294E-1;1,257800E-1;1,284732E-1;9,499092E-1;;
30/11/2021  10:22:49,153622;9,415132E-1;1,286472E-1;1,347919E-1;9,497867E-1;;
30/11/2021  10:22:49,153722;9,409082E-1;1,410718E-1;1,404787E-1;9,496516E-1;;
30/11/2021  10:22:49,153822;9,413493E-1;8,946184E-2;1,310007E-1;9,495044E-1;;
30/11/2021  10:22:49,153922;9,412748E-1;1,219570E-1;1,234183E-1;9,493457E-1;;
30/11/2021  10:22:49,154022;9,410065E-1;1,678325E-1;1,821817E-1;9,491761E-1;;
30/11/2021  10:22:49,154122;9,400886E-1;1,343816E-1;1,360556E-1;9,489962E-1;;
30/11/2021  10:22:49,154222;9,404611E-1;1,200455E-1;1,208909E-1;9,488067E-1;;
30/11/2021  10:22:49,154322;9,390425E-1;1,283286E-1;1,332122E-1;9,486079E-1;;
30/11/2021  10:22:49,154422;9,392929E-1;1,362931E-1;1,458495E-1;9,484005E-1;;
30/11/2021  10:22:49,154522;9,395432E-1;1,098510E-1;9,245700E-2;9,481848E-1;;
30/11/2021  10:22:49,154622;9,400111E-1;1,375674E-1;1,259458E-1;9,479614E-1;;
30/11/2021  10:22:49,154722;9,400350E-1;1,369303E-1;1,174156E-1;9,477309E-1;;
30/11/2021  10:22:49,154822;9,394717E-1;1,194084E-1;1,268936E-1;9,474939E-1;;
30/11/2021  10:22:49,154922;9,389114E-1;1,257800E-1;1,354238E-1;9,472512E-1;;
30/11/2021  10:22:49,155022;9,384435E-1;1,429833E-1;1,594346E-1;9,470033E-1;;
30/11/2021  10:22:49,155122;9,399843E-1;7,767438E-2;9,277293E-2;9,467507E-1;;
30/11/2021  10:22:49,155222;9,401601E-1;1,499920E-1;1,471132E-1;9,464942E-1;;
30/11/2021  10:22:49,155322;9,404045E-1;1,732484E-1;1,603824E-1;9,462345E-1;;
30/11/2021  10:22:49,155422;9,403926E-1;1,761156E-1;2,242006E-1;9,459725E-1;;
30/11/2021  10:22:49,155522;9,401691E-1;1,190898E-1;2,036651E-1;9,457091E-1;;
30/11/2021  10:22:49,155622;9,401810E-1;1,382046E-1;1,395309E-1;9,454451E-1;;
30/11/2021  10:22:49,155722;9,397578E-1;1,359745E-1;1,335282E-1;9,451813E-1;;
30/11/2021  10:22:49,155822;9,399694E-1;1,375674E-1;1,376353E-1;9,449183E-1;;
30/11/2021  10:22:49,155922;9,408188E-1;2,001140E-2;7,981972E-2;9,446569E-1;;
30/11/2021  10:22:49,156022;9,397816E-1;1,347002E-1;1,253139E-1;9,443977E-1;;
30/11/2021  10:22:49,156122;9,397727E-1;1,366117E-1;1,496407E-1;9,441414E-1;;
30/11/2021  10:22:49,156222;9,394538E-1;1,343816E-1;1,262617E-1;9,438885E-1;;
30/11/2021  10:22:49,156322;9,389173E-1;1,356559E-1;1,392149E-1;9,436394E-1;;
30/11/2021  10:22:49,156422;9,388518E-1;3,126658E-3;8,424277E-2;9,433946E-1;;
30/11/2021  10:22:49,156522;9,387683E-1;3,817046E-2;8,740209E-2;9,431542E-1;;
30/11/2021  10:22:49,156622;9,382706E-1;1,458505E-1;1,562753E-1;9,429184E-1;;
30/11/2021  10:22:49,156722;9,383719E-1;8,054160E-2;1,325804E-1;9,426874E-1;;
30/11/2021  10:22:49,156822;9,380203E-1;1,452133E-1;1,455336E-1;9,424614E-1;;
30/11/2021  10:22:49,156922;9,375047E-1;1,308772E-1;1,376353E-1;9,422403E-1;;
30/11/2021  10:22:49,157022;9,372752E-1;2,465218E-1;2,213573E-1;9,420241E-1;;
30/11/2021  10:22:49,157122;9,374272E-1;1,407532E-1;1,467973E-1;9,418128E-1;;
30/11/2021  10:22:49,157222;9,378444E-1;1,324701E-1;1,291051E-1;9,416064E-1;;
30/11/2021  10:22:49,157322;9,381305E-1;1,318330E-1;1,328963E-1;9,414048E-1;;
30/11/2021  10:22:49,157422;9,378355E-1;1,260985E-1;1,025668E-1;9,412081E-1;;
30/11/2021  10:22:49,157522;9,374719E-1;1,544522E-1;1,891322E-1;9,410165E-1;;
30/11/2021  10:22:49,157622;9,369414E-1;1,296029E-1;1,291051E-1;9,408298E-1;;
30/11/2021  10:22:49,157722;9,369950E-1;1,174969E-1;1,107811E-1;9,406482E-1;;
30/11/2021  10:22:49,157822;9,374749E-1;1,311958E-1;1,275255E-1;9,404714E-1;;
30/11/2021  10:22:49,157922;9,376656E-1;1,547707E-1;1,859729E-1;9,402994E-1;;
30/11/2021  10:22:49,158022;9,379219E-1;9,041758E-2;7,602853E-2;9,401324E-1;;
30/11/2021  10:22:49,158122;9,374421E-1;1,251428E-1;1,423743E-1;9,399702E-1;;
30/11/2021  10:22:49,158222;9,377550E-1;1,292843E-1;1,401627E-1;9,398132E-1;;
30/11/2021  10:22:49,158322;9,368699E-1;1,407532E-1;1,388990E-1;9,396611E-1;;
30/11/2021  10:22:49,158422;9,371888E-1;1,289658E-1;1,268936E-1;9,395141E-1;;
30/11/2021  10:22:49,158522;9,368818E-1;1,245056E-1;1,262617E-1;9,393720E-1;;
30/11/2021  10:22:49,158622;9,371381E-1;1,225942E-1;1,202590E-1;9,392348E-1;;
30/11/2021  10:22:49,158722;9,376865E-1;1,592309E-1;1,600664E-1;9,391024E-1;;
30/11/2021  10:22:49,158822;9,374004E-1;1,337445E-1;1,392149E-1;9,389747E-1;;
30/11/2021  10:22:49,158922;9,363751E-1;1,337445E-1;1,284732E-1;9,388518E-1;;
30/11/2021  10:22:49,159022;9,358297E-1;1,139925E-1;1,322644E-1;9,387335E-1;;
30/11/2021  10:22:49,159122;9,361397E-1;9,487770E-2;1,370034E-1;9,386196E-1;;
30/11/2021  10:22:49,159222;9,371113E-1;-1,077392E-1;-2,380598E-2;9,385098E-1;;
30/11/2021  10:22:49,159322;9,364735E-1;6,939130E-2;8,108345E-2;9,384040E-1;;
30/11/2021  10:22:49,159422;9,370129E-1;1,085766E-1;1,085695E-1;9,383020E-1;;
30/11/2021  10:22:49,159522;9,366463E-1;1,171783E-1;1,256299E-1;9,382039E-1;;
30/11/2021  10:22:49,159622;9,360980E-1;1,098510E-1;1,303688E-1;9,381095E-1;;
30/11/2021  10:22:49,159722;9,360473E-1;1,079395E-1;1,265777E-1;9,380187E-1;;
30/11/2021  10:22:49,159822;9,368013E-1;9,105474E-2;1,035146E-1;9,379313E-1;;
30/11/2021  10:22:49,159922;9,371023E-1;8,755036E-2;9,909157E-2;9,378472E-1;;
30/11/2021  10:22:49,160022;9,375196E-1;7,767438E-2;9,435259E-2;9,377664E-1;;
30/11/2021  10:22:49,160122;9,372931E-1;1,015679E-1;1,031987E-1;9,376889E-1;;
30/11/2021  10:22:49,160222;9,372245E-1;2,765732E-2;7,539667E-2;9,376150E-1;;
30/11/2021  10:22:49,160322;9,373586E-1;8,277166E-2;8,045158E-2;9,375446E-1;;
30/11/2021  10:22:49,160422;9,377103E-1;1,200455E-1;1,284732E-1;9,374777E-1;;
30/11/2021  10:22:49,160522;9,379517E-1;1,359745E-1;1,354238E-1;9,374145E-1;;
30/11/2021  10:22:49,160622;9,380680E-1;1,439390E-1;1,360556E-1;9,373551E-1;;
30/11/2021  10:22:49,160722;9,391379E-1;1,076209E-1;1,148882E-1;9,372997E-1;;
30/11/2021  10:22:49,160822;9,391021E-1;1,636910E-1;1,404787E-1;9,372484E-1;;
30/11/2021  10:22:49,160922;9,386104E-1;2,178496E-1;1,783905E-1;9,372016E-1;;
30/11/2021  10:22:49,161022;9,391081E-1;1,181340E-1;1,717559E-1;9,371594E-1;;
30/11/2021  10:22:49,161122;9,387922E-1;1,448948E-1;1,682807E-1;9,371221E-1;;
30/11/2021  10:22:49,161222;9,401422E-1;6,206396E-2;9,150920E-2;9,370898E-1;;
30/11/2021  10:22:49,161322;9,409022E-1;1,343816E-1;1,328963E-1;9,370626E-1;;
30/11/2021  10:22:49,161422;9,406221E-1;1,280100E-1;1,411105E-1;9,370411E-1;;
30/11/2021  10:22:49,161522;9,414744E-1;1,139925E-1;1,085695E-1;9,370254E-1;;
30/11/2021  10:22:49,161622;9,416890E-1;9,647060E-2;1,107811E-1;9,370161E-1;;
30/11/2021  10:22:49,161722;9,412986E-1;1,012493E-1;9,530039E-2;9,370134E-1;;
30/11/2021  10:22:49,161822;9,413493E-1;1,468062E-1;1,471132E-1;9,370176E-1;;
30/11/2021  10:22:49,161922;9,418082E-1;1,130368E-1;1,041465E-1;9,370289E-1;;
30/11/2021  10:22:49,162022;9,421569E-1;1,426647E-1;1,565912E-1;9,370475E-1;;
30/11/2021  10:22:49,162122;9,422374E-1;1,410718E-1;1,208909E-1;9,370735E-1;;
30/11/2021  10:22:49,162222;9,417397E-1;1,267357E-1;1,376353E-1;9,371070E-1;;
30/11/2021  10:22:49,162322;9,406012E-1;5,664810E-2;7,508074E-2;9,371480E-1;;
30/11/2021  10:22:49,162422;9,408039E-1;8,223938E-3;6,749837E-2;9,371962E-1;;
30/11/2021  10:22:49,162522;9,410661E-1;1,136739E-1;1,013031E-1;9,372513E-1;;
30/11/2021  10:22:49,162622;9,410989E-1;1,413904E-1;1,572231E-1;9,373129E-1;;
30/11/2021  10:22:49,162722;9,403240E-1;1,308772E-1;1,325804E-1;9,373808E-1;;
30/11/2021  10:22:49,162822;9,405386E-1;1,372488E-1;1,537478E-1;9,374543E-1;;
30/11/2021  10:22:49,162922;9,397697E-1;1,127182E-1;1,382671E-1;9,375330E-1;;
30/11/2021  10:22:49,163022;9,394359E-1;1,251428E-1;1,240502E-1;9,376164E-1;;
30/11/2021  10:22:49,163122;9,396416E-1;1,289658E-1;1,313166E-1;9,377037E-1;;
30/11/2021  10:22:49,163222;9,398084E-1;1,267357E-1;1,272095E-1;9,377943E-1;;
30/11/2021  10:22:49,163322;9,402764E-1;1,280100E-1;1,262617E-1;9,378876E-1;;
30/11/2021  10:22:49,163422;9,393912E-1;1,251428E-1;1,294210E-1;9,379831E-1;;
30/11/2021  10:22:49,163522;9,397935E-1;1,101695E-1;1,025668E-1;9,380802E-1;;
30/11/2021  10:22:49,163622;9,397786E-1;3,434750E-2;8,487463E-2;9,381784E-1;;
30/11/2021  10:22:49,163722;9,399813E-1;1,063466E-1;1,069899E-1;9,382772E-1;;
30/11/2021  10:22:49,163822;9,401810E-1;5,728526E-2;8,582243E-2;9,383763E-1;;
30/11/2021  10:22:49,163922;9,404373E-1;8,054160E-2;9,909157E-2;9,384752E-1;;
30/11/2021  10:22:49,164022;9,406727E-1;1,047537E-1;9,656411E-2;9,385738E-1;;
30/11/2021  10:22:49,164122;9,405923E-1;1,194084E-1;1,262617E-1;9,386717E-1;;
30/11/2021  10:22:49,164222;9,408217E-1;1,162226E-1;1,136244E-1;9,387688E-1;;
30/11/2021  10:22:49,164322;9,404969E-1;1,286472E-1;1,262617E-1;9,388649E-1;;
30/11/2021  10:22:49,164422;9,404015E-1;1,213198E-1;1,313166E-1;9,389599E-1;;
30/11/2021  10:22:49,164522;9,409737E-1;1,120810E-1;1,180475E-1;9,390535E-1;;
30/11/2021  10:22:49,164622;9,408098E-1;1,187712E-1;1,095173E-1;9,391456E-1;;
30/11/2021  10:22:49,164722;9,409052E-1;1,174969E-1;1,221546E-1;9,392362E-1;;
30/11/2021  10:22:49,164822;9,401542E-1;1,225942E-1;1,196272E-1;9,393250E-1;;
30/11/2021  10:22:49,164922;9,400200E-1;1,181340E-1;1,123607E-1;9,394120E-1;;
30/11/2021  10:22:49,165022;9,394955E-1;1,069837E-1;1,155200E-1;9,394968E-1;;
30/11/2021  10:22:49,165122;9,391140E-1;1,245056E-1;1,196272E-1;9,395792E-1;;
30/11/2021  10:22:49,165222;9,391170E-1;1,171783E-1;1,174156E-1;9,396588E-1;;
30/11/2021  10:22:49,165322;9,393882E-1;1,044351E-1;1,347919E-1;9,397352E-1;;
30/11/2021  10:22:49,165422;9,390544E-1;1,184526E-1;1,031987E-1;9,398082E-1;;
30/11/2021  10:22:49,165522;9,310136E-1;1,420275E-1;1,578549E-1;9,398772E-1;;
30/11/2021  10:22:49,165622;9,314398E-1;1,194084E-1;1,449017E-1;9,399411E-1;;
30/11/2021  10:22:49,165722;9,318034E-1;1,041165E-1;1,129926E-1;9,399982E-1;;
30/11/2021  10:22:49,165822;9,320001E-1;1,143111E-1;1,240502E-1;9,400470E-1;;
30/11/2021  10:22:49,165922;9,325216E-1;9,264764E-2;1,328963E-1;9,400861E-1;;
30/11/2021  10:22:49,166022;9,331087E-1;1,531778E-1;1,945030E-1;9,401147E-1;;
30/11/2021  10:22:49,166122;9,331505E-1;1,073023E-1;9,466852E-2;9,401321E-1;;
30/11/2021  10:22:49,166222;9,336929E-1;1,034794E-1;1,063580E-1;9,401378E-1;;
30/11/2021  10:22:49,166322;9,339939E-1;9,296622E-2;1,092014E-1;9,401315E-1;;
30/11/2021  10:22:49,166422;9,345184E-1;9,870066E-2;1,066739E-1;9,401134E-1;;
30/11/2021  10:22:49,166522;9,364765E-1;8,882468E-2;9,751191E-2;9,400836E-1;;
30/11/2021  10:22:49,166622;9,363006E-1;7,640006E-2;1,006712E-1;9,400425E-1;;
30/11/2021  10:22:49,166722;9,363692E-1;8,022302E-2;8,929768E-2;9,399910E-1;;
30/11/2021  10:22:49,166822;9,361665E-1;7,098420E-2;8,108345E-2;9,399298E-1;;
30/11/2021  10:22:49,166922;9,364944E-1;1,547707E-1;1,467973E-1;9,398597E-1;;
30/11/2021  10:22:49,167022;9,372513E-1;1,190898E-1;1,129926E-1;9,397813E-1;;
30/11/2021  10:22:49,167122;9,382617E-1;8,022302E-2;8,361090E-2;9,396956E-1;;
30/11/2021  10:22:49,167222;9,384375E-1;1,608238E-1;1,670170E-1;9,396037E-1;;
30/11/2021  10:22:49,167322;9,390455E-1;1,557265E-1;1,486929E-1;9,395066E-1;;
30/11/2021  10:22:49,167422;9,395998E-1;1,570008E-1;1,480610E-1;9,394054E-1;;
30/11/2021  10:22:49,167522;9,395968E-1;1,464877E-1;1,439539E-1;9,393014E-1;;
30/11/2021  10:22:49,167622;9,394180E-1;1,579565E-1;1,572231E-1;9,391957E-1;;
30/11/2021  10:22:49,167722;9,403956E-1;1,296029E-1;1,363715E-1;9,390894E-1;;
30/11/2021  10:22:49,167822;9,406459E-1;1,245056E-1;1,208909E-1;9,389835E-1;;
30/11/2021  10:22:49,167922;9,414744E-1;1,254614E-1;1,376353E-1;9,388791E-1;;
30/11/2021  10:22:49,168022;9,411883E-1;1,273729E-1;1,212068E-1;9,387773E-1;;
30/11/2021  10:22:49,168122;9,414953E-1;9,838208E-2;9,435259E-2;9,386790E-1;;
30/11/2021  10:22:49,168222;9,411824E-1;1,073023E-1;1,139404E-1;9,385853E-1;;
30/11/2021  10:22:49,168322;9,416234E-1;1,174969E-1;1,148882E-1;9,384969E-1;;
30/11/2021  10:22:49,168422;9,420973E-1;1,321516E-1;1,205749E-1;9,384146E-1;;
30/11/2021  10:22:49,168522;9,430182E-1;1,095324E-1;1,395309E-1;9,383389E-1;;
30/11/2021  10:22:49,168622;9,428096E-1;8,404598E-2;8,740209E-2;9,382707E-1;;
30/11/2021  10:22:49,168722;9,433759E-1;1,187712E-1;1,284732E-1;9,382107E-1;;
30/11/2021  10:22:49,168822;9,431613E-1;1,327887E-1;1,366875E-1;9,381594E-1;;
30/11/2021  10:22:49,168922;9,428841E-1;1,305587E-1;1,300529E-1;9,381174E-1;;
30/11/2021  10:22:49,169022;9,435159E-1;1,235499E-1;1,249980E-1;9,380850E-1;;
30/11/2021  10:22:49,169122;9,441001E-1;1,286472E-1;1,328963E-1;9,380626E-1;;
30/11/2021  10:22:49,169222;9,451879E-1;1,308772E-1;1,104651E-1;9,380505E-1;;
30/11/2021  10:22:49,169322;9,456230E-1;1,171783E-1;1,243661E-1;9,380492E-1;;
30/11/2021  10:22:49,169422;9,452684E-1;1,251428E-1;1,243661E-1;9,380589E-1;;
30/11/2021  10:22:49,169522;9,452982E-1;1,270543E-1;1,259458E-1;9,380801E-1;;
30/11/2021  10:22:49,169622;9,458436E-1;1,302401E-1;1,256299E-1;9,381129E-1;;
30/11/2021  10:22:49,169722;9,464605E-1;1,474434E-1;1,509044E-1;9,381575E-1;;
30/11/2021  10:22:49,169822;9,472383E-1;3,243602E-2;7,476481E-2;9,382141E-1;;
30/11/2021  10:22:49,169922;9,480073E-1;1,069837E-1;9,150920E-2;9,382828E-1;;
30/11/2021  10:22:49,170022;9,482546E-1;7,417000E-2;7,350108E-2;9,383639E-1;;
30/11/2021  10:22:49,170122;9,485705E-1;1,280100E-1;1,221546E-1;9,384575E-1;;
30/11/2021  10:22:49,170222;9,479357E-1;1,420275E-1;1,480610E-1;9,385639E-1;;
30/11/2021  10:22:49,170322;9,483708E-1;1,308772E-1;1,344760E-1;9,386829E-1;;
30/11/2021  10:22:49,170422;9,485765E-1;1,229127E-1;1,246821E-1;9,388145E-1;;
30/11/2021  10:22:49,170522;9,492441E-1;1,260985E-1;1,294210E-1;9,389585E-1;;
30/11/2021  10:22:49,170622;9,496673E-1;1,273729E-1;1,319485E-1;9,391146E-1;;
30/11/2021  10:22:49,170722;9,489878E-1;1,350188E-1;1,300529E-1;9,392827E-1;;
30/11/2021  10:22:49,170822;9,491636E-1;1,181340E-1;1,224705E-1;9,394625E-1;;
30/11/2021  10:22:49,170922;9,486599E-1;1,210013E-1;1,262617E-1;9,396535E-1;;
30/11/2021  10:22:49,171022;9,487017E-1;1,241871E-1;1,275255E-1;9,398552E-1;;
30/11/2021  10:22:49,171122;9,494408E-1;1,216384E-1;1,208909E-1;9,400669E-1;;
30/11/2021  10:22:49,171222;9,492828E-1;1,117624E-1;9,751191E-2;9,402879E-1;;
30/11/2021  10:22:49,171322;9,493901E-1;4,486064E-2;4,253974E-2;9,405178E-1;;
30/11/2021  10:22:49,171422;9,490742E-1;1,487177E-1;1,471132E-1;9,407557E-1;;
30/11/2021  10:22:49,171522;9,487523E-1;1,139925E-1;1,189953E-1;9,410010E-1;;
30/11/2021  10:22:49,171622;9,477241E-1;1,445762E-1;1,578549E-1;9,412528E-1;;
30/11/2021  10:22:49,171722;9,474201E-1;1,270543E-1;1,284732E-1;9,415102E-1;;
30/11/2021  10:22:49,171822;9,486152E-1;7,703722E-2;1,003553E-1;9,417721E-1;;
30/11/2021  10:22:49,171922;9,485944E-1;1,378860E-1;1,322644E-1;9,420375E-1;;
30/11/2021  10:22:49,172022;9,481801E-1;1,315144E-1;1,600664E-1;9,423055E-1;;
30/11/2021  10:22:49,172122;9,478046E-1;1,264171E-1;1,231024E-1;9,425753E-1;;
30/11/2021  10:22:49,172222;9,477986E-1;1,334259E-1;1,284732E-1;9,428460E-1;;
30/11/2021  10:22:49,172322;9,469016E-1;1,104881E-1;1,088855E-1;9,431166E-1;;
30/11/2021  10:22:49,172422;9,473397E-1;1,598680E-1;1,449017E-1;9,433862E-1;;
30/11/2021  10:22:49,172522;9,476288E-1;1,066652E-1;1,082536E-1;9,436539E-1;;
30/11/2021  10:22:49,172622;9,474023E-1;1,305587E-1;1,325804E-1;9,439187E-1;;
30/11/2021  10:22:49,172722;9,475453E-1;-4,200682E-3;4,664686E-2;9,441799E-1;;
30/11/2021  10:22:49,172822;9,470506E-1;1,334259E-1;1,316326E-1;9,444368E-1;;
30/11/2021  10:22:49,172922;9,466214E-1;1,353374E-1;1,395309E-1;9,446887E-1;;
30/11/2021  10:22:49,173022;9,460999E-1;1,468062E-1;1,528000E-1;9,449348E-1;;
30/11/2021  10:22:49,173122;9,458465E-1;1,069837E-1;1,019350E-1;9,451743E-1;;
30/11/2021  10:22:49,173222;9,469403E-1;1,238685E-1;1,265777E-1;9,454066E-1;;
30/11/2021  10:22:49,173322;9,466095E-1;1,280100E-1;1,287892E-1;9,456309E-1;;
30/11/2021  10:22:49,173422;9,464307E-1;1,436204E-1;1,755471E-1;9,458469E-1;;
30/11/2021  10:22:49,173522;9,454829E-1;1,378860E-1;1,452176E-1;9,460541E-1;;
30/11/2021  10:22:49,173622;9,441984E-1;1,369303E-1;1,335282E-1;9,462519E-1;;
30/11/2021  10:22:49,173722;9,438050E-1;1,455319E-1;1,347919E-1;9,464397E-1;;
30/11/2021  10:22:49,173822;9,445531E-1;1,219570E-1;1,212068E-1;9,466168E-1;;
30/11/2021  10:22:49,173922;9,442223E-1;1,098510E-1;1,016190E-1;9,467826E-1;;
30/11/2021  10:22:49,174022;9,433014E-1;1,216384E-1;1,265777E-1;9,469366E-1;;
30/11/2021  10:22:49,174122;9,428692E-1;1,104881E-1;1,347919E-1;9,470783E-1;;
30/11/2021  10:22:49,174222;9,427202E-1;1,044351E-1;1,057261E-1;9,472073E-1;;
30/11/2021  10:22:49,174322;9,423834E-1;-1,016862E-1;5,891631E-3;9,473231E-1;;
30/11/2021  10:22:49,174422;9,423387E-1;4,709070E-2;7,097362E-2;9,474253E-1;;
30/11/2021  10:22:49,174522;9,421390E-1;1,053908E-1;1,145722E-1;9,475135E-1;;
30/11/2021  10:22:49,174622;9,426099E-1;1,109116E-2;7,034176E-2;9,475876E-1;;
30/11/2021  10:22:49,174722;9,420139E-1;-4,020022E-2;3,053433E-2;9,476475E-1;;
30/11/2021  10:22:49,174822;9,419334E-1;6,620550E-2;5,865227E-2;9,476931E-1;;
30/11/2021  10:22:49,174922;9,414774E-1;1,022050E-1;1,205749E-1;9,477245E-1;;
30/11/2021  10:22:49,175022;9,416652E-1;1,012493E-1;1,224705E-1;9,477417E-1;;
30/11/2021  10:22:49,175122;9,419066E-1;1,190898E-1;1,256299E-1;9,477449E-1;;
30/11/2021  10:22:49,175222;9,419036E-1;1,162226E-1;1,243661E-1;9,477342E-1;;
30/11/2021  10:22:49,175322;9,423536E-1;1,210013E-1;1,328963E-1;9,477101E-1;;
30/11/2021  10:22:49,175422;9,422732E-1;1,308772E-1;1,101492E-1;9,476730E-1;;
30/11/2021  10:22:49,175522;9,418708E-1;1,493549E-1;1,436380E-1;9,476235E-1;;
30/11/2021  10:22:49,175622;9,420198E-1;1,455319E-1;1,205749E-1;9,475620E-1;;
30/11/2021  10:22:49,175722;9,416234E-1;1,554079E-1;1,436380E-1;9,474892E-1;;
30/11/2021  10:22:49,175822;9,413910E-1;1,531778E-1;1,496407E-1;9,474055E-1;;
30/11/2021  10:22:49,175922;9,417754E-1;1,429833E-1;1,407946E-1;9,473116E-1;;
30/11/2021  10:22:49,176022;9,413135E-1;1,318330E-1;1,167838E-1;9,472079E-1;;
30/11/2021  10:22:49,176122;9,415370E-1;1,264171E-1;1,373193E-1;9,470951E-1;;
30/11/2021  10:22:49,176222;9,405476E-1;1,324701E-1;1,338441E-1;9,469737E-1;;
30/11/2021  10:22:49,176322;9,404492E-1;3,976336E-2;8,392683E-2;9,468442E-1;;
30/11/2021  10:22:49,176422;9,395879E-1;1,232313E-1;1,243661E-1;9,467071E-1;;
30/11/2021  10:22:49,176522;9,396147E-1;9,933782E-2;1,625939E-1;9,465626E-1;;
30/11/2021  10:22:49,176622;9,396684E-1;1,241871E-1;1,227865E-1;9,464112E-1;;
30/11/2021  10:22:49,176722;9,394150E-1;1,378860E-1;1,458495E-1;9,462532E-1;;
30/11/2021  10:22:49,176822;9,390127E-1;9,169190E-2;6,339125E-2;9,460889E-1;;
30/11/2021  10:22:49,176922;9,377550E-1;3,594040E-2;4,917431E-2;9,459186E-1;;
30/11/2021  10:22:49,177022;9,374689E-1;2,022392E-1;2,011376E-1;9,457425E-1;;
30/11/2021  10:22:49,177122;9,382825E-1;1,378860E-1;1,388990E-1;9,455608E-1;;
30/11/2021  10:22:49,177222;9,380888E-1;1,123996E-1;9,624818E-2;9,453736E-1;;
30/11/2021  10:22:49,177322;9,377044E-1;1,203641E-1;1,107811E-1;9,451814E-1;;
30/11/2021  10:22:49,177422;9,379934E-1;1,031608E-1;6,086380E-2;9,449843E-1;;
30/11/2021  10:22:49,177522;9,370040E-1;1,340630E-1;1,347919E-1;9,447827E-1;;
30/11/2021  10:22:49,177622;9,371858E-1;1,120810E-1;1,379512E-1;9,445769E-1;;
30/11/2021  10:22:49,177722;9,374480E-1;1,366117E-1;1,654373E-1;9,443672E-1;;
30/11/2021  10:22:49,177822;9,377461E-1;1,337445E-1;1,423743E-1;9,441540E-1;;
30/11/2021  10:22:49,177922;9,375345E-1;1,296029E-1;1,278414E-1;9,439377E-1;;
30/11/2021  10:22:49,178022;9,381305E-1;1,554079E-1;1,572231E-1;9,437188E-1;;
30/11/2021  10:22:49,178122;9,384166E-1;1,907703E-1;2,055607E-1;9,434977E-1;;
30/11/2021  10:22:49,178222;9,386014E-1;1,257800E-1;1,208909E-1;9,432753E-1;;
30/11/2021  10:22:49,178322;9,376388E-1;1,353374E-1;1,291051E-1;9,430520E-1;;
30/11/2021  10:22:49,178422;9,382140E-1;1,009307E-1;1,120448E-1;9,428285E-1;;
30/11/2021  10:22:49,178522;9,382796E-1;1,362931E-1;1,335282E-1;9,426054E-1;;
30/11/2021  10:22:49,178622;9,390246E-1;1,222756E-1;1,164678E-1;9,423832E-1;;
30/11/2021  10:22:49,178722;9,390723E-1;1,216384E-1;1,193112E-1;9,421625E-1;;
30/11/2021  10:22:49,178822;9,390574E-1;1,190898E-1;1,101492E-1;9,419441E-1;;
30/11/2021  10:22:49,178922;9,391826E-1;9,806350E-2;9,308886E-2;9,417285E-1;;
30/11/2021  10:22:49,179022;9,387206E-1;1,251428E-1;1,344760E-1;9,415165E-1;;
30/11/2021  10:22:49,179122;9,389024E-1;7,225852E-2;7,981972E-2;9,413085E-1;;
30/11/2021  10:22:49,179222;9,389710E-1;9,806350E-2;1,493248E-1;9,411050E-1;;
30/11/2021  10:22:49,179322;9,394568E-1;1,353374E-1;1,730197E-1;9,409066E-1;;
30/11/2021  10:22:49,179422;9,402376E-1;1,165411E-1;1,291051E-1;9,407135E-1;;
30/11/2021  10:22:49,179522;9,397101E-1;1,305587E-1;1,227865E-1;9,405265E-1;;
30/11/2021  10:22:49,179622;9,390038E-1;1,280100E-1;1,221546E-1;9,403460E-1;;
30/11/2021  10:22:49,179722;9,393107E-1;1,531778E-1;1,291051E-1;9,401722E-1;;
30/11/2021  10:22:49,179822;9,401661E-1;1,375674E-1;1,398468E-1;9,400056E-1;;
30/11/2021  10:22:49,179922;9,405029E-1;1,235499E-1;1,208909E-1;9,398464E-1;;
30/11/2021  10:22:49,180022;9,407681E-1;1,136739E-1;1,433221E-1;9,396950E-1;;
30/11/2021  10:22:49,180122;9,408396E-1;1,299215E-1;1,265777E-1;9,395518E-1;;
30/11/2021  10:22:49,180222;9,411287E-1;7,257710E-2;8,045158E-2;9,394172E-1;;
30/11/2021  10:22:49,180322;9,406876E-1;1,251428E-1;1,114129E-1;9,392914E-1;;
30/11/2021  10:22:49,180422;9,409499E-1;1,311958E-1;1,164678E-1;9,391748E-1;;
30/11/2021  10:22:49,180522;9,410930E-1;1,366117E-1;1,256299E-1;9,390675E-1;;
30/11/2021  10:22:49,180622;9,416920E-1;1,442576E-1;1,689125E-1;9,389696E-1;;
30/11/2021  10:22:49,180722;9,422970E-1;1,120810E-1;1,275255E-1;9,388814E-1;;
30/11/2021  10:22:49,180822;9,421033E-1;1,283286E-1;1,376353E-1;9,388030E-1;;
30/11/2021  10:22:49,180922;9,417009E-1;1,245056E-1;1,310007E-1;9,387347E-1;;
30/11/2021  10:22:49,181022;9,416175E-1;1,327887E-1;1,325804E-1;9,386764E-1;;
30/11/2021  10:22:49,181122;9,416384E-1;1,245056E-1;1,231024E-1;9,386281E-1;;
30/11/2021  10:22:49,181222;9,426695E-1;1,283286E-1;1,278414E-1;9,385898E-1;;
30/11/2021  10:22:49,181322;9,420914E-1;1,225942E-1;1,022509E-1;9,385612E-1;;
30/11/2021  10:22:49,181422;9,417486E-1;1,222756E-1;1,316326E-1;9,385425E-1;;
30/11/2021  10:22:49,181522;9,426278E-1;1,280100E-1;1,259458E-1;9,385332E-1;;
30/11/2021  10:22:49,181622;9,415191E-1;1,057094E-1;1,016190E-1;9,385333E-1;;
30/11/2021  10:22:49,181722;9,420407E-1;4,071910E-2;4,791059E-2;9,385425E-1;;
30/11/2021  10:22:49,181822;9,416145E-1;8,404598E-2;1,095173E-1;9,385603E-1;;
30/11/2021  10:22:49,181922;9,418291E-1;1,324701E-1;1,278414E-1;9,385864E-1;;
30/11/2021  10:22:49,182022;9,415460E-1;1,362931E-1;1,357397E-1;9,386203E-1;;
30/11/2021  10:22:49,182122;9,416771E-1;8,213450E-2;1,123607E-1;9,386616E-1;;
30/11/2021  10:22:49,182222;9,419453E-1;8,436456E-2;8,582243E-2;9,387098E-1;;
30/11/2021  10:22:49,182322;9,412330E-1;1,162226E-1;1,139404E-1;9,387645E-1;;
30/11/2021  10:22:49,182422;9,405058E-1;1,082581E-1;1,152041E-1;9,388251E-1;;
30/11/2021  10:22:49,182522;9,409261E-1;1,053908E-1;1,186794E-1;9,388909E-1;;
30/11/2021  10:22:49,182622;9,411943E-1;1,095324E-1;1,139404E-1;9,389614E-1;;
30/11/2021  10:22:49,182722;9,417367E-1;1,120810E-1;1,224705E-1;9,390360E-1;;
30/11/2021  10:22:49,182822;9,412271E-1;1,053908E-1;1,104651E-1;9,391141E-1;;
30/11/2021  10:22:49,182922;9,412718E-1;9,392196E-2;1,016190E-1;9,391953E-1;;
30/11/2021  10:22:49,183022;9,405476E-1;1,037979E-1;1,107811E-1;9,392792E-1;;
30/11/2021  10:22:49,183122;9,409320E-1;9,424054E-2;1,025668E-1;9,393652E-1;;
30/11/2021  10:22:49,183222;9,414774E-1;9,137332E-2;1,041465E-1;9,394528E-1;;
30/11/2021  10:22:49,183322;9,417784E-1;5,632952E-2;7,034176E-2;9,395415E-1;;
30/11/2021  10:22:49,183422;9,420168E-1;1,324701E-1;1,916596E-1;9,396311E-1;;
30/11/2021  10:22:49,183522;9,423477E-1;1,643281E-1;1,575390E-1;9,397213E-1;;
30/11/2021  10:22:49,183622;9,420556E-1;1,378860E-1;1,455336E-1;9,398120E-1;;
30/11/2021  10:22:49,183722;9,414387E-1;1,557265E-1;1,477451E-1;9,399030E-1;;
30/11/2021  10:22:49,183822;9,415847E-1;1,605052E-1;1,474292E-1;9,399939E-1;;
30/11/2021  10:22:49,183922;9,425920E-1;8,755036E-2;1,540637E-1;9,400846E-1;;
30/11/2021  10:22:49,184022;9,428126E-1;1,703812E-1;1,565912E-1;9,401749E-1;;
30/11/2021  10:22:49,184122;9,423208E-1;1,872659E-1;2,058766E-1;9,402647E-1;;
30/11/2021  10:22:49,184222;9,422761E-1;1,512664E-1;1,458495E-1;9,403540E-1;;
30/11/2021  10:22:49,184322;9,420079E-1;1,197269E-1;1,316326E-1;9,404426E-1;;
30/11/2021  10:22:49,184422;9,413463E-1;1,203641E-1;1,246821E-1;9,405303E-1;;
30/11/2021  10:22:49,184522;9,414953E-1;1,002936E-1;1,104651E-1;9,406169E-1;;
30/11/2021  10:22:49,184622;9,420347E-1;1,181340E-1;9,719598E-2;9,407021E-1;;
30/11/2021  10:22:49,184722;9,421390E-1;1,378860E-1;1,407946E-1;9,407857E-1;;
30/11/2021  10:22:49,184822;9,411168E-1;1,257800E-1;1,158360E-1;9,408675E-1;;
30/11/2021  10:22:49,184922;9,408635E-1;1,229127E-1;1,253139E-1;9,409474E-1;;
30/11/2021  10:22:49,185022;9,400051E-1;1,257800E-1;1,322644E-1;9,410248E-1;;
30/11/2021  10:22:49,185122;9,399068E-1;1,742041E-1;1,752312E-1;9,410996E-1;;
30/11/2021  10:22:49,185222;9,405684E-1;9,360338E-2;9,435259E-2;9,411711E-1;;
30/11/2021  10:22:49,185322;9,402287E-1;1,292843E-1;1,322644E-1;9,412391E-1;;
30/11/2021  10:22:49,185422;9,401095E-1;1,283286E-1;1,085695E-1;9,413032E-1;;
30/11/2021  10:22:49,185522;9,397250E-1;1,385232E-1;1,632258E-1;9,413632E-1;;
30/11/2021  10:22:49,185622;9,388458E-1;1,356559E-1;1,584868E-1;9,414188E-1;;
30/11/2021  10:22:49,185722;9,382736E-1;1,229127E-1;1,278414E-1;9,414695E-1;;
30/11/2021  10:22:49,185822;9,378087E-1;1,362931E-1;1,354238E-1;9,415149E-1;;
30/11/2021  10:22:49,185922;9,384554E-1;1,092138E-1;1,234183E-1;9,415545E-1;;
30/11/2021  10:22:49,186022;9,380918E-1;1,025236E-1;9,656411E-2;9,415880E-1;;
30/11/2021  10:22:49,186122;9,377550E-1;1,353374E-1;1,262617E-1;9,416150E-1;;
30/11/2021  10:22:49,186222;9,374153E-1;1,296029E-1;1,347919E-1;9,416351E-1;;
30/11/2021  10:22:49,186322;9,372007E-1;1,735670E-1;1,812339E-1;9,416482E-1;;
30/11/2021  10:22:49,186422;9,362738E-1;7,512574E-2;1,809180E-1;9,416540E-1;;
30/11/2021  10:22:49,186522;9,363066E-1;9,232906E-2;1,047783E-1;9,416521E-1;;
30/11/2021  10:22:49,186622;9,362053E-1;1,002936E-1;1,300529E-1;9,416422E-1;;
30/11/2021  10:22:49,186722;9,359490E-1;1,178155E-1;1,379512E-1;9,416240E-1;;
30/11/2021  10:22:49,186822;9,353857E-1;1,047537E-1;1,164678E-1;9,415975E-1;;
30/11/2021  10:22:49,186922;9,349208E-1;9,487770E-2;9,909157E-2;9,415623E-1;;
30/11/2021  10:22:49,187022;9,338300E-1;1,216384E-1;1,253139E-1;9,415182E-1;;
30/11/2021  10:22:49,187122;9,326855E-1;1,582751E-1;1,698603E-1;9,414650E-1;;
30/11/2021  10:22:49,187222;9,323041E-1;1,238685E-1;1,354238E-1;9,414021E-1;;
30/11/2021  10:22:49,187322;9,327124E-1;1,270543E-1;1,189953E-1;9,413293E-1;;
30/11/2021  10:22:49,187422;9,327451E-1;1,229127E-1;1,221546E-1;9,412460E-1;;
30/11/2021  10:22:49,187522;9,318391E-1;1,139925E-1;1,063580E-1;9,411522E-1;;
30/11/2021  10:22:49,187622;9,311626E-1;1,276914E-1;1,537478E-1;9,410477E-1;;
30/11/2021  10:22:49,187722;9,308258E-1;5,091366E-2;6,370719E-2;9,409323E-1;;
30/11/2021  10:22:49,187822;9,300390E-1;1,174969E-1;1,142563E-1;9,408058E-1;;
30/11/2021  10:22:49,187922;9,303698E-1;1,283286E-1;1,278414E-1;9,406680E-1;;
30/11/2021  10:22:49,188022;9,302983E-1;1,305587E-1;1,490088E-1;9,405190E-1;;
30/11/2021  10:22:49,188122;9,302447E-1;1,159040E-1;1,041465E-1;9,403586E-1;;
30/11/2021  10:22:49,188222;9,302000E-1;1,152668E-1;1,430061E-1;9,401871E-1;;
30/11/2021  10:22:49,188322;9,300897E-1;1,206827E-1;1,287892E-1;9,400047E-1;;
30/11/2021  10:22:49,188422;9,294847E-1;1,356559E-1;1,328963E-1;9,398117E-1;;
30/11/2021  10:22:49,188522;9,293297E-1;1,305587E-1;1,291051E-1;9,396084E-1;;
30/11/2021  10:22:49,188622;9,300301E-1;1,168597E-1;1,240502E-1;9,393952E-1;;
30/11/2021  10:22:49,188722;9,303579E-1;1,289658E-1;1,265777E-1;9,391726E-1;;
30/11/2021  10:22:49,188822;9,305427E-1;1,331073E-1;1,436380E-1;9,389412E-1;;
30/11/2021  10:22:49,188922;9,299526E-1;1,267357E-1;1,354238E-1;9,387016E-1;;
30/11/2021  10:22:49,189022;9,298155E-1;1,318330E-1;1,414265E-1;9,384548E-1;;
30/11/2021  10:22:49,189122;9,302953E-1;1,560451E-1;1,945030E-1;9,382012E-1;;
30/11/2021  10:22:49,189222;9,293953E-1;1,276914E-1;1,253139E-1;9,379418E-1;;
30/11/2021  10:22:49,189322;9,303430E-1;1,031608E-1;9,909157E-2;9,376771E-1;;
30/11/2021  10:22:49,189422;9,305904E-1;1,136739E-1;1,082536E-1;9,374080E-1;;
30/11/2021  10:22:49,189522;9,300748E-1;3,848904E-2;2,800687E-2;9,371352E-1;;
30/11/2021  10:22:49,189622;9,306500E-1;1,378860E-1;1,398468E-1;9,368597E-1;;
30/11/2021  10:22:49,189722;9,298483E-1;1,286472E-1;1,543797E-1;9,365822E-1;;
30/11/2021  10:22:49,189822;9,303907E-1;7,767438E-2;1,619620E-1;9,363035E-1;;
30/11/2021  10:22:49,189922;9,303132E-1;1,190898E-1;1,028828E-1;9,360244E-1;;
30/11/2021  10:22:49,190022;9,315471E-1;1,296029E-1;1,300529E-1;9,357456E-1;;
30/11/2021  10:22:49,190122;9,314427E-1;1,123996E-1;1,073058E-1;9,354681E-1;;
30/11/2021  10:22:49,190222;9,314189E-1;1,417090E-1;1,363715E-1;9,351927E-1;;
30/11/2021  10:22:49,190322;9,311805E-1;1,334259E-1;1,104651E-1;9,349203E-1;;
30/11/2021  10:22:49,190422;9,310225E-1;1,480806E-1;1,376353E-1;9,346518E-1;;
30/11/2021  10:22:49,190522;9,316365E-1;1,114439E-1;1,218387E-1;9,343877E-1;;
30/11/2021  10:22:49,190622;9,318898E-1;1,165411E-1;1,262617E-1;9,341289E-1;;
30/11/2021  10:22:49,190722;9,320060E-1;1,108067E-1;1,117289E-1;9,338760E-1;;
30/11/2021  10:22:49,190822;9,325753E-1;1,229127E-1;1,208909E-1;9,336297E-1;;
30/11/2021  10:22:49,190922;9,325902E-1;-1,216518E-2;4,001229E-2;9,333908E-1;;
30/11/2021  10:22:49,191022;9,322176E-1;1,238685E-1;1,319485E-1;9,331598E-1;;
30/11/2021  10:22:49,191122;9,324888E-1;-2,618270E-2;6,655058E-2;9,329374E-1;;
30/11/2021  10:22:49,191222;9,324292E-1;1,088952E-1;1,332122E-1;9,327241E-1;;
30/11/2021  10:22:49,191322;9,330342E-1;8,595746E-2;1,249980E-1;9,325202E-1;;
30/11/2021  10:22:49,191422;9,330789E-1;7,066562E-2;1,569071E-1;9,323263E-1;;
30/11/2021  10:22:49,191522;9,338478E-1;2,956880E-2;7,539667E-2;9,321426E-1;;
30/11/2021  10:22:49,191622;9,337793E-1;9,997498E-2;9,845971E-2;9,319698E-1;;
30/11/2021  10:22:49,191722;9,336810E-1;9,551486E-2;1,057261E-1;9,318080E-1;;
30/11/2021  10:22:49,191822;9,332995E-1;1,149482E-1;1,581709E-1;9,316578E-1;;
30/11/2021  10:22:49,191922;9,332488E-1;1,633724E-1;1,518522E-1;9,315192E-1;;
30/11/2021  10:22:49,192022;9,344528E-1;1,296029E-1;1,306848E-1;9,313922E-1;;
30/11/2021  10:22:49,192122;9,346406E-1;1,493549E-1;1,521681E-1;9,312772E-1;;
30/11/2021  10:22:49,192222;9,348105E-1;1,611423E-1;1,322644E-1;9,311741E-1;;
30/11/2021  10:22:49,192322;9,349357E-1;1,108067E-1;1,164678E-1;9,310833E-1;;
30/11/2021  10:22:49,192422;9,350310E-1;1,452133E-1;1,227865E-1;9,310047E-1;;
30/11/2021  10:22:49,192522;9,350817E-1;9,105474E-2;1,028828E-1;9,309384E-1;;
30/11/2021  10:22:49,192622;9,357552E-1;1,359745E-1;1,246821E-1;9,308845E-1;;
30/11/2021  10:22:49,192722;9,362082E-1;1,442576E-1;1,783905E-1;9,308429E-1;;
30/11/2021  10:22:49,192822;9,371768E-1;1,082581E-1;8,424277E-2;9,308138E-1;;
30/11/2021  10:22:49,192922;9,370517E-1;1,296029E-1;1,439539E-1;9,307971E-1;;
30/11/2021  10:22:49,193022;9,368222E-1;1,455319E-1;1,550115E-1;9,307930E-1;;
30/11/2021  10:22:49,193122;9,370099E-1;1,248242E-1;1,259458E-1;9,308015E-1;;
30/11/2021  10:22:49,193222;9,381931E-1;1,203641E-1;1,246821E-1;9,308224E-1;;
30/11/2021  10:22:49,193322;9,391140E-1;1,331073E-1;1,325804E-1;9,308559E-1;;
30/11/2021  10:22:49,193422;9,397876E-1;9,901924E-2;8,108345E-2;9,309018E-1;;
30/11/2021  10:22:49,193522;9,403658E-1;1,063466E-1;1,044624E-1;9,309605E-1;;
30/11/2021  10:22:49,193622;9,411704E-1;1,200455E-1;1,126766E-1;9,310321E-1;;
30/11/2021  10:22:49,193722;9,409618E-1;1,159040E-1;1,073058E-1;9,311169E-1;;
30/11/2021  10:22:49,193822;9,413046E-1;1,343816E-1;1,328963E-1;9,312148E-1;;
30/11/2021  10:22:49,193922;9,417486E-1;1,423461E-1;1,534319E-1;9,313261E-1;;
30/11/2021  10:22:49,194022;9,432894E-1;1,133553E-1;1,088855E-1;9,314507E-1;;
30/11/2021  10:22:49,194122;9,441269E-1;1,232313E-1;1,439539E-1;9,315888E-1;;
30/11/2021  10:22:49,194222;9,450627E-1;-1,981110E-2;1,284213E-2;9,317405E-1;;
30/11/2021  10:22:49,194322;9,453250E-1;7,831154E-2;7,855599E-2;9,319061E-1;;
30/11/2021  10:22:49,194422;9,457452E-1;1,350188E-1;1,328963E-1;9,320858E-1;;
30/11/2021  10:22:49,194522;9,455038E-1;1,273729E-1;1,392149E-1;9,322799E-1;;
30/11/2021  10:22:49,194622;9,466035E-1;1,280100E-1;1,287892E-1;9,324882E-1;;
30/11/2021  10:22:49,194722;9,480162E-1;1,264171E-1;1,265777E-1;9,327109E-1;;
30/11/2021  10:22:49,194822;9,481294E-1;1,203641E-1;1,268936E-1;9,329479E-1;;
30/11/2021  10:22:49,194922;9,489937E-1;1,296029E-1;1,265777E-1;9,331994E-1;;
30/11/2021  10:22:49,195022;9,489222E-1;1,206827E-1;1,205749E-1;9,334653E-1;;
30/11/2021  10:22:49,195122;9,493365E-1;1,206827E-1;1,170997E-1;9,337457E-1;;
30/11/2021  10:22:49,195222;9,494169E-1;1,238685E-1;1,205749E-1;9,340404E-1;;
30/11/2021  10:22:49,195322;9,501769E-1;1,245056E-1;1,246821E-1;9,343491E-1;;
30/11/2021  10:22:49,195422;9,507938E-1;1,254614E-1;1,218387E-1;9,346715E-1;;
30/11/2021  10:22:49,195522;9,505912E-1;6,047106E-2;4,001229E-2;9,350073E-1;;
30/11/2021  10:22:49,195622;9,506687E-1;1,397975E-1;1,382671E-1;9,353561E-1;;
30/11/2021  10:22:49,195722;9,508564E-1;1,324701E-1;1,351078E-1;9,357175E-1;;
30/11/2021  10:22:49,195822;9,502306E-1;1,143111E-1;1,268936E-1;9,360907E-1;;
30/11/2021  10:22:49,195922;9,508594E-1;1,229127E-1;1,227865E-1;9,364750E-1;;
30/11/2021  10:22:49,196022;9,515359E-1;1,241871E-1;1,524841E-1;9,368697E-1;;
30/11/2021  10:22:49,196122;9,517267E-1;1,088952E-1;1,120448E-1;9,372739E-1;;
30/11/2021  10:22:49,196222;9,516820E-1;1,601866E-1;1,963986E-1;9,376869E-1;;
30/11/2021  10:22:49,196322;9,510919E-1;1,257800E-1;1,300529E-1;9,381079E-1;;
30/11/2021  10:22:49,196422;9,511753E-1;1,311958E-1;1,294210E-1;9,385360E-1;;
30/11/2021  10:22:49,196522;9,509190E-1;4,263058E-2;5,928414E-2;9,389702E-1;;
30/11/2021  10:22:49,196622;9,512021E-1;1,356559E-1;1,354238E-1;9,394093E-1;;
30/11/2021  10:22:49,196722;9,515717E-1;1,162226E-1;1,000394E-1;9,398524E-1;;
30/11/2021  10:22:49,196822;9,519681E-1;1,519035E-1;1,493248E-1;9,402984E-1;;
30/11/2021  10:22:49,196922;9,522095E-1;1,356559E-1;1,174156E-1;9,407463E-1;;
30/11/2021  10:22:49,197022;9,514257E-1;1,283286E-1;1,262617E-1;9,411954E-1;;
30/11/2021  10:22:49,197122;9,510829E-1;1,401161E-1;1,423743E-1;9,416446E-1;;
30/11/2021  10:22:49,197222;9,512498E-1;1,433019E-1;1,606983E-1;9,420930E-1;;
30/11/2021  10:22:49,197322;9,513392E-1;5,027650E-2;7,192142E-2;9,425394E-1;;
30/11/2021  10:22:49,197422;9,516045E-1;1,299215E-1;1,306848E-1;9,429829E-1;;
30/11/2021  10:22:49,197522;9,519502E-1;9,615202E-2;1,294210E-1;9,434226E-1;;
30/11/2021  10:22:49,197622;9,514674E-1;1,703812E-1;1,992420E-1;9,438576E-1;;
30/11/2021  10:22:49,197722;9,506299E-1;1,426647E-1;1,660692E-1;9,442871E-1;;
30/11/2021  10:22:49,197822;9,502306E-1;1,327887E-1;1,259458E-1;9,447103E-1;;
30/11/2021  10:22:49,197922;9,504571E-1;1,397975E-1;1,319485E-1;9,451261E-1;;
30/11/2021  10:22:49,198022;9,501769E-1;1,340630E-1;1,357397E-1;9,455335E-1;;
30/11/2021  10:22:49,198122;9,500994E-1;9,073616E-2;8,171531E-2;9,459318E-1;;
30/11/2021  10:22:49,198222;9,500339E-1;1,417090E-1;1,496407E-1;9,463200E-1;;
30/11/2021  10:22:49,198322;9,493931E-1;1,305587E-1;1,553275E-1;9,466974E-1;;
30/11/2021  10:22:49,198422;9,488864E-1;1,270543E-1;1,186794E-1;9,470632E-1;;
30/11/2021  10:22:49,198522;9,483917E-1;1,362931E-1;1,385831E-1;9,474166E-1;;
30/11/2021  10:22:49,198622;9,486540E-1;9,392196E-2;1,152041E-1;9,477567E-1;;
30/11/2021  10:22:49,198722;9,485735E-1;1,251428E-1;1,133085E-1;9,480829E-1;;
30/11/2021  10:22:49,198822;9,489401E-1;1,200455E-1;1,313166E-1;9,483945E-1;;
30/11/2021  10:22:49,198922;9,491696E-1;1,053908E-1;1,246821E-1;9,486911E-1;;
30/11/2021  10:22:49,199022;9,482576E-1;1,092138E-1;1,177316E-1;9,489723E-1;;
30/11/2021  10:22:49,199122;9,478076E-1;1,085766E-1;1,170997E-1;9,492378E-1;;
30/11/2021  10:22:49,199222;9,479417E-1;1,611423E-1;1,657532E-1;9,494873E-1;;
30/11/2021  10:22:49,199322;9,479536E-1;9,328480E-2;1,104651E-1;9,497204E-1;;
30/11/2021  10:22:49,199422;9,479387E-1;1,028422E-1;1,060421E-1;9,499371E-1;;
30/11/2021  10:22:49,199522;9,480341E-1;1,111253E-1;1,253139E-1;9,501371E-1;;
30/11/2021  10:22:49,199622;9,476049E-1;8,659462E-2;9,530039E-2;9,503206E-1;;
30/11/2021  10:22:49,199722;9,470506E-1;1,108067E-1;1,240502E-1;9,504874E-1;;
30/11/2021  10:22:49,199822;9,464992E-1;1,229127E-1;1,300529E-1;9,506376E-1;;
30/11/2021  10:22:49,199922;9,458465E-1;8,659462E-2;9,498445E-2;9,507712E-1;;
30/11/2021  10:22:49,200022;9,455366E-1;9,742634E-2;1,107811E-1;9,508881E-1;;
30/11/2021  10:22:49,200122;9,459956E-1;1,251428E-1;1,651214E-1;9,509882E-1;;
30/11/2021  10:22:49,200222;9,457154E-1;7,799296E-2;9,593225E-2;9,510716E-1;;
30/11/2021  10:22:49,200322;9,448183E-1;1,433019E-1;1,524841E-1;9,511383E-1;;
30/11/2021  10:22:49,200422;9,440584E-1;1,499920E-1;1,439539E-1;9,511885E-1;;
30/11/2021  10:22:49,200522;9,434653E-1;1,636910E-1;1,493248E-1;9,512222E-1;;
30/11/2021  10:22:49,200622;9,429199E-1;1,757970E-1;1,619620E-1;9,512394E-1;;
30/11/2021  10:22:49,200722;9,427858E-1;1,636910E-1;1,559593E-1;9,512400E-1;;
30/11/2021  10:22:49,200822;9,425026E-1;1,506292E-1;1,433221E-1;9,512240E-1;;
30/11/2021  10:22:49,200922;9,420943E-1;1,388417E-1;1,534319E-1;9,511915E-1;;
30/11/2021  10:22:49,201022;9,415221E-1;1,746276E-2;3,495737E-2;9,511426E-1;;
30/11/2021  10:22:49,201122;9,408754E-1;1,276914E-1;1,660692E-1;9,510774E-1;;
30/11/2021  10:22:49,201222;9,400290E-1;1,254614E-1;1,294210E-1;9,509960E-1;;
30/11/2021  10:22:49,201322;9,399187E-1;3,126658E-3;7,697633E-2;9,508985E-1;;
30/11/2021  10:22:49,201422;9,403389E-1;5,983390E-2;7,697633E-2;9,507849E-1;;
30/11/2021  10:22:49,201522;9,401452E-1;9,870066E-2;1,028828E-1;9,506556E-1;;
30/11/2021  10:22:49,201622;9,389412E-1;3,657756E-2;2,232009E-2;9,505108E-1;;
30/11/2021  10:22:49,201722;9,388816E-1;1,869473E-1;1,824976E-1;9,503509E-1;;
30/11/2021  10:22:49,201822;9,381633E-1;1,210013E-1;1,354238E-1;9,501761E-1;;
30/11/2021  10:22:49,201922;9,375404E-1;1,232313E-1;2,087200E-1;9,499868E-1;;
30/11/2021  10:22:49,202022;9,377938E-1;7,576290E-2;7,444887E-2;9,497833E-1;;
30/11/2021  10:22:49,202122;9,374182E-1;1,276914E-1;1,265777E-1;9,495659E-1;;
30/11/2021  10:22:49,202222;9,374540E-1;8,149734E-2;9,972343E-2;9,493350E-1;;
30/11/2021  10:22:49,202322;9,373169E-1;1,241871E-1;1,199431E-1;9,490912E-1;;
30/11/2021  10:22:49,202422;9,360712E-1;1,299215E-1;1,392149E-1;9,488349E-1;;
30/11/2021  10:22:49,202522;9,355138E-1;1,104881E-1;1,155200E-1;9,485668E-1;;
30/11/2021  10:22:49,202622;9,349446E-1;1,123996E-1;1,148882E-1;9,482872E-1;;
30/11/2021  10:22:49,202722;9,349386E-1;1,299215E-1;1,310007E-1;9,479964E-1;;
30/11/2021  10:22:49,202822;9,351264E-1;1,133553E-1;1,120448E-1;9,476949E-1;;
30/11/2021  10:22:49,202922;9,343277E-1;1,053908E-1;7,666040E-2;9,473832E-1;;
30/11/2021  10:22:49,203022;9,336303E-1;1,146297E-1;1,054102E-1;9,470618E-1;;
30/11/2021  10:22:49,203122;9,329538E-1;1,159040E-1;1,145722E-1;9,467311E-1;;
30/11/2021  10:22:49,203222;9,321908E-1;1,318330E-1;1,395309E-1;9,463915E-1;;
30/11/2021  10:22:49,203322;9,322444E-1;1,477620E-1;1,660692E-1;9,460434E-1;;
30/11/2021  10:22:49,203422;9,330283E-1;1,197269E-1;1,594346E-1;9,456870E-1;;
30/11/2021  10:22:49,203522;9,322653E-1;1,257800E-1;1,133085E-1;9,453230E-1;;
30/11/2021  10:22:49,203622;9,329031E-1;1,127182E-1;1,420583E-1;9,449519E-1;;
30/11/2021  10:22:49,203722;9,324411E-1;1,152668E-1;1,066739E-1;9,445744E-1;;
30/11/2021  10:22:49,203822;9,325186E-1;1,197269E-1;1,073058E-1;9,441912E-1;;
30/11/2021  10:22:49,203922;9,319226E-1;1,060280E-1;9,435259E-2;9,438030E-1;;
30/11/2021  10:22:49,204022;9,331803E-1;8,659462E-2;1,079377E-1;9,434107E-1;;
30/11/2021  10:22:49,204122;9,331892E-1;1,216384E-1;1,114129E-1;9,430150E-1;;
30/11/2021  10:22:49,204222;9,337346E-1;1,480806E-1;1,714400E-1;9,426169E-1;;
30/11/2021  10:22:49,204322;9,336959E-1;1,375674E-1;1,278414E-1;9,422175E-1;;
30/11/2021  10:22:49,204422;9,333859E-1;1,002936E-1;1,028828E-1;9,418178E-1;;
30/11/2021  10:22:49,204522;9,335826E-1;1,216384E-1;9,719598E-2;9,414189E-1;;
30/11/2021  10:22:49,204622;9,327273E-1;9,137332E-2;9,561632E-2;9,410217E-1;;
30/11/2021  10:22:49,204722;9,337048E-1;1,299215E-1;1,152041E-1;9,406272E-1;;
30/11/2021  10:22:49,204822;9,342412E-1;1,783457E-1;1,979783E-1;9,402361E-1;;
30/11/2021  10:22:49,204922;9,334515E-1;4,932076E-2;6,465498E-2;9,398494E-1;;
30/11/2021  10:22:49,205022;9,339671E-1;1,327887E-1;1,471132E-1;9,394681E-1;;
30/11/2021  10:22:49,205122;9,333919E-1;1,455319E-1;1,442698E-1;9,390929E-1;;
30/11/2021  10:22:49,205222;9,329150E-1;1,162226E-1;1,237343E-1;9,387246E-1;;
30/11/2021  10:22:49,205322;9,332697E-1;1,213198E-1;1,278414E-1;9,383638E-1;;
30/11/2021  10:22:49,205422;9,332577E-1;1,296029E-1;1,231024E-1;9,380110E-1;;
30/11/2021  10:22:49,205522;9,336988E-1;6,206396E-2;6,907803E-2;9,376667E-1;;
30/11/2021  10:22:49,205622;9,334127E-1;1,343816E-1;1,344760E-1;9,373315E-1;;
30/11/2021  10:22:49,205722;9,329776E-1;1,254614E-1;1,221546E-1;9,370058E-1;;
30/11/2021  10:22:49,205822;9,330014E-1;1,270543E-1;1,237343E-1;9,366900E-1;;
30/11/2021  10:22:49,205922;9,318391E-1;1,037979E-1;8,803395E-2;9,363843E-1;;
30/11/2021  10:22:49,206022;9,318391E-1;7,640006E-2;1,613302E-1;9,360890E-1;;
30/11/2021  10:22:49,206122;9,326229E-1;1,063466E-1;1,098333E-1;9,358039E-1;;
30/11/2021  10:22:49,206222;9,327541E-1;1,522221E-1;1,524841E-1;9,355291E-1;;
30/11/2021  10:22:49,206322;9,321729E-1;2,861306E-2;9,150920E-2;9,352647E-1;;
30/11/2021  10:22:49,206422;9,323368E-1;1,194084E-1;1,218387E-1;9,350108E-1;;
30/11/2021  10:22:49,206522;9,317169E-1;1,257800E-1;1,240502E-1;9,347673E-1;;
30/11/2021  10:22:49,206622;9,316543E-1;1,296029E-1;1,354238E-1;9,345341E-1;;
30/11/2021  10:22:49,206722;9,325842E-1;1,404346E-1;1,347919E-1;9,343112E-1;;
30/11/2021  10:22:49,206822;9,326289E-1;1,340630E-1;1,373193E-1;9,340983E-1;;
30/11/2021  10:22:49,206922;9,334336E-1;1,375674E-1;1,379512E-1;9,338955E-1;;
30/11/2021  10:22:49,207022;9,322444E-1;1,382046E-1;1,319485E-1;9,337030E-1;;
30/11/2021  10:22:49,207122;9,328167E-1;1,273729E-1;1,218387E-1;9,335205E-1;;
30/11/2021  10:22:49,207222;9,324799E-1;1,155854E-1;1,189953E-1;9,333482E-1;;
30/11/2021  10:22:49,207322;9,328942E-1;1,219570E-1;1,148882E-1;9,331859E-1;;
30/11/2021  10:22:49,207422;9,331028E-1;1,104881E-1;1,142563E-1;9,330334E-1;;
30/11/2021  10:22:49,207522;9,340445E-1;1,079395E-1;1,363715E-1;9,328908E-1;;
30/11/2021  10:22:49,207622;9,344618E-1;9,678918E-2;9,877564E-2;9,327581E-1;;
30/11/2021  10:22:49,207722;9,345452E-1;1,114439E-1;1,262617E-1;9,326354E-1;;
30/11/2021  10:22:49,207822;9,344856E-1;1,079395E-1;1,139404E-1;9,325229E-1;;
30/11/2021  10:22:49,207922;9,345989E-1;8,468314E-2;1,006712E-1;9,324206E-1;;
30/11/2021  10:22:49,208022;9,348999E-1;9,774492E-2;1,126766E-1;9,323285E-1;;
30/11/2021  10:22:49,208122;9,352993E-1;1,015679E-1;1,189953E-1;9,322468E-1;;
30/11/2021  10:22:49,208222;9,361278E-1;8,786894E-2;1,019350E-1;9,321755E-1;;
30/11/2021  10:22:49,208322;9,360950E-1;1,085766E-1;1,388990E-1;9,321146E-1;;
30/11/2021  10:22:49,208422;9,364467E-1;1,060280E-1;1,177316E-1;9,320644E-1;;
30/11/2021  10:22:49,208522;9,361814E-1;1,245056E-1;1,354238E-1;9,320248E-1;;
30/11/2021  10:22:49,208622;9,364944E-1;1,299215E-1;1,351078E-1;9,319959E-1;;
30/11/2021  10:22:49,208722;9,366613E-1;1,388417E-1;1,493248E-1;9,319778E-1;;
30/11/2021  10:22:49,208822;9,374242E-1;1,560451E-1;1,338441E-1;9,319703E-1;;
30/11/2021  10:22:49,208922;9,375017E-1;1,656025E-1;1,467973E-1;9,319734E-1;;
30/11/2021  10:22:49,209022;9,378414E-1;1,534964E-1;1,253139E-1;9,319871E-1;;
30/11/2021  10:22:49,209122;9,379428E-1;1,506292E-1;1,395309E-1;9,320114E-1;;
30/11/2021  10:22:49,209222;9,380262E-1;1,445762E-1;1,550115E-1;9,320462E-1;;
30/11/2021  10:22:49,209322;9,377848E-1;1,350188E-1;1,354238E-1;9,320915E-1;;
30/11/2021  10:22:49,209422;9,385359E-1;1,149482E-1;1,183634E-1;9,321469E-1;;
30/11/2021  10:22:49,209522;9,389173E-1;1,143111E-1;1,275255E-1;9,322124E-1;;
30/11/2021  10:22:49,209622;9,393018E-1;1,363980E-2;6,591871E-2;9,322877E-1;;
30/11/2021  10:22:49,209722;9,390962E-1;1,455319E-1;1,774427E-1;9,323728E-1;;
30/11/2021  10:22:49,209822;9,395998E-1;1,267357E-1;1,256299E-1;9,324674E-1;;
30/11/2021  10:22:49,209922;9,395134E-1;1,241871E-1;1,240502E-1;9,325713E-1;;
30/11/2021  10:22:49,210022;9,398293E-1;1,308772E-1;1,253139E-1;9,326844E-1;;
30/11/2021  10:22:49,210122;9,405446E-1;1,350188E-1;1,398468E-1;9,328063E-1;;
30/11/2021  10:22:49,210222;9,408068E-1;1,013542E-2;5,770448E-2;9,329369E-1;;
30/11/2021  10:22:49,210322;9,411764E-1;1,184526E-1;1,063580E-1;9,330759E-1;;
30/11/2021  10:22:49,210422;9,412956E-1;1,821686E-1;1,610142E-1;9,332232E-1;;
30/11/2021  10:22:49,210522;9,404909E-1;9,901924E-2;1,041465E-1;9,333785E-1;;
30/11/2021  10:22:49,210622;9,398979E-1;1,299215E-1;1,490088E-1;9,335416E-1;;
30/11/2021  10:22:49,210722;9,404671E-1;1,350188E-1;1,322644E-1;9,337119E-1;;
30/11/2021  10:22:49,210822;9,411943E-1;1,343816E-1;1,452176E-1;9,338888E-1;;
30/11/2021  10:22:49,210922;9,406489E-1;8,946184E-2;1,003553E-1;9,340719E-1;;
30/11/2021  10:22:49,211022;9,405982E-1;3,179886E-2;4,032822E-2;9,342606E-1;;
30/11/2021  10:22:49,211122;9,401363E-1;1,155854E-1;1,265777E-1;9,344545E-1;;
30/11/2021  10:22:49,211222;9,399396E-1;1,296029E-1;1,291051E-1;9,346528E-1;;
30/11/2021  10:22:49,211322;9,396833E-1;2,340972E-1;2,118793E-1;9,348549E-1;;
30/11/2021  10:22:49,211422;9,398651E-1;1,248242E-1;1,398468E-1;9,350600E-1;;
30/11/2021  10:22:49,211522;9,397727E-1;1,375674E-1;1,268936E-1;9,352673E-1;;
30/11/2021  10:22:49,211622;9,400409E-1;1,356559E-1;1,208909E-1;9,354762E-1;;
30/11/2021  10:22:49,211722;9,400797E-1;8,149734E-2;4,759465E-2;9,356859E-1;;
30/11/2021  10:22:49,211822;9,399485E-1;1,930003E-1;2,118793E-1;9,358959E-1;;
30/11/2021  10:22:49,211922;9,397995E-1;1,458505E-1;1,480610E-1;9,361055E-1;;
30/11/2021  10:22:49,212022;9,398055E-1;1,382046E-1;1,537478E-1;9,363141E-1;;
30/11/2021  10:22:49,212122;9,401780E-1;1,308772E-1;1,215227E-1;9,365212E-1;;
30/11/2021  10:22:49,212222;9,414357E-1;1,343816E-1;1,486929E-1;9,367262E-1;;
30/11/2021  10:22:49,212322;9,413493E-1;7,034704E-2;8,171531E-2;9,369289E-1;;
30/11/2021  10:22:49,212422;9,407234E-1;1,362931E-1;1,543797E-1;9,371290E-1;;
30/11/2021  10:22:49,212522;9,409380E-1;1,273729E-1;1,512204E-1;9,373263E-1;;
30/11/2021  10:22:49,212622;9,411526E-1;1,254614E-1;1,253139E-1;9,375205E-1;;
30/11/2021  10:22:49,212722;9,419066E-1;1,222756E-1;1,259458E-1;9,377115E-1;;
30/11/2021  10:22:49,212822;9,422493E-1;1,232313E-1;1,291051E-1;9,378990E-1;;
30/11/2021  10:22:49,212922;9,428990E-1;1,216384E-1;1,221546E-1;9,380831E-1;;
30/11/2021  10:22:49,213022;9,427709E-1;1,525407E-1;1,572231E-1;9,382639E-1;;
30/11/2021  10:22:49,213122;9,428036E-1;1,165411E-1;1,107811E-1;9,384416E-1;;
30/11/2021  10:22:49,213222;9,437067E-1;5,983390E-2;9,056141E-2;9,386161E-1;;
30/11/2021  10:22:49,213322;9,429556E-1;5,038138E-3;2,100447E-3;9,387878E-1;;
30/11/2021  10:22:49,213422;9,428692E-1;1,276914E-1;9,814378E-2;9,389566E-1;;
30/11/2021  10:22:49,213522;9,444220E-1;7,608148E-2;6,023194E-2;9,391227E-1;;
30/11/2021  10:22:49,213622;9,440822E-1;1,318330E-1;1,253139E-1;9,392863E-1;;
30/11/2021  10:22:49,213722;9,444249E-1;8,882468E-2;5,138584E-2;9,394475E-1;;
30/11/2021  10:22:49,213822;9,446306E-1;1,095324E-1;1,060421E-1;9,396066E-1;;
30/11/2021  10:22:49,213922;9,442342E-1;1,624167E-1;1,385831E-1;9,397639E-1;;
30/11/2021  10:22:49,214022;9,440613E-1;1,133553E-1;1,218387E-1;9,399194E-1;;
30/11/2021  10:22:49,214122;9,448064E-1;1,222756E-1;1,284732E-1;9,400733E-1;;
30/11/2021  10:22:49,214222;9,460105E-1;1,241871E-1;1,221546E-1;9,402257E-1;;
30/11/2021  10:22:49,214322;9,464635E-1;1,350188E-1;1,170997E-1;9,403768E-1;;
30/11/2021  10:22:49,214422;9,465111E-1;1,085766E-1;2,036651E-1;9,405270E-1;;
30/11/2021  10:22:49,214522;9,464247E-1;7,576290E-2;5,138584E-2;9,406768E-1;;
30/11/2021  10:22:49,214622;9,465409E-1;1,362931E-1;1,145722E-1;9,408263E-1;;
30/11/2021  10:22:49,214722;9,463293E-1;1,203641E-1;1,126766E-1;9,409760E-1;;
30/11/2021  10:22:49,214822;9,470625E-1;1,280100E-1;1,265777E-1;9,411259E-1;;
30/11/2021  10:22:49,214922;9,475125E-1;1,210013E-1;1,272095E-1;9,412762E-1;;
30/11/2021  10:22:49,215022;9,482099E-1;9,615202E-2;9,688005E-2;9,414273E-1;;
30/11/2021  10:22:49,215122;9,478225E-1;1,289658E-1;1,322644E-1;9,415793E-1;;
30/11/2021  10:22:49,215222;9,480758E-1;1,366117E-1;1,322644E-1;9,417326E-1;;
30/11/2021  10:22:49,215322;9,473933E-1;1,232313E-1;1,461654E-1;9,418873E-1;;
30/11/2021  10:22:49,215422;9,478165E-1;1,248242E-1;1,249980E-1;9,420435E-1;;
30/11/2021  10:22:49,215522;9,483112E-1;5,919674E-2;7,887192E-2;9,422012E-1;;
30/11/2021  10:22:49,215622;9,481443E-1;1,187712E-1;1,370034E-1;9,423604E-1;;
30/11/2021  10:22:49,215722;9,480490E-1;1,350188E-1;1,676488E-1;9,425212E-1;;
30/11/2021  10:22:49,215822;9,477599E-1;8,500172E-2;9,024547E-2;9,426835E-1;;
30/11/2021  10:22:49,215922;9,475334E-1;9,296622E-2;9,593225E-2;9,428471E-1;;
30/11/2021  10:22:49,216022;9,468837E-1;1,254614E-1;1,550115E-1;9,430117E-1;;
30/11/2021  10:22:49,216122;9,466035E-1;7,321426E-2;5,928414E-2;9,431771E-1;;
30/11/2021  10:22:49,216222;9,472234E-1;9,647060E-2;1,044624E-1;9,433429E-1;;
30/11/2021  10:22:49,216322;9,468688E-1;1,101695E-1;1,401627E-1;9,435085E-1;;
30/11/2021  10:22:49,216422;9,470267E-1;9,615202E-2;9,277293E-2;9,436736E-1;;
30/11/2021  10:22:49,216522;9,462578E-1;9,360338E-2;1,063580E-1;9,438378E-1;;
30/11/2021  10:22:49,216622;9,453011E-1;9,201048E-2;1,133085E-1;9,440007E-1;;
30/11/2021  10:22:49,216722;9,452237E-1;9,264764E-2;1,104651E-1;9,441616E-1;;
30/11/2021  10:22:49,216822;9,448183E-1;6,493118E-2;9,403666E-2;9,443198E-1;;
30/11/2021  10:22:49,216922;9,455992E-1;7,703722E-2;9,182514E-2;9,444748E-1;;
30/11/2021  10:22:49,217022;9,452594E-1;1,178155E-1;1,363715E-1;9,446260E-1;;
30/11/2021  10:22:49,217122;9,446306E-1;1,528593E-1;1,524841E-1;9,447727E-1;;
30/11/2021  10:22:49,217222;9,440137E-1;1,665582E-1;1,420583E-1;9,449146E-1;;
30/11/2021  10:22:49,217322;9,437126E-1;1,780271E-1;1,534319E-1;9,450511E-1;;
30/11/2021  10:22:49,217422;9,429467E-1;1,665582E-1;1,483770E-1;9,451814E-1;;
30/11/2021  10:22:49,217522;9,441597E-1;1,582751E-1;1,502726E-1;9,453050E-1;;
30/11/2021  10:22:49,217622;9,436858E-1;6,461260E-2;8,297904E-2;9,454214E-1;;
30/11/2021  10:22:49,217722;9,435785E-1;1,448948E-1;1,455336E-1;9,455301E-1;;
30/11/2021  10:22:49,217822;9,435279E-1;1,088952E-1;9,688005E-2;9,456309E-1;;
30/11/2021  10:22:49,217922;9,429795E-1;1,076209E-1;9,024547E-2;9,457235E-1;;
30/11/2021  10:22:49,218022;9,423536E-1;6,588692E-2;1,240502E-1;9,458076E-1;;
30/11/2021  10:22:49,218122;9,423179E-1;1,238685E-1;1,502726E-1;9,458828E-1;;
30/11/2021  10:22:49,218222;9,426189E-1;1,098510E-1;1,092014E-1;9,459488E-1;;
30/11/2021  10:22:49,218322;9,432477E-1;1,302401E-1;1,155200E-1;9,460055E-1;;
30/11/2021  10:22:49,218422;9,433133E-1;8,468314E-2;1,044624E-1;9,460528E-1;;
30/11/2021  10:22:49,218522;9,433818E-1;1,206827E-1;1,215227E-1;9,460908E-1;;
30/11/2021  10:22:49,218622;9,430152E-1;1,232313E-1;1,278414E-1;9,461197E-1;;
30/11/2021  10:22:49,218722;9,425980E-1;1,308772E-1;1,449017E-1;9,461397E-1;;
30/11/2021  10:22:49,218822;9,426695E-1;1,296029E-1;1,275255E-1;9,461508E-1;;
30/11/2021  10:22:49,218922;9,438766E-1;1,245056E-1;1,215227E-1;9,461534E-1;;
30/11/2021  10:22:49,219022;9,441686E-1;1,404346E-1;1,366875E-1;9,461476E-1;;
30/11/2021  10:22:49,219122;9,445412E-1;1,296029E-1;1,240502E-1;9,461341E-1;;
30/11/2021  10:22:49,219222;9,444220E-1;1,391603E-1;1,281573E-1;9,461134E-1;;
30/11/2021  10:22:49,219322;9,439034E-1;1,165411E-1;1,085695E-1;9,460861E-1;;
30/11/2021  10:22:49,219422;9,441269E-1;1,276914E-1;1,357397E-1;9,460527E-1;;
30/11/2021  10:22:49,219522;9,449048E-1;1,362931E-1;1,310007E-1;9,460138E-1;;
30/11/2021  10:22:49,219622;9,454889E-1;1,254614E-1;1,224705E-1;9,459700E-1;;
30/11/2021  10:22:49,219722;9,455992E-1;9,583344E-2;7,887192E-2;9,459219E-1;;
30/11/2021  10:22:49,219822;9,459330E-1;1,283286E-1;1,325804E-1;9,458704E-1;;
30/11/2021  10:22:49,219922;9,457512E-1;1,506292E-1;1,581709E-1;9,458161E-1;;
30/11/2021  10:22:49,220022;9,459330E-1;1,331073E-1;1,325804E-1;9,457598E-1;;
30/11/2021  10:22:49,220122;9,460522E-1;1,260985E-1;1,278414E-1;9,457022E-1;;
30/11/2021  10:22:49,220222;9,469612E-1;1,257800E-1;1,259458E-1;9,456440E-1;;
30/11/2021  10:22:49,220322;9,476466E-1;1,079395E-1;1,474292E-1;9,455858E-1;;
30/11/2021  10:22:49,220422;9,474142E-1;1,311958E-1;1,351078E-1;9,455284E-1;;
30/11/2021  10:22:49,220522;9,479834E-1;1,200455E-1;1,215227E-1;9,454727E-1;;
30/11/2021  10:22:49,220622;9,472115E-1;1,267357E-1;1,227865E-1;9,454193E-1;;
30/11/2021  10:22:49,220722;9,471012E-1;1,464877E-1;1,126766E-1;9,453689E-1;;
30/11/2021  10:22:49,220822;9,478046E-1;1,222756E-1;1,338441E-1;9,453219E-1;;
30/11/2021  10:22:49,220922;9,480698E-1;1,273729E-1;1,152041E-1;9,452787E-1;;
30/11/2021  10:22:49,221022;9,487166E-1;1,483991E-1;1,600664E-1;9,452400E-1;;
30/11/2021  10:22:49,221122;9,483858E-1;1,270543E-1;1,212068E-1;9,452060E-1;;
30/11/2021  10:22:49,221222;9,479029E-1;9,169190E-2;9,751191E-2;9,451773E-1;;
30/11/2021  10:22:49,221322;9,480579E-1;1,235499E-1;1,313166E-1;9,451542E-1;;
30/11/2021  10:22:49,221422;9,478880E-1;1,321516E-1;1,366875E-1;9,451368E-1;;
30/11/2021  10:22:49,221522;9,485586E-1;1,060280E-1;1,183634E-1;9,451253E-1;;
30/11/2021  10:22:49,221622;9,487821E-1;9,232906E-2;1,167838E-1;9,451197E-1;;
30/11/2021  10:22:49,221722;9,492947E-1;1,305587E-1;1,370034E-1;9,451203E-1;;
30/11/2021  10:22:49,221822;9,491815E-1;1,296029E-1;1,929234E-1;9,451272E-1;;
30/11/2021  10:22:49,221922;9,489013E-1;1,280100E-1;1,243661E-1;9,451406E-1;;
30/11/2021  10:22:49,222022;9,491427E-1;1,197269E-1;1,215227E-1;9,451605E-1;;
30/11/2021  10:22:49,222122;9,484364E-1;1,299215E-1;1,205749E-1;9,451868E-1;;
30/11/2021  10:22:49,222222;9,491845E-1;1,404346E-1;1,338441E-1;9,452196E-1;;
30/11/2021  10:22:49,222322;9,495987E-1;1,778134E-2;6,970989E-2;9,452586E-1;;
30/11/2021  10:22:49,222422;9,493633E-1;1,366117E-1;1,524841E-1;9,453038E-1;;
30/11/2021  10:22:49,222522;9,494289E-1;1,216384E-1;1,414265E-1;9,453551E-1;;
30/11/2021  10:22:49,222622;9,487434E-1;1,225942E-1;1,265777E-1;9,454123E-1;;
30/11/2021  10:22:49,222722;9,488507E-1;3,848904E-2;9,656411E-2;9,454751E-1;;
30/11/2021  10:22:49,222822;9,480877E-1;1,296029E-1;1,259458E-1;9,455433E-1;;
30/11/2021  10:22:49,222922;9,492947E-1;9,360338E-2;1,082536E-1;9,456163E-1;;
30/11/2021  10:22:49,223022;9,489669E-1;1,123996E-1;1,161519E-1;9,456938E-1;;
30/11/2021  10:22:49,223122;9,485288E-1;1,206827E-1;1,445858E-1;9,457755E-1;;
30/11/2021  10:22:49,223222;9,478731E-1;1,283286E-1;1,291051E-1;9,458610E-1;;
30/11/2021  10:22:49,223322;9,473516E-1;1,331073E-1;1,332122E-1;9,459497E-1;;
30/11/2021  10:22:49,223422;9,469194E-1;1,426647E-1;1,360556E-1;9,460410E-1;;
30/11/2021  10:22:49,223522;9,468271E-1;1,280100E-1;1,218387E-1;9,461342E-1;;
30/11/2021  10:22:49,223622;9,466244E-1;1,353374E-1;1,316326E-1;9,462286E-1;;
30/11/2021  10:22:49,223722;9,465529E-1;1,391603E-1;1,316326E-1;9,463234E-1;;
30/11/2021  10:22:49,223822;9,463532E-1;2,287862E-2;4,854245E-2;9,464180E-1;;
30/11/2021  10:22:49,223922;9,451015E-1;1,321516E-1;1,338441E-1;9,465117E-1;;
30/11/2021  10:22:49,224022;9,447349E-1;1,241871E-1;1,341600E-1;9,466037E-1;;
30/11/2021  10:22:49,224122;9,445829E-1;1,213198E-1;1,265777E-1;9,466931E-1;;
30/11/2021  10:22:49,224222;9,446783E-1;8,468314E-2;9,561632E-2;9,467793E-1;;
30/11/2021  10:22:49,224322;9,447021E-1;1,069837E-1;1,310007E-1;9,468614E-1;;
30/11/2021  10:22:49,224422;9,443713E-1;1,194084E-1;1,275255E-1;9,469387E-1;;
30/11/2021  10:22:49,224522;9,435577E-1;1,041165E-1;1,316326E-1;9,470108E-1;;
30/11/2021  10:22:49,224622;9,426785E-1;1,178155E-1;1,474292E-1;9,470770E-1;;
30/11/2021  10:22:49,224722;9,424848E-1;9,965640E-2;1,123607E-1;9,471365E-1;;
30/11/2021  10:22:49,224822;9,419215E-1;1,018865E-1;1,148882E-1;9,471888E-1;;
30/11/2021  10:22:49,224922;9,428305E-1;9,137332E-2;1,079377E-1;9,472330E-1;;
30/11/2021  10:22:49,225022;9,420496E-1;9,583344E-2;1,025668E-1;9,472688E-1;;
30/11/2021  10:22:49,225122;9,414357E-1;1,225942E-1;1,556434E-1;9,472957E-1;;
30/11/2021  10:22:49,225222;9,409648E-1;7,544432E-2;5,802041E-2;9,473132E-1;;
30/11/2021  10:22:49,225322;9,394866E-1;-5,156422E-3;3,085026E-2;9,473209E-1;;
30/11/2021  10:22:49,225422;9,396535E-1;1,459554E-2;6,433905E-2;9,473182E-1;;
30/11/2021  10:22:49,225522;9,395581E-1;1,541336E-1;1,420583E-1;9,473047E-1;;
30/11/2021  10:22:49,225622;9,396296E-1;1,547707E-1;1,126766E-1;9,472798E-1;;
30/11/2021  10:22:49,225722;9,393525E-1;1,786642E-1;1,720719E-1;9,472434E-1;;
30/11/2021  10:22:49,225822;9,387177E-1;9,328480E-2;9,845971E-2;9,471953E-1;;
30/11/2021  10:22:49,225922;9,382617E-1;1,490363E-1;1,455336E-1;9,471352E-1;;
30/11/2021  10:22:49,226022;9,376000E-1;1,560451E-1;1,464814E-1;9,470630E-1;;
30/11/2021  10:22:49,226122;9,373944E-1;1,114439E-1;1,227865E-1;9,469785E-1;;
30/11/2021  10:22:49,226222;9,374570E-1;1,257800E-1;1,287892E-1;9,468816E-1;;
30/11/2021  10:22:49,226322;9,376656E-1;1,232313E-1;1,287892E-1;9,467723E-1;;
30/11/2021  10:22:49,226422;9,377908E-1;1,429833E-1;1,606983E-1;9,466507E-1;;
30/11/2021  10:22:49,226522;9,376507E-1;1,194084E-1;1,126766E-1;9,465171E-1;;
30/11/2021  10:22:49,226622;9,371679E-1;1,302401E-1;1,370034E-1;9,463718E-1;;
30/11/2021  10:22:49,226722;9,371172E-1;9,710776E-2;9,877564E-2;9,462151E-1;;
30/11/2021  10:22:49,226822;9,370517E-1;1,200455E-1;1,360556E-1;9,460474E-1;;
30/11/2021  10:22:49,226922;9,374033E-1;1,044351E-1;1,076217E-1;9,458692E-1;;
30/11/2021  10:22:49,227022;9,380769E-1;1,219570E-1;1,246821E-1;9,456810E-1;;
30/11/2021  10:22:49,227122;9,380143E-1;1,601866E-1;1,423743E-1;9,454835E-1;;
30/11/2021  10:22:49,227222;9,373914E-1;1,076209E-1;1,284732E-1;9,452775E-1;;
30/11/2021  10:22:49,227322;9,371381E-1;1,254614E-1;1,357397E-1;9,450637E-1;;
30/11/2021  10:22:49,227422;9,369652E-1;8,978042E-2;1,404787E-1;9,448428E-1;;
30/11/2021  10:22:49,227522;9,367983E-1;1,337445E-1;1,310007E-1;9,446155E-1;;
30/11/2021  10:22:49,227622;9,366046E-1;1,200455E-1;1,249980E-1;9,443822E-1;;
30/11/2021  10:22:49,227722;9,359996E-1;6,875414E-2;1,107811E-1;9,441438E-1;;
30/11/2021  10:22:49,227822;9,353350E-1;1,098510E-1;2,087200E-1;9,439005E-1;;
30/11/2021  10:22:49,227922;9,343605E-1;1,219570E-1;1,161519E-1;9,436530E-1;;
30/11/2021  10:22:49,228022;9,343634E-1;1,219570E-1;1,148882E-1;9,434014E-1;;
30/11/2021  10:22:49,228122;9,333293E-1;1,060280E-1;9,277293E-2;9,431460E-1;;
30/11/2021  10:22:49,228222;9,331892E-1;1,311958E-1;1,351078E-1;9,428868E-1;;
30/11/2021  10:22:49,228322;9,325782E-1;1,410718E-1;1,354238E-1;9,426241E-1;;
30/11/2021  10:22:49,228422;9,323160E-1;1,356559E-1;1,654373E-1;9,423578E-1;;
30/11/2021  10:22:49,228522;9,318719E-1;1,229127E-1;1,095173E-1;9,420881E-1;;
30/11/2021  10:22:49,228622;9,313533E-1;1,210013E-1;1,208909E-1;9,418149E-1;;
30/11/2021  10:22:49,228722;9,302983E-1;1,069837E-1;1,306848E-1;9,415383E-1;;
30/11/2021  10:22:49,228822;9,297917E-1;1,009307E-1;1,152041E-1;9,412582E-1;;
30/11/2021  10:22:49,228922;9,296754E-1;1,190898E-1;1,297370E-1;9,409745E-1;;
30/11/2021  10:22:49,229022;9,295175E-1;-4,200682E-3;8,740209E-2;9,406870E-1;;
30/11/2021  10:22:49,229122;9,295264E-1;1,273729E-1;1,256299E-1;9,403958E-1;;
30/11/2021  10:22:49,229222;9,287128E-1;1,375674E-1;1,588027E-1;9,401008E-1;;
30/11/2021  10:22:49,229322;9,276876E-1;1,190898E-1;1,170997E-1;9,398020E-1;;
30/11/2021  10:22:49,229422;9,273895E-1;1,311958E-1;1,265777E-1;9,394995E-1;;
30/11/2021  10:22:49,229522;9,274074E-1;1,267357E-1;1,265777E-1;9,391930E-1;;
30/11/2021  10:22:49,229622;9,272763E-1;1,264171E-1;1,328963E-1;9,388825E-1;;
30/11/2021  10:22:49,229722;9,266325E-1;1,283286E-1;1,164678E-1;9,385681E-1;;
30/11/2021  10:22:49,229822;9,262987E-1;1,433019E-1;1,306848E-1;9,382498E-1;;
30/11/2021  10:22:49,229922;9,256192E-1;1,111253E-1;1,180475E-1;9,379277E-1;;
30/11/2021  10:22:49,230022;9,245821E-1;1,098510E-1;9,530039E-2;9,376017E-1;;
30/11/2021  10:22:49,230122;9,233035E-1;6,970988E-2;1,028828E-1;9,372718E-1;;
30/11/2021  10:22:49,230222;9,238400E-1;1,264171E-1;1,284732E-1;9,369377E-1;;
30/11/2021  10:22:49,230322;9,236046E-1;8,563888E-2;7,539667E-2;9,365993E-1;;
30/11/2021  10:22:49,230422;9,234436E-1;1,216384E-1;1,205749E-1;9,362566E-1;;
30/11/2021  10:22:49,230522;9,226538E-1;1,257800E-1;1,395309E-1;9,359095E-1;;
30/11/2021  10:22:49,230622;9,222575E-1;1,245056E-1;1,253139E-1;9,355582E-1;;
30/11/2021  10:22:49,230722;9,218581E-1;1,203641E-1;1,174156E-1;9,352027E-1;;
30/11/2021  10:22:49,230822;9,218819E-1;1,311958E-1;1,186794E-1;9,348429E-1;;
30/11/2021  10:22:49,230922;9,216554E-1;1,251428E-1;1,237343E-1;9,344791E-1;;
30/11/2021  10:22:49,231022;9,222873E-1;1,280100E-1;1,303688E-1;9,341113E-1;;
30/11/2021  10:22:49,231122;9,215750E-1;1,159040E-1;1,268936E-1;9,337400E-1;;
30/11/2021  10:22:49,231222;9,220518E-1;1,385232E-1;1,319485E-1;9,333654E-1;;
30/11/2021  10:22:49,231322;9,218194E-1;1,318330E-1;1,148882E-1;9,329881E-1;;
30/11/2021  10:22:49,231422;9,217955E-1;6,843556E-2;6,939396E-2;9,326084E-1;;
30/11/2021  10:22:49,231522;9,224393E-1;1,260985E-1;1,505885E-1;9,322270E-1;;
30/11/2021  10:22:49,231622;9,225316E-1;1,203641E-1;1,035146E-1;9,318445E-1;;
30/11/2021  10:22:49,231722;9,235300E-1;1,296029E-1;1,347919E-1;9,314617E-1;;
30/11/2021  10:22:49,231822;9,238996E-1;1,372488E-1;1,436380E-1;9,310794E-1;;
30/11/2021  10:22:49,231922;9,243973E-1;1,404346E-1;1,363715E-1;9,306986E-1;;
30/11/2021  10:22:49,232022;9,245612E-1;1,538150E-1;1,622780E-1;9,303204E-1;;
30/11/2021  10:22:49,232122;9,245255E-1;1,369303E-1;1,335282E-1;9,299458E-1;;
30/11/2021  10:22:49,232222;9,250351E-1;1,197269E-1;1,202590E-1;9,295760E-1;;
30/11/2021  10:22:49,232322;9,259292E-1;1,216384E-1;1,262617E-1;9,292120E-1;;
30/11/2021  10:22:49,232422;9,266713E-1;1,114439E-1;1,110970E-1;9,288549E-1;;
30/11/2021  10:22:49,232522;9,268203E-1;1,088952E-1;1,202590E-1;9,285058E-1;;
30/11/2021  10:22:49,232622;9,270200E-1;1,069837E-1;1,136244E-1;9,281659E-1;;
30/11/2021  10:22:49,232722;9,269932E-1;1,139925E-1;1,139404E-1;9,278364E-1;;
30/11/2021  10:22:49,232822;9,272524E-1;-4,306744E-2;1,600145E-2;9,275182E-1;;
30/11/2021  10:22:49,232922;9,275684E-1;1,140974E-2;1,262617E-1;9,272123E-1;;
30/11/2021  10:22:49,233022;9,281823E-1;1,037979E-1;1,104651E-1;9,269194E-1;;
30/11/2021  10:22:49,233122;9,286502E-1;1,117624E-1;1,224705E-1;9,266404E-1;;
30/11/2021  10:22:49,233222;9,291777E-1;9,105474E-2;9,024547E-2;9,263762E-1;;
30/11/2021  10:22:49,233322;9,287962E-1;6,142680E-2;8,740209E-2;9,261274E-1;;
30/11/2021  10:22:49,233422;9,296009E-1;1,028422E-1;1,186794E-1;9,258947E-1;;
30/11/2021  10:22:49,233522;9,296218E-1;1,114439E-1;1,142563E-1;9,256787E-1;;
30/11/2021  10:22:49,233622;9,303847E-1;2,079736E-1;1,859729E-1;9,254800E-1;;
30/11/2021  10:22:49,233722;9,310881E-1;1,503106E-1;1,445858E-1;9,252989E-1;;
30/11/2021  10:22:49,233822;9,316514E-1;1,589123E-1;1,524841E-1;9,251361E-1;;
30/11/2021  10:22:49,233922;9,320805E-1;1,770713E-1;1,695444E-1;9,249920E-1;;
30/11/2021  10:22:49,234022;9,323160E-1;1,770713E-1;1,553275E-1;9,248670E-1;;
30/11/2021  10:22:49,234122;9,324084E-1;1,665582E-1;1,461654E-1;9,247615E-1;;
30/11/2021  10:22:49,234222;9,329150E-1;1,522221E-1;1,388990E-1;9,246758E-1;;
30/11/2021  10:22:49,234322;9,340118E-1;1,420275E-1;1,417424E-1;9,246099E-1;;
30/11/2021  10:22:49,234422;9,345363E-1;1,334259E-1;1,338441E-1;9,245642E-1;;
30/11/2021  10:22:49,234522;9,340475E-1;9,870066E-2;6,023194E-2;9,245387E-1;;
30/11/2021  10:22:49,234622;9,346108E-1;1,366117E-1;1,417424E-1;9,245336E-1;;
30/11/2021  10:22:49,234722;9,351979E-1;1,098510E-1;1,265777E-1;9,245488E-1;;
30/11/2021  10:22:49,234822;9,343813E-1;1,283286E-1;1,341600E-1;9,245842E-1;;
30/11/2021  10:22:49,234922;9,350817E-1;1,197269E-1;1,234183E-1;9,246395E-1;;
30/11/2021  10:22:49,235022;9,358297E-1;1,025236E-1;1,202590E-1;9,247144E-1;;
30/11/2021  10:22:49,235122;9,363155E-1;9,615202E-2;9,782784E-2;9,248084E-1;;
30/11/2021  10:22:49,235222;9,357821E-1;1,334259E-1;1,559593E-1;9,249213E-1;;
30/11/2021  10:22:49,235322;9,360741E-1;1,216384E-1;1,268936E-1;9,250525E-1;;
30/11/2021  10:22:49,235422;9,346197E-1;1,197269E-1;1,136244E-1;9,252015E-1;;
30/11/2021  10:22:49,235522;9,351741E-1;1,184526E-1;1,139404E-1;9,253675E-1;;
30/11/2021  10:22:49,235622;9,356181E-1;6,238254E-2;6,181159E-2;9,255494E-1;;
30/11/2021  10:22:49,235722;9,365182E-1;1,254614E-1;1,227865E-1;9,257465E-1;;
30/11/2021  10:22:49,235822;9,369652E-1;1,245056E-1;1,259458E-1;9,259578E-1;;
30/11/2021  10:22:49,235922;9,369593E-1;7,640006E-2;3,874856E-2;9,261826E-1;;
30/11/2021  10:22:49,236022;9,368252E-1;1,439390E-1;1,376353E-1;9,264203E-1;;
30/11/2021  10:22:49,236122;9,370546E-1;1,347002E-1;1,376353E-1;9,266699E-1;;
30/11/2021  10:22:49,236222;9,372692E-1;1,257800E-1;1,243661E-1;9,269307E-1;;
30/11/2021  10:22:49,236322;9,385955E-1;6,015248E-2;8,108345E-2;9,272019E-1;;
30/11/2021  10:22:49,236422;9,391260E-1;1,171783E-1;1,496407E-1;9,274827E-1;;
30/11/2021  10:22:49,236522;9,397161E-1;1,292843E-1;1,117289E-1;9,277726E-1;;
30/11/2021  10:22:49,236622;9,403509E-1;1,388417E-1;1,597505E-1;9,280712E-1;;
30/11/2021  10:22:49,236722;9,408873E-1;1,082581E-1;1,363715E-1;9,283779E-1;;
30/11/2021  10:22:49,236822;9,410900E-1;1,299215E-1;1,297370E-1;9,286926E-1;;
30/11/2021  10:22:49,236922;9,418440E-1;1,203641E-1;1,208909E-1;9,290147E-1;;
30/11/2021  10:22:49,237022;9,433580E-1;1,184526E-1;1,199431E-1;9,293440E-1;;
30/11/2021  10:22:49,237122;9,445739E-1;1,190898E-1;1,145722E-1;9,296803E-1;;
30/11/2021  10:22:49,237222;9,446395E-1;1,296029E-1;1,268936E-1;9,300238E-1;;
30/11/2021  10:22:49,237322;9,455396E-1;1,311958E-1;1,284732E-1;9,303743E-1;;
30/11/2021  10:22:49,237422;9,453101E-1;1,464877E-1;1,423743E-1;9,307319E-1;;
30/11/2021  10:22:49,237522;9,456379E-1;1,745227E-1;1,755471E-1;9,310966E-1;;
30/11/2021  10:22:49,237622;9,464694E-1;1,238685E-1;1,426902E-1;9,314683E-1;;
30/11/2021  10:22:49,237722;9,471340E-1;4,390490E-2;6,149566E-2;9,318468E-1;;
30/11/2021  10:22:49,237822;9,471489E-1;1,292843E-1;1,139404E-1;9,322321E-1;;
30/11/2021  10:22:49,237922;9,473069E-1;3,562182E-2;7,729226E-2;9,326239E-1;;
30/11/2021  10:22:49,238022;9,471310E-1;1,420275E-1;1,521681E-1;9,330221E-1;;
30/11/2021  10:22:49,238122;9,470357E-1;1,662396E-1;1,780746E-1;9,334262E-1;;
30/11/2021  10:22:49,238222;9,468986E-1;1,238685E-1;1,379512E-1;9,338359E-1;;
30/11/2021  10:22:49,238322;9,477539E-1;1,289658E-1;1,322644E-1;9,342505E-1;;
30/11/2021  10:22:49,238422;9,480907E-1;1,280100E-1;1,215227E-1;9,346696E-1;;
30/11/2021  10:22:49,238522;9,481145E-1;1,219570E-1;1,107811E-1;9,350925E-1;;
30/11/2021  10:22:49,238622;9,484781E-1;1,359745E-1;1,246821E-1;9,355189E-1;;
30/11/2021  10:22:49,238722;9,481920E-1;1,324701E-1;1,528000E-1;9,359480E-1;;
30/11/2021  10:22:49,238822;9,485795E-1;1,015679E-1;7,887192E-2;9,363794E-1;;
30/11/2021  10:22:49,238922;9,485675E-1;1,471248E-1;1,512204E-1;9,368125E-1;;
30/11/2021  10:22:49,239022;9,494467E-1;1,210013E-1;1,256299E-1;9,372466E-1;;
30/11/2021  10:22:49,239122;9,497120E-1;1,260985E-1;1,158360E-1;9,376813E-1;;
30/11/2021  10:22:49,239222;9,500964E-1;6,110822E-2;8,740209E-2;9,381159E-1;;
30/11/2021  10:22:49,239322;9,495570E-1;1,184526E-1;1,227865E-1;9,385501E-1;;
30/11/2021  10:22:49,239422;9,494408E-1;1,828058E-1;1,951349E-1;9,389834E-1;;
30/11/2021  10:22:49,239522;9,492709E-1;5,218798E-2;9,340479E-2;9,394152E-1;;
30/11/2021  10:22:49,239622;9,491785E-1;1,404346E-1;1,407946E-1;9,398448E-1;;
30/11/2021  10:22:49,239722;9,491576E-1;5,696668E-2;1,164678E-1;9,402715E-1;;
30/11/2021  10:22:49,239822;9,497507E-1;1,289658E-1;1,262617E-1;9,406947E-1;;
30/11/2021  10:22:49,239922;9,498401E-1;1,299215E-1;1,347919E-1;9,411137E-1;;
30/11/2021  10:22:49,240022;9,487225E-1;1,315144E-1;1,246821E-1;9,415280E-1;;
30/11/2021  10:22:49,240122;9,489997E-1;1,257800E-1;1,237343E-1;9,419368E-1;;
30/11/2021  10:22:49,240222;9,481861E-1;1,506292E-1;1,689125E-1;9,423395E-1;;
30/11/2021  10:22:49,240322;9,485825E-1;1,436204E-1;1,385831E-1;9,427353E-1;;
30/11/2021  10:22:49,240422;9,487464E-1;1,429833E-1;1,265777E-1;9,431235E-1;;
30/11/2021  10:22:49,240522;9,482129E-1;1,178155E-1;1,249980E-1;9,435034E-1;;
30/11/2021  10:22:49,240622;9,479924E-1;1,181340E-1;1,142563E-1;9,438743E-1;;
30/11/2021  10:22:49,240722;9,474440E-1;4,358632E-2;5,707262E-2;9,442356E-1;;
30/11/2021  10:22:49,240822;9,473367E-1;1,060280E-1;1,224705E-1;9,445867E-1;;
30/11/2021  10:22:49,240922;9,469045E-1;1,136739E-1;1,215227E-1;9,449267E-1;;
30/11/2021  10:22:49,241022;9,477360E-1;7,130278E-2;8,740209E-2;9,452551E-1;;
30/11/2021  10:22:49,241122;9,472652E-1;1,522221E-1;1,546956E-1;9,455714E-1;;
30/11/2021  10:22:49,241222;9,473158E-1;9,519628E-2;1,259458E-1;9,458750E-1;;
30/11/2021  10:22:49,241322;9,472532E-1;1,190898E-1;1,578549E-1;9,461656E-1;;
30/11/2021  10:22:49,241422;9,468032E-1;9,201048E-2;9,245700E-2;9,464429E-1;;
30/11/2021  10:22:49,241522;9,466512E-1;9,678918E-2;1,069899E-1;9,467065E-1;;
30/11/2021  10:22:49,241622;9,474380E-1;9,965640E-2;9,909157E-2;9,469562E-1;;
30/11/2021  10:22:49,241722;9,476079E-1;1,057094E-1;1,231024E-1;9,471918E-1;;
30/11/2021  10:22:49,241822;9,478076E-1;1,143111E-1;1,227865E-1;9,474133E-1;;
30/11/2021  10:22:49,241922;9,477688E-1;1,375674E-1;1,344760E-1;9,476208E-1;;
30/11/2021  10:22:49,242022;9,473993E-1;1,066652E-1;9,940750E-2;9,478146E-1;;
30/11/2021  10:22:49,242122;9,465171E-1;1,104881E-1;9,466852E-2;9,479946E-1;;
30/11/2021  10:22:49,242222;9,461624E-1;9,551486E-2;1,486929E-1;9,481611E-1;;
30/11/2021  10:22:49,242322;9,471638E-1;1,324701E-1;1,426902E-1;9,483139E-1;;
30/11/2021  10:22:49,242422;9,471370E-1;1,063466E-1;9,656411E-2;9,484533E-1;;
30/11/2021  10:22:49,242522;9,474321E-1;1,525407E-1;1,708081E-1;9,485795E-1;;
30/11/2021  10:22:49,242622;9,466900E-1;9,901924E-2;1,461654E-1;9,486927E-1;;
30/11/2021  10:22:49,242722;9,469343E-1;1,382046E-1;1,335282E-1;9,487933E-1;;
30/11/2021  10:22:49,242822;9,465469E-1;1,174969E-1;1,193112E-1;9,488817E-1;;
30/11/2021  10:22:49,242922;9,464039E-1;1,455319E-1;1,708081E-1;9,489580E-1;;
30/11/2021  10:22:49,243022;9,466333E-1;1,289658E-1;1,354238E-1;9,490227E-1;;
30/11/2021  10:22:49,243122;9,476139E-1;1,219570E-1;1,193112E-1;9,490760E-1;;
30/11/2021  10:22:49,243222;9,477182E-1;1,270543E-1;1,325804E-1;9,491184E-1;;
30/11/2021  10:22:49,243322;9,468390E-1;1,260985E-1;1,234183E-1;9,491506E-1;;
30/11/2021  10:22:49,243422;9,465022E-1;1,305587E-1;1,253139E-1;9,491730E-1;;
30/11/2021  10:22:49,243522;9,460403E-1;1,165411E-1;1,006712E-1;9,491862E-1;;
30/11/2021  10:22:49,243622;9,458883E-1;1,184526E-1;1,098333E-1;9,491903E-1;;
30/11/2021  10:22:49,243722;9,462548E-1;1,219570E-1;1,180475E-1;9,491857E-1;;
30/11/2021  10:22:49,243822;9,462459E-1;1,165411E-1;1,524841E-1;9,491728E-1;;
30/11/2021  10:22:49,243922;9,455902E-1;6,556834E-2;8,834988E-2;9,491519E-1;;
30/11/2021  10:22:49,244022;9,445143E-1;1,254614E-1;1,338441E-1;9,491233E-1;;
30/11/2021  10:22:49,244122;9,435845E-1;1,375674E-1;1,407946E-1;9,490872E-1;;
30/11/2021  10:22:49,244222;9,433788E-1;1,426647E-1;1,407946E-1;9,490436E-1;;
30/11/2021  10:22:49,244322;9,429467E-1;1,225942E-1;1,297370E-1;9,489924E-1;;
30/11/2021  10:22:49,244422;9,436650E-1;1,359745E-1;1,414265E-1;9,489335E-1;;
30/11/2021  10:22:49,244522;9,430152E-1;1,232313E-1;1,057261E-1;9,488670E-1;;
30/11/2021  10:22:49,244622;9,429109E-1;1,302401E-1;1,319485E-1;9,487930E-1;;
30/11/2021  10:22:49,244722;9,421361E-1;1,200455E-1;1,224705E-1;9,487114E-1;;
30/11/2021  10:22:49,244822;9,407115E-1;1,404346E-1;1,373193E-1;9,486224E-1;;
30/11/2021  10:22:49,244922;9,406787E-1;8,659462E-2;9,340479E-2;9,485258E-1;;
30/11/2021  10:22:49,245022;9,401631E-1;1,130368E-1;1,218387E-1;9,484213E-1;;
30/11/2021  10:22:49,245122;9,398561E-1;9,901924E-2;8,266311E-2;9,483088E-1;;
30/11/2021  10:22:49,245222;9,401244E-1;9,392196E-2;8,139938E-2;9,481883E-1;;
30/11/2021  10:22:49,245322;9,398949E-1;2,383436E-2;4,064415E-2;9,480594E-1;;
30/11/2021  10:22:49,245422;9,392243E-1;1,203641E-1;1,136244E-1;9,479224E-1;;
30/11/2021  10:22:49,245522;9,380829E-1;1,334259E-1;1,455336E-1;9,477772E-1;;
30/11/2021  10:22:49,245622;9,381961E-1;1,321516E-1;1,392149E-1;9,476237E-1;;
30/11/2021  10:22:49,245722;9,381872E-1;2,256004E-2;8,297904E-2;9,474618E-1;;
30/11/2021  10:22:49,245822;9,384137E-1;1,241871E-1;1,297370E-1;9,472916E-1;;
30/11/2021  10:22:49,245922;9,383094E-1;1,289658E-1;1,300529E-1;9,471132E-1;;
30/11/2021  10:22:49,246022;9,371828E-1;1,299215E-1;1,319485E-1;9,469267E-1;;
30/11/2021  10:22:49,246122;9,370129E-1;1,375674E-1;1,363715E-1;9,467324E-1;;
30/11/2021  10:22:49,246222;9,362708E-1;1,257800E-1;1,275255E-1;9,465303E-1;;
30/11/2021  10:22:49,246322;9,362321E-1;1,327887E-1;1,357397E-1;9,463205E-1;;
30/11/2021  10:22:49,246422;9,355854E-1;1,334259E-1;1,338441E-1;9,461032E-1;;
30/11/2021  10:22:49,246522;9,354423E-1;1,031608E-1;9,814378E-2;9,458784E-1;;
30/11/2021  10:22:49,246622;9,350519E-1;1,229127E-1;8,045158E-2;9,456463E-1;;
30/11/2021  10:22:49,246722;9,343426E-1;1,751599E-1;2,106156E-1;9,454070E-1;;
30/11/2021  10:22:49,246822;9,339730E-1;8,309024E-2;9,372073E-2;9,451605E-1;;
30/11/2021  10:22:49,246922;9,332667E-1;1,410718E-1;1,515363E-1;9,449069E-1;;
30/11/2021  10:22:49,247022;9,333025E-1;1,433019E-1;1,420583E-1;9,446464E-1;;
30/11/2021  10:22:49,247122;9,339760E-1;9,997498E-2;1,073058E-1;9,443790E-1;;
30/11/2021  10:22:49,247222;9,337525E-1;1,254614E-1;1,240502E-1;9,441050E-1;;
30/11/2021  10:22:49,247322;9,336064E-1;1,181340E-1;1,420583E-1;9,438248E-1;;
30/11/2021  10:22:49,247422;9,331832E-1;1,280100E-1;1,256299E-1;9,435387E-1;;
30/11/2021  10:22:49,247522;9,329418E-1;1,257800E-1;1,272095E-1;9,432472E-1;;
30/11/2021  10:22:49,247622;9,332548E-1;1,165411E-1;1,050943E-1;9,429507E-1;;
30/11/2021  10:22:49,247722;9,340028E-1;1,006121E-1;1,114129E-1;9,426497E-1;;
30/11/2021  10:22:49,247822;9,346883E-1;1,219570E-1;1,022509E-1;9,423448E-1;;
30/11/2021  10:22:49,247922;9,345989E-1;1,308772E-1;1,328963E-1;9,420368E-1;;
30/11/2021  10:22:49,248022;9,352218E-1;1,343816E-1;1,294210E-1;9,417267E-1;;
30/11/2021  10:22:49,248122;9,346615E-1;9,073616E-2;1,110970E-1;9,414152E-1;;
30/11/2021  10:22:49,248222;9,341816E-1;8,914326E-2;1,054102E-1;9,411034E-1;;
30/11/2021  10:22:49,248322;9,344141E-1;1,289658E-1;1,385831E-1;9,407919E-1;;
30/11/2021  10:22:49,248422;9,347747E-1;1,276914E-1;1,186794E-1;9,404816E-1;;
30/11/2021  10:22:49,248522;9,354870E-1;1,139925E-1;1,597505E-1;9,401732E-1;;
30/11/2021  10:22:49,248622;9,352039E-1;1,302401E-1;1,275255E-1;9,398676E-1;;
30/11/2021  10:22:49,248722;9,350787E-1;1,605052E-1;1,828136E-1;9,395655E-1;;
30/11/2021  10:22:49,248822;9,344677E-1;1,254614E-1;1,445858E-1;9,392677E-1;;
30/11/2021  10:22:49,248922;9,340028E-1;1,210013E-1;1,240502E-1;9,389749E-1;;
30/11/2021  10:22:49,249022;9,345452E-1;1,114439E-1;1,174156E-1;9,386874E-1;;
30/11/2021  10:22:49,249122;9,350161E-1;1,085766E-1;1,177316E-1;9,384059E-1;;
30/11/2021  10:22:49,249222;9,353887E-1;1,028422E-1;1,006712E-1;9,381307E-1;;
30/11/2021  10:22:49,249322;9,356539E-1;9,360338E-2;1,092014E-1;9,378624E-1;;
30/11/2021  10:22:49,249422;9,358417E-1;1,002936E-1;1,142563E-1;9,376017E-1;;
30/11/2021  10:22:49,249522;9,355794E-1;1,267357E-1;1,736515E-1;9,373491E-1;;
30/11/2021  10:22:49,249622;9,358774E-1;8,149734E-2;9,751191E-2;9,371051E-1;;
30/11/2021  10:22:49,249722;9,360652E-1;7,671864E-2;6,844617E-2;9,368701E-1;;
30/11/2021  10:22:49,249822;9,363573E-1;9,455912E-2;1,129926E-1;9,366447E-1;;
30/11/2021  10:22:49,249922;9,366404E-1;9,105474E-2;1,202590E-1;9,364292E-1;;
30/11/2021  10:22:49,250022;9,360771E-1;9,806350E-2;1,196272E-1;9,362240E-1;;
30/11/2021  10:22:49,250122;9,363155E-1;1,095324E-1;1,047783E-1;9,360294E-1;;
30/11/2021  10:22:49,250222;9,360920E-1;1,439390E-1;1,657532E-1;9,358457E-1;;
30/11/2021  10:22:49,250322;9,361993E-1;1,499920E-1;1,543797E-1;9,356730E-1;;
30/11/2021  10:22:49,250422;9,366165E-1;1,528593E-1;1,423743E-1;9,355114E-1;;
30/11/2021  10:22:49,250522;9,374182E-1;1,761156E-1;1,562753E-1;9,353609E-1;;
30/11/2021  10:22:49,250622;9,370696E-1;1,716555E-1;1,616461E-1;9,352217E-1;;
30/11/2021  10:22:49,250722;9,369414E-1;1,573194E-1;1,373193E-1;9,350940E-1;;
30/11/2021  10:22:49,250822;9,371590E-1;1,442576E-1;1,550115E-1;9,349778E-1;;
30/11/2021  10:22:49,250922;9,371083E-1;1,006121E-1;1,101492E-1;9,348731E-1;;
30/11/2021  10:22:49,251022;9,376179E-1;1,388417E-1;1,338441E-1;9,347797E-1;;
30/11/2021  10:22:49,251122;9,374302E-1;1,194084E-1;1,237343E-1;9,346978E-1;;
30/11/2021  10:22:49,251222;9,382021E-1;1,305587E-1;1,452176E-1;9,346270E-1;;
30/11/2021  10:22:49,251322;9,375643E-1;1,149482E-1;1,117289E-1;9,345675E-1;;
30/11/2021  10:22:49,251422;9,370755E-1;1,232313E-1;1,319485E-1;9,345190E-1;;
30/11/2021  10:22:49,251522;9,369354E-1;1,452133E-1;1,445858E-1;9,344812E-1;;
30/11/2021  10:22:49,251622;9,369116E-1;1,334259E-1;1,651214E-1;9,344539E-1;;
30/11/2021  10:22:49,251722;9,365212E-1;1,372488E-1;1,373193E-1;9,344364E-1;;
30/11/2021  10:22:49,251822;9,368013E-1;6,047106E-2;1,177316E-1;9,344283E-1;;
30/11/2021  10:22:49,251922;9,368043E-1;1,315144E-1;1,284732E-1;9,344291E-1;;
30/11/2021  10:22:49,252022;9,369801E-1;1,445762E-1;1,809180E-1;9,344383E-1;;
30/11/2021  10:22:49,252122;9,358655E-1;1,194084E-1;1,000394E-1;9,344554E-1;;
30/11/2021  10:22:49,252222;9,359579E-1;1,139925E-1;9,940750E-2;9,344797E-1;;
30/11/2021  10:22:49,252322;9,362708E-1;7,385142E-2;6,844617E-2;9,345106E-1;;
30/11/2021  10:22:49,252422;9,365540E-1;1,331073E-1;1,388990E-1;9,345475E-1;;
30/11/2021  10:22:49,252522;9,377371E-1;7,703722E-2;7,413294E-2;9,345899E-1;;
30/11/2021  10:22:49,252622;9,370994E-1;1,178155E-1;1,158360E-1;9,346373E-1;;
30/11/2021  10:22:49,252722;9,369682E-1;1,139925E-1;9,308886E-2;9,346895E-1;;
30/11/2021  10:22:49,252822;9,361576E-1;1,401161E-1;1,474292E-1;9,347461E-1;;
30/11/2021  10:22:49,252922;9,359192E-1;1,534964E-1;1,648054E-1;9,348064E-1;;
30/11/2021  10:22:49,253022;9,357254E-1;1,251428E-1;1,486929E-1;9,348700E-1;;
30/11/2021  10:22:49,253122;9,353022E-1;1,187712E-1;1,291051E-1;9,349363E-1;;
30/11/2021  10:22:49,253222;9,350131E-1;1,340630E-1;1,363715E-1;9,350045E-1;;
30/11/2021  10:22:49,253322;9,353827E-1;1,359745E-1;1,445858E-1;9,350739E-1;;
30/11/2021  10:22:49,253422;9,345482E-1;1,729298E-1;1,932393E-1;9,351441E-1;;
30/11/2021  10:22:49,253522;9,340982E-1;1,082581E-1;1,006712E-1;9,352142E-1;;
30/11/2021  10:22:49,253622;9,337227E-1;1,270543E-1;1,246821E-1;9,352835E-1;;
30/11/2021  10:22:49,253722;9,336601E-1;1,203641E-1;1,212068E-1;9,353515E-1;;
30/11/2021  10:22:49,253822;9,342770E-1;1,219570E-1;1,268936E-1;9,354173E-1;;
30/11/2021  10:22:49,253922;9,341995E-1;1,302401E-1;1,291051E-1;9,354804E-1;;
30/11/2021  10:22:49,254022;9,342174E-1;1,155854E-1;1,142563E-1;9,355403E-1;;
30/11/2021  10:22:49,254122;9,339551E-1;1,104881E-1;1,035146E-1;9,355968E-1;;
30/11/2021  10:22:49,254222;9,337495E-1;7,608148E-2;7,760819E-2;9,356493E-1;;
30/11/2021  10:22:49,254322;9,338896E-1;1,114439E-1;1,328963E-1;9,356976E-1;;
30/11/2021  10:22:49,254422;9,336452E-1;1,232313E-1;1,193112E-1;9,357414E-1;;
30/11/2021  10:22:49,254522;9,342502E-1;1,057094E-1;1,243661E-1;9,357805E-1;;
30/11/2021  10:22:49,254622;9,339373E-1;1,334259E-1;1,502726E-1;9,358147E-1;;
30/11/2021  10:22:49,254722;9,340744E-1;1,404346E-1;1,720719E-1;9,358439E-1;;
30/11/2021  10:22:49,254822;9,334843E-1;1,378860E-1;1,385831E-1;9,358680E-1;;
30/11/2021  10:22:49,254922;9,326349E-1;1,104881E-1;1,139404E-1;9,358870E-1;;
30/11/2021  10:22:49,255022;9,329120E-1;1,993719E-1;1,872366E-1;9,359007E-1;;
30/11/2021  10:22:49,255122;9,329389E-1;1,283286E-1;1,256299E-1;9,359089E-1;;
30/11/2021  10:22:49,255222;9,335945E-1;1,254614E-1;1,205749E-1;9,359115E-1;;
30/11/2021  10:22:49,255322;9,337257E-1;1,289658E-1;1,477451E-1;9,359086E-1;;
30/11/2021  10:22:49,255422;9,336452E-1;1,273729E-1;1,092014E-1;9,359002E-1;;
30/11/2021  10:22:49,255522;9,336154E-1;1,969282E-2;6,086380E-2;9,358866E-1;;
30/11/2021  10:22:49,255622;9,339998E-1;1,037979E-1;1,041465E-1;9,358680E-1;;
30/11/2021  10:22:49,255722;9,342114E-1;1,359745E-1;1,246821E-1;9,358446E-1;;
30/11/2021  10:22:49,255822;9,349625E-1;1,420275E-1;1,325804E-1;9,358167E-1;;
30/11/2021  10:22:49,255922;9,357761E-1;1,130368E-1;1,259458E-1;9,357849E-1;;
30/11/2021  10:22:49,256022;9,353559E-1;1,251428E-1;1,262617E-1;9,357497E-1;;
30/11/2021  10:22:49,256122;9,356778E-1;1,206827E-1;1,262617E-1;9,357116E-1;;
30/11/2021  10:22:49,256222;9,357195E-1;1,270543E-1;1,360556E-1;9,356714E-1;;
30/11/2021  10:22:49,256322;9,359668E-1;1,327887E-1;1,313166E-1;9,356294E-1;;
30/11/2021  10:22:49,256422;9,366076E-1;1,139925E-1;1,205749E-1;9,355864E-1;;
30/11/2021  10:22:49,256522;9,366642E-1;1,347002E-1;1,316326E-1;9,355429E-1;;
30/11/2021  10:22:49,256622;9,373169E-1;1,222756E-1;1,022509E-1;9,354995E-1;;
30/11/2021  10:22:49,256722;9,375494E-1;1,394789E-1;1,347919E-1;9,354569E-1;;
30/11/2021  10:22:49,256822;9,372245E-1;1,337445E-1;1,300529E-1;9,354157E-1;;
30/11/2021  10:22:49,256922;9,371560E-1;1,372488E-1;1,294210E-1;9,353766E-1;;
30/11/2021  10:22:49,257022;9,374153E-1;1,219570E-1;1,148882E-1;9,353399E-1;;
30/11/2021  10:22:49,257122;9,380024E-1;5,887816E-2;6,465498E-2;9,353062E-1;;
30/11/2021  10:22:49,257222;9,389263E-1;7,257710E-2;8,487463E-2;9,352760E-1;;
30/11/2021  10:22:49,257322;9,394240E-1;9,073616E-2;8,013565E-2;9,352497E-1;;
30/11/2021  10:22:49,257422;9,393912E-1;7,640006E-2;1,044624E-1;9,352281E-1;;
30/11/2021  10:22:49,257522;9,386133E-1;1,044351E-1;1,025668E-1;9,352115E-1;;
30/11/2021  10:22:49,257622;9,386312E-1;1,143111E-1;1,347919E-1;9,352006E-1;;
30/11/2021  10:22:49,257722;9,387832E-1;1,069837E-1;1,152041E-1;9,351954E-1;;
30/11/2021  10:22:49,257822;9,395015E-1;1,018865E-1;1,025668E-1;9,351962E-1;;
30/11/2021  10:22:49,257922;9,399455E-1;9,328480E-2;1,041465E-1;9,352032E-1;;
30/11/2021  10:22:49,258022;9,399724E-1;1,002936E-1;1,174156E-1;9,352167E-1;;
30/11/2021  10:22:49,258122;9,400856E-1;1,060280E-1;1,139404E-1;9,352368E-1;;
30/11/2021  10:22:49,258222;9,394210E-1;1,165411E-1;1,237343E-1;9,352638E-1;;
30/11/2021  10:22:49,258322;9,391200E-1;1,238685E-1;1,294210E-1;9,352977E-1;;
30/11/2021  10:22:49,258422;9,389442E-1;1,366117E-1;1,300529E-1;9,353383E-1;;
30/11/2021  10:22:49,258522;9,392332E-1;1,576380E-1;1,392149E-1;9,353855E-1;;
30/11/2021  10:22:49,258622;9,393972E-1;1,748413E-1;1,388990E-1;9,354390E-1;;
30/11/2021  10:22:49,258722;9,397578E-1;1,570008E-1;1,670170E-1;9,354986E-1;;
30/11/2021  10:22:49,258822;9,395909E-1;1,793014E-1;1,749153E-1;9,355640E-1;;
30/11/2021  10:22:49,258922;9,382825E-1;8,755036E-2;1,079377E-1;9,356350E-1;;
30/11/2021  10:22:49,259022;9,384912E-1;1,251428E-1;1,385831E-1;9,357112E-1;;
30/11/2021  10:22:49,259122;9,385716E-1;1,302401E-1;1,439539E-1;9,357921E-1;;
30/11/2021  10:22:49,259222;9,384822E-1;1,687883E-1;1,610142E-1;9,358772E-1;;
30/11/2021  10:22:49,259322;9,387028E-1;1,382046E-1;1,281573E-1;9,359659E-1;;
30/11/2021  10:22:49,259422;9,377133E-1;2,542726E-2;9,119327E-2;9,360579E-1;;
30/11/2021  10:22:49,259522;9,367864E-1;1,162226E-1;1,167838E-1;9,361525E-1;;
30/11/2021  10:22:49,259622;9,358685E-1;1,238685E-1;1,278414E-1;9,362489E-1;;
30/11/2021  10:22:49,259722;9,353976E-1;1,283286E-1;1,161519E-1;9,363463E-1;;
30/11/2021  10:22:49,259822;9,349178E-1;6,684266E-2;6,339125E-2;9,364437E-1;;
30/11/2021  10:22:49,259922;9,347032E-1;1,098510E-1;1,019350E-1;9,365401E-1;;
30/11/2021  10:22:49,260022;9,341787E-1;1,289658E-1;1,366875E-1;9,366345E-1;;
30/11/2021  10:22:49,260122;9,336988E-1;2,542726E-2;-1,058873E-3;9,367259E-1;;
30/11/2021  10:22:49,260222;9,332726E-1;1,229127E-1;1,249980E-1;9,368134E-1;;
30/11/2021  10:22:49,260322;9,330461E-1;8,181592E-2;1,031987E-1;9,368960E-1;;
30/11/2021  10:22:49,260422;9,327153E-1;6,949618E-3;7,223735E-2;9,369729E-1;;
30/11/2021  10:22:49,260522;9,334843E-1;1,171783E-1;1,152041E-1;9,370431E-1;;
30/11/2021  10:22:49,260622;9,336988E-1;1,235499E-1;1,572231E-1;9,371062E-1;;
30/11/2021  10:22:49,260722;9,334276E-1;7,034704E-2;5,454516E-2;9,371615E-1;;
30/11/2021  10:22:49,260822;9,332488E-1;1,388417E-1;1,619620E-1;9,372089E-1;;
30/11/2021  10:22:49,260922;9,330342E-1;1,362931E-1;1,546956E-1;9,372479E-1;;
30/11/2021  10:22:49,261022;9,333233E-1;1,267357E-1;1,313166E-1;9,372784E-1;;
30/11/2021  10:22:49,261122;9,333174E-1;1,305587E-1;1,341600E-1;9,373001E-1;;
30/11/2021  10:22:49,261222;9,342293E-1;1,292843E-1;1,313166E-1;9,373130E-1;;
30/11/2021  10:22:49,261322;9,340028E-1;1,257800E-1;1,177316E-1;9,373173E-1;;
30/11/2021  10:22:49,261422;9,346048E-1;1,267357E-1;1,193112E-1;9,373132E-1;;
30/11/2021  10:22:49,261522;9,345244E-1;1,127182E-1;1,332122E-1;9,373010E-1;;
30/11/2021  10:22:49,261622;9,343068E-1;1,659210E-1;1,224705E-1;9,372811E-1;;
30/11/2021  10:22:49,261722;9,342204E-1;-5,358058E-2;-3,012462E-2;9,372538E-1;;
30/11/2021  10:22:49,261822;9,351532E-1;1,225942E-1;1,208909E-1;9,372197E-1;;
30/11/2021  10:22:49,261922;9,355645E-1;1,222756E-1;1,351078E-1;9,371791E-1;;
30/11/2021  10:22:49,262022;9,354036E-1;1,413904E-1;1,632258E-1;9,371326E-1;;
30/11/2021  10:22:49,262122;9,359072E-1;-8,342222E-3;7,539667E-2;9,370810E-1;;
30/11/2021  10:22:49,262222;9,357970E-1;9,169190E-2;8,866581E-2;9,370248E-1;;
30/11/2021  10:22:49,262322;9,362023E-1;1,047537E-1;1,761790E-1;9,369648E-1;;
30/11/2021  10:22:49,262422;9,366434E-1;1,557265E-1;1,638576E-1;9,369017E-1;;
30/11/2021  10:22:49,262522;9,373080E-1;1,155854E-1;1,221546E-1;9,368360E-1;;
30/11/2021  10:22:49,262622;9,381127E-1;1,232313E-1;1,224705E-1;9,367688E-1;;
30/11/2021  10:22:49,262722;9,388667E-1;1,260985E-1;1,284732E-1;9,367008E-1;;
30/11/2021  10:22:49,262822;9,396803E-1;1,184526E-1;9,087734E-2;9,366331E-1;;
30/11/2021  10:22:49,262922;9,398532E-1;1,356559E-1;1,689125E-1;9,365667E-1;;
30/11/2021  10:22:49,263022;9,409201E-1;9,583344E-2;8,929768E-2;9,365028E-1;;
30/11/2021  10:22:49,263122;9,418529E-1;1,264171E-1;1,306848E-1;9,364423E-1;;
30/11/2021  10:22:49,263222;9,424401E-1;1,225942E-1;1,199431E-1;9,363866E-1;;
30/11/2021  10:22:49,263322;9,430659E-1;1,359745E-1;1,606983E-1;9,363367E-1;;
30/11/2021  10:22:49,263422;9,434146E-1;5,091366E-2;7,476481E-2;9,362939E-1;;
30/11/2021  10:22:49,263522;9,446693E-1;1,232313E-1;1,243661E-1;9,362592E-1;;
30/11/2021  10:22:49,263622;9,443236E-1;1,267357E-1;1,316326E-1;9,362338E-1;;
30/11/2021  10:22:49,263722;9,446365E-1;1,936375E-1;2,147227E-1;9,362186E-1;;
30/11/2021  10:22:49,263822;9,447110E-1;1,331073E-1;1,537478E-1;9,362145E-1;;
30/11/2021  10:22:49,263922;9,457929E-1;1,047537E-1;1,967146E-1;9,362222E-1;;
30/11/2021  10:22:49,264022;9,460730E-1;1,171783E-1;1,180475E-1;9,362423E-1;;
30/11/2021  10:22:49,264122;9,468956E-1;1,423461E-1;1,442698E-1;9,362755E-1;;
30/11/2021  10:22:49,264222;9,462876E-1;1,152668E-1;1,136244E-1;9,363224E-1;;
30/11/2021  10:22:49,264322;9,460403E-1;1,022050E-1;1,129926E-1;9,363833E-1;;
30/11/2021  10:22:49,264422;9,459091E-1;1,053908E-1;1,202590E-1;9,364585E-1;;
30/11/2021  10:22:49,264522;9,461833E-1;1,232313E-1;1,388990E-1;9,365479E-1;;
30/11/2021  10:22:49,264622;9,467078E-1;1,143111E-1;9,435259E-2;9,366515E-1;;
30/11/2021  10:22:49,264722;9,464575E-1;1,311958E-1;1,275255E-1;9,367691E-1;;
30/11/2021  10:22:49,264822;9,456856E-1;1,324701E-1;1,167838E-1;9,369004E-1;;
30/11/2021  10:22:49,264922;9,450955E-1;1,410718E-1;1,426902E-1;9,370450E-1;;
30/11/2021  10:22:49,265022;9,451700E-1;7,225852E-2;1,148882E-1;9,372022E-1;;
30/11/2021  10:22:49,265122;9,451223E-1;1,308772E-1;1,493248E-1;9,373712E-1;;
30/11/2021  10:22:49,265222;9,447885E-1;1,018865E-1;1,114129E-1;9,375513E-1;;
30/11/2021  10:22:49,265322;9,450001E-1;1,178155E-1;1,231024E-1;9,377415E-1;;
30/11/2021  10:22:49,265422;9,449524E-1;1,327887E-1;1,496407E-1;9,379410E-1;;
30/11/2021  10:22:49,265522;9,445918E-1;7,162136E-2;1,060421E-1;9,381487E-1;;
30/11/2021  10:22:49,265622;9,443743E-1;1,930003E-1;1,458495E-1;9,383638E-1;;
30/11/2021  10:22:49,265722;9,451760E-1;1,267357E-1;1,287892E-1;9,385852E-1;;
30/11/2021  10:22:49,265822;9,452535E-1;1,152668E-1;9,972343E-2;9,388121E-1;;
30/11/2021  10:22:49,265922;9,455932E-1;1,378860E-1;1,297370E-1;9,390437E-1;;
30/11/2021  10:22:49,266022;9,457124E-1;1,276914E-1;1,057261E-1;9,392791E-1;;
30/11/2021  10:22:49,266122;9,451730E-1;1,260985E-1;1,284732E-1;9,395176E-1;;
30/11/2021  10:22:49,266222;9,445859E-1;1,251428E-1;1,272095E-1;9,397586E-1;;
30/11/2021  10:22:49,266322;9,443147E-1;1,413904E-1;1,464814E-1;9,400012E-1;;
30/11/2021  10:22:49,266422;9,447081E-1;1,031608E-1;8,487463E-2;9,402444E-1;;
30/11/2021  10:22:49,266522;9,446961E-1;1,458505E-1;1,335282E-1;9,404874E-1;;
30/11/2021  10:22:49,266622;9,444786E-1;1,127182E-1;1,332122E-1;9,407295E-1;;
30/11/2021  10:22:49,266722;9,438706E-1;1,238685E-1;1,531159E-1;9,409699E-1;;
30/11/2021  10:22:49,266822;9,435785E-1;1,296029E-1;1,063580E-1;9,412076E-1;;
30/11/2021  10:22:49,266922;9,432000E-1;9,360338E-2;1,025668E-1;9,414421E-1;;
30/11/2021  10:22:49,267022;9,424997E-1;9,073616E-2;1,079377E-1;9,416722E-1;;
30/11/2021  10:22:49,267122;9,434504E-1;1,146297E-1;1,212068E-1;9,418972E-1;;
30/11/2021  10:22:49,267222;9,428036E-1;1,044351E-1;1,155200E-1;9,421164E-1;;
30/11/2021  10:22:49,267322;9,424222E-1;1,034794E-1;1,148882E-1;9,423289E-1;;
30/11/2021  10:22:49,267422;9,425980E-1;4,932076E-2;6,876210E-2;9,425341E-1;;
30/11/2021  10:22:49,267522;9,418798E-1;1,267357E-1;1,376353E-1;9,427314E-1;;
30/11/2021  10:22:49,267622;9,411257E-1;1,171783E-1;1,221546E-1;9,429200E-1;;
30/11/2021  10:22:49,267722;9,421152E-1;1,053908E-1;1,110970E-1;9,430995E-1;;
30/11/2021  10:22:49,267822;9,424371E-1;1,229127E-1;1,174156E-1;9,432692E-1;;
30/11/2021  10:22:49,267922;9,426338E-1;9,392196E-2;1,218387E-1;9,434287E-1;;
30/11/2021  10:22:49,268022;9,423387E-1;1,464877E-1;1,433221E-1;9,435780E-1;;
30/11/2021  10:22:49,268122;9,419304E-1;1,541336E-1;1,385831E-1;9,437168E-1;;
30/11/2021  10:22:49,268222;9,411466E-1;1,710183E-1;1,493248E-1;9,438450E-1;;
30/11/2021  10:22:49,268322;9,411228E-1;1,767528E-1;1,701763E-1;9,439624E-1;;
30/11/2021  10:22:49,268422;9,415400E-1;1,601866E-1;1,483770E-1;9,440688E-1;;
30/11/2021  10:22:49,268522;9,418142E-1;1,522221E-1;1,449017E-1;9,441640E-1;;
30/11/2021  10:22:49,268622;9,419811E-1;1,248242E-1;1,332122E-1;9,442481E-1;;
30/11/2021  10:22:49,268722;9,412450E-1;1,375674E-1;1,360556E-1;9,443213E-1;;
30/11/2021  10:22:49,268822;9,407472E-1;1,267357E-1;1,193112E-1;9,443835E-1;;
30/11/2021  10:22:49,268922;9,399992E-1;1,302401E-1;1,234183E-1;9,444350E-1;;
30/11/2021  10:22:49,269022;9,397101E-1;1,394789E-1;1,287892E-1;9,444756E-1;;
30/11/2021  10:22:49,269122;9,394210E-1;1,356559E-1;1,240502E-1;9,445052E-1;;
30/11/2021  10:22:49,269222;9,396386E-1;6,875414E-2;7,508074E-2;9,445238E-1;;
30/11/2021  10:22:49,269322;9,390544E-1;1,219570E-1;1,126766E-1;9,445315E-1;;
30/11/2021  10:22:49,269422;9,382647E-1;1,490363E-1;1,509044E-1;9,445281E-1;;
30/11/2021  10:22:49,269522;9,380143E-1;1,225942E-1;1,265777E-1;9,445136E-1;;
30/11/2021  10:22:49,269622;9,371679E-1;1,149482E-1;1,161519E-1;9,444881E-1;;
30/11/2021  10:22:49,269722;9,374689E-1;1,155854E-1;1,310007E-1;9,444513E-1;;
30/11/2021  10:22:49,269822;9,375524E-1;1,452133E-1;1,477451E-1;9,444033E-1;;
30/11/2021  10:22:49,269922;9,380769E-1;1,251428E-1;1,057261E-1;9,443441E-1;;
30/11/2021  10:22:49,270022;9,379160E-1;1,267357E-1;1,253139E-1;9,442740E-1;;
30/11/2021  10:22:49,270122;9,381186E-1;1,229127E-1;1,196272E-1;9,441932E-1;;
30/11/2021  10:22:49,270222;9,377103E-1;1,267357E-1;1,234183E-1;9,441022E-1;;
30/11/2021  10:22:49,270322;9,379219E-1;1,178155E-1;1,044624E-1;9,440014E-1;;
30/11/2021  10:22:49,270422;9,379964E-1;1,184526E-1;1,467973E-1;9,438913E-1;;
30/11/2021  10:22:49,270522;9,389293E-1;1,213198E-1;1,177316E-1;9,437724E-1;;
30/11/2021  10:22:49,270622;9,398800E-1;1,232313E-1;1,069899E-1;9,436454E-1;;
30/11/2021  10:22:49,270722;9,397995E-1;1,047537E-1;8,740209E-2;9,435112E-1;;
30/11/2021  10:22:49,270822;9,403449E-1;1,235499E-1;1,183634E-1;9,433707E-1;;
30/11/2021  10:22:49,270922;9,398323E-1;1,238685E-1;1,351078E-1;9,432250E-1;;
30/11/2021  10:22:49,271022;9,398412E-1;1,245056E-1;1,313166E-1;9,430749E-1;;
30/11/2021  10:22:49,271122;9,404403E-1;1,417090E-1;1,578549E-1;9,429213E-1;;
30/11/2021  10:22:49,271222;9,411555E-1;1,359745E-1;1,360556E-1;9,427652E-1;;
30/11/2021  10:22:49,271322;9,408605E-1;1,203641E-1;1,335282E-1;9,426075E-1;;
30/11/2021  10:22:49,271422;9,407443E-1;1,369303E-1;1,354238E-1;9,424492E-1;;
30/11/2021  10:22:49,271522;9,407592E-1;1,260985E-1;1,231024E-1;9,422911E-1;;
30/11/2021  10:22:49,271622;9,402138E-1;1,257800E-1;1,284732E-1;9,421339E-1;;
30/11/2021  10:22:49,271722;9,400111E-1;1,270543E-1;1,303688E-1;9,419783E-1;;
30/11/2021  10:22:49,271822;9,403777E-1;1,359745E-1;1,328963E-1;9,418249E-1;;
30/11/2021  10:22:49,271922;9,405595E-1;1,219570E-1;1,136244E-1;9,416742E-1;;
30/11/2021  10:22:49,272022;9,408665E-1;1,181340E-1;1,591187E-1;9,415266E-1;;
30/11/2021  10:22:49,272122;9,398502E-1;1,324701E-1;1,531159E-1;9,413826E-1;;
30/11/2021  10:22:49,272222;9,399098E-1;7,162136E-2;8,108345E-2;9,412426E-1;;
30/11/2021  10:22:49,272322;9,397012E-1;1,283286E-1;1,401627E-1;9,411069E-1;;
30/11/2021  10:22:49,272422;9,394925E-1;1,318330E-1;1,490088E-1;9,409756E-1;;
30/11/2021  10:22:49,272522;9,401005E-1;3,445238E-3;9,719598E-2;9,408489E-1;;
30/11/2021  10:22:49,272622;9,405356E-1;1,382046E-1;1,351078E-1;9,407269E-1;;
30/11/2021  10:22:49,272722;9,403479E-1;2,287862E-2;8,740209E-2;9,406099E-1;;
30/11/2021  10:22:49,272822;9,398681E-1;1,413904E-1;1,294210E-1;9,404981E-1;;
30/11/2021  10:22:49,272922;9,398651E-1;1,420275E-1;1,423743E-1;9,403915E-1;;
30/11/2021  10:22:49,273022;9,393793E-1;1,216384E-1;1,212068E-1;9,402902E-1;;
30/11/2021  10:22:49,273122;9,401452E-1;1,280100E-1;1,562753E-1;9,401942E-1;;
30/11/2021  10:22:49,273222;9,402853E-1;1,222756E-1;1,104651E-1;9,401035E-1;;
30/11/2021  10:22:49,273322;9,406101E-1;1,241871E-1;1,281573E-1;9,400181E-1;;
30/11/2021  10:22:49,273422;9,406757E-1;6,907272E-2;9,403666E-2;9,399382E-1;;
30/11/2021  10:22:49,273522;9,405893E-1;1,369303E-1;1,370034E-1;9,398637E-1;;
30/11/2021  10:22:49,273622;9,398204E-1;1,149482E-1;1,139404E-1;9,397949E-1;;
30/11/2021  10:22:49,273722;9,403002E-1;1,232313E-1;1,262617E-1;9,397315E-1;;
30/11/2021  10:22:49,273822;9,400975E-1;1,289658E-1;1,180475E-1;9,396736E-1;;
30/11/2021  10:22:49,273922;9,403568E-1;1,608238E-1;1,790224E-1;9,396210E-1;;
30/11/2021  10:22:49,274022;9,404462E-1;4,719558E-3;6,781430E-2;9,395736E-1;;
30/11/2021  10:22:49,274122;9,396296E-1;1,499920E-1;1,739675E-1;9,395314E-1;;
30/11/2021  10:22:49,274222;9,397995E-1;1,276914E-1;1,392149E-1;9,394941E-1;;
30/11/2021  10:22:49,274322;9,392809E-1;1,353374E-1;1,259458E-1;9,394615E-1;;
30/11/2021  10:22:49,274422;9,392213E-1;1,474434E-1;1,360556E-1;9,394333E-1;;
30/11/2021  10:22:49,274522;9,396058E-1;1,267357E-1;1,344760E-1;9,394091E-1;;
30/11/2021  10:22:49,274622;9,396326E-1;1,292843E-1;1,054102E-1;9,393887E-1;;
30/11/2021  10:22:49,274722;9,396028E-1;1,347002E-1;1,392149E-1;9,393719E-1;;
30/11/2021  10:22:49,274822;9,395641E-1;8,149734E-2;5,422923E-2;9,393582E-1;;
30/11/2021  10:22:49,274922;9,393614E-1;1,222756E-1;1,515363E-1;9,393477E-1;;
30/11/2021  10:22:49,275022;9,396892E-1;7,193994E-2;9,656411E-2;9,393399E-1;;
30/11/2021  10:22:49,275122;9,396296E-1;1,206827E-1;1,278414E-1;9,393346E-1;;
30/11/2021  10:22:49,275222;9,406310E-1;1,101695E-1;1,199431E-1;9,393318E-1;;
30/11/2021  10:22:49,275322;9,410184E-1;9,041758E-2;1,243661E-1;9,393313E-1;;
30/11/2021  10:22:49,275422;9,407383E-1;3,763818E-3;5,391329E-2;9,393332E-1;;
30/11/2021  10:22:49,275522;9,411377E-1;9,870066E-2;9,150920E-2;9,393375E-1;;
30/11/2021  10:22:49,275622;9,406698E-1;9,678918E-2;1,420583E-1;9,393443E-1;;
30/11/2021  10:22:49,275722;9,399932E-1;9,009900E-2;1,142563E-1;9,393535E-1;;
30/11/2021  10:22:49,275822;9,408337E-1;1,012493E-1;1,136244E-1;9,393652E-1;;
30/11/2021  10:22:49,275922;9,416503E-1;1,104881E-1;1,170997E-1;9,393791E-1;;
30/11/2021  10:22:49,276022;9,419543E-1;1,063466E-1;1,227865E-1;9,393954E-1;;
30/11/2021  10:22:49,276122;9,418172E-1;1,159040E-1;1,170997E-1;9,394142E-1;;
30/11/2021  10:22:49,276222;9,423119E-1;1,407532E-1;1,588027E-1;9,394356E-1;;
30/11/2021  10:22:49,276322;9,413642E-1;9,392196E-2;1,152041E-1;9,394598E-1;;
30/11/2021  10:22:49,276422;9,418321E-1;1,646467E-1;1,509044E-1;9,394868E-1;;
30/11/2021  10:22:49,276522;9,424162E-1;1,732484E-1;1,433221E-1;9,395166E-1;;
30/11/2021  10:22:49,276622;9,431076E-1;1,764342E-1;1,644895E-1;9,395493E-1;;
30/11/2021  10:22:49,276722;9,430987E-1;1,512664E-1;1,458495E-1;9,395850E-1;;
30/11/2021  10:22:49,276822;9,433729E-1;1,347002E-1;1,382671E-1;9,396239E-1;;
30/11/2021  10:22:49,276922;9,431017E-1;5,282514E-2;8,677022E-2;9,396663E-1;;
30/11/2021  10:22:49,277022;9,425235E-1;6,047106E-2;1,483770E-1;9,397121E-1;;
30/11/2021  10:22:49,277122;9,424728E-1;1,292843E-1;1,328963E-1;9,397614E-1;;
30/11/2021  10:22:49,277222;9,428036E-1;6,110822E-2;1,509044E-1;9,398141E-1;;
30/11/2021  10:22:49,277322;9,436262E-1;1,340630E-1;1,370034E-1;9,398700E-1;;
30/11/2021  10:22:49,277422;9,432358E-1;1,452133E-1;1,837613E-1;9,399292E-1;;
30/11/2021  10:22:49,277522;9,432775E-1;1,171783E-1;1,057261E-1;9,399915E-1;;
30/11/2021  10:22:49,277622;9,429586E-1;1,257800E-1;1,085695E-1;9,400571E-1;;
30/11/2021  10:22:49,277722;9,430629E-1;1,073023E-1;8,866581E-2;9,401256E-1;;
30/11/2021  10:22:49,277822;9,430123E-1;1,260985E-1;1,297370E-1;9,401970E-1;;
30/11/2021  10:22:49,277922;9,433937E-1;8,818752E-2;7,286922E-2;9,402710E-1;;
30/11/2021  10:22:49,278022;9,438766E-1;1,257800E-1;1,202590E-1;9,403475E-1;;
30/11/2021  10:22:49,278122;9,438378E-1;1,324701E-1;1,009872E-1;9,404264E-1;;
30/11/2021  10:22:49,278222;9,434921E-1;1,369303E-1;1,452176E-1;9,405076E-1;;
30/11/2021  10:22:49,278322;9,426695E-1;6,875414E-2;1,123607E-1;9,405909E-1;;
30/11/2021  10:22:49,278422;9,427053E-1;1,197269E-1;1,363715E-1;9,406762E-1;;
30/11/2021  10:22:49,278522;9,427470E-1;-1,014882E-3;5,517702E-2;9,407630E-1;;
30/11/2021  10:22:49,278622;9,430391E-1;1,356559E-1;1,256299E-1;9,408510E-1;;
30/11/2021  10:22:49,278722;9,430629E-1;1,229127E-1;1,379512E-1;9,409398E-1;;
30/11/2021  10:22:49,278822;9,431166E-1;1,448948E-1;1,764949E-1;9,410293E-1;;
30/11/2021  10:22:49,278922;9,428454E-1;1,165411E-1;1,139404E-1;9,411191E-1;;
30/11/2021  10:22:49,279022;9,420765E-1;1,216384E-1;1,243661E-1;9,412090E-1;;
30/11/2021  10:22:49,279122;9,418351E-1;1,216384E-1;1,240502E-1;9,412986E-1;;
30/11/2021  10:22:49,279222;9,428662E-1;1,267357E-1;1,278414E-1;9,413875E-1;;
30/11/2021  10:22:49,279322;9,425682E-1;1,251428E-1;1,278414E-1;9,414753E-1;;
30/11/2021  10:22:49,279422;9,427947E-1;1,200455E-1;1,205749E-1;9,415618E-1;;
30/11/2021  10:22:49,279522;9,425891E-1;1,139925E-1;1,028828E-1;9,416468E-1;;
30/11/2021  10:22:49,279622;9,418321E-1;-4,593466E-2;3,843263E-2;9,417300E-1;;
30/11/2021  10:22:49,279722;9,414834E-1;1,334259E-1;1,376353E-1;9,418112E-1;;
30/11/2021  10:22:49,279822;9,411734E-1;1,155854E-1;1,177316E-1;9,418900E-1;;
30/11/2021  10:22:49,279922;9,417635E-1;8,818752E-2;6,749837E-2;9,419660E-1;;
30/11/2021  10:22:49,280022;9,417516E-1;1,245056E-1;1,480610E-1;9,420388E-1;;
30/11/2021  10:22:49,280122;9,415489E-1;1,318330E-1;1,474292E-1;9,421082E-1;;
30/11/2021  10:22:49,280222;9,413344E-1;1,299215E-1;1,287892E-1;9,421741E-1;;
30/11/2021  10:22:49,280322;9,405923E-1;1,337445E-1;1,253139E-1;9,422361E-1;;
30/11/2021  10:22:49,280422;9,406012E-1;1,735670E-1;1,689125E-1;9,422939E-1;;
30/11/2021  10:22:49,280522;9,407919E-1;1,267357E-1;1,291051E-1;9,423473E-1;;
30/11/2021  10:22:49,280622;9,409469E-1;1,241871E-1;1,196272E-1;9,423961E-1;;
30/11/2021  10:22:49,280722;9,408605E-1;1,264171E-1;1,433221E-1;9,424399E-1;;
30/11/2021  10:22:49,280822;9,409767E-1;1,229127E-1;1,164678E-1;9,424788E-1;;
30/11/2021  10:22:49,280922;9,409320E-1;9,933782E-2;9,182514E-2;9,425127E-1;;
30/11/2021  10:22:49,281022;9,400767E-1;1,159040E-1;1,095173E-1;9,425415E-1;;
30/11/2021  10:22:49,281122;9,398442E-1;1,257800E-1;1,158360E-1;9,425652E-1;;
30/11/2021  10:22:49,281222;9,404820E-1;1,327887E-1;1,265777E-1;9,425836E-1;;
30/11/2021  10:22:49,281322;9,413224E-1;1,194084E-1;1,395309E-1;9,425966E-1;;
30/11/2021  10:22:49,281422;9,416294E-1;1,095324E-1;9,372073E-2;9,426045E-1;;
30/11/2021  10:22:49,281522;9,412807E-1;1,146297E-1;1,300529E-1;9,426074E-1;;
30/11/2021  10:22:49,281622;9,409916E-1;1,229127E-1;1,310007E-1;9,426056E-1;;
30/11/2021  10:22:49,281722;9,399664E-1;1,270543E-1;1,335282E-1;9,425994E-1;;
30/11/2021  10:22:49,281822;9,401005E-1;1,289658E-1;1,272095E-1;9,425888E-1;;
30/11/2021  10:22:49,281922;9,395998E-1;1,369303E-1;1,357397E-1;9,425739E-1;;
30/11/2021  10:22:49,282022;9,403807E-1;1,337445E-1;1,155200E-1;9,425545E-1;;
30/11/2021  10:22:49,282122;9,403389E-1;1,251428E-1;1,268936E-1;9,425310E-1;;
30/11/2021  10:22:49,282222;9,400618E-1;1,308772E-1;1,249980E-1;9,425032E-1;;
30/11/2021  10:22:49,282322;9,396266E-1;1,276914E-1;1,234183E-1;9,424715E-1;;
30/11/2021  10:22:49,282422;9,390425E-1;1,187712E-1;1,104651E-1;9,424359E-1;;
30/11/2021  10:22:49,282522;9,387862E-1;1,190898E-1;1,306848E-1;9,423963E-1;;
30/11/2021  10:22:49,282622;9,389084E-1;3,211744E-2;5,138584E-2;9,423528E-1;;
30/11/2021  10:22:49,282722;9,390216E-1;1,085766E-1;8,550650E-2;9,423053E-1;;
30/11/2021  10:22:49,282822;9,382021E-1;8,468314E-2;8,045158E-2;9,422539E-1;;
30/11/2021  10:22:49,282922;9,383660E-1;1,378860E-1;1,205749E-1;9,421985E-1;;
30/11/2021  10:22:49,283022;9,378504E-1;1,509478E-1;1,600664E-1;9,421391E-1;;
30/11/2021  10:22:49,283122;9,371619E-1;1,088952E-1;1,294210E-1;9,420756E-1;;
30/11/2021  10:22:49,283222;9,371947E-1;7,640006E-2;9,056141E-2;9,420080E-1;;
30/11/2021  10:22:49,283322;9,375196E-1;1,171783E-1;1,208909E-1;9,419361E-1;;
30/11/2021  10:22:49,283422;9,375881E-1;1,101695E-1;1,218387E-1;9,418599E-1;;
30/11/2021  10:22:49,283522;9,371143E-1;1,143111E-1;1,231024E-1;9,417794E-1;;
30/11/2021  10:22:49,283622;9,372782E-1;9,806350E-2;1,092014E-1;9,416947E-1;;
30/11/2021  10:22:49,283722;9,369444E-1;1,012493E-1;1,114129E-1;9,416059E-1;;
30/11/2021  10:22:49,283822;9,364347E-1;1,095324E-1;1,142563E-1;9,415130E-1;;
30/11/2021  10:22:49,283922;9,363632E-1;1,018865E-1;1,117289E-1;9,414160E-1;;
30/11/2021  10:22:49,284022;9,365748E-1;8,563888E-2;8,898175E-2;9,413151E-1;;
30/11/2021  10:22:49,284122;9,370099E-1;5,250656E-2;3,085026E-2;9,412103E-1;;
30/11/2021  10:22:49,284222;9,366225E-1;1,069837E-1;1,167838E-1;9,411018E-1;;
30/11/2021  10:22:49,284322;9,359817E-1;4,040052E-2;7,034176E-2;9,409897E-1;;
30/11/2021  10:22:49,284422;9,359043E-1;1,331073E-1;1,534319E-1;9,408743E-1;;
30/11/2021  10:22:49,284522;9,354840E-1;1,350188E-1;1,430061E-1;9,407556E-1;;
30/11/2021  10:22:49,284622;9,361367E-1;1,299215E-1;9,940750E-2;9,406337E-1;;
30/11/2021  10:22:49,284722;9,355496E-1;1,378860E-1;1,316326E-1;9,405088E-1;;
30/11/2021  10:22:49,284822;9,356986E-1;1,745227E-1;1,708081E-1;9,403810E-1;;
30/11/2021  10:22:49,284922;9,354155E-1;1,671954E-1;1,496407E-1;9,402505E-1;;
30/11/2021  10:22:49,285022;9,348492E-1;1,636910E-1;1,597505E-1;9,401174E-1;;
30/11/2021  10:22:49,285122;9,342830E-1;1,302401E-1;1,310007E-1;9,399820E-1;;
30/11/2021  10:22:49,285222;9,340296E-1;1,206827E-1;1,227865E-1;9,398441E-1;;
30/11/2021  10:22:49,285322;9,346138E-1;1,139925E-1;1,031987E-1;9,397037E-1;;
30/11/2021  10:22:49,285422;9,349357E-1;1,254614E-1;1,300529E-1;9,395611E-1;;
30/11/2021  10:22:49,285522;9,344528E-1;1,257800E-1;1,202590E-1;9,394162E-1;;
30/11/2021  10:22:49,285622;9,341399E-1;1,238685E-1;1,215227E-1;9,392694E-1;;
30/11/2021  10:22:49,285722;9,337614E-1;2,032998E-2;7,887192E-2;9,391208E-1;;
30/11/2021  10:22:49,285822;9,333352E-1;1,280100E-1;1,360556E-1;9,389704E-1;;
30/11/2021  10:22:49,285922;9,339462E-1;1,127182E-1;1,101492E-1;9,388184E-1;;
30/11/2021  10:22:49,286022;9,351651E-1;1,496735E-1;1,603824E-1;9,386648E-1;;
30/11/2021  10:22:49,286122;9,356271E-1;1,155854E-1;1,009872E-1;9,385100E-1;;
30/11/2021  10:22:49,286222;9,352426E-1;1,321516E-1;1,641736E-1;9,383546E-1;;
30/11/2021  10:22:49,286322;9,352933E-1;1,165411E-1;1,420583E-1;9,381990E-1;;
30/11/2021  10:22:49,286422;9,348761E-1;1,235499E-1;1,265777E-1;9,380437E-1;;
30/11/2021  10:22:49,286522;9,350191E-1;1,229127E-1;1,098333E-1;9,378891E-1;;
30/11/2021  10:22:49,286622;9,355496E-1;1,136739E-1;1,170997E-1;9,377357E-1;;
30/11/2021  10:22:49,286722;9,360861E-1;1,213198E-1;1,126766E-1;9,375837E-1;;
30/11/2021  10:22:49,286822;9,367030E-1;1,225942E-1;1,189953E-1;9,374339E-1;;
30/11/2021  10:22:49,286922;9,363483E-1;1,219570E-1;1,325804E-1;9,372866E-1;;
30/11/2021  10:22:49,287022;9,364884E-1;1,190898E-1;1,152041E-1;9,371426E-1;;
30/11/2021  10:22:49,287122;9,358268E-1;1,178155E-1;1,139404E-1;9,370023E-1;;
30/11/2021  10:22:49,287222;9,360920E-1;3,434750E-2;5,612482E-2;9,368660E-1;;
30/11/2021  10:22:49,287322;9,364973E-1;1,165411E-1;1,161519E-1;9,367342E-1;;
30/11/2021  10:22:49,287422;9,360652E-1;5,091366E-2;8,329497E-2;9,366072E-1;;
30/11/2021  10:22:49,287522;9,370219E-1;8,404598E-2;9,466852E-2;9,364852E-1;;
30/11/2021  10:22:49,287622;9,362738E-1;1,022050E-1;8,803395E-2;9,363686E-1;;
30/11/2021  10:22:49,287722;9,359907E-1;1,538150E-1;1,616461E-1;9,362575E-1;;
30/11/2021  10:22:49,287822;9,354930E-1;1,388417E-1;1,528000E-1;9,361522E-1;;
30/11/2021  10:22:49,287922;9,354095E-1;1,331073E-1;1,373193E-1;9,360526E-1;;
30/11/2021  10:22:49,288022;9,360503E-1;1,321516E-1;1,259458E-1;9,359587E-1;;
30/11/2021  10:22:49,288122;9,360712E-1;1,229127E-1;1,265777E-1;9,358704E-1;;
30/11/2021  10:22:49,288222;9,357076E-1;1,270543E-1;1,031987E-1;9,357878E-1;;
30/11/2021  10:22:49,288322;9,358417E-1;1,359745E-1;1,708081E-1;9,357108E-1;;
30/11/2021  10:22:49,288422;9,354065E-1;1,687883E-1;1,929234E-1;9,356392E-1;;
30/11/2021  10:22:49,288522;9,351711E-1;1,324701E-1;1,262617E-1;9,355731E-1;;
30/11/2021  10:22:49,288622;9,358238E-1;1,350188E-1;1,256299E-1;9,355121E-1;;
30/11/2021  10:22:49,288722;9,365480E-1;1,439390E-1;1,657532E-1;9,354562E-1;;
30/11/2021  10:22:49,288822;9,367149E-1;1,327887E-1;1,196272E-1;9,354053E-1;;
30/11/2021  10:22:49,288922;9,366165E-1;1,213198E-1;1,246821E-1;9,353594E-1;;
30/11/2021  10:22:49,289022;9,368013E-1;1,104881E-1;1,234183E-1;9,353186E-1;;
30/11/2021  10:22:49,289122;9,363811E-1;7,894870E-2;1,932393E-1;9,352830E-1;;
30/11/2021  10:22:49,289222;9,364407E-1;1,276914E-1;1,265777E-1;9,352524E-1;;
30/11/2021  10:22:49,289322;9,371739E-1;1,092138E-1;1,543797E-1;9,352268E-1;;
30/11/2021  10:22:49,289422;9,378176E-1;1,417090E-1;1,316326E-1;9,352061E-1;;
30/11/2021  10:22:49,289522;9,380829E-1;1,643281E-1;1,758630E-1;9,351906E-1;;
30/11/2021  10:22:49,289622;9,380501E-1;1,034794E-1;9,372073E-2;9,351802E-1;;
30/11/2021  10:22:49,289722;9,378355E-1;7,448858E-2;9,845971E-2;9,351751E-1;;
30/11/2021  10:22:49,289822;9,377699E-1;9,678918E-2;8,645429E-2;9,351755E-1;;
30/11/2021  10:22:49,289922;9,378146E-1;1,394789E-1;1,433221E-1;9,351812E-1;;
30/11/2021  10:22:49,290022;9,384673E-1;8,149734E-2;7,792413E-2;9,351922E-1;;
30/11/2021  10:22:49,290122;9,388190E-1;1,321516E-1;1,243661E-1;9,352084E-1;;
30/11/2021  10:22:49,290222;9,389203E-1;1,264171E-1;9,814378E-2;9,352301E-1;;
30/11/2021  10:22:49,290322;9,390127E-1;1,474434E-1;1,417424E-1;9,352571E-1;;
30/11/2021  10:22:49,290422;9,381603E-1;6,620550E-2;9,340479E-2;9,352895E-1;;
30/11/2021  10:22:49,290522;9,379487E-1;1,385232E-1;1,543797E-1;9,353272E-1;;
30/11/2021  10:22:49,290622;9,385001E-1;1,174969E-1;1,231024E-1;9,353700E-1;;
30/11/2021  10:22:49,290722;9,390634E-1;1,270543E-1;1,306848E-1;9,354176E-1;;
30/11/2021  10:22:49,290822;9,389561E-1;1,538150E-1;1,588027E-1;9,354699E-1;;
30/11/2021  10:22:49,290922;9,388935E-1;1,706997E-1;2,030332E-1;9,355267E-1;;
30/11/2021  10:22:49,291022;9,390395E-1;1,296029E-1;1,028828E-1;9,355880E-1;;
30/11/2021  10:22:49,291122;9,385448E-1;1,378860E-1;1,265777E-1;9,356534E-1;;
30/11/2021  10:22:49,291222;9,388160E-1;1,366117E-1;1,357397E-1;9,357229E-1;;
30/11/2021  10:22:49,291322;9,387475E-1;1,343816E-1;1,313166E-1;9,357960E-1;;
30/11/2021  10:22:49,291422;9,390127E-1;1,222756E-1;1,205749E-1;9,358725E-1;;
30/11/2021  10:22:49,291522;9,393525E-1;1,296029E-1;1,259458E-1;9,359523E-1;;
30/11/2021  10:22:49,291622;9,392780E-1;8,818752E-2;8,834988E-2;9,360349E-1;;
30/11/2021  10:22:49,291722;9,398532E-1;2,319720E-2;6,086380E-2;9,361204E-1;;
30/11/2021  10:22:49,291822;9,390634E-1;1,073023E-1;9,056141E-2;9,362084E-1;;
30/11/2021  10:22:49,291922;9,396058E-1;8,755036E-2;9,119327E-2;9,362989E-1;;
30/11/2021  10:22:49,292022;9,397399E-1;1,012493E-1;1,186794E-1;9,363916E-1;;
30/11/2021  10:22:49,292122;9,403538E-1;1,194084E-1;1,445858E-1;9,364863E-1;;
30/11/2021  10:22:49,292222;9,407145E-1;9,360338E-2;1,098333E-1;9,365829E-1;;
30/11/2021  10:22:49,292322;9,412748E-1;9,296622E-2;1,028828E-1;9,366815E-1;;
30/11/2021  10:22:49,292422;9,403300E-1;1,031608E-1;1,095173E-1;9,367820E-1;;
30/11/2021  10:22:49,292522;9,407651E-1;9,742634E-2;1,442698E-1;9,368844E-1;;
30/11/2021  10:22:49,292622;9,411019E-1;1,104881E-1;1,303688E-1;9,369887E-1;;
30/11/2021  10:22:49,292722;9,416294E-1;1,079395E-1;1,016190E-1;9,370947E-1;;
30/11/2021  10:22:49,292822;9,413820E-1;1,270543E-1;1,433221E-1;9,372025E-1;;
30/11/2021  10:22:49,292922;9,412062E-1;1,337445E-1;1,272095E-1;9,373121E-1;;
30/11/2021  10:22:49,293022;9,407353E-1;1,429833E-1;1,224705E-1;9,374233E-1;;
30/11/2021  10:22:49,293122;9,404611E-1;1,611423E-1;1,328963E-1;9,375360E-1;;
30/11/2021  10:22:49,293222;9,396535E-1;1,678325E-1;1,388990E-1;9,376500E-1;;
30/11/2021  10:22:49,293322;9,402674E-1;1,611423E-1;1,420583E-1;9,377647E-1;;
30/11/2021  10:22:49,293422;9,400856E-1;1,442576E-1;1,695444E-1;9,378798E-1;;
30/11/2021  10:22:49,293522;9,395730E-1;1,213198E-1;1,246821E-1;9,379949E-1;;
30/11/2021  10:22:49,293622;9,398174E-1;1,289658E-1;1,423743E-1;9,381097E-1;;
30/11/2021  10:22:49,293722;9,395998E-1;1,343816E-1;1,366875E-1;9,382236E-1;;
30/11/2021  10:22:49,293822;9,383749E-1;1,292843E-1;1,300529E-1;9,383363E-1;;
30/11/2021  10:22:49,293922;9,390634E-1;1,251428E-1;1,275255E-1;9,384473E-1;;
30/11/2021  10:22:49,294022;9,387981E-1;1,327887E-1;1,351078E-1;9,385561E-1;;
30/11/2021  10:22:49,294122;9,389471E-1;1,327887E-1;1,120448E-1;9,386621E-1;;
30/11/2021  10:22:49,294222;9,387892E-1;1,159040E-1;1,208909E-1;9,387650E-1;;
30/11/2021  10:22:49,294322;9,388518E-1;1,356559E-1;1,297370E-1;9,388645E-1;;
30/11/2021  10:22:49,294422;9,389471E-1;1,286472E-1;1,265777E-1;9,389602E-1;;
30/11/2021  10:22:49,294522;9,390634E-1;1,369303E-1;1,088855E-1;9,390518E-1;;
30/11/2021  10:22:49,294622;9,388965E-1;8,022302E-2;7,918786E-2;9,391391E-1;;
30/11/2021  10:22:49,294722;9,390336E-1;1,318330E-1;1,249980E-1;9,392220E-1;;
30/11/2021  10:22:49,294822;9,392482E-1;3,944478E-2;7,792413E-2;9,393004E-1;;
30/11/2021  10:22:49,294922;9,399813E-1;5,186940E-2;1,038306E-1;9,393741E-1;;
30/11/2021  10:22:49,295022;9,406519E-1;1,200455E-1;1,205749E-1;9,394433E-1;;
30/11/2021  10:22:49,295122;9,392332E-1;1,487177E-1;1,625939E-1;9,395081E-1;;
30/11/2021  10:22:49,295222;9,400528E-1;1,299215E-1;1,328963E-1;9,395687E-1;;
30/11/2021  10:22:49,295322;9,407621E-1;1,267357E-1;1,272095E-1;9,396253E-1;;
30/11/2021  10:22:49,295422;9,413075E-1;1,280100E-1;1,281573E-1;9,396779E-1;;
30/11/2021  10:22:49,295522;9,410274E-1;1,375674E-1;1,417424E-1;9,397271E-1;;
30/11/2021  10:22:49,295622;9,408843E-1;1,464877E-1;1,411105E-1;9,397732E-1;;
30/11/2021  10:22:49,295722;9,412569E-1;1,216384E-1;1,297370E-1;9,398165E-1;;
30/11/2021  10:22:49,295822;9,404909E-1;1,245056E-1;1,224705E-1;9,398573E-1;;
30/11/2021  10:22:49,295922;9,406042E-1;1,340630E-1;1,335282E-1;9,398958E-1;;
30/11/2021  10:22:49,296022;9,410572E-1;1,251428E-1;1,300529E-1;9,399322E-1;;
30/11/2021  10:22:49,296122;9,413314E-1;1,012493E-1;9,403666E-2;9,399667E-1;;
30/11/2021  10:22:49,296222;9,410691E-1;1,149482E-1;7,729226E-2;9,399995E-1;;
30/11/2021  10:22:49,296322;9,410095E-1;1,528593E-1;1,922915E-1;9,400309E-1;;
30/11/2021  10:22:49,296422;9,411317E-1;1,254614E-1;1,275255E-1;9,400611E-1;;
30/11/2021  10:22:49,296522;9,405505E-1;9,647060E-2;1,420583E-1;9,400901E-1;;
30/11/2021  10:22:49,296622;9,407115E-1;1,286472E-1;1,287892E-1;9,401182E-1;;
30/11/2021  10:22:49,296722;9,416950E-1;1,289658E-1;1,467973E-1;9,401453E-1;;
30/11/2021  10:22:49,296822;9,424043E-1;1,299215E-1;1,237343E-1;9,401716E-1;;
30/11/2021  10:22:49,296922;9,415489E-1;1,461691E-1;1,742834E-1;9,401975E-1;;
30/11/2021  10:22:49,297022;9,418291E-1;1,299215E-1;1,224705E-1;9,402232E-1;;
30/11/2021  10:22:49,297122;9,419364E-1;1,308772E-1;1,268936E-1;9,402489E-1;;
30/11/2021  10:22:49,297222;9,417695E-1;1,178155E-1;1,212068E-1;9,402747E-1;;
30/11/2021  10:22:49,297322;9,419692E-1;4,008194E-2;5,328143E-2;9,403009E-1;;
30/11/2021  10:22:49,297422;9,425384E-1;1,044351E-1;9,024547E-2;9,403276E-1;;
30/11/2021  10:22:49,297522;9,431017E-1;1,257800E-1;1,278414E-1;9,403550E-1;;
30/11/2021  10:22:49,297622;9,430838E-1;1,197269E-1;1,126766E-1;9,403834E-1;;
30/11/2021  10:22:49,297722;9,426785E-1;1,270543E-1;1,306848E-1;9,404130E-1;;
30/11/2021  10:22:49,297822;9,422195E-1;1,388417E-1;1,404787E-1;9,404441E-1;;
30/11/2021  10:22:49,297922;9,424192E-1;1,356559E-1;1,467973E-1;9,404767E-1;;
30/11/2021  10:22:49,298022;9,429169E-1;1,123996E-1;1,035146E-1;9,405110E-1;;
30/11/2021  10:22:49,298122;9,429854E-1;1,203641E-1;1,275255E-1;9,405468E-1;;
30/11/2021  10:22:49,298222;9,431374E-1;1,334259E-1;1,316326E-1;9,405844E-1;;
30/11/2021  10:22:49,298322;9,425026E-1;1,413904E-1;1,771268E-1;9,406238E-1;;
30/11/2021  10:22:49,298422;9,417844E-1;1,280100E-1;1,483770E-1;9,406650E-1;;
30/11/2021  10:22:49,298522;9,415609E-1;1,445762E-1;1,363715E-1;9,407079E-1;;
30/11/2021  10:22:49,298622;9,414893E-1;1,394789E-1;1,294210E-1;9,407521E-1;;
30/11/2021  10:22:49,298722;9,416175E-1;1,152668E-1;1,215227E-1;9,407974E-1;;
30/11/2021  10:22:49,298822;9,412330E-1;1,123996E-1;1,031987E-1;9,408435E-1;;
30/11/2021  10:22:49,298922;9,409380E-1;1,248242E-1;1,297370E-1;9,408901E-1;;
30/11/2021  10:22:49,299022;9,411585E-1;1,245056E-1;1,401627E-1;9,409368E-1;;
30/11/2021  10:22:49,299122;9,405297E-1;1,343816E-1;1,268936E-1;9,409834E-1;;
30/11/2021  10:22:49,299222;9,401273E-1;1,614609E-1;1,941871E-1;9,410294E-1;;
30/11/2021  10:22:49,299322;9,404433E-1;1,143111E-1;1,240502E-1;9,410744E-1;;
30/11/2021  10:22:49,299422;9,407055E-1;1,280100E-1;1,313166E-1;9,411181E-1;;
30/11/2021  10:22:49,299522;9,407711E-1;1,111253E-1;1,167838E-1;9,411601E-1;;
30/11/2021  10:22:49,299622;9,402764E-1;1,327887E-1;1,360556E-1;9,412003E-1;;
30/11/2021  10:22:49,299722;9,406549E-1;6,110822E-2;5,928414E-2;9,412384E-1;;
30/11/2021  10:22:49,299822;9,407204E-1;1,225942E-1;1,284732E-1;9,412741E-1;;
30/11/2021  10:22:49,299922;9,406519E-1;1,264171E-1;1,458495E-1;9,413075E-1;;
30/11/2021  10:22:49,300022;9,416264E-1;1,101695E-1;1,218387E-1;9,413383E-1;;
30/11/2021  10:22:49,300122;9,410155E-1;1,184526E-1;1,215227E-1;9,413667E-1;;
30/11/2021  10:22:49,300222;9,413761E-1;1,063466E-1;1,180475E-1;9,413926E-1;;
30/11/2021  10:22:49,300322;9,410214E-1;1,053908E-1;1,057261E-1;9,414162E-1;;
30/11/2021  10:22:49,300422;9,412807E-1;1,139925E-1;1,338441E-1;9,414374E-1;;
30/11/2021  10:22:49,300522;9,413284E-1;1,350188E-1;1,354238E-1;9,414563E-1;;
30/11/2021  10:22:49,300622;9,412509E-1;9,997498E-2;1,054102E-1;9,414731E-1;;
30/11/2021  10:22:49,300722;9,422553E-1;9,678918E-2;1,110970E-1;9,414879E-1;;
30/11/2021  10:22:49,300822;9,425235E-1;1,831244E-1;1,853410E-1;9,415007E-1;;
30/11/2021  10:22:49,300922;9,423328E-1;1,012493E-1;1,031987E-1;9,415121E-1;;
30/11/2021  10:22:49,301022;9,423834E-1;1,009307E-1;1,325804E-1;9,415222E-1;;
30/11/2021  10:22:49,301122;9,426129E-1;1,210013E-1;1,366875E-1;9,415313E-1;;
30/11/2021  10:22:49,301222;9,422344E-1;1,369303E-1;1,420583E-1;9,415397E-1;;
30/11/2021  10:22:49,301322;9,425712E-1;1,483991E-1;1,376353E-1;9,415477E-1;;
30/11/2021  10:22:49,301422;9,432149E-1;1,805757E-1;1,600664E-1;9,415554E-1;;
30/11/2021  10:22:49,301522;9,433967E-1;1,754784E-1;1,534319E-1;9,415631E-1;;
30/11/2021  10:22:49,301622;9,434861E-1;1,732484E-1;1,720719E-1;9,415712E-1;;
30/11/2021  10:22:49,301722;9,433103E-1;1,350188E-1;1,082536E-1;9,415800E-1;;
30/11/2021  10:22:49,301822;9,431583E-1;1,069837E-1;8,455870E-2;9,415897E-1;;
30/11/2021  10:22:49,301922;9,428156E-1;1,168597E-1;1,534319E-1;9,416006E-1;;
30/11/2021  10:22:49,302022;9,433461E-1;1,165411E-1;1,268936E-1;9,416128E-1;;
30/11/2021  10:22:49,302122;9,439332E-1;1,280100E-1;1,085695E-1;9,416264E-1;;
30/11/2021  10:22:49,302222;9,441209E-1;1,232313E-1;1,174156E-1;9,416416E-1;;
30/11/2021  10:22:49,302322;9,435815E-1;6,620550E-2;2,579535E-2;9,416586E-1;;
30/11/2021  10:22:49,302422;9,442670E-1;1,611423E-1;1,780746E-1;9,416777E-1;;
30/11/2021  10:22:49,302522;9,432954E-1;1,267357E-1;1,417424E-1;9,416988E-1;;
30/11/2021  10:22:49,302622;9,437335E-1;1,608238E-1;1,764949E-1;9,417222E-1;;
30/11/2021  10:22:49,302722;9,442193E-1;8,691320E-2;1,060421E-1;9,417479E-1;;
30/11/2021  10:22:49,302822;9,446455E-1;1,283286E-1;1,272095E-1;9,417758E-1;;
30/11/2021  10:22:49,302922;9,450985E-1;1,254614E-1;1,174156E-1;9,418062E-1;;
30/11/2021  10:22:49,303022;9,451938E-1;6,684266E-2;1,657532E-1;9,418393E-1;;
30/11/2021  10:22:49,303122;9,442908E-1;-5,475002E-3;7,950379E-2;9,418752E-1;;
30/11/2021  10:22:49,303222;9,440435E-1;1,248242E-1;1,212068E-1;9,419139E-1;;
30/11/2021  10:22:49,303322;9,442282E-1;1,229127E-1;1,243661E-1;9,419555E-1;;
30/11/2021  10:22:49,303422;9,447557E-1;1,260985E-1;1,259458E-1;9,419998E-1;;
30/11/2021  10:22:49,303522;9,451730E-1;1,200455E-1;1,196272E-1;9,420468E-1;;
30/11/2021  10:22:49,303622;9,455247E-1;1,181340E-1;1,212068E-1;9,420964E-1;;
30/11/2021  10:22:49,303722;9,448839E-1;1,095324E-1;1,063580E-1;9,421488E-1;;
30/11/2021  10:22:49,303822;9,444547E-1;1,143111E-1;1,110970E-1;9,422038E-1;;
30/11/2021  10:22:49,303922;9,444667E-1;1,117624E-1;1,708081E-1;9,422615E-1;;
30/11/2021  10:22:49,304022;9,447319E-1;1,044351E-1;1,379512E-1;9,423215E-1;;
30/11/2021  10:22:49,304122;9,446634E-1;1,378860E-1;1,610142E-1;9,423838E-1;;
30/11/2021  10:22:49,304222;9,443683E-1;1,254614E-1;1,885003E-1;9,424480E-1;;
30/11/2021  10:22:49,304322;9,443743E-1;1,260985E-1;9,119327E-2;9,425140E-1;;
30/11/2021  10:22:49,304422;9,438348E-1;1,299215E-1;1,177316E-1;9,425816E-1;;
30/11/2021  10:22:49,304522;9,433401E-1;1,334259E-1;1,231024E-1;9,426503E-1;;
30/11/2021  10:22:49,304622;9,428692E-1;1,331073E-1;1,101492E-1;9,427198E-1;;
30/11/2021  10:22:49,304722;9,425324E-1;1,324701E-1;1,322644E-1;9,427896E-1;;
30/11/2021  10:22:49,304822;9,425533E-1;1,187712E-1;1,133085E-1;9,428590E-1;;
30/11/2021  10:22:49,304922;9,422910E-1;1,248242E-1;1,417424E-1;9,429277E-1;;
30/11/2021  10:22:49,305022;9,412599E-1;1,347002E-1;1,199431E-1;9,429949E-1;;
30/11/2021  10:22:49,305122;9,407294E-1;-6,441230E-2;3,148212E-2;9,430602E-1;;
30/11/2021  10:22:49,305222;9,402972E-1;1,146297E-1;9,656411E-2;9,431227E-1;;
30/11/2021  10:22:49,305322;9,402078E-1;1,085766E-1;9,214107E-2;9,431818E-1;;
30/11/2021  10:22:49,305422;9,399485E-1;1,273729E-1;1,117289E-1;9,432368E-1;;
30/11/2021  10:22:49,305522;9,401720E-1;1,394789E-1;1,676488E-1;9,432870E-1;;
30/11/2021  10:22:49,305622;9,404015E-1;1,060280E-1;1,158360E-1;9,433319E-1;;
30/11/2021  10:22:49,305722;9,398800E-1;1,235499E-1;1,328963E-1;9,433710E-1;;
30/11/2021  10:22:49,305822;9,392601E-1;1,222756E-1;1,310007E-1;9,434039E-1;;
30/11/2021  10:22:49,305922;9,383451E-1;1,245056E-1;1,281573E-1;9,434303E-1;;
30/11/2021  10:22:49,306022;9,383064E-1;1,235499E-1;1,224705E-1;9,434497E-1;;
30/11/2021  10:22:49,306122;9,385061E-1;1,311958E-1;1,221546E-1;9,434616E-1;;
30/11/2021  10:22:49,306222;9,383839E-1;1,203641E-1;9,972343E-2;9,434655E-1;;
30/11/2021  10:22:49,306322;9,385359E-1;1,203641E-1;1,249980E-1;9,434614E-1;;
30/11/2021  10:22:49,306422;9,379815E-1;1,296029E-1;1,291051E-1;9,434488E-1;;
30/11/2021  10:22:49,306522;9,374123E-1;1,181340E-1;1,066739E-1;9,434278E-1;;
30/11/2021  10:22:49,306622;9,368490E-1;1,273729E-1;1,145722E-1;9,433981E-1;;
30/11/2021  10:22:49,306722;9,370517E-1;1,433019E-1;1,584868E-1;9,433595E-1;;
30/11/2021  10:22:49,306822;9,373169E-1;1,340630E-1;1,319485E-1;9,433119E-1;;
30/11/2021  10:22:49,306922;9,372305E-1;1,366117E-1;1,341600E-1;9,432552E-1;;
30/11/2021  10:22:49,307022;9,371947E-1;3,084312E-2;9,050951E-3;9,431896E-1;;
30/11/2021  10:22:49,307122;9,367536E-1;7,990444E-2;8,045158E-2;9,431152E-1;;
30/11/2021  10:22:49,307222;9,365689E-1;1,340630E-1;1,338441E-1;9,430321E-1;;
30/11/2021  10:22:49,307322;9,361337E-1;1,359745E-1;1,401627E-1;9,429404E-1;;
30/11/2021  10:22:49,307422;9,365212E-1;1,302401E-1;1,313166E-1;9,428404E-1;;
30/11/2021  10:22:49,307522;9,373944E-1;1,254614E-1;1,227865E-1;9,427322E-1;;
30/11/2021  10:22:49,307622;9,368043E-1;1,404346E-1;1,357397E-1;9,426163E-1;;
30/11/2021  10:22:49,307722;9,365480E-1;1,483991E-1;1,347919E-1;9,424931E-1;;
30/11/2021  10:22:49,307822;9,364795E-1;1,232313E-1;1,189953E-1;9,423630E-1;;
30/11/2021  10:22:49,307922;9,361993E-1;1,267357E-1;1,268936E-1;9,422263E-1;;
30/11/2021  10:22:49,308022;9,367030E-1;1,213198E-1;1,183634E-1;9,420836E-1;;
30/11/2021  10:22:49,308122;9,367000E-1;1,123996E-1;1,167838E-1;9,419353E-1;;
30/11/2021  10:22:49,308222;9,370755E-1;-5,793582E-3;5,106991E-2;9,417819E-1;;
30/11/2021  10:22:49,308322;9,374063E-1;1,280100E-1;1,809180E-1;9,416239E-1;;
30/11/2021  10:22:49,308422;9,371053E-1;1,123996E-1;1,202590E-1;9,414621E-1;;
30/11/2021  10:22:49,308522;9,360712E-1;1,069837E-1;1,202590E-1;9,412970E-1;;
30/11/2021  10:22:49,308622;9,355436E-1;9,328480E-2;1,019350E-1;9,411292E-1;;
30/11/2021  10:22:49,308722;9,358446E-1;1,114439E-1;1,193112E-1;9,409589E-1;;
30/11/2021  10:22:49,308822;9,360741E-1;8,532030E-2;1,145722E-1;9,407866E-1;;
30/11/2021  10:22:49,308922;9,361993E-1;8,978042E-2;9,688005E-2;9,406125E-1;;
30/11/2021  10:22:49,309022;9,361606E-1;1,394789E-1;1,859729E-1;9,404372E-1;;
30/11/2021  10:22:49,309122;9,358685E-1;1,088952E-1;1,189953E-1;9,402610E-1;;
30/11/2021  10:22:49,309222;9,349714E-1;1,273729E-1;1,335282E-1;9,400843E-1;;
30/11/2021  10:22:49,309322;9,345482E-1;1,190898E-1;1,243661E-1;9,399073E-1;;
30/11/2021  10:22:49,309422;9,349476E-1;1,439390E-1;1,461654E-1;9,397303E-1;;
30/11/2021  10:22:49,309522;9,346466E-1;1,436204E-1;1,073058E-1;9,395533E-1;;
30/11/2021  10:22:49,309622;9,343903E-1;1,802571E-1;1,629098E-1;9,393766E-1;;
30/11/2021  10:22:49,309722;9,350251E-1;1,789828E-1;1,464814E-1;9,392002E-1;;
30/11/2021  10:22:49,309822;9,343426E-1;1,636910E-1;1,477451E-1;9,390245E-1;;
30/11/2021  10:22:49,309922;9,342979E-1;1,362931E-1;1,467973E-1;9,388494E-1;;
30/11/2021  10:22:49,310022;9,341518E-1;1,598680E-1;1,663851E-1;9,386753E-1;;
30/11/2021  10:22:49,310122;9,342740E-1;8,022302E-2;9,308886E-2;9,385022E-1;;
30/11/2021  10:22:49,310222;9,351532E-1;1,280100E-1;1,332122E-1;9,383303E-1;;
30/11/2021  10:22:49,310322;9,349833E-1;9,201048E-2;9,593225E-2;9,381598E-1;;
30/11/2021  10:22:49,310422;9,347777E-1;1,595494E-1;1,954508E-1;9,379912E-1;;
30/11/2021  10:22:49,310522;9,348045E-1;1,356559E-1;1,663851E-1;9,378246E-1;;
30/11/2021  10:22:49,310622;9,342740E-1;1,251428E-1;1,306848E-1;9,376604E-1;;
30/11/2021  10:22:49,310722;9,343187E-1;1,359745E-1;1,376353E-1;9,374987E-1;;
30/11/2021  10:22:49,310822;9,347062E-1;1,280100E-1;1,202590E-1;9,373397E-1;;
30/11/2021  10:22:49,310922;9,350370E-1;1,057094E-1;1,003553E-1;9,371836E-1;;
30/11/2021  10:22:49,311022;9,350578E-1;1,331073E-1;1,240502E-1;9,370306E-1;;
30/11/2021  10:22:49,311122;9,349953E-1;1,366117E-1;1,449017E-1;9,368811E-1;;
30/11/2021  10:22:49,311222;9,344648E-1;1,299215E-1;1,275255E-1;9,367352E-1;;
30/11/2021  10:22:49,311322;9,339671E-1;1,270543E-1;1,325804E-1;9,365931E-1;;
30/11/2021  10:22:49,311422;9,343724E-1;7,703722E-2;1,000394E-1;9,364548E-1;;
30/11/2021  10:22:49,311522;9,353320E-1;1,353374E-1;1,477451E-1;9,363205E-1;;
30/11/2021  10:22:49,311622;9,351473E-1;1,299215E-1;1,480610E-1;9,361903E-1;;
30/11/2021  10:22:49,311722;9,356330E-1;1,828058E-1;1,461654E-1;9,360644E-1;;
30/11/2021  10:22:49,311822;9,351771E-1;1,302401E-1;1,284732E-1;9,359431E-1;;
30/11/2021  10:22:49,311922;9,354811E-1;1,257800E-1;1,272095E-1;9,358265E-1;;
30/11/2021  10:22:49,312022;9,348910E-1;1,598680E-1;1,689125E-1;9,357149E-1;;
30/11/2021  10:22:49,312122;9,357940E-1;1,308772E-1;1,401627E-1;9,356083E-1;;
30/11/2021  10:22:49,312222;9,366642E-1;1,321516E-1;1,316326E-1;9,355070E-1;;
30/11/2021  10:22:49,312322;9,360592E-1;1,200455E-1;1,212068E-1;9,354112E-1;;
30/11/2021  10:22:49,312422;9,368043E-1;1,194084E-1;1,003553E-1;9,353211E-1;;
30/11/2021  10:22:49,312522;9,365778E-1;1,340630E-1;1,565912E-1;9,352370E-1;;
30/11/2021  10:22:49,312622;9,367685E-1;7,353284E-2;1,205749E-1;9,351592E-1;;
30/11/2021  10:22:49,312722;9,364169E-1;1,066652E-1;9,751191E-2;9,350877E-1;;
30/11/2021  10:22:49,312822;9,371649E-1;1,254614E-1;1,243661E-1;9,350228E-1;;
30/11/2021  10:22:49,312922;9,379279E-1;5,696668E-2;1,126766E-1;9,349646E-1;;
30/11/2021  10:22:49,313022;9,389173E-1;9,742634E-2;9,814378E-2;9,349133E-1;;
30/11/2021  10:22:49,313122;9,388458E-1;1,165411E-1;1,373193E-1;9,348693E-1;;
30/11/2021  10:22:49,313222;9,386819E-1;1,187712E-1;1,303688E-1;9,348329E-1;;
30/11/2021  10:22:49,313322;9,386431E-1;1,299215E-1;1,297370E-1;9,348045E-1;;
30/11/2021  10:22:49,313422;9,395879E-1;1,369303E-1;1,338441E-1;9,347842E-1;;
30/11/2021  10:22:49,313522;9,401929E-1;1,257800E-1;1,259458E-1;9,347722E-1;;
30/11/2021  10:22:49,313622;9,401989E-1;1,305587E-1;1,287892E-1;9,347689E-1;;
30/11/2021  10:22:49,313722;9,406489E-1;1,356559E-1;1,417424E-1;9,347744E-1;;
30/11/2021  10:22:49,313822;9,402704E-1;2,224146E-2;7,918786E-2;9,347890E-1;;
30/11/2021  10:22:49,313922;9,404641E-1;1,302401E-1;1,357397E-1;9,348129E-1;;
30/11/2021  10:22:49,314022;9,408724E-1;1,404346E-1;1,847091E-1;9,348460E-1;;
30/11/2021  10:22:49,314122;9,406876E-1;3,976336E-2;1,133085E-1;9,348885E-1;;
30/11/2021  10:22:49,314222;9,416533E-1;4,645354E-2;9,814378E-2;9,349402E-1;;
30/11/2021  10:22:49,314322;9,413701E-1;8,946184E-2;1,057261E-1;9,350011E-1;;
30/11/2021  10:22:49,314422;9,417903E-1;8,532030E-2;6,655058E-2;9,350713E-1;;
30/11/2021  10:22:49,314522;9,414893E-1;1,570008E-1;1,606983E-1;9,351506E-1;;
30/11/2021  10:22:49,314622;9,411019E-1;1,213198E-1;1,294210E-1;9,352389E-1;;
30/11/2021  10:22:49,314722;9,408545E-1;1,353374E-1;1,388990E-1;9,353359E-1;;
30/11/2021  10:22:49,314822;9,407234E-1;1,751599E-1;1,496407E-1;9,354411E-1;;
30/11/2021  10:22:49,314922;9,415013E-1;1,311958E-1;1,310007E-1;9,355541E-1;;
30/11/2021  10:22:49,315022;9,415549E-1;9,328480E-2;9,530039E-2;9,356745E-1;;
30/11/2021  10:22:49,315122;9,415460E-1;1,318330E-1;1,227865E-1;9,358018E-1;;
30/11/2021  10:22:49,315222;9,417695E-1;1,397975E-1;1,082536E-1;9,359356E-1;;
30/11/2021  10:22:49,315322;9,404760E-1;1,401161E-1;1,313166E-1;9,360756E-1;;
30/11/2021  10:22:49,315422;9,407472E-1;1,111253E-1;1,180475E-1;9,362211E-1;;
30/11/2021  10:22:49,315522;9,416652E-1;1,311958E-1;1,351078E-1;9,363714E-1;;
30/11/2021  10:22:49,315622;9,416443E-1;1,178155E-1;1,155200E-1;9,365261E-1;;
30/11/2021  10:22:49,315722;9,412658E-1;1,483991E-1;1,322644E-1;9,366847E-1;;
30/11/2021  10:22:49,315822;9,415817E-1;1,523270E-2;7,128955E-2;9,368466E-1;;
30/11/2021  10:22:49,315922;9,412301E-1;1,544522E-1;1,455336E-1;9,370114E-1;;
30/11/2021  10:22:49,316022;9,414357E-1;9,328480E-2;1,388990E-1;9,371785E-1;;
30/11/2021  10:22:49,316122;9,410483E-1;1,308772E-1;1,546956E-1;9,373475E-1;;
30/11/2021  10:22:49,316222;9,415519E-1;1,006121E-1;1,215227E-1;9,375177E-1;;
30/11/2021  10:22:49,316322;9,416592E-1;1,235499E-1;1,246821E-1;9,376887E-1;;
30/11/2021  10:22:49,316422;9,420467E-1;4,868360E-2;9,277293E-2;9,378600E-1;;
30/11/2021  10:22:49,316522;9,413820E-1;1,108067E-1;1,050943E-1;9,380313E-1;;
30/11/2021  10:22:49,316622;9,417009E-1;9,264764E-2;9,877564E-2;9,382021E-1;;
30/11/2021  10:22:49,316722;9,410214E-1;1,375674E-1;1,701763E-1;9,383722E-1;;
30/11/2021  10:22:49,316822;9,409976E-1;-3,574010E-2;7,602853E-2;9,385409E-1;;
30/11/2021  10:22:49,316922;9,418082E-1;9,774492E-2;1,069899E-1;9,387078E-1;;
30/11/2021  10:22:49,317022;9,414595E-1;1,101695E-1;1,322644E-1;9,388726E-1;;
30/11/2021  10:22:49,317122;9,413850E-1;9,742634E-2;9,972343E-2;9,390350E-1;;
30/11/2021  10:22:49,317222;9,409082E-1;8,436456E-2;8,677022E-2;9,391945E-1;;
30/11/2021  10:22:49,317322;9,406250E-1;9,742634E-2;9,656411E-2;9,393508E-1;;
30/11/2021  10:22:49,317422;9,402525E-1;1,053908E-1;1,414265E-1;9,395034E-1;;
30/11/2021  10:22:49,317522;9,405327E-1;1,299215E-1;1,231024E-1;9,396520E-1;;
30/11/2021  10:22:49,317622;9,403807E-1;1,601866E-1;1,941871E-1;9,397961E-1;;
30/11/2021  10:22:49,317722;9,401840E-1;1,225942E-1;1,275255E-1;9,399352E-1;;
30/11/2021  10:22:49,317822;9,401929E-1;1,770713E-1;1,654373E-1;9,400692E-1;;
30/11/2021  10:22:49,317922;9,395909E-1;1,595494E-1;1,581709E-1;9,401975E-1;;
30/11/2021  10:22:49,318022;9,389948E-1;1,608238E-1;1,477451E-1;9,403199E-1;;
30/11/2021  10:22:49,318122;9,385090E-1;1,388417E-1;1,360556E-1;9,404359E-1;;
30/11/2021  10:22:49,318222;9,389173E-1;1,417090E-1;1,404787E-1;9,405451E-1;;
30/11/2021  10:22:49,318322;9,395909E-1;1,130368E-1;7,350108E-2;9,406471E-1;;
30/11/2021  10:22:49,318422;9,389561E-1;1,200455E-1;1,253139E-1;9,407416E-1;;
30/11/2021  10:22:49,318522;9,384852E-1;1,082581E-1;1,066739E-1;9,408284E-1;;
30/11/2021  10:22:49,318622;9,385478E-1;1,200455E-1;1,117289E-1;9,409074E-1;;
30/11/2021  10:22:49,318722;9,379279E-1;7,863012E-2;7,381701E-2;9,409784E-1;;
30/11/2021  10:22:49,318822;9,378713E-1;1,305587E-1;1,341600E-1;9,410410E-1;;
30/11/2021  10:22:49,318922;9,386759E-1;1,181340E-1;1,139404E-1;9,410952E-1;;
30/11/2021  10:22:49,319022;9,389233E-1;7,799296E-2;1,411105E-1;9,411409E-1;;
30/11/2021  10:22:49,319122;9,389501E-1;5,155082E-2;7,381701E-2;9,411783E-1;;
30/11/2021  10:22:49,319222;9,387504E-1;2,351578E-2;7,255328E-2;9,412074E-1;;
30/11/2021  10:22:49,319322;9,382617E-1;1,238685E-1;1,272095E-1;9,412285E-1;;
30/11/2021  10:22:49,319422;9,379368E-1;1,181340E-1;1,287892E-1;9,412418E-1;;
30/11/2021  10:22:49,319522;9,377610E-1;1,241871E-1;1,265777E-1;9,412473E-1;;
30/11/2021  10:22:49,319622;9,382647E-1;1,248242E-1;1,316326E-1;9,412451E-1;;
30/11/2021  10:22:49,319722;9,381037E-1;1,273729E-1;1,325804E-1;9,412355E-1;;
30/11/2021  10:22:49,319822;9,382617E-1;1,257800E-1;1,253139E-1;9,412186E-1;;
30/11/2021  10:22:49,319922;9,373408E-1;1,187712E-1;1,155200E-1;9,411947E-1;;
30/11/2021  10:22:49,320022;9,370755E-1;1,213198E-1;1,180475E-1;9,411640E-1;;
30/11/2021  10:22:49,320122;9,361099E-1;1,143111E-1;1,193112E-1;9,411266E-1;;
30/11/2021  10:22:49,320222;9,366434E-1;1,296029E-1;1,303688E-1;9,410826E-1;;
30/11/2021  10:22:49,320322;9,365003E-1;1,225942E-1;1,275255E-1;9,410319E-1;;
30/11/2021  10:22:49,320422;9,369801E-1;2,861306E-2;4,854245E-2;9,409747E-1;;
30/11/2021  10:22:49,320522;9,371172E-1;2,426988E-1;2,643240E-1;9,409112E-1;;
30/11/2021  10:22:49,320622;9,365063E-1;1,292843E-1;1,316326E-1;9,408416E-1;;
30/11/2021  10:22:49,320722;9,362857E-1;1,187712E-1;1,246821E-1;9,407663E-1;;
30/11/2021  10:22:49,320822;9,365927E-1;1,213198E-1;1,145722E-1;9,406855E-1;;
30/11/2021  10:22:49,320922;9,366314E-1;6,047106E-2;1,237343E-1;9,405994E-1;;
30/11/2021  10:22:49,321022;9,373825E-1;1,267357E-1;1,221546E-1;9,405084E-1;;
30/11/2021  10:22:49,321122;9,376209E-1;1,620981E-1;2,005057E-1;9,404128E-1;;
30/11/2021  10:22:49,321222;9,372513E-1;1,327887E-1;1,328963E-1;9,403133E-1;;
30/11/2021  10:22:49,321322;9,381812E-1;1,331073E-1;1,291051E-1;9,402104E-1;;
30/11/2021  10:22:49,321422;9,377401E-1;1,117624E-1;1,066739E-1;9,401046E-1;;
30/11/2021  10:22:49,321522;9,383719E-1;1,308772E-1;1,351078E-1;9,399965E-1;;
30/11/2021  10:22:49,321622;9,392124E-1;8,818752E-2;6,591871E-2;9,398869E-1;;
30/11/2021  10:22:49,321722;9,397280E-1;1,283286E-1;1,420583E-1;9,397763E-1;;
30/11/2021  10:22:49,321822;9,397816E-1;1,245056E-1;1,085695E-1;9,396657E-1;;
30/11/2021  10:22:49,321922;9,405863E-1;1,292843E-1;1,240502E-1;9,395559E-1;;
30/11/2021  10:22:49,322022;9,404373E-1;1,337445E-1;1,398468E-1;9,394477E-1;;
30/11/2021  10:22:49,322122;9,397846E-1;1,480806E-1;1,692285E-1;9,393419E-1;;
30/11/2021  10:22:49,322222;9,405565E-1;1,098510E-1;1,158360E-1;9,392392E-1;;
30/11/2021  10:22:49,322322;9,411734E-1;1,308772E-1;1,310007E-1;9,391403E-1;;
30/11/2021  10:22:49,322422;9,416831E-1;4,040052E-2;1,025668E-1;9,390459E-1;;
30/11/2021  10:22:49,322522;9,406727E-1;1,671954E-1;2,014535E-1;9,389565E-1;;
30/11/2021  10:22:49,322622;9,409827E-1;1,522221E-1;1,771268E-1;9,388728E-1;;
30/11/2021  10:22:49,322722;9,406847E-1;1,343816E-1;1,215227E-1;9,387952E-1;;
30/11/2021  10:22:49,322822;9,403211E-1;1,331073E-1;1,332122E-1;9,387240E-1;;
30/11/2021  10:22:49,322922;9,404075E-1;1,248242E-1;1,278414E-1;9,386594E-1;;
30/11/2021  10:22:49,323022;9,403300E-1;1,236548E-2;6,876210E-2;9,386015E-1;;
30/11/2021  10:22:49,323122;9,405505E-1;1,321516E-1;1,442698E-1;9,385503E-1;;
30/11/2021  10:22:49,323222;9,406668E-1;1,276914E-1;1,360556E-1;9,385058E-1;;
30/11/2021  10:22:49,323322;9,396028E-1;1,206827E-1;1,167838E-1;9,384681E-1;;
30/11/2021  10:22:49,323422;9,399962E-1;1,299215E-1;1,360556E-1;9,384370E-1;;
30/11/2021  10:22:49,323522;9,397965E-1;1,436204E-1;1,521681E-1;9,384123E-1;;
30/11/2021  10:22:49,323622;9,397786E-1;7,958586E-2;1,347919E-1;9,383937E-1;;
30/11/2021  10:22:49,323722;9,402108E-1;1,289658E-1;1,474292E-1;9,383811E-1;;
30/11/2021  10:22:49,323822;9,399038E-1;4,868360E-2;9,214107E-2;9,383741E-1;;
30/11/2021  10:22:49,323922;9,400648E-1;1,283286E-1;1,303688E-1;9,383726E-1;;
30/11/2021  10:22:49,324022;9,393495E-1;1,292843E-1;1,310007E-1;9,383763E-1;;
30/11/2021  10:22:49,324122;9,394270E-1;1,930003E-1;1,935552E-1;9,383847E-1;;
30/11/2021  10:22:49,324222;9,395372E-1;1,433019E-1;1,395309E-1;9,383977E-1;;
30/11/2021  10:22:49,324322;9,398383E-1;1,327887E-1;1,243661E-1;9,384148E-1;;
30/11/2021  10:22:49,324422;9,401095E-1;1,232313E-1;1,253139E-1;9,384356E-1;;
30/11/2021  10:22:49,324522;9,397369E-1;1,136739E-1;1,167838E-1;9,384600E-1;;
30/11/2021  10:22:49,324622;9,392660E-1;1,165411E-1;1,155200E-1;9,384877E-1;;
30/11/2021  10:22:49,324722;9,386282E-1;1,079395E-1;1,079377E-1;9,385182E-1;;
30/11/2021  10:22:49,324822;9,388518E-1;9,201048E-2;9,719598E-2;9,385512E-1;;
30/11/2021  10:22:49,324922;9,390544E-1;9,742634E-2;1,136244E-1;9,385862E-1;;
30/11/2021  10:22:49,325022;9,391111E-1;1,136739E-1;1,486929E-1;9,386228E-1;;
30/11/2021  10:22:49,325122;9,382647E-1;1,073023E-1;1,028828E-1;9,386606E-1;;
30/11/2021  10:22:49,325222;9,383332E-1;9,901924E-2;1,237343E-1;9,386992E-1;;
30/11/2021  10:22:49,325322;9,383690E-1;1,012493E-1;1,177316E-1;9,387381E-1;;
30/11/2021  10:22:49,325422;9,378116E-1;1,079395E-1;1,158360E-1;9,387769E-1;;
30/11/2021  10:22:49,325522;9,378146E-1;9,901924E-2;1,142563E-1;9,388153E-1;;
30/11/2021  10:22:49,325622;9,378414E-1;1,022050E-1;1,136244E-1;9,388526E-1;;
30/11/2021  10:22:49,325722;9,377073E-1;1,251428E-1;1,284732E-1;9,388886E-1;;
30/11/2021  10:22:49,325822;9,376179E-1;1,433019E-1;1,578549E-1;9,389229E-1;;
30/11/2021  10:22:49,325922;9,374123E-1;1,366117E-1;1,370034E-1;9,389552E-1;;
30/11/2021  10:22:49,326022;9,375732E-1;1,767528E-1;1,992420E-1;9,389850E-1;;
30/11/2021  10:22:49,326122;9,370517E-1;9,774492E-2;1,009872E-1;9,390122E-1;;
30/11/2021  10:22:49,326222;9,373467E-1;1,691068E-1;1,821817E-1;9,390364E-1;;
30/11/2021  10:22:49,326322;9,381872E-1;1,013542E-2;2,958653E-2;9,390574E-1;;
30/11/2021  10:22:49,326422;9,375077E-1;2,542726E-2;8,171531E-2;9,390752E-1;;
30/11/2021  10:22:49,326522;9,380739E-1;1,127182E-1;1,054102E-1;9,390896E-1;;
30/11/2021  10:22:49,326622;9,381186E-1;1,426647E-1;1,398468E-1;9,391007E-1;;
30/11/2021  10:22:49,326722;9,381365E-1;1,640096E-1;1,471132E-1;9,391086E-1;;
30/11/2021  10:22:49,326822;9,377193E-1;1,308772E-1;1,335282E-1;9,391133E-1;;
30/11/2021  10:22:49,326922;9,383928E-1;7,831154E-2;9,719598E-2;9,391149E-1;;
30/11/2021  10:22:49,327022;9,393316E-1;1,260985E-1;1,212068E-1;9,391136E-1;;
30/11/2021  10:22:49,327122;9,399187E-1;8,532030E-2;8,424277E-2;9,391097E-1;;
30/11/2021  10:22:49,327222;9,405029E-1;1,251428E-1;1,231024E-1;9,391035E-1;;
30/11/2021  10:22:49,327322;9,399217E-1;1,391603E-1;1,461654E-1;9,390957E-1;;
30/11/2021  10:22:49,327422;9,396803E-1;1,200455E-1;1,310007E-1;9,390867E-1;;
30/11/2021  10:22:49,327522;9,398532E-1;1,324701E-1;1,319485E-1;9,390770E-1;;
30/11/2021  10:22:49,327622;9,398800E-1;1,197269E-1;1,297370E-1;9,390667E-1;;
30/11/2021  10:22:49,327722;9,406757E-1;9,392196E-2;1,133085E-1;9,390564E-1;;
30/11/2021  10:22:49,327822;9,411108E-1;8,340882E-2;7,192142E-2;9,390463E-1;;
30/11/2021  10:22:49,327922;9,401601E-1;5,824100E-2;8,297904E-2;9,390369E-1;;
30/11/2021  10:22:49,328022;9,399247E-1;1,343816E-1;1,291051E-1;9,390286E-1;;
30/11/2021  10:22:49,328122;9,397310E-1;1,327887E-1;1,439539E-1;9,390215E-1;;
30/11/2021  10:22:49,328222;9,393256E-1;1,343816E-1;1,464814E-1;9,390157E-1;;
30/11/2021  10:22:49,328322;9,394687E-1;7,958586E-2;9,182514E-2;9,390112E-1;;
30/11/2021  10:22:49,328422;9,396356E-1;1,302401E-1;1,275255E-1;9,390081E-1;;
30/11/2021  10:22:49,328522;9,394598E-1;1,436204E-1;1,682807E-1;9,390062E-1;;
30/11/2021  10:22:49,328622;9,391200E-1;1,267357E-1;1,129926E-1;9,390056E-1;;
30/11/2021  10:22:49,328722;9,380501E-1;1,276914E-1;1,142563E-1;9,390062E-1;;
30/11/2021  10:22:49,328822;9,381782E-1;1,044351E-1;8,740209E-2;9,390077E-1;;
30/11/2021  10:22:49,328922;9,386879E-1;1,528593E-1;1,771268E-1;9,390099E-1;;
30/11/2021  10:22:49,329022;9,386938E-1;1,114439E-1;1,069899E-1;9,390125E-1;;
30/11/2021  10:22:49,329122;9,389859E-1;1,394789E-1;1,559593E-1;9,390154E-1;;
30/11/2021  10:22:49,329222;9,391051E-1;1,155854E-1;1,031987E-1;9,390185E-1;;
30/11/2021  10:22:49,329322;9,385537E-1;-2,289202E-3;6,844617E-2;9,390217E-1;;
30/11/2021  10:22:49,329422;9,380739E-1;6,429402E-2;6,307532E-2;9,390249E-1;;
30/11/2021  10:22:49,329522;9,379726E-1;1,289658E-1;1,471132E-1;9,390279E-1;;
30/11/2021  10:22:49,329622;9,392869E-1;1,251428E-1;1,066739E-1;9,390306E-1;;
30/11/2021  10:22:49,329722;9,392332E-1;1,350188E-1;1,376353E-1;9,390329E-1;;
30/11/2021  10:22:49,329822;9,400826E-1;1,311958E-1;1,464814E-1;9,390349E-1;;
30/11/2021  10:22:49,329922;9,401363E-1;1,366117E-1;1,486929E-1;9,390366E-1;;
30/11/2021  10:22:49,330022;9,400737E-1;1,280100E-1;1,212068E-1;9,390385E-1;;
30/11/2021  10:22:49,330122;9,401005E-1;1,315144E-1;1,303688E-1;9,390406E-1;;
30/11/2021  10:22:49,330222;9,405237E-1;1,210013E-1;1,253139E-1;9,390432E-1;;
30/11/2021  10:22:49,330322;9,414327E-1;1,324701E-1;1,313166E-1;9,390466E-1;;
30/11/2021  10:22:49,330422;9,414476E-1;9,583344E-2;7,760819E-2;9,390510E-1;;
30/11/2021  10:22:49,330522;9,420735E-1;1,184526E-1;1,202590E-1;9,390569E-1;;
30/11/2021  10:22:49,330622;9,422076E-1;1,292843E-1;1,256299E-1;9,390647E-1;;
30/11/2021  10:22:49,330722;9,420496E-1;1,296029E-1;1,155200E-1;9,390748E-1;;
30/11/2021  10:22:49,330822;9,415996E-1;1,057094E-1;9,972343E-2;9,390875E-1;;
30/11/2021  10:22:49,330922;9,422583E-1;1,533758E-3;7,192142E-2;9,391031E-1;;
30/11/2021  10:22:49,331022;9,427858E-1;7,385142E-2;1,069899E-1;9,391218E-1;;
30/11/2021  10:22:49,331122;9,431553E-1;1,397975E-1;1,565912E-1;9,391440E-1;;
30/11/2021  10:22:49,331222;9,433043E-1;1,111253E-1;1,313166E-1;9,391698E-1;;
30/11/2021  10:22:49,331322;9,438050E-1;1,155854E-1;1,148882E-1;9,391997E-1;;
30/11/2021  10:22:49,331422;9,437603E-1;1,311958E-1;1,268936E-1;9,392340E-1;;
30/11/2021  10:22:49,331522;9,439332E-1;1,477620E-1;1,505885E-1;9,392730E-1;;
30/11/2021  10:22:49,331622;9,445501E-1;1,302401E-1;1,328963E-1;9,393168E-1;;
30/11/2021  10:22:49,331722;9,445710E-1;1,362931E-1;1,379512E-1;9,393657E-1;;
30/11/2021  10:22:49,331822;9,457124E-1;1,359745E-1;1,363715E-1;9,394201E-1;;
30/11/2021  10:22:49,331922;9,457452E-1;1,369303E-1;1,341600E-1;9,394802E-1;;
30/11/2021  10:22:49,332022;9,462578E-1;1,264171E-1;1,218387E-1;9,395463E-1;;
30/11/2021  10:22:49,332122;9,460611E-1;1,283286E-1;1,164678E-1;9,396188E-1;;
30/11/2021  10:22:49,332222;9,467019E-1;1,270543E-1;1,082536E-1;9,396978E-1;;
30/11/2021  10:22:49,332322;9,473099E-1;1,302401E-1;1,234183E-1;9,397836E-1;;
30/11/2021  10:22:49,332422;9,484781E-1;1,149482E-1;1,521681E-1;9,398766E-1;;
30/11/2021  10:22:49,332522;9,482159E-1;1,063466E-1;9,024547E-2;9,399769E-1;;
30/11/2021  10:22:49,332622;9,483589E-1;1,241871E-1;1,310007E-1;9,400850E-1;;
30/11/2021  10:22:49,332722;9,485348E-1;1,305587E-1;1,303688E-1;9,402010E-1;;
30/11/2021  10:22:49,332822;9,484573E-1;1,092138E-1;1,183634E-1;9,403250E-1;;
30/11/2021  10:22:49,332922;9,480907E-1;1,092138E-1;1,158360E-1;9,404572E-1;;
30/11/2021  10:22:49,333022;9,490235E-1;1,066652E-1;1,152041E-1;9,405975E-1;;
30/11/2021  10:22:49,333122;9,489580E-1;1,423461E-1;1,524841E-1;9,407456E-1;;
30/11/2021  10:22:49,333222;9,490384E-1;9,041758E-2;1,569071E-1;9,409016E-1;;
30/11/2021  10:22:49,333322;9,483917E-1;1,018865E-1;1,123607E-1;9,410652E-1;;
30/11/2021  10:22:49,333422;9,480371E-1;1,085766E-1;1,129926E-1;9,412360E-1;;
30/11/2021  10:22:49,333522;9,473605E-1;8,022302E-2;9,624818E-2;9,414137E-1;;
30/11/2021  10:22:49,333622;9,475244E-1;1,044351E-1;1,313166E-1;9,415976E-1;;
30/11/2021  10:22:49,333722;9,470923E-1;1,002936E-1;1,395309E-1;9,417869E-1;;
30/11/2021  10:22:49,333822;9,467674E-1;1,194084E-1;1,272095E-1;9,419810E-1;;
30/11/2021  10:22:49,333922;9,470804E-1;9,870066E-2;8,487463E-2;9,421790E-1;;
30/11/2021  10:22:49,334022;9,463532E-1;1,350188E-1;1,300529E-1;9,423802E-1;;
30/11/2021  10:22:49,334122;9,456826E-1;1,649653E-1;1,670170E-1;9,425836E-1;;
30/11/2021  10:22:49,334222;9,451760E-1;1,620981E-1;1,420583E-1;9,427883E-1;;
30/11/2021  10:22:49,334322;9,455276E-1;1,605052E-1;1,483770E-1;9,429933E-1;;
30/11/2021  10:22:49,334422;9,451938E-1;6,397544E-2;1,231024E-1;9,431976E-1;;
30/11/2021  10:22:49,334522;9,452773E-1;1,127182E-1;1,202590E-1;9,434004E-1;;
30/11/2021  10:22:49,334622;9,448243E-1;1,455319E-1;1,711241E-1;9,436007E-1;;
30/11/2021  10:22:49,334722;9,446783E-1;1,280100E-1;1,294210E-1;9,437977E-1;;
30/11/2021  10:22:49,334822;9,441299E-1;1,305587E-1;1,310007E-1;9,439905E-1;;
30/11/2021  10:22:49,334922;9,436709E-1;1,442576E-1;1,407946E-1;9,441784E-1;;
30/11/2021  10:22:49,335022;9,441329E-1;1,308772E-1;1,319485E-1;9,443606E-1;;
30/11/2021  10:22:49,335122;9,442998E-1;9,296622E-2;9,245700E-2;9,445362E-1;;
30/11/2021  10:22:49,335222;9,440405E-1;1,311958E-1;1,120448E-1;9,447047E-1;;
30/11/2021  10:22:49,335322;9,440584E-1;1,570008E-1;1,597505E-1;9,448655E-1;;
30/11/2021  10:22:49,335422;9,435398E-1;1,181340E-1;1,246821E-1;9,450183E-1;;
30/11/2021  10:22:49,335522;9,432894E-1;1,088952E-1;1,588027E-1;9,451624E-1;;
30/11/2021  10:22:49,335622;9,431792E-1;1,286472E-1;1,287892E-1;9,452976E-1;;
30/11/2021  10:22:49,335722;9,435428E-1;1,321516E-1;1,306848E-1;9,454234E-1;;
30/11/2021  10:22:49,335822;9,437067E-1;1,136739E-1;1,101492E-1;9,455395E-1;;
30/11/2021  10:22:49,335922;9,429437E-1;1,407532E-1;1,572231E-1;9,456457E-1;;
30/11/2021  10:22:49,336022;9,427470E-1;1,200455E-1;1,253139E-1;9,457420E-1;;
30/11/2021  10:22:49,336122;9,422255E-1;1,321516E-1;1,281573E-1;9,458280E-1;;
30/11/2021  10:22:49,336222;9,421450E-1;2,468404E-1;2,311511E-1;9,459036E-1;;
30/11/2021  10:22:49,336322;9,425652E-1;1,270543E-1;1,360556E-1;9,459687E-1;;
30/11/2021  10:22:49,336422;9,421659E-1;1,331073E-1;1,366875E-1;9,460231E-1;;
30/11/2021  10:22:49,336522;9,422195E-1;1,382046E-1;1,382671E-1;9,460668E-1;;
30/11/2021  10:22:49,336622;9,415519E-1;1,117624E-1;8,929768E-2;9,461000E-1;;
30/11/2021  10:22:49,336722;9,413671E-1;1,391603E-1;1,787064E-1;9,461225E-1;;
30/11/2021  10:22:49,336822;9,409261E-1;2,057435E-1;2,475796E-1;9,461344E-1;;
30/11/2021  10:22:49,336922;9,415758E-1;1,276914E-1;1,310007E-1;9,461358E-1;;
30/11/2021  10:22:49,337022;9,414983E-1;1,146297E-1;1,107811E-1;9,461267E-1;;
30/11/2021  10:22:49,337122;9,423298E-1;6,524976E-2;1,063580E-1;9,461074E-1;;
30/11/2021  10:22:49,337222;9,421748E-1;1,404346E-1;1,310007E-1;9,460782E-1;;
30/11/2021  10:22:49,337322;9,421003E-1;1,203641E-1;1,404787E-1;9,460397E-1;;
30/11/2021  10:22:49,337422;9,413731E-1;1,455319E-1;1,708081E-1;9,459922E-1;;
30/11/2021  10:22:49,337522;9,416354E-1;1,321516E-1;1,303688E-1;9,459362E-1;;
30/11/2021  10:22:49,337622;9,414953E-1;1,257800E-1;1,287892E-1;9,458721E-1;;
30/11/2021  10:22:49,337722;9,417605E-1;1,260985E-1;1,284732E-1;9,458003E-1;;
30/11/2021  10:22:49,337822;9,418678E-1;1,251428E-1;1,237343E-1;9,457213E-1;;
30/11/2021  10:22:49,337922;9,416920E-1;1,525407E-1;1,569071E-1;9,456355E-1;;
30/11/2021  10:22:49,338022;9,411228E-1;1,378860E-1;1,382671E-1;9,455435E-1;;
30/11/2021  10:22:49,338122;9,409380E-1;1,659210E-1;1,265777E-1;9,454458E-1;;
30/11/2021  10:22:49,338222;9,409767E-1;1,088952E-1;1,452176E-1;9,453427E-1;;
30/11/2021  10:22:49,338322;9,408635E-1;2,702016E-2;7,381701E-2;9,452345E-1;;
30/11/2021  10:22:49,338422;9,414536E-1;1,216384E-1;1,060421E-1;9,451217E-1;;
30/11/2021  10:22:49,338522;9,407234E-1;1,216384E-1;1,208909E-1;9,450048E-1;;
30/11/2021  10:22:49,338622;9,410751E-1;2,702016E-2;5,454516E-2;9,448840E-1;;
30/11/2021  10:22:49,338722;9,406519E-1;1,331073E-1;1,477451E-1;9,447599E-1;;
30/11/2021  10:22:49,338822;9,403389E-1;1,289658E-1;1,256299E-1;9,446328E-1;;
30/11/2021  10:22:49,338922;9,401214E-1;1,203641E-1;1,202590E-1;9,445030E-1;;
30/11/2021  10:22:49,339022;9,408188E-1;1,245056E-1;1,262617E-1;9,443709E-1;;
30/11/2021  10:22:49,339122;9,413016E-1;8,978042E-2;1,256299E-1;9,442367E-1;;
30/11/2021  10:22:49,339222;9,411615E-1;-4,115596E-2;9,688005E-2;9,441010E-1;;
30/11/2021  10:22:49,339322;9,407681E-1;1,340630E-1;1,629098E-1;9,439642E-1;;
30/11/2021  10:22:49,339422;9,407413E-1;6,333828E-2;4,885838E-2;9,438268E-1;;
30/11/2021  10:22:49,339522;9,408754E-1;1,187712E-1;9,593225E-2;9,436891E-1;;
30/11/2021  10:22:49,339622;9,415191E-1;1,168597E-1;1,316326E-1;9,435515E-1;;
30/11/2021  10:22:49,339722;9,415668E-1;1,308772E-1;1,287892E-1;9,434144E-1;;
30/11/2021  10:22:49,339822;9,422016E-1;1,296029E-1;1,278414E-1;9,432784E-1;;
30/11/2021  10:22:49,339922;9,424222E-1;1,241871E-1;1,180475E-1;9,431441E-1;;
30/11/2021  10:22:49,340022;9,419423E-1;1,273729E-1;1,325804E-1;9,430118E-1;;
30/11/2021  10:22:49,340122;9,421122E-1;2,548049E-1;2,333627E-1;9,428823E-1;;
30/11/2021  10:22:49,340222;9,419632E-1;1,178155E-1;1,379512E-1;9,427559E-1;;
30/11/2021  10:22:49,340322;9,423089E-1;1,289658E-1;1,294210E-1;9,426330E-1;;
30/11/2021  10:22:49,340422;9,428752E-1;1,353374E-1;1,739675E-1;9,425140E-1;;
30/11/2021  10:22:49,340522;9,436799E-1;1,362931E-1;1,297370E-1;9,423993E-1;;
30/11/2021  10:22:49,340622;9,438408E-1;1,321516E-1;1,319485E-1;9,422895E-1;;
30/11/2021  10:22:49,340722;9,432805E-1;1,257800E-1;1,208909E-1;9,421851E-1;;
30/11/2021  10:22:49,340822;9,434206E-1;1,133553E-1;1,013031E-1;9,420865E-1;;
30/11/2021  10:22:49,340922;9,431136E-1;1,420275E-1;1,603824E-1;9,419941E-1;;
30/11/2021  10:22:49,341022;9,435130E-1;1,395838E-2;6,465498E-2;9,419082E-1;;
30/11/2021  10:22:49,341122;9,437573E-1;1,002936E-1;1,060421E-1;9,418288E-1;;
30/11/2021  10:22:49,341222;9,443266E-1;1,133553E-1;1,360556E-1;9,417563E-1;;
30/11/2021  10:22:49,341322;9,436799E-1;1,092138E-1;1,035146E-1;9,416909E-1;;
30/11/2021  10:22:49,341422;9,436977E-1;1,079395E-1;1,183634E-1;9,416327E-1;;
30/11/2021  10:22:49,341522;9,435189E-1;-3,287288E-2;7,634447E-2;9,415819E-1;;
30/11/2021  10:22:49,341622;9,428960E-1;9,933782E-2;1,104651E-1;9,415383E-1;;
30/11/2021  10:22:49,341722;9,435189E-1;1,076209E-1;1,224705E-1;9,415018E-1;;
30/11/2021  10:22:49,341822;9,434832E-1;5,091366E-2;1,452176E-1;9,414724E-1;;
30/11/2021  10:22:49,341922;9,443206E-1;6,811698E-2;9,814378E-2;9,414498E-1;;
30/11/2021  10:22:49,342022;9,435249E-1;1,047537E-1;1,303688E-1;9,414339E-1;;
30/11/2021  10:22:49,342122;9,432418E-1;1,098510E-1;1,221546E-1;9,414247E-1;;
30/11/2021  10:22:49,342222;9,423238E-1;1,248242E-1;1,363715E-1;9,414218E-1;;
30/11/2021  10:22:49,342322;9,425801E-1;1,337445E-1;1,332122E-1;9,414249E-1;;
30/11/2021  10:22:49,342422;9,430749E-1;1,461691E-1;1,401627E-1;9,414335E-1;;
30/11/2021  10:22:49,342522;9,433401E-1;1,184526E-1;1,227865E-1;9,414472E-1;;
30/11/2021  10:22:49,342622;9,431553E-1;1,630538E-1;1,550115E-1;9,414657E-1;;
30/11/2021  10:22:49,342722;9,427411E-1;1,627352E-1;1,373193E-1;9,414888E-1;;
30/11/2021  10:22:49,342822;9,420258E-1;1,190898E-1;9,308886E-2;9,415160E-1;;
30/11/2021  10:22:49,342922;9,416652E-1;1,471248E-1;1,641736E-1;9,415468E-1;;
30/11/2021  10:22:49,343022;9,420109E-1;1,267357E-1;1,294210E-1;9,415807E-1;;
30/11/2021  10:22:49,343122;9,419096E-1;1,117624E-1;1,050943E-1;9,416172E-1;;
30/11/2021  10:22:49,343222;9,415102E-1;1,305587E-1;1,310007E-1;9,416556E-1;;
30/11/2021  10:22:49,343322;9,416592E-1;3,498466E-2;6,117973E-2;9,416957E-1;;
30/11/2021  10:22:49,343422;9,406221E-1;1,130368E-1;1,237343E-1;9,417367E-1;;
30/11/2021  10:22:49,343522;9,400707E-1;1,270543E-1;1,272095E-1;9,417782E-1;;
30/11/2021  10:22:49,343622;9,392750E-1;1,280100E-1;1,357397E-1;9,418195E-1;;
30/11/2021  10:22:49,343722;9,398621E-1;1,216384E-1;1,268936E-1;9,418597E-1;;
30/11/2021  10:22:49,343822;9,397488E-1;1,229127E-1;1,272095E-1;9,418983E-1;;
30/11/2021  10:22:49,343922;9,397161E-1;1,296029E-1;1,347919E-1;9,419346E-1;;
30/11/2021  10:22:49,344022;9,388965E-1;1,337445E-1;1,341600E-1;9,419682E-1;;
30/11/2021  10:22:49,344122;9,381544E-1;1,315144E-1;1,227865E-1;9,419983E-1;;
30/11/2021  10:22:49,344222;9,375196E-1;7,990444E-2;8,171531E-2;9,420245E-1;;
30/11/2021  10:22:49,344322;9,370397E-1;1,382046E-1;1,540637E-1;9,420460E-1;;
30/11/2021  10:22:49,344422;9,375613E-1;1,219570E-1;1,142563E-1;9,420622E-1;;
30/11/2021  10:22:49,344522;9,368639E-1;1,350188E-1;1,388990E-1;9,420724E-1;;
30/11/2021  10:22:49,344622;9,367209E-1;8,309024E-2;8,108345E-2;9,420761E-1;;
30/11/2021  10:22:49,344722;9,368550E-1;1,834429E-1;2,213573E-1;9,420729E-1;;
30/11/2021  10:22:49,344822;9,365331E-1;1,222756E-1;1,392149E-1;9,420623E-1;;
30/11/2021  10:22:49,344922;9,360771E-1;1,213198E-1;1,249980E-1;9,420441E-1;;
30/11/2021  10:22:49,345022;9,366672E-1;1,225942E-1;1,259458E-1;9,420179E-1;;
30/11/2021  10:22:49,345122;9,368639E-1;1,241871E-1;1,218387E-1;9,419836E-1;;
30/11/2021  10:22:49,345222;9,371709E-1;1,260985E-1;1,186794E-1;9,419412E-1;;
30/11/2021  10:22:49,345322;9,378802E-1;1,238685E-1;1,278414E-1;9,418908E-1;;
30/11/2021  10:22:49,345422;9,374451E-1;1,270543E-1;1,253139E-1;9,418327E-1;;
30/11/2021  10:22:49,345522;9,374331E-1;1,359745E-1;1,306848E-1;9,417672E-1;;
30/11/2021  10:22:49,345622;9,374361E-1;1,178155E-1;9,119327E-2;9,416947E-1;;
30/11/2021  10:22:49,345722;9,376537E-1;1,060280E-1;1,208909E-1;9,416155E-1;;
30/11/2021  10:22:49,345822;9,382319E-1;1,331073E-1;1,262617E-1;9,415302E-1;;
30/11/2021  10:22:49,345922;9,387534E-1;1,334259E-1;1,537478E-1;9,414391E-1;;
30/11/2021  10:22:49,346022;9,384286E-1;1,165411E-1;1,028828E-1;9,413430E-1;;
30/11/2021  10:22:49,346122;9,385001E-1;1,034794E-1;1,047783E-1;9,412424E-1;;
30/11/2021  10:22:49,346222;9,378146E-1;1,378860E-1;1,360556E-1;9,411380E-1;;
30/11/2021  10:22:49,346322;9,376328E-1;1,302401E-1;1,256299E-1;9,410303E-1;;
30/11/2021  10:22:49,346422;9,381186E-1;1,155854E-1;1,212068E-1;9,409198E-1;;
30/11/2021  10:22:49,346522;9,386640E-1;1,095324E-1;1,306848E-1;9,408068E-1;;
30/11/2021  10:22:49,346622;9,388190E-1;1,190898E-1;1,505885E-1;9,406920E-1;;
30/11/2021  10:22:49,346722;9,377699E-1;1,582751E-1;1,657532E-1;9,405758E-1;;
30/11/2021  10:22:49,346822;9,377520E-1;1,248242E-1;1,234183E-1;9,404588E-1;;
30/11/2021  10:22:49,346922;9,372275E-1;9,710776E-2;1,101492E-1;9,403413E-1;;
30/11/2021  10:22:49,347022;9,364169E-1;1,264171E-1;1,110970E-1;9,402235E-1;;
30/11/2021  10:22:49,347122;9,367507E-1;1,397975E-1;1,373193E-1;9,401056E-1;;
30/11/2021  10:22:49,347222;9,372812E-1;1,152668E-1;1,189953E-1;9,399876E-1;;
30/11/2021  10:22:49,347322;9,367715E-1;1,296029E-1;1,284732E-1;9,398697E-1;;
30/11/2021  10:22:49,347422;9,365897E-1;1,280100E-1;1,395309E-1;9,397520E-1;;
30/11/2021  10:22:49,347522;9,358178E-1;1,219570E-1;1,249980E-1;9,396347E-1;;
30/11/2021  10:22:49,347622;9,351294E-1;1,778134E-2;1,107811E-1;9,395178E-1;;
30/11/2021  10:22:49,347722;9,354781E-1;1,321516E-1;1,341600E-1;9,394012E-1;;
30/11/2021  10:22:49,347822;9,354363E-1;1,143111E-1;1,196272E-1;9,392847E-1;;
30/11/2021  10:22:49,347922;9,354602E-1;1,006121E-1;9,656411E-2;9,391683E-1;;
30/11/2021  10:22:49,348022;9,353022E-1;1,464877E-1;1,581709E-1;9,390519E-1;;
30/11/2021  10:22:49,348122;9,343754E-1;1,324701E-1;1,275255E-1;9,389355E-1;;
30/11/2021  10:22:49,348222;9,337584E-1;1,343816E-1;1,335282E-1;9,388191E-1;;
30/11/2021  10:22:49,348322;9,334902E-1;1,308772E-1;1,249980E-1;9,387022E-1;;
30/11/2021  10:22:49,348422;9,336303E-1;1,289658E-1;1,385831E-1;9,385848E-1;;
30/11/2021  10:22:49,348522;9,338538E-1;1,232313E-1;1,287892E-1;9,384666E-1;;
30/11/2021  10:22:49,348622;9,336333E-1;1,375674E-1;1,281573E-1;9,383474E-1;;
30/11/2021  10:22:49,348722;9,339015E-1;1,650702E-2;6,402312E-2;9,382271E-1;;
30/11/2021  10:22:49,348822;9,327779E-1;1,378860E-1;1,297370E-1;9,381057E-1;;
30/11/2021  10:22:49,348922;9,323011E-1;1,372488E-1;1,275255E-1;9,379830E-1;;
30/11/2021  10:22:49,349022;9,325335E-1;1,308772E-1;1,221546E-1;9,378589E-1;;
30/11/2021  10:22:49,349122;9,324501E-1;1,079395E-1;1,054102E-1;9,377332E-1;;
30/11/2021  10:22:49,349222;9,333859E-1;1,136739E-1;1,215227E-1;9,376058E-1;;
30/11/2021  10:22:49,349322;9,332190E-1;1,257800E-1;1,265777E-1;9,374767E-1;;
30/11/2021  10:22:49,349422;9,324829E-1;1,092138E-1;1,275255E-1;9,373461E-1;;
30/11/2021  10:22:49,349522;9,326527E-1;1,210013E-1;1,569071E-1;9,372140E-1;;
30/11/2021  10:22:49,349622;9,322504E-1;1,092138E-1;1,164678E-1;9,370805E-1;;
30/11/2021  10:22:49,349722;9,326468E-1;1,079395E-1;1,164678E-1;9,369457E-1;;
30/11/2021  10:22:49,349822;9,327898E-1;9,105474E-2;1,073058E-1;9,368097E-1;;
30/11/2021  10:22:49,349922;9,332190E-1;9,997498E-2;1,085695E-1;9,366726E-1;;
30/11/2021  10:22:49,350022;9,331862E-1;1,194084E-1;1,262617E-1;9,365348E-1;;
30/11/2021  10:22:49,350122;9,326378E-1;1,073023E-1;1,221546E-1;9,363965E-1;;
30/11/2021  10:22:49,350222;9,328852E-1;1,289658E-1;1,723878E-1;9,362580E-1;;
30/11/2021  10:22:49,350322;9,326915E-1;2,853885E-1;2,406291E-1;9,361195E-1;;
30/11/2021  10:22:49,350422;9,328316E-1;1,264171E-1;1,388990E-1;9,359813E-1;;
30/11/2021  10:22:49,350522;9,332697E-1;9,838208E-2;8,803395E-2;9,358435E-1;;
30/11/2021  10:22:49,350622;9,339939E-1;1,401161E-1;1,373193E-1;9,357066E-1;;
30/11/2021  10:22:49,350722;9,340565E-1;1,382046E-1;1,142563E-1;9,355709E-1;;
30/11/2021  10:22:49,350822;9,341310E-1;2,455660E-1;2,099837E-1;9,354368E-1;;
30/11/2021  10:22:49,350922;9,337167E-1;1,777085E-1;1,588027E-1;9,353049E-1;;
30/11/2021  10:22:49,351022;9,337018E-1;1,652839E-1;1,584868E-1;9,351756E-1;;
30/11/2021  10:22:49,351122;9,345989E-1;1,531778E-1;1,464814E-1;9,350491E-1;;
30/11/2021  10:22:49,351222;9,353201E-1;1,139925E-1;1,992420E-1;9,349258E-1;;
30/11/2021  10:22:49,351322;9,362619E-1;1,248242E-1;1,256299E-1;9,348064E-1;;
30/11/2021  10:22:49,351422;9,366672E-1;1,152668E-1;1,120448E-1;9,346913E-1;;
30/11/2021  10:22:49,351522;9,364675E-1;1,675139E-1;1,644895E-1;9,345814E-1;;
30/11/2021  10:22:49,351622;9,363483E-1;1,894960E-1;1,657532E-1;9,344773E-1;;
30/11/2021  10:22:49,351722;9,367179E-1;1,375674E-1;1,518522E-1;9,343795E-1;;
30/11/2021  10:22:49,351822;9,370815E-1;1,181340E-1;1,208909E-1;9,342885E-1;;
30/11/2021  10:22:49,351922;9,382170E-1;1,267357E-1;1,300529E-1;9,342048E-1;;
30/11/2021  10:22:49,352022;9,377848E-1;1,659210E-1;1,471132E-1;9,341290E-1;;
30/11/2021  10:22:49,352122;9,374659E-1;-3,000566E-2;4,854245E-2;9,340614E-1;;
30/11/2021  10:22:49,352222;9,368252E-1;1,452133E-1;1,606983E-1;9,340025E-1;;
30/11/2021  10:22:49,352322;9,360503E-1;6,429402E-2;1,237343E-1;9,339524E-1;;
30/11/2021  10:22:49,352422;9,366851E-1;1,401161E-1;1,373193E-1;9,339110E-1;;
30/11/2021  10:22:49,352522;9,364675E-1;1,022050E-1;1,648054E-1;9,338782E-1;;
30/11/2021  10:22:49,352622;9,366314E-1;1,241871E-1;1,281573E-1;9,338538E-1;;
30/11/2021  10:22:49,352722;9,365629E-1;1,264171E-1;1,243661E-1;9,338376E-1;;
30/11/2021  10:22:49,352822;9,355943E-1;9,742634E-2;7,824006E-2;9,338295E-1;;
30/11/2021  10:22:49,352922;9,346346E-1;8,627604E-2;6,970989E-2;9,338290E-1;;
30/11/2021  10:22:49,353022;9,347956E-1;1,382046E-1;1,689125E-1;9,338355E-1;;
30/11/2021  10:22:49,353122;9,349565E-1;1,385232E-1;1,414265E-1;9,338484E-1;;
30/11/2021  10:22:49,353222;9,352903E-1;1,289658E-1;1,199431E-1;9,338671E-1;;
30/11/2021  10:22:49,353322;9,348075E-1;9,933782E-2;1,916596E-1;9,338911E-1;;
30/11/2021  10:22:49,353422;9,347717E-1;1,315144E-1;1,142563E-1;9,339198E-1;;
30/11/2021  10:22:49,353522;9,344976E-1;1,241871E-1;1,265777E-1;9,339526E-1;;
30/11/2021  10:22:49,353622;9,339969E-1;-1,025370E-2;1,041465E-1;9,339890E-1;;
30/11/2021  10:22:49,353722;9,339879E-1;1,296029E-1;1,310007E-1;9,340284E-1;;
30/11/2021  10:22:49,353822;9,349655E-1;1,318330E-1;1,341600E-1;9,340702E-1;;
30/11/2021  10:22:49,353922;9,353827E-1;1,085766E-1;1,474292E-1;9,341138E-1;;
30/11/2021  10:22:49,354022;9,355824E-1;1,187712E-1;1,692285E-1;9,341589E-1;;
30/11/2021  10:22:49,354122;9,350728E-1;1,429833E-1;1,660692E-1;9,342054E-1;;
30/11/2021  10:22:49,354222;9,351741E-1;1,155854E-1;1,139404E-1;9,342530E-1;;
30/11/2021  10:22:49,354322;9,349684E-1;1,331073E-1;1,275255E-1;9,343014E-1;;
30/11/2021  10:22:49,354422;9,349446E-1;1,171783E-1;1,294210E-1;9,343504E-1;;
30/11/2021  10:22:49,354522;9,356032E-1;1,296029E-1;1,373193E-1;9,343996E-1;;
30/11/2021  10:22:49,354622;9,361963E-1;1,375674E-1;1,316326E-1;9,344490E-1;;
30/11/2021  10:22:49,354722;9,359192E-1;1,296029E-1;1,237343E-1;9,344984E-1;;
30/11/2021  10:22:49,354822;9,353976E-1;1,159040E-1;1,092014E-1;9,345479E-1;;
30/11/2021  10:22:49,354922;9,351592E-1;7,608148E-2;7,350108E-2;9,345972E-1;;
30/11/2021  10:22:49,355022;9,349774E-1;1,372488E-1;1,515363E-1;9,346464E-1;;
30/11/2021  10:22:49,355122;9,354900E-1;1,219570E-1;1,249980E-1;9,346950E-1;;
30/11/2021  10:22:49,355222;9,362529E-1;7,703722E-2;7,697633E-2;9,347430E-1;;
30/11/2021  10:22:49,355322;9,369474E-1;1,512664E-1;1,764949E-1;9,347904E-1;;
30/11/2021  10:22:49,355422;9,373050E-1;1,671954E-1;1,651214E-1;9,348373E-1;;
30/11/2021  10:22:49,355522;9,368430E-1;1,149482E-1;1,180475E-1;9,348839E-1;;
30/11/2021  10:22:49,355622;9,373795E-1;1,289658E-1;1,196272E-1;9,349305E-1;;
30/11/2021  10:22:49,355722;9,379398E-1;1,585937E-1;1,524841E-1;9,349772E-1;;
30/11/2021  10:22:49,355822;9,386849E-1;1,311958E-1;1,344760E-1;9,350243E-1;;
30/11/2021  10:22:49,355922;9,399634E-1;1,324701E-1;1,313166E-1;9,350722E-1;;
30/11/2021  10:22:49,356022;9,401512E-1;1,184526E-1;1,373193E-1;9,351215E-1;;
30/11/2021  10:22:49,356122;9,402138E-1;1,292843E-1;1,291051E-1;9,351727E-1;;
30/11/2021  10:22:49,356222;9,406936E-1;1,340630E-1;1,205749E-1;9,352264E-1;;
30/11/2021  10:22:49,356322;9,406519E-1;9,965640E-2;7,666040E-2;9,352832E-1;;
30/11/2021  10:22:49,356422;9,411794E-1;1,276914E-1;1,420583E-1;9,353434E-1;;
30/11/2021  10:22:49,356522;9,418738E-1;1,308772E-1;1,117289E-1;9,354077E-1;;
30/11/2021  10:22:49,356622;9,428573E-1;1,331073E-1;1,268936E-1;9,354764E-1;;
30/11/2021  10:22:49,356722;9,432030E-1;1,533758E-3;6,781430E-2;9,355502E-1;;
30/11/2021  10:22:49,356822;9,425980E-1;1,331073E-1;1,366875E-1;9,356296E-1;;
30/11/2021  10:22:49,356922;9,429795E-1;1,423461E-1;1,483770E-1;9,357151E-1;;
30/11/2021  10:22:49,357022;9,430689E-1;1,216384E-1;1,189953E-1;9,358070E-1;;
30/11/2021  10:22:49,357122;9,427917E-1;1,296029E-1;1,262617E-1;9,359055E-1;;
30/11/2021  10:22:49,357222;9,433729E-1;1,496735E-1;1,417424E-1;9,360107E-1;;
30/11/2021  10:22:49,357322;9,441031E-1;1,264171E-1;1,174156E-1;9,361229E-1;;
30/11/2021  10:22:49,357422;9,440256E-1;1,235499E-1;1,275255E-1;9,362421E-1;;
30/11/2021  10:22:49,357522;9,430123E-1;1,174969E-1;1,158360E-1;9,363684E-1;;
30/11/2021  10:22:49,357622;9,422076E-1;1,139925E-1;1,170997E-1;9,365016E-1;;
30/11/2021  10:22:49,357722;9,423715E-1;1,057094E-1;1,009872E-1;9,366415E-1;;
30/11/2021  10:22:49,357822;9,424877E-1;-9,404024E-2;4,127601E-2;9,367876E-1;;
30/11/2021  10:22:49,357922;9,429229E-1;9,774492E-2;9,593225E-2;9,369394E-1;;
30/11/2021  10:22:49,358022;9,433967E-1;1,082581E-1;1,202590E-1;9,370964E-1;;
30/11/2021  10:22:49,358122;9,433192E-1;1,044351E-1;9,751191E-2;9,372583E-1;;
30/11/2021  10:22:49,358222;9,427500E-1;8,309024E-2;8,645429E-2;9,374248E-1;;
30/11/2021  10:22:49,358322;9,419841E-1;1,531778E-1;1,843932E-1;9,375954E-1;;
30/11/2021  10:22:49,358422;9,422135E-1;1,069837E-1;1,199431E-1;9,377694E-1;;
30/11/2021  10:22:49,358522;9,427589E-1;2,128572E-2;8,013565E-2;9,379463E-1;;
30/11/2021  10:22:49,358622;9,435189E-1;9,264764E-2;1,306848E-1;9,381255E-1;;
30/11/2021  10:22:49,358722;9,435428E-1;9,137332E-2;1,268936E-1;9,383065E-1;;
30/11/2021  10:22:49,358822;9,429020E-1;1,471248E-1;1,888163E-1;9,384890E-1;;
30/11/2021  10:22:49,358922;9,421420E-1;1,159040E-1;1,145722E-1;9,386726E-1;;
30/11/2021  10:22:49,359022;9,423059E-1;1,299215E-1;1,300529E-1;9,388568E-1;;
30/11/2021  10:22:49,359122;9,418738E-1;1,554079E-1;1,328963E-1;9,390408E-1;;
30/11/2021  10:22:49,359222;9,420884E-1;1,754784E-1;1,512204E-1;9,392242E-1;;
30/11/2021  10:22:49,359322;9,434265E-1;1,267357E-1;1,123607E-1;9,394062E-1;;
30/11/2021  10:22:49,359422;9,425682E-1;9,455912E-2;8,297904E-2;9,395866E-1;;
30/11/2021  10:22:49,359522;9,422165E-1;1,515849E-1;1,556434E-1;9,397649E-1;;
30/11/2021  10:22:49,359622;9,419751E-1;1,394789E-1;1,439539E-1;9,399407E-1;;
30/11/2021  10:22:49,359722;9,418351E-1;1,289658E-1;1,300529E-1;9,401136E-1;;
30/11/2021  10:22:49,359822;9,418380E-1;1,372488E-1;1,420583E-1;9,402829E-1;;
30/11/2021  10:22:49,359922;9,431851E-1;8,468314E-2;1,281573E-1;9,404484E-1;;
30/11/2021  10:22:49,360022;9,432686E-1;9,678918E-2;1,031987E-1;9,406098E-1;;
30/11/2021  10:22:49,360122;9,430629E-1;1,044351E-1;1,338441E-1;9,407668E-1;;
30/11/2021  10:22:49,360222;9,431583E-1;1,315144E-1;1,310007E-1;9,409195E-1;;
30/11/2021  10:22:49,360322;9,426487E-1;1,111253E-1;1,281573E-1;9,410678E-1;;
30/11/2021  10:22:49,360422;9,428931E-1;1,187712E-1;1,227865E-1;9,412114E-1;;
30/11/2021  10:22:49,360522;9,435845E-1;-6,759810E-2;5,928414E-2;9,413504E-1;;
30/11/2021  10:22:49,360622;9,439570E-1;1,321516E-1;1,174156E-1;9,414847E-1;;
30/11/2021  10:22:49,360722;9,441448E-1;1,331073E-1;1,332122E-1;9,416143E-1;;
30/11/2021  10:22:49,360822;9,440375E-1;4,772786E-2;-9,904969E-3;9,417395E-1;;
30/11/2021  10:22:49,360922;9,436977E-1;1,270543E-1;1,224705E-1;9,418604E-1;;
30/11/2021  10:22:49,361022;9,436322E-1;1,241871E-1;1,338441E-1;9,419771E-1;;
30/11/2021  10:22:49,361122;9,436679E-1;1,174969E-1;1,632258E-1;9,420896E-1;;
30/11/2021  10:22:49,361222;9,439570E-1;1,171783E-1;1,129926E-1;9,421980E-1;;
30/11/2021  10:22:49,361322;9,444845E-1;1,350188E-1;1,521681E-1;9,423023E-1;;
30/11/2021  10:22:49,361422;9,446485E-1;1,299215E-1;1,155200E-1;9,424028E-1;;
30/11/2021  10:22:49,361522;9,441805E-1;1,382046E-1;1,641736E-1;9,424995E-1;;
30/11/2021  10:22:49,361622;9,439958E-1;1,417090E-1;1,606983E-1;9,425928E-1;;
30/11/2021  10:22:49,361722;9,436590E-1;1,267357E-1;1,322644E-1;9,426826E-1;;
30/11/2021  10:22:49,361822;9,440554E-1;1,238685E-1;1,227865E-1;9,427691E-1;;
30/11/2021  10:22:49,361922;9,449167E-1;1,136739E-1;1,237343E-1;9,428522E-1;;
30/11/2021  10:22:49,362022;9,453041E-1;1,225942E-1;1,161519E-1;9,429321E-1;;
30/11/2021  10:22:49,362122;9,449226E-1;1,238685E-1;1,237343E-1;9,430091E-1;;
30/11/2021  10:22:49,362222;9,453250E-1;1,337445E-1;1,417424E-1;9,430835E-1;;
30/11/2021  10:22:49,362322;9,455545E-1;1,311958E-1;1,256299E-1;9,431556E-1;;
30/11/2021  10:22:49,362422;9,446544E-1;1,362931E-1;1,227865E-1;9,432254E-1;;
30/11/2021  10:22:49,362522;9,451938E-1;1,203641E-1;1,218387E-1;9,432934E-1;;
30/11/2021  10:22:49,362622;9,450359E-1;1,283286E-1;1,398468E-1;9,433596E-1;;
30/11/2021  10:22:49,362722;9,454263E-1;4,486064E-2;8,550650E-2;9,434240E-1;;
30/11/2021  10:22:49,362822;9,444071E-1;1,050723E-1;1,050943E-1;9,434870E-1;;
30/11/2021  10:22:49,362922;9,439093E-1;1,229127E-1;1,016190E-1;9,435484E-1;;
30/11/2021  10:22:49,363022;9,432626E-1;1,589123E-1;1,540637E-1;9,436082E-1;;
30/11/2021  10:22:49,363122;9,431494E-1;1,241871E-1;1,490088E-1;9,436661E-1;;
30/11/2021  10:22:49,363222;9,430659E-1;1,299215E-1;1,322644E-1;9,437219E-1;;
30/11/2021  10:22:49,363322;9,430629E-1;1,292843E-1;1,265777E-1;9,437752E-1;;
30/11/2021  10:22:49,363422;9,432418E-1;1,238685E-1;1,272095E-1;9,438258E-1;;
30/11/2021  10:22:49,363522;9,424818E-1;1,222756E-1;1,142563E-1;9,438735E-1;;
30/11/2021  10:22:49,363622;9,424550E-1;1,321516E-1;1,629098E-1;9,439179E-1;;
30/11/2021  10:22:49,363722;9,415907E-1;5,696668E-2;7,666040E-2;9,439589E-1;;
30/11/2021  10:22:49,363822;9,415370E-1;1,299215E-1;1,202590E-1;9,439961E-1;;
30/11/2021  10:22:49,363922;9,411466E-1;1,315144E-1;1,300529E-1;9,440291E-1;;
30/11/2021  10:22:49,364022;9,423447E-1;1,292843E-1;1,439539E-1;9,440576E-1;;
30/11/2021  10:22:49,364122;9,414774E-1;1,130368E-1;1,101492E-1;9,440813E-1;;
30/11/2021  10:22:49,364222;9,411049E-1;-5,549206E-2;4,411940E-2;9,441001E-1;;
30/11/2021  10:22:49,364322;9,405237E-1;1,656025E-1;1,714400E-1;9,441138E-1;;
30/11/2021  10:22:49,364422;9,401393E-1;1,710183E-1;2,153545E-1;9,441221E-1;;
30/11/2021  10:22:49,364522;9,404403E-1;1,458505E-1;1,379512E-1;9,441247E-1;;
30/11/2021  10:22:49,364622;9,411764E-1;3,594040E-2;9,087734E-2;9,441215E-1;;
30/11/2021  10:22:49,364722;9,409171E-1;1,340630E-1;1,284732E-1;9,441123E-1;;
30/11/2021  10:22:49,364822;9,409261E-1;1,691068E-1;1,749153E-1;9,440972E-1;;
30/11/2021  10:22:49,364922;9,409439E-1;7,799296E-2;9,593225E-2;9,440762E-1;;
30/11/2021  10:22:49,365022;9,403091E-1;1,369303E-1;1,436380E-1;9,440495E-1;;
30/11/2021  10:22:49,365122;9,399753E-1;1,375674E-1;1,922915E-1;9,440172E-1;;
30/11/2021  10:22:49,365222;9,403985E-1;1,347002E-1;1,376353E-1;9,439791E-1;;
30/11/2021  10:22:49,365322;9,407979E-1;3,880762E-2;5,960007E-2;9,439355E-1;;
30/11/2021  10:22:49,365422;9,404075E-1;1,178155E-1;1,095173E-1;9,438866E-1;;
30/11/2021  10:22:49,365522;9,386789E-1;1,490363E-1;1,398468E-1;9,438324E-1;;
30/11/2021  10:22:49,365622;9,395998E-1;1,614609E-1;1,398468E-1;9,437730E-1;;
30/11/2021  10:22:49,365722;9,402466E-1;1,640096E-1;1,392149E-1;9,437085E-1;;
30/11/2021  10:22:49,365822;9,407413E-1;1,700626E-1;1,297370E-1;9,436390E-1;;
30/11/2021  10:22:49,365922;9,409261E-1;1,534964E-1;1,809180E-1;9,435649E-1;;
30/11/2021  10:22:49,366022;9,415787E-1;9,105474E-2;9,308886E-2;9,434866E-1;;
30/11/2021  10:22:49,366122;9,414923E-1;1,382046E-1;1,316326E-1;9,434048E-1;;
30/11/2021  10:22:49,366222;9,427321E-1;1,286472E-1;1,246821E-1;9,433199E-1;;
30/11/2021  10:22:49,366322;9,435368E-1;1,225942E-1;1,509044E-1;9,432327E-1;;
30/11/2021  10:22:49,366422;9,439689E-1;6,907272E-2;9,024547E-2;9,431441E-1;;
30/11/2021  10:22:49,366522;9,438974E-1;1,337445E-1;1,458495E-1;9,430550E-1;;
30/11/2021  10:22:49,366622;9,441120E-1;1,286472E-1;1,335282E-1;9,429663E-1;;
30/11/2021  10:22:49,366722;9,436590E-1;2,608579E-1;2,324149E-1;9,428788E-1;;
30/11/2021  10:22:49,366822;9,443653E-1;1,433019E-1;1,420583E-1;9,427933E-1;;
30/11/2021  10:22:49,366922;9,444458E-1;1,423461E-1;1,379512E-1;9,427105E-1;;
30/11/2021  10:22:49,367022;9,449584E-1;1,280100E-1;1,227865E-1;9,426310E-1;;
30/11/2021  10:22:49,367122;9,447855E-1;1,194084E-1;1,287892E-1;9,425555E-1;;
30/11/2021  10:22:49,367222;9,447826E-1;1,060280E-1;1,025668E-1;9,424847E-1;;
30/11/2021  10:22:49,367322;9,440971E-1;9,678918E-2;1,117289E-1;9,424189E-1;;
30/11/2021  10:22:49,367422;9,435159E-1;8,404598E-2;6,181159E-2;9,423586E-1;;
30/11/2021  10:22:49,367522;9,442461E-1;1,143111E-1;1,423743E-1;9,423039E-1;;
30/11/2021  10:22:49,367622;9,433550E-1;1,028422E-1;8,866581E-2;9,422549E-1;;
30/11/2021  10:22:49,367722;9,434623E-1;1,340630E-1;1,265777E-1;9,422117E-1;;
30/11/2021  10:22:49,367822;9,430600E-1;1,114439E-1;1,019350E-1;9,421741E-1;;
30/11/2021  10:22:49,367922;9,421688E-1;1,111253E-1;1,221546E-1;9,421420E-1;;
30/11/2021  10:22:49,368022;9,415907E-1;5,951532E-2;1,050943E-1;9,421151E-1;;
30/11/2021  10:22:49,368122;9,412330E-1;1,362931E-1;1,565912E-1;9,420929E-1;;
30/11/2021  10:22:49,368222;9,409082E-1;1,171783E-1;1,041465E-1;9,420749E-1;;
30/11/2021  10:22:49,368322;9,415579E-1;1,241871E-1;1,265777E-1;9,420606E-1;;
30/11/2021  10:22:49,368422;9,417397E-1;1,426647E-1;1,550115E-1;9,420493E-1;;
30/11/2021  10:22:49,368522;9,414089E-1;1,292843E-1;1,373193E-1;9,420408E-1;;
30/11/2021  10:22:49,368622;9,407145E-1;7,544432E-2;5,233363E-2;9,420345E-1;;
30/11/2021  10:22:49,368722;9,403121E-1;1,178155E-1;1,120448E-1;9,420302E-1;;
30/11/2021  10:22:49,368822;9,402793E-1;1,251428E-1;1,215227E-1;9,420271E-1;;
30/11/2021  10:22:49,368922;9,406400E-1;1,340630E-1;1,316326E-1;9,420249E-1;;
30/11/2021  10:22:49,369022;9,404552E-1;1,254614E-1;1,231024E-1;9,420231E-1;;
30/11/2021  10:22:49,369122;9,401512E-1;1,155854E-1;1,063580E-1;9,420212E-1;;
30/11/2021  10:22:49,369222;9,396028E-1;2,001140E-2;4,759465E-2;9,420189E-1;;
30/11/2021  10:22:49,369322;9,391140E-1;1,375674E-1;1,313166E-1;9,420158E-1;;
30/11/2021  10:22:49,369422;9,381842E-1;1,082581E-1;1,047783E-1;9,420112E-1;;
30/11/2021  10:22:49,369522;9,390753E-1;1,095324E-1;1,098333E-1;9,420048E-1;;
30/11/2021  10:22:49,369622;9,390842E-1;1,350188E-1;1,493248E-1;9,419960E-1;;
30/11/2021  10:22:49,369722;9,392273E-1;1,369303E-1;1,562753E-1;9,419844E-1;;
30/11/2021  10:22:49,369822;9,388697E-1;1,120810E-1;1,629098E-1;9,419698E-1;;
30/11/2021  10:22:49,369922;9,385955E-1;1,280100E-1;1,215227E-1;9,419520E-1;;
30/11/2021  10:22:49,370022;9,394568E-1;1,299215E-1;1,246821E-1;9,419307E-1;;
30/11/2021  10:22:49,370122;9,385001E-1;9,296622E-2;7,223735E-2;9,419058E-1;;
30/11/2021  10:22:49,370222;9,397876E-1;1,311958E-1;1,430061E-1;9,418773E-1;;
30/11/2021  10:22:49,370322;9,396058E-1;1,235499E-1;1,164678E-1;9,418452E-1;;
30/11/2021  10:22:49,370422;9,408605E-1;1,340630E-1;1,464814E-1;9,418096E-1;;
30/11/2021  10:22:49,370522;9,402227E-1;1,334259E-1;1,221546E-1;9,417708E-1;;
30/11/2021  10:22:49,370622;9,397339E-1;1,206827E-1;1,158360E-1;9,417292E-1;;
30/11/2021  10:22:49,370722;9,391945E-1;1,299215E-1;1,199431E-1;9,416849E-1;;
30/11/2021  10:22:49,370822;9,394836E-1;1,248242E-1;1,202590E-1;9,416382E-1;;
30/11/2021  10:22:49,370922;9,399306E-1;1,165411E-1;1,069899E-1;9,415891E-1;;
30/11/2021  10:22:49,371022;9,400975E-1;1,382046E-1;1,704922E-1;9,415379E-1;;
30/11/2021  10:22:49,371122;9,400260E-1;4,040052E-2;6,749837E-2;9,414848E-1;;
30/11/2021  10:22:49,371222;9,398204E-1;1,194084E-1;1,240502E-1;9,414300E-1;;
30/11/2021  10:22:49,371322;9,395194E-1;1,248242E-1;1,306848E-1;9,413738E-1;;
30/11/2021  10:22:49,371422;9,393048E-1;1,343816E-1;1,316326E-1;9,413164E-1;;
30/11/2021  10:22:49,371522;9,394925E-1;1,315144E-1;1,313166E-1;9,412580E-1;;
30/11/2021  10:22:49,371622;9,396058E-1;1,123996E-1;1,208909E-1;9,411985E-1;;
30/11/2021  10:22:49,371722;9,394985E-1;7,066562E-2;6,970989E-2;9,411383E-1;;
30/11/2021  10:22:49,371822;9,393107E-1;1,184526E-1;1,234183E-1;9,410774E-1;;
30/11/2021  10:22:49,371922;9,394240E-1;1,200455E-1;1,148882E-1;9,410161E-1;;
30/11/2021  10:22:49,372022;9,391856E-1;1,235499E-1;1,123607E-1;9,409543E-1;;
30/11/2021  10:22:49,372122;9,395283E-1;1,362931E-1;1,287892E-1;9,408923E-1;;
30/11/2021  10:22:49,372222;9,394508E-1;1,464877E-1;1,496407E-1;9,408301E-1;;
30/11/2021  10:22:49,372322;9,400767E-1;1,260985E-1;1,215227E-1;9,407680E-1;;
30/11/2021  10:22:49,372422;9,399455E-1;8,022302E-2;7,097362E-2;9,407061E-1;;
30/11/2021  10:22:49,372522;9,400379E-1;-1,407666E-2;2,800687E-2;9,406447E-1;;
30/11/2021  10:22:49,372622;9,399336E-1;7,544432E-2;9,845971E-2;9,405840E-1;;
30/11/2021  10:22:49,372722;9,391885E-1;1,088952E-1;1,117289E-1;9,405242E-1;;
30/11/2021  10:22:49,372822;9,397906E-1;1,015679E-1;1,221546E-1;9,404655E-1;;
30/11/2021  10:22:49,372922;9,396326E-1;1,053908E-1;1,183634E-1;9,404080E-1;;
30/11/2021  10:22:49,373022;9,396535E-1;1,101695E-1;1,215227E-1;9,403517E-1;;
30/11/2021  10:22:49,373122;9,388041E-1;9,710776E-2;1,019350E-1;9,402967E-1;;
30/11/2021  10:22:49,373222;9,376954E-1;1,018865E-1;1,107811E-1;9,402430E-1;;
30/11/2021  10:22:49,373322;9,373616E-1;9,678918E-2;1,073058E-1;9,401903E-1;;
30/11/2021  10:22:49,373422;9,369325E-1;1,009307E-1;1,120448E-1;9,401384E-1;;
30/11/2021  10:22:49,373522;9,366881E-1;8,818752E-2;1,066739E-1;9,400869E-1;;
30/11/2021  10:22:49,373622;9,367089E-1;9,742634E-2;1,123607E-1;9,400352E-1;;
30/11/2021  10:22:49,373722;9,367030E-1;7,640006E-2;7,697633E-2;9,399831E-1;;
30/11/2021  10:22:49,373822;9,360890E-1;7,289568E-2;6,560278E-2;9,399302E-1;;
30/11/2021  10:22:49,373922;9,354334E-1;1,168597E-1;1,335282E-1;9,398761E-1;;
30/11/2021  10:22:49,374022;9,353946E-1;1,413904E-1;1,379512E-1;9,398205E-1;;
30/11/2021  10:22:49,374122;9,352456E-1;1,914074E-1;1,692285E-1;9,397628E-1;;
30/11/2021  10:22:49,374222;9,358685E-1;1,681511E-1;1,509044E-1;9,397027E-1;;
30/11/2021  10:22:49,374322;9,366136E-1;8,723178E-2;1,335282E-1;9,396401E-1;;
30/11/2021  10:22:49,374422;9,373169E-1;1,503106E-1;1,442698E-1;9,395749E-1;;
30/11/2021  10:22:49,374522;9,371739E-1;1,512664E-1;1,948190E-1;9,395072E-1;;
30/11/2021  10:22:49,374622;9,369086E-1;1,276914E-1;1,265777E-1;9,394373E-1;;
30/11/2021  10:22:49,374722;9,373288E-1;1,248242E-1;1,249980E-1;9,393653E-1;;
30/11/2021  10:22:49,374822;9,376954E-1;1,073023E-1;1,000394E-1;9,392917E-1;;
30/11/2021  10:22:49,374922;9,381007E-1;1,299215E-1;1,328963E-1;9,392166E-1;;
30/11/2021  10:22:49,375022;9,392660E-1;1,155854E-1;8,961361E-2;9,391405E-1;;
30/11/2021  10:22:49,375122;9,393644E-1;1,273729E-1;1,370034E-1;9,390640E-1;;
30/11/2021  10:22:49,375222;9,396475E-1;1,302401E-1;1,202590E-1;9,389877E-1;;
30/11/2021  10:22:49,375322;9,394150E-1;1,356559E-1;1,284732E-1;9,389123E-1;;
30/11/2021  10:22:49,375422;9,395283E-1;1,006121E-1;1,297370E-1;9,388383E-1;;
30/11/2021  10:22:49,375522;9,390932E-1;1,496735E-1;1,616461E-1;9,387663E-1;;
30/11/2021  10:22:49,375622;9,394598E-1;9,774492E-2;1,073058E-1;9,386967E-1;;
30/11/2021  10:22:49,375722;9,400439E-1;1,251428E-1;1,243661E-1;9,386298E-1;;
30/11/2021  10:22:49,375822;9,406221E-1;9,424054E-2;9,940750E-2;9,385662E-1;;
30/11/2021  10:22:49,375922;9,402138E-1;1,570008E-1;1,948190E-1;9,385062E-1;;
30/11/2021  10:22:49,376022;9,397369E-1;1,372488E-1;1,537478E-1;9,384503E-1;;
30/11/2021  10:22:49,376122;9,395253E-1;1,203641E-1;1,262617E-1;9,383988E-1;;
30/11/2021  10:22:49,376222;9,392750E-1;1,114439E-1;1,145722E-1;9,383519E-1;;
30/11/2021  10:22:49,376322;9,391647E-1;1,245056E-1;1,275255E-1;9,383095E-1;;
30/11/2021  10:22:49,376422;9,398710E-1;8,882468E-2;8,582243E-2;9,382717E-1;;
30/11/2021  10:22:49,376522;9,402018E-1;1,270543E-1;1,382671E-1;9,382385E-1;;
30/11/2021  10:22:49,376622;9,406101E-1;1,213198E-1;1,458495E-1;9,382101E-1;;
30/11/2021  10:22:49,376722;9,407830E-1;1,292843E-1;1,256299E-1;9,381866E-1;;
30/11/2021  10:22:49,376822;9,411138E-1;-4,370460E-2;2,832280E-2;9,381682E-1;;
30/11/2021  10:22:49,376922;9,417993E-1;1,159040E-1;1,107811E-1;9,381550E-1;;
30/11/2021  10:22:49,377022;9,423685E-1;1,276914E-1;1,679647E-1;9,381473E-1;;
30/11/2021  10:22:49,377122;9,435606E-1;1,340630E-1;1,423743E-1;9,381455E-1;;
30/11/2021  10:22:49,377222;9,435368E-1;1,283286E-1;1,404787E-1;9,381500E-1;;
30/11/2021  10:22:49,377322;9,433371E-1;1,382046E-1;1,388990E-1;9,381612E-1;;
30/11/2021  10:22:49,377422;9,433431E-1;1,267357E-1;1,268936E-1;9,381795E-1;;
30/11/2021  10:22:49,377522;9,430749E-1;1,726112E-1;1,736515E-1;9,382051E-1;;
30/11/2021  10:22:49,377622;9,432596E-1;1,413904E-1;1,445858E-1;9,382381E-1;;
30/11/2021  10:22:49,377722;9,434683E-1;1,133553E-1;1,196272E-1;9,382786E-1;;
30/11/2021  10:22:49,377822;9,437216E-1;1,238685E-1;1,316326E-1;9,383267E-1;;
30/11/2021  10:22:49,377922;9,429616E-1;1,302401E-1;1,237343E-1;9,383821E-1;;
30/11/2021  10:22:49,378022;9,427232E-1;1,280100E-1;1,360556E-1;9,384449E-1;;
30/11/2021  10:22:49,378122;9,420049E-1;6,970988E-2;9,624818E-2;9,385147E-1;;
30/11/2021  10:22:49,378222;9,415609E-1;1,321516E-1;1,272095E-1;9,385910E-1;;
30/11/2021  10:22:49,378322;9,415579E-1;1,375674E-1;1,407946E-1;9,386733E-1;;
30/11/2021  10:22:49,378422;9,419990E-1;2,829448E-2;1,047783E-1;9,387611E-1;;
30/11/2021  10:22:49,378522;9,416294E-1;1,206827E-1;1,142563E-1;9,388536E-1;;
30/11/2021  10:22:49,378622;9,414148E-1;1,229127E-1;1,376353E-1;9,389504E-1;;
30/11/2021  10:22:49,378722;9,407234E-1;1,171783E-1;1,291051E-1;9,390508E-1;;
30/11/2021  10:22:49,378822;9,400260E-1;1,563636E-1;1,594346E-1;9,391541E-1;;
30/11/2021  10:22:49,378922;9,405923E-1;1,267357E-1;1,284732E-1;9,392595E-1;;
30/11/2021  10:22:49,379022;9,408217E-1;1,388417E-1;1,351078E-1;9,393663E-1;;
30/11/2021  10:22:49,379122;9,407711E-1;1,420275E-1;1,322644E-1;9,394739E-1;;
30/11/2021  10:22:49,379222;9,414953E-1;1,311958E-1;1,515363E-1;9,395816E-1;;
30/11/2021  10:22:49,379322;9,412509E-1;5,218798E-2;2,863873E-2;9,396891E-1;;
30/11/2021  10:22:49,379422;9,411317E-1;7,512574E-2;1,174156E-1;9,397959E-1;;
30/11/2021  10:22:49,379522;9,410334E-1;9,647060E-2;9,498445E-2;9,399017E-1;;
30/11/2021  10:22:49,379622;9,410065E-1;3,689614E-2;9,087734E-2;9,400061E-1;;
30/11/2021  10:22:49,379722;9,419423E-1;4,263058E-2;7,918786E-2;9,401088E-1;;
30/11/2021  10:22:49,379822;9,421927E-1;1,139925E-1;1,085695E-1;9,402095E-1;;
30/11/2021  10:22:49,379922;9,414297E-1;-6,887242E-2;-8,957173E-3;9,403082E-1;;
30/11/2021  10:22:49,380022;9,416443E-1;1,554079E-1;1,540637E-1;9,404046E-1;;
30/11/2021  10:22:49,380122;9,414178E-1;2,595836E-1;2,330467E-1;9,404987E-1;;
30/11/2021  10:22:49,380222;9,415400E-1;1,490363E-1;2,197776E-1;9,405903E-1;;
30/11/2021  10:22:49,380322;9,416264E-1;7,831154E-2;7,002583E-2;9,406792E-1;;
30/11/2021  10:22:49,380422;9,418052E-1;1,289658E-1;1,313166E-1;9,407652E-1;;
30/11/2021  10:22:49,380522;9,420765E-1;1,095324E-1;1,104651E-1;9,408484E-1;;
30/11/2021  10:22:49,380622;9,417486E-1;1,407532E-1;1,278414E-1;9,409287E-1;;
30/11/2021  10:22:49,380722;9,417158E-1;1,385232E-1;1,407946E-1;9,410061E-1;;
30/11/2021  10:22:49,380822;9,414118E-1;1,152668E-1;1,189953E-1;9,410805E-1;;
30/11/2021  10:22:49,380922;9,415907E-1;1,318330E-1;1,325804E-1;9,411518E-1;;
30/11/2021  10:22:49,381022;9,414983E-1;1,076209E-1;1,133085E-1;9,412200E-1;;
30/11/2021  10:22:49,381122;9,417814E-1;9,424054E-2;1,025668E-1;9,412851E-1;;
30/11/2021  10:22:49,381222;9,419423E-1;8,818752E-2;9,024547E-2;9,413469E-1;;
30/11/2021  10:22:49,381322;9,416562E-1;9,487770E-2;1,000394E-1;9,414056E-1;;
30/11/2021  10:22:49,381422;9,413642E-1;2,319720E-2;5,896821E-2;9,414612E-1;;
30/11/2021  10:22:49,381522;9,406101E-1;4,613496E-2;6,907803E-2;9,415136E-1;;
30/11/2021  10:22:49,381622;9,409886E-1;1,018865E-1;1,300529E-1;9,415627E-1;;
30/11/2021  10:22:49,381722;9,417576E-1;8,563888E-2;9,688005E-2;9,416085E-1;;
30/11/2021  10:22:49,381822;9,415758E-1;1,152668E-1;1,215227E-1;9,416508E-1;;
30/11/2021  10:22:49,381922;9,417635E-1;-1,089086E-2;5,675668E-2;9,416898E-1;;
30/11/2021  10:22:49,382022;9,416592E-1;1,092138E-1;1,082536E-1;9,417257E-1;;
30/11/2021  10:22:49,382122;9,409559E-1;1,210013E-1;1,208909E-1;9,417584E-1;;
30/11/2021  10:22:49,382222;9,411704E-1;1,009307E-1;1,047783E-1;9,417880E-1;;
30/11/2021  10:22:49,382322;9,416354E-1;1,025236E-1;1,439539E-1;9,418145E-1;;
30/11/2021  10:22:49,382422;9,419781E-1;1,420275E-1;1,221546E-1;9,418380E-1;;
30/11/2021  10:22:49,382522;9,424162E-1;1,726112E-1;1,790224E-1;9,418587E-1;;
30/11/2021  10:22:49,382622;9,423834E-1;1,751599E-1;1,379512E-1;9,418769E-1;;
30/11/2021  10:22:49,382722;9,426815E-1;-2,267832E-2;5,960007E-2;9,418927E-1;;
30/11/2021  10:22:49,382822;9,421122E-1;1,557265E-1;1,218387E-1;9,419066E-1;;
30/11/2021  10:22:49,382922;9,427023E-1;1,095324E-1;1,088855E-1;9,419187E-1;;
30/11/2021  10:22:49,383022;9,431315E-1;1,194084E-1;1,129926E-1;9,419294E-1;;
30/11/2021  10:22:49,383122;9,439958E-1;1,493549E-1;1,619620E-1;9,419389E-1;;
30/11/2021  10:22:49,383222;9,443772E-1;1,178155E-1;9,909157E-2;9,419477E-1;;
30/11/2021  10:22:49,383322;9,445620E-1;1,327887E-1;1,439539E-1;9,419563E-1;;
30/11/2021  10:22:49,383422;9,441954E-1;1,490363E-1;1,528000E-1;9,419653E-1;;
30/11/2021  10:22:49,383522;9,443594E-1;1,302401E-1;1,325804E-1;9,419750E-1;;
30/11/2021  10:22:49,383622;9,441716E-1;1,337445E-1;1,332122E-1;9,419860E-1;;
30/11/2021  10:22:49,383722;9,447855E-1;1,248242E-1;1,234183E-1;9,419984E-1;;
30/11/2021  10:22:49,383822;9,456230E-1;6,397544E-2;6,591871E-2;9,420127E-1;;
30/11/2021  10:22:49,383922;9,458376E-1;1,366117E-1;1,338441E-1;9,420292E-1;;
30/11/2021  10:22:49,384022;9,450717E-1;1,254614E-1;1,246821E-1;9,420484E-1;;
30/11/2021  10:22:49,384122;9,447587E-1;1,305587E-1;1,212068E-1;9,420706E-1;;
30/11/2021  10:22:49,384222;9,441805E-1;1,359745E-1;1,328963E-1;9,420960E-1;;
30/11/2021  10:22:49,384322;9,439362E-1;8,277166E-2;1,657532E-1;9,421245E-1;;
30/11/2021  10:22:49,384422;9,443325E-1;1,174969E-1;1,265777E-1;9,421561E-1;;
30/11/2021  10:22:49,384522;9,446037E-1;1,092138E-1;1,354238E-1;9,421906E-1;;
30/11/2021  10:22:49,384622;9,442998E-1;1,305587E-1;1,382671E-1;9,422280E-1;;
30/11/2021  10:22:49,384722;9,441209E-1;2,988738E-2;8,013565E-2;9,422681E-1;;
30/11/2021  10:22:49,384822;9,435845E-1;1,302401E-1;1,272095E-1;9,423107E-1;;
30/11/2021  10:22:49,384922;9,428662E-1;1,315144E-1;1,249980E-1;9,423557E-1;;
30/11/2021  10:22:49,385022;9,432924E-1;1,296029E-1;1,196272E-1;9,424026E-1;;
30/11/2021  10:22:49,385122;9,439242E-1;1,340630E-1;1,306848E-1;9,424511E-1;;
30/11/2021  10:22:49,385222;9,441597E-1;1,222756E-1;1,265777E-1;9,425009E-1;;
30/11/2021  10:22:49,385322;9,441567E-1;1,203641E-1;1,189953E-1;9,425517E-1;;
30/11/2021  10:22:49,385422;9,442938E-1;1,260985E-1;1,202590E-1;9,426036E-1;;
30/11/2021  10:22:49,385522;9,434623E-1;1,340630E-1;1,275255E-1;9,426563E-1;;
30/11/2021  10:22:49,385622;9,435964E-1;1,302401E-1;1,262617E-1;9,427096E-1;;
30/11/2021  10:22:49,385722;9,440703E-1;1,292843E-1;1,272095E-1;9,427633E-1;;
30/11/2021  10:22:49,385822;9,441656E-1;1,254614E-1;1,373193E-1;9,428173E-1;;
30/11/2021  10:22:49,385922;9,442759E-1;1,289658E-1;1,174156E-1;9,428713E-1;;
30/11/2021  10:22:49,386022;9,440345E-1;1,442576E-1;1,357397E-1;9,429253E-1;;
30/11/2021  10:22:49,386122;9,435547E-1;1,181340E-1;1,208909E-1;9,429792E-1;;
30/11/2021  10:22:49,386222;9,428692E-1;1,181340E-1;1,215227E-1;9,430327E-1;;
30/11/2021  10:22:49,386322;9,428215E-1;1,270543E-1;1,275255E-1;9,430856E-1;;
30/11/2021  10:22:49,386422;9,433103E-1;3,721472E-2;1,041465E-1;9,431376E-1;;
30/11/2021  10:22:49,386522;9,428960E-1;1,219570E-1;1,158360E-1;9,431883E-1;;
30/11/2021  10:22:49,386622;9,427530E-1;1,624167E-1;2,090359E-1;9,432374E-1;;
30/11/2021  10:22:49,386722;9,427411E-1;1,296029E-1;1,278414E-1;9,432848E-1;;
30/11/2021  10:22:49,386822;9,415638E-1;1,120810E-1;1,161519E-1;9,433301E-1;;
30/11/2021  10:22:49,386922;9,411794E-1;1,245056E-1;1,164678E-1;9,433730E-1;;
30/11/2021  10:22:49,387022;9,409529E-1;1,353374E-1;1,426902E-1;9,434129E-1;;
30/11/2021  10:22:49,387122;9,408217E-1;8,404598E-2;7,666040E-2;9,434495E-1;;
30/11/2021  10:22:49,387222;9,415132E-1;1,270543E-1;1,354238E-1;9,434822E-1;;
30/11/2021  10:22:49,387322;9,406489E-1;1,289658E-1;1,120448E-1;9,435107E-1;;
30/11/2021  10:22:49,387422;9,404790E-1;1,404346E-1;1,268936E-1;9,435348E-1;;
30/11/2021  10:22:49,387522;9,397429E-1;1,143111E-1;1,227865E-1;9,435540E-1;;
30/11/2021  10:22:49,387622;9,399604E-1;1,611423E-1;1,528000E-1;9,435680E-1;;
30/11/2021  10:22:49,387722;9,399664E-1;1,165411E-1;1,186794E-1;9,435766E-1;;
30/11/2021  10:22:49,387822;9,406966E-1;1,238685E-1;1,287892E-1;9,435793E-1;;
30/11/2021  10:22:49,387922;9,408188E-1;1,490363E-1;1,559593E-1;9,435763E-1;;
30/11/2021  10:22:49,388022;9,408635E-1;1,630538E-1;1,859729E-1;9,435674E-1;;
30/11/2021  10:22:49,388122;9,402316E-1;1,286472E-1;1,581709E-1;9,435527E-1;;
30/11/2021  10:22:49,388222;9,405058E-1;1,394789E-1;1,322644E-1;9,435325E-1;;
30/11/2021  10:22:49,388322;9,405505E-1;1,174969E-1;1,231024E-1;9,435067E-1;;
30/11/2021  10:22:49,388422;9,411406E-1;1,235499E-1;1,205749E-1;9,434755E-1;;
30/11/2021  10:22:49,388522;9,421867E-1;1,155854E-1;1,117289E-1;9,434393E-1;;
30/11/2021  10:22:49,388622;9,420884E-1;1,225942E-1;1,088855E-1;9,433983E-1;;
30/11/2021  10:22:49,388722;9,429974E-1;1,483991E-1;1,499566E-1;9,433533E-1;;
30/11/2021  10:22:49,388822;9,426040E-1;1,079395E-1;1,054102E-1;9,433047E-1;;
30/11/2021  10:22:49,388922;9,427202E-1;1,302401E-1;1,370034E-1;9,432533E-1;;
30/11/2021  10:22:49,389022;9,432865E-1;4,390490E-2;8,171531E-2;9,431996E-1;;
30/11/2021  10:22:49,389122;9,439064E-1;8,691320E-2;1,079377E-1;9,431443E-1;;
30/11/2021  10:22:49,389222;9,441776E-1;1,401161E-1;1,496407E-1;9,430880E-1;;
30/11/2021  10:22:49,389322;9,445590E-1;9,296622E-2;1,291051E-1;9,430315E-1;;
30/11/2021  10:22:49,389422;9,443921E-1;1,194084E-1;1,240502E-1;9,429756E-1;;
30/11/2021  10:22:49,389522;9,445173E-1;1,123996E-1;1,164678E-1;9,429209E-1;;
30/11/2021  10:22:49,389622;9,437722E-1;1,824872E-1;1,885003E-1;9,428680E-1;;
30/11/2021  10:22:49,389722;9,437424E-1;1,200455E-1;1,310007E-1;9,428173E-1;;
30/11/2021  10:22:49,389822;9,451223E-1;1,050723E-1;1,069899E-1;9,427694E-1;;
30/11/2021  10:22:49,389922;9,448958E-1;1,047537E-1;1,167838E-1;9,427245E-1;;
30/11/2021  10:22:49,390022;9,451581E-1;1,002936E-1;8,677022E-2;9,426831E-1;;
30/11/2021  10:22:49,390122;9,454472E-1;1,085766E-1;1,502726E-1;9,426458E-1;;
30/11/2021  10:22:49,390222;9,449554E-1;1,206827E-1;1,670170E-1;9,426128E-1;;
30/11/2021  10:22:49,390322;9,451462E-1;8,659462E-2;9,245700E-2;9,425845E-1;;
30/11/2021  10:22:49,390422;9,455902E-1;9,232906E-2;1,088855E-1;9,425612E-1;;
30/11/2021  10:22:49,390522;9,462489E-1;9,424054E-2;1,581709E-1;9,425432E-1;;
30/11/2021  10:22:49,390622;9,462876E-1;6,365686E-2;8,076751E-2;9,425306E-1;;
30/11/2021  10:22:49,390722;9,465290E-1;1,321516E-1;1,572231E-1;9,425238E-1;;
30/11/2021  10:22:49,390822;9,458704E-1;1,382046E-1;1,445858E-1;9,425231E-1;;
30/11/2021  10:22:49,390922;9,456826E-1;1,506292E-1;1,363715E-1;9,425286E-1;;
30/11/2021  10:22:49,391022;9,458763E-1;1,595494E-1;1,490088E-1;9,425403E-1;;
30/11/2021  10:22:49,391122;9,461297E-1;1,706997E-1;1,616461E-1;9,425581E-1;;
30/11/2021  10:22:49,391222;9,465618E-1;1,541336E-1;1,338441E-1;9,425821E-1;;
30/11/2021  10:22:49,391322;9,465976E-1;1,394789E-1;1,483770E-1;9,426121E-1;;
30/11/2021  10:22:49,391422;9,464217E-1;1,251428E-1;1,303688E-1;9,426482E-1;;
30/11/2021  10:22:49,391522;9,460492E-1;1,483991E-1;1,553275E-1;9,426902E-1;;
30/11/2021  10:22:49,391622;9,454919E-1;7,703722E-2;1,708081E-1;9,427380E-1;;
30/11/2021  10:22:49,391722;9,459777E-1;1,397975E-1;1,227865E-1;9,427913E-1;;
30/11/2021  10:22:49,391822;9,460999E-1;3,498466E-2;7,729226E-2;9,428497E-1;;
30/11/2021  10:22:49,391922;9,459628E-1;3,498466E-2;7,476481E-2;9,429130E-1;;
30/11/2021  10:22:49,392022;9,456945E-1;7,002846E-2;1,009872E-1;9,429807E-1;;
30/11/2021  10:22:49,392122;9,451730E-1;1,136739E-1;1,155200E-1;9,430526E-1;;
30/11/2021  10:22:49,392222;9,449375E-1;1,257800E-1;1,420583E-1;9,431282E-1;;
30/11/2021  10:22:49,392322;9,439898E-1;1,245056E-1;1,344760E-1;9,432069E-1;;
30/11/2021  10:22:49,392422;9,442700E-1;1,232313E-1;1,268936E-1;9,432881E-1;;
30/11/2021  10:22:49,392522;9,442551E-1;1,270543E-1;1,316326E-1;9,433711E-1;;
30/11/2021  10:22:49,392622;9,441120E-1;1,238685E-1;1,300529E-1;9,434554E-1;;
30/11/2021  10:22:49,392722;9,443206E-1;1,235499E-1;1,231024E-1;9,435402E-1;;
30/11/2021  10:22:49,392822;9,436501E-1;1,152668E-1;1,000394E-1;9,436252E-1;;
30/11/2021  10:22:49,392922;9,435875E-1;1,203641E-1;1,170997E-1;9,437096E-1;;
30/11/2021  10:22:49,393022;9,432388E-1;1,232313E-1;1,240502E-1;9,437930E-1;;
30/11/2021  10:22:49,393122;9,435189E-1;1,174969E-1;1,126766E-1;9,438748E-1;;
30/11/2021  10:22:49,393222;9,436620E-1;1,053908E-1;1,110970E-1;9,439544E-1;;
30/11/2021  10:22:49,393322;9,435994E-1;-1,598814E-2;3,622110E-2;9,440316E-1;;
30/11/2021  10:22:49,393422;9,436888E-1;1,232313E-1;1,291051E-1;9,441058E-1;;
30/11/2021  10:22:49,393522;9,434086E-1;1,923632E-1;1,553275E-1;9,441767E-1;;
30/11/2021  10:22:49,393622;9,433759E-1;6,397544E-2;1,480610E-1;9,442442E-1;;
30/11/2021  10:22:49,393722;9,429676E-1;1,362931E-1;1,644895E-1;9,443079E-1;;
30/11/2021  10:22:49,393822;9,434444E-1;8,563888E-2;8,013565E-2;9,443675E-1;;
30/11/2021  10:22:49,393922;9,436709E-1;1,159040E-1;1,205749E-1;9,444229E-1;;
30/11/2021  10:22:49,394022;9,437693E-1;1,305587E-1;1,496407E-1;9,444739E-1;;
30/11/2021  10:22:49,394122;9,438289E-1;1,155854E-1;1,079377E-1;9,445205E-1;;
30/11/2021  10:22:49,394222;9,433550E-1;1,123996E-1;1,164678E-1;9,445626E-1;;
30/11/2021  10:22:49,394322;9,431851E-1;1,471248E-1;1,720719E-1;9,446003E-1;;
30/11/2021  10:22:49,394422;9,431225E-1;1,171783E-1;1,022509E-1;9,446336E-1;;
30/11/2021  10:22:49,394522;9,429735E-1;1,194084E-1;1,079377E-1;9,446623E-1;;
30/11/2021  10:22:49,394622;9,437216E-1;1,506292E-1;1,723878E-1;9,446864E-1;;
30/11/2021  10:22:49,394722;9,430749E-1;1,088952E-1;1,069899E-1;9,447060E-1;;
30/11/2021  10:22:49,394822;9,426517E-1;1,235499E-1;1,316326E-1;9,447211E-1;;
30/11/2021  10:22:49,394922;9,422076E-1;1,098510E-1;1,013031E-1;9,447317E-1;;
30/11/2021  10:22:49,395022;9,419513E-1;7,321426E-2;8,708615E-2;9,447377E-1;;
30/11/2021  10:22:49,395122;9,422881E-1;1,092138E-1;9,435259E-2;9,447391E-1;;
30/11/2021  10:22:49,395222;9,416652E-1;1,458505E-1;1,531159E-1;9,447358E-1;;
30/11/2021  10:22:49,395322;9,420318E-1;1,238685E-1;1,392149E-1;9,447276E-1;;
30/11/2021  10:22:49,395422;9,412181E-1;1,149482E-1;1,414265E-1;9,447145E-1;;
30/11/2021  10:22:49,395522;9,409141E-1;1,347002E-1;1,341600E-1;9,446966E-1;;
30/11/2021  10:22:49,395622;9,402466E-1;1,219570E-1;1,205749E-1;9,446736E-1;;
30/11/2021  10:22:49,395722;9,403538E-1;1,353374E-1;1,272095E-1;9,446453E-1;;
30/11/2021  10:22:49,395822;9,404283E-1;1,487177E-1;1,490088E-1;9,446117E-1;;
30/11/2021  10:22:49,395922;9,403151E-1;1,101695E-1;1,158360E-1;9,445725E-1;;
30/11/2021  10:22:49,396022;9,401273E-1;1,254614E-1;1,246821E-1;9,445278E-1;;
30/11/2021  10:22:49,396122;9,390753E-1;1,200455E-1;1,129926E-1;9,444775E-1;;
30/11/2021  10:22:49,396222;9,385329E-1;1,063466E-1;9,719598E-2;9,444215E-1;;
30/11/2021  10:22:49,396322;9,382199E-1;9,901924E-2;1,170997E-1;9,443595E-1;;
30/11/2021  10:22:49,396422;9,386163E-1;9,615202E-2;9,466852E-2;9,442914E-1;;
30/11/2021  10:22:49,396522;9,385508E-1;1,187712E-1;1,019350E-1;9,442170E-1;;
30/11/2021  10:22:49,396622;9,384852E-1;6,588692E-2;6,560278E-2;9,441363E-1;;
30/11/2021  10:22:49,396722;9,383719E-1;1,190898E-1;1,284732E-1;9,440492E-1;;
30/11/2021  10:22:49,396822;9,374659E-1;1,213198E-1;1,227865E-1;9,439560E-1;;
30/11/2021  10:22:49,396922;9,370308E-1;1,232313E-1;1,234183E-1;9,438565E-1;;
30/11/2021  10:22:49,397022;9,364526E-1;1,283286E-1;1,442698E-1;9,437506E-1;;
30/11/2021  10:22:49,397122;9,375404E-1;1,213198E-1;1,275255E-1;9,436384E-1;;
30/11/2021  10:22:49,397222;9,375673E-1;1,359745E-1;1,287892E-1;9,435198E-1;;
30/11/2021  10:22:49,397322;9,372841E-1;1,413904E-1;1,449017E-1;9,433951E-1;;
30/11/2021  10:22:49,397422;9,369176E-1;1,229127E-1;1,249980E-1;9,432644E-1;;
30/11/2021  10:22:49,397522;9,365808E-1;1,311958E-1;1,237343E-1;9,431280E-1;;
30/11/2021  10:22:49,397622;9,359430E-1;1,257800E-1;1,259458E-1;9,429861E-1;;
30/11/2021  10:22:49,397722;9,357940E-1;1,130368E-1;1,167838E-1;9,428388E-1;;
30/11/2021  10:22:49,397822;9,358029E-1;1,127182E-1;1,202590E-1;9,426862E-1;;
30/11/2021  10:22:49,397922;9,365718E-1;1,015679E-1;1,117289E-1;9,425284E-1;;
30/11/2021  10:22:49,398022;9,363751E-1;1,018865E-1;9,814378E-2;9,423658E-1;;
30/11/2021  10:22:49,398122;9,357582E-1;1,006121E-1;1,133085E-1;9,421987E-1;;
30/11/2021  10:22:49,398222;9,352247E-1;1,018865E-1;1,170997E-1;9,420274E-1;;
30/11/2021  10:22:49,398322;9,350578E-1;1,082581E-1;1,208909E-1;9,418521E-1;;
30/11/2021  10:22:49,398422;9,356748E-1;9,965640E-2;1,066739E-1;9,416730E-1;;
30/11/2021  10:22:49,398522;9,361188E-1;9,105474E-2;1,594346E-1;9,414905E-1;;
30/11/2021  10:22:49,398622;9,361665E-1;1,047537E-1;1,066739E-1;9,413050E-1;;
30/11/2021  10:22:49,398722;9,363304E-1;1,181340E-1;1,426902E-1;9,411169E-1;;
30/11/2021  10:22:49,398822;9,355883E-1;1,114439E-1;1,092014E-1;9,409269E-1;;
30/11/2021  10:22:49,398922;9,360145E-1;1,018865E-1;1,082536E-1;9,407352E-1;;
30/11/2021  10:22:49,399022;9,352426E-1;1,270543E-1;1,335282E-1;9,405425E-1;;
30/11/2021  10:22:49,399122;9,357731E-1;1,394789E-1;1,423743E-1;9,403491E-1;;
30/11/2021  10:22:49,399222;9,362977E-1;1,570008E-1;1,505885E-1;9,401553E-1;;
30/11/2021  10:22:49,399322;9,362708E-1;1,850358E-1;1,806020E-1;9,399617E-1;;
30/11/2021  10:22:49,399422;9,367417E-1;1,636910E-1;1,297370E-1;9,397689E-1;;
30/11/2021  10:22:49,399522;9,360771E-1;1,643281E-1;1,537478E-1;9,395772E-1;;
30/11/2021  10:22:49,399622;9,356420E-1;1,436204E-1;1,528000E-1;9,393873E-1;;
30/11/2021  10:22:49,399722;9,354811E-1;1,168597E-1;1,291051E-1;9,391995E-1;;
30/11/2021  10:22:49,399822;9,355079E-1;1,203641E-1;1,145722E-1;9,390141E-1;;
30/11/2021  10:22:49,399922;9,361725E-1;1,324701E-1;1,297370E-1;9,388314E-1;;
30/11/2021  10:22:49,400022;9,359788E-1;1,490363E-1;1,455336E-1;9,386517E-1;;
30/11/2021  10:22:49,400122;9,351115E-1;2,207168E-1;2,273600E-1;9,384753E-1;;
30/11/2021  10:22:49,400222;9,346674E-1;1,353374E-1;1,379512E-1;9,383023E-1;;
30/11/2021  10:22:49,400322;9,338210E-1;1,353374E-1;1,341600E-1;9,381330E-1;;
30/11/2021  10:22:49,400422;9,332190E-1;1,260985E-1;1,275255E-1;9,379671E-1;;
30/11/2021  10:22:49,400522;9,333948E-1;1,283286E-1;1,259458E-1;9,378044E-1;;
30/11/2021  10:22:49,400622;9,336720E-1;1,136739E-1;1,155200E-1;9,376448E-1;;
30/11/2021  10:22:49,400722;9,333412E-1;1,302401E-1;1,392149E-1;9,374881E-1;;
30/11/2021  10:22:49,400822;9,325246E-1;1,327887E-1;1,638576E-1;9,373341E-1;;
30/11/2021  10:22:49,400922;9,317736E-1;1,146297E-1;1,073058E-1;9,371826E-1;;
30/11/2021  10:22:49,401022;9,315769E-1;1,283286E-1;1,373193E-1;9,370332E-1;;
30/11/2021  10:22:49,401122;9,311715E-1;1,455319E-1;1,578549E-1;9,368856E-1;;
30/11/2021  10:22:49,401222;9,318391E-1;1,114439E-1;1,196272E-1;9,367393E-1;;
30/11/2021  10:22:49,401322;9,316037E-1;1,512664E-1;1,540637E-1;9,365940E-1;;
30/11/2021  10:22:49,401422;9,318719E-1;9,901924E-2;1,401627E-1;9,364496E-1;;
30/11/2021  10:22:49,401522;9,311417E-1;1,235499E-1;1,246821E-1;9,363059E-1;;
30/11/2021  10:22:49,401622;9,313027E-1;1,343816E-1;1,313166E-1;9,361627E-1;;
30/11/2021  10:22:49,401722;9,310225E-1;1,812129E-1;1,676488E-1;9,360199E-1;;
30/11/2021  10:22:49,401822;9,311447E-1;1,429833E-1;1,388990E-1;9,358773E-1;;
30/11/2021  10:22:49,401922;9,314070E-1;1,264171E-1;1,158360E-1;9,357349E-1;;
30/11/2021  10:22:49,402022;9,314606E-1;1,302401E-1;1,328963E-1;9,355925E-1;;
30/11/2021  10:22:49,402122;9,313861E-1;9,901924E-2;1,038306E-1;9,354504E-1;;
30/11/2021  10:22:49,402222;9,306679E-1;1,340630E-1;1,354238E-1;9,353085E-1;;
30/11/2021  10:22:49,402322;9,301404E-1;1,270543E-1;1,177316E-1;9,351668E-1;;
30/11/2021  10:22:49,402422;9,296814E-1;9,806350E-2;1,044624E-1;9,350253E-1;;
30/11/2021  10:22:49,402522;9,304503E-1;1,311958E-1;1,234183E-1;9,348837E-1;;
30/11/2021  10:22:49,402622;9,313146E-1;1,754784E-1;1,907119E-1;9,347421E-1;;
30/11/2021  10:22:49,402722;9,313474E-1;1,063466E-1;9,056141E-2;9,346005E-1;;
30/11/2021  10:22:49,402822;9,309540E-1;1,245056E-1;1,430061E-1;9,344593E-1;;
30/11/2021  10:22:49,402922;9,306142E-1;1,296029E-1;1,398468E-1;9,343185E-1;;
30/11/2021  10:22:49,403022;9,301195E-1;1,302401E-1;1,322644E-1;9,341784E-1;;
30/11/2021  10:22:49,403122;9,304980E-1;1,216384E-1;1,129926E-1;9,340390E-1;;
30/11/2021  10:22:49,403222;9,313980E-1;1,350188E-1;1,310007E-1;9,339005E-1;;
30/11/2021  10:22:49,403322;9,321163E-1;1,385232E-1;1,284732E-1;9,337630E-1;;
30/11/2021  10:22:49,403422;9,325365E-1;1,229127E-1;1,948190E-1;9,336270E-1;;
30/11/2021  10:22:49,403522;9,329389E-1;1,222756E-1;1,322644E-1;9,334929E-1;;
30/11/2021  10:22:49,403622;9,320895E-1;1,579565E-1;1,916596E-1;9,333614E-1;;
30/11/2021  10:22:49,403722;9,325246E-1;2,047878E-1;1,471132E-1;9,332328E-1;;
30/11/2021  10:22:49,403822;9,331236E-1;1,216384E-1;1,249980E-1;9,331076E-1;;
30/11/2021  10:22:49,403922;9,339671E-1;1,369303E-1;1,411105E-1;9,329863E-1;;
30/11/2021  10:22:49,404022;9,352396E-1;1,397975E-1;1,423743E-1;9,328694E-1;;
30/11/2021  10:22:49,404122;9,353946E-1;7,289568E-2;5,359736E-2;9,327576E-1;;
30/11/2021  10:22:49,404222;9,360115E-1;1,216384E-1;1,041465E-1;9,326517E-1;;
30/11/2021  10:22:49,404322;9,355287E-1;1,436204E-1;1,603824E-1;9,325526E-1;;
30/11/2021  10:22:49,404422;9,362917E-1;1,286472E-1;1,382671E-1;9,324608E-1;;
30/11/2021  10:22:49,404522;9,372305E-1;1,292843E-1;1,313166E-1;9,323771E-1;;
30/11/2021  10:22:49,404622;9,379875E-1;1,270543E-1;1,275255E-1;9,323020E-1;;
30/11/2021  10:22:49,404722;9,383421E-1;1,232313E-1;1,218387E-1;9,322365E-1;;
30/11/2021  10:22:49,404822;9,383064E-1;1,410718E-1;1,291051E-1;9,321811E-1;;
30/11/2021  10:22:49,404922;9,381961E-1;7,905358E-3;8,045158E-2;9,321365E-1;;
30/11/2021  10:22:49,405022;9,388458E-1;1,149482E-1;1,031987E-1;9,321031E-1;;
30/11/2021  10:22:49,405122;9,389561E-1;1,388417E-1;1,303688E-1;9,320815E-1;;
30/11/2021  10:22:49,405222;9,394717E-1;1,241871E-1;1,253139E-1;9,320720E-1;;
30/11/2021  10:22:49,405322;9,401899E-1;4,932076E-2;9,372073E-2;9,320748E-1;;
30/11/2021  10:22:49,405422;9,402734E-1;1,582751E-1;1,546956E-1;9,320904E-1;;
30/11/2021  10:22:49,405522;9,405356E-1;1,286472E-1;1,328963E-1;9,321189E-1;;
30/11/2021  10:22:49,405622;9,399575E-1;1,388417E-1;1,256299E-1;9,321606E-1;;
30/11/2021  10:22:49,405722;9,396743E-1;-6,250082E-2;2,674314E-2;9,322154E-1;;
30/11/2021  10:22:49,405822;9,393793E-1;9,965640E-2;1,774427E-1;9,322833E-1;;
30/11/2021  10:22:49,405922;9,403211E-1;3,976336E-2;8,424277E-2;9,323638E-1;;
30/11/2021  10:22:49,406022;9,408217E-1;1,305587E-1;1,246821E-1;9,324566E-1;;
30/11/2021  10:22:49,406122;9,402167E-1;1,394789E-1;1,685966E-1;9,325616E-1;;
30/11/2021  10:22:49,406222;9,398770E-1;1,041165E-1;8,929768E-2;9,326782E-1;;
30/11/2021  10:22:49,406322;9,393495E-1;1,127182E-1;1,000394E-1;9,328061E-1;;
30/11/2021  10:22:49,406422;9,393823E-1;1,305587E-1;1,212068E-1;9,329445E-1;;
30/11/2021  10:22:49,406522;9,397608E-1;6,238254E-2;8,582243E-2;9,330927E-1;;
30/11/2021  10:22:49,406622;9,397637E-1;9,041758E-2;8,361090E-2;9,332500E-1;;
30/11/2021  10:22:49,406722;9,409410E-1;1,044351E-1;1,088855E-1;9,334156E-1;;
30/11/2021  10:22:49,406822;9,408516E-1;8,595746E-2;7,571260E-2;9,335891E-1;;
30/11/2021  10:22:49,406922;9,403032E-1;5,887816E-2;7,792413E-2;9,337699E-1;;
30/11/2021  10:22:49,407022;9,399783E-1;3,084312E-2;3,685297E-2;9,339573E-1;;
30/11/2021  10:22:49,407122;9,398919E-1;9,838208E-2;1,259458E-1;9,341507E-1;;
30/11/2021  10:22:49,407222;9,400051E-1;4,135626E-2;5,359736E-2;9,343493E-1;;
30/11/2021  10:22:49,407322;9,412271E-1;1,088952E-1;1,363715E-1;9,345525E-1;;
30/11/2021  10:22:49,407422;9,415728E-1;1,276914E-1;1,442698E-1;9,347595E-1;;
30/11/2021  10:22:49,407522;9,412211E-1;1,388417E-1;1,610142E-1;9,349699E-1;;
30/11/2021  10:22:49,407622;9,406310E-1;1,455319E-1;1,376353E-1;9,351833E-1;;
30/11/2021  10:22:49,407722;9,407800E-1;1,611423E-1;1,490088E-1;9,353991E-1;;
30/11/2021  10:22:49,407822;9,410065E-1;1,796200E-1;1,584868E-1;9,356168E-1;;
30/11/2021  10:22:49,407922;9,418827E-1;1,757970E-1;1,556434E-1;9,358356E-1;;
30/11/2021  10:22:49,408022;9,420228E-1;1,512664E-1;1,411105E-1;9,360553E-1;;
30/11/2021  10:22:49,408122;9,419721E-1;1,159040E-1;1,240502E-1;9,362755E-1;;
30/11/2021  10:22:49,408222;9,410840E-1;1,292843E-1;1,297370E-1;9,364957E-1;;
30/11/2021  10:22:49,408322;9,408098E-1;1,114439E-1;1,041465E-1;9,367156E-1;;
30/11/2021  10:22:49,408422;9,407532E-1;-6,963020E-4;4,538313E-2;9,369346E-1;;
30/11/2021  10:22:49,408522;9,410214E-1;1,168597E-1;1,098333E-1;9,371522E-1;;
30/11/2021  10:22:49,408622;9,413165E-1;1,076209E-1;1,069899E-1;9,373677E-1;;
30/11/2021  10:22:49,408722;9,415758E-1;1,353374E-1;1,534319E-1;9,375807E-1;;
30/11/2021  10:22:49,408822;9,421569E-1;1,264171E-1;1,398468E-1;9,377909E-1;;
30/11/2021  10:22:49,408922;9,413999E-1;1,235499E-1;1,196272E-1;9,379980E-1;;
30/11/2021  10:22:49,409022;9,408873E-1;1,251428E-1;1,189953E-1;9,382017E-1;;
30/11/2021  10:22:49,409122;9,404880E-1;1,308772E-1;1,268936E-1;9,384017E-1;;
30/11/2021  10:22:49,409222;9,413403E-1;1,194084E-1;1,310007E-1;9,385974E-1;;
30/11/2021  10:22:49,409322;9,420198E-1;1,225942E-1;1,164678E-1;9,387885E-1;;
30/11/2021  10:22:49,409422;9,426159E-1;1,359745E-1;1,433221E-1;9,389748E-1;;
30/11/2021  10:22:49,409522;9,422165E-1;1,174969E-1;1,148882E-1;9,391563E-1;;
30/11/2021  10:22:49,409622;9,423655E-1;1,238685E-1;1,205749E-1;9,393330E-1;;
30/11/2021  10:22:49,409722;9,419185E-1;1,108067E-1;1,167838E-1;9,395048E-1;;
30/11/2021  10:22:49,409822;9,418112E-1;1,219570E-1;1,183634E-1;9,396717E-1;;
30/11/2021  10:22:49,409922;9,428692E-1;1,229127E-1;1,212068E-1;9,398336E-1;;
30/11/2021  10:22:49,410022;9,432119E-1;1,206827E-1;1,357397E-1;9,399904E-1;;
30/11/2021  10:22:49,410122;9,438527E-1;1,343816E-1;1,186794E-1;9,401424E-1;;
30/11/2021  10:22:49,410222;9,436083E-1;1,378860E-1;1,420583E-1;9,402898E-1;;
30/11/2021  10:22:49,410322;9,427977E-1;1,114439E-1;1,227865E-1;9,404328E-1;;
30/11/2021  10:22:49,410422;9,428573E-1;1,289658E-1;1,300529E-1;9,405715E-1;;
30/11/2021  10:22:49,410522;9,430093E-1;1,296029E-1;1,328963E-1;9,407060E-1;;
30/11/2021  10:22:49,410622;9,433878E-1;1,206827E-1;1,262617E-1;9,408363E-1;;
30/11/2021  10:22:49,410722;9,443296E-1;1,251428E-1;1,155200E-1;9,409625E-1;;
30/11/2021  10:22:49,410822;9,441507E-1;1,401161E-1;1,373193E-1;9,410849E-1;;
30/11/2021  10:22:49,410922;9,430331E-1;1,334259E-1;1,325804E-1;9,412037E-1;;
30/11/2021  10:22:49,411022;9,424907E-1;1,206827E-1;1,212068E-1;9,413190E-1;;
30/11/2021  10:22:49,411122;9,422225E-1;1,270543E-1;1,237343E-1;9,414307E-1;;
30/11/2021  10:22:49,411222;9,426934E-1;1,436204E-1;1,524841E-1;9,415387E-1;;
30/11/2021  10:22:49,411322;9,431196E-1;1,018865E-1;1,101492E-1;9,416429E-1;;
30/11/2021  10:22:49,411422;9,434146E-1;1,114439E-1;1,035146E-1;9,417432E-1;;
30/11/2021  10:22:49,411522;9,432447E-1;9,901924E-2;8,329497E-2;9,418398E-1;;
30/11/2021  10:22:49,411622;9,420854E-1;1,273729E-1;1,262617E-1;9,419325E-1;;
30/11/2021  10:22:49,411722;9,422404E-1;1,471248E-1;1,524841E-1;9,420215E-1;;
30/11/2021  10:22:49,411822;9,413403E-1;1,206827E-1;1,253139E-1;9,421065E-1;;
30/11/2021  10:22:49,411922;9,419930E-1;1,197269E-1;1,287892E-1;9,421874E-1;;
30/11/2021  10:22:49,412022;9,428454E-1;1,181340E-1;1,249980E-1;9,422639E-1;;
30/11/2021  10:22:49,412122;9,428931E-1;1,168597E-1;1,268936E-1;9,423360E-1;;
30/11/2021  10:22:49,412222;9,425563E-1;1,353374E-1;1,379512E-1;9,424039E-1;;
30/11/2021  10:22:49,412322;9,425861E-1;1,257800E-1;1,259458E-1;9,424675E-1;;
30/11/2021  10:22:49,412422;9,417248E-1;1,292843E-1;1,306848E-1;9,425270E-1;;
30/11/2021  10:22:49,412522;9,420109E-1;1,286472E-1;1,294210E-1;9,425823E-1;;
30/11/2021  10:22:49,412622;9,427113E-1;1,245056E-1;1,259458E-1;9,426334E-1;;
30/11/2021  10:22:49,412722;9,431404E-1;1,229127E-1;1,114129E-1;9,426803E-1;;
30/11/2021  10:22:49,412822;9,432745E-1;1,165411E-1;9,561632E-2;9,427233E-1;;
30/11/2021  10:22:49,412922;9,436858E-1;1,206827E-1;1,366875E-1;9,427626E-1;;
30/11/2021  10:22:49,413022;9,432984E-1;8,818752E-2;9,751191E-2;9,427985E-1;;
30/11/2021  10:22:49,413122;9,428901E-1;1,216384E-1;1,234183E-1;9,428312E-1;;
30/11/2021  10:22:49,413222;9,428603E-1;1,620981E-1;1,477451E-1;9,428611E-1;;
30/11/2021  10:22:49,413322;9,434206E-1;-1,089086E-2;1,060421E-1;9,428882E-1;;
30/11/2021  10:22:49,413422;9,442133E-1;1,292843E-1;1,262617E-1;9,429127E-1;;
30/11/2021  10:22:49,413522;9,437156E-1;1,292843E-1;1,483770E-1;9,429350E-1;;
30/11/2021  10:22:49,413622;9,432298E-1;1,276914E-1;1,243661E-1;9,429554E-1;;
30/11/2021  10:22:49,413722;9,430152E-1;1,200455E-1;1,221546E-1;9,429740E-1;;
30/11/2021  10:22:49,413822;9,423149E-1;1,232313E-1;1,253139E-1;9,429910E-1;;
30/11/2021  10:22:49,413922;9,427619E-1;1,197269E-1;1,442698E-1;9,430063E-1;;
30/11/2021  10:22:49,414022;9,432298E-1;1,146297E-1;1,152041E-1;9,430201E-1;;
30/11/2021  10:22:49,414122;9,430063E-1;1,248242E-1;1,234183E-1;9,430323E-1;;
30/11/2021  10:22:49,414222;9,436381E-1;9,647060E-2;4,727872E-2;9,430430E-1;;
30/11/2021  10:22:49,414322;9,430063E-1;2,019206E-1;2,216732E-1;9,430525E-1;;
30/11/2021  10:22:49,414422;9,418827E-1;1,002936E-1;9,688005E-2;9,430608E-1;;
30/11/2021  10:22:49,414522;9,428007E-1;1,299215E-1;1,417424E-1;9,430679E-1;;
30/11/2021  10:22:49,414622;9,425265E-1;1,222756E-1;1,170997E-1;9,430737E-1;;
30/11/2021  10:22:49,414722;9,432447E-1;1,420275E-1;1,480610E-1;9,430782E-1;;
30/11/2021  10:22:49,414822;9,429586E-1;5,356718E-3;4,727872E-2;9,430816E-1;;
30/11/2021  10:22:49,414922;9,431196E-1;1,165411E-1;1,486929E-1;9,430838E-1;;
30/11/2021  10:22:49,415022;9,430600E-1;1,009307E-1;1,161519E-1;9,430851E-1;;
30/11/2021  10:22:49,415122;9,425026E-1;9,901924E-2;1,123607E-1;9,430855E-1;;
30/11/2021  10:22:49,415222;9,426546E-1;1,006121E-1;1,085695E-1;9,430851E-1;;
30/11/2021  10:22:49,415322;9,434355E-1;1,098510E-1;1,199431E-1;9,430838E-1;;
30/11/2021  10:22:49,415422;9,436530E-1;1,069837E-1;1,082536E-1;9,430818E-1;;
30/11/2021  10:22:49,415522;9,443743E-1;1,108067E-1;1,158360E-1;9,430792E-1;;
30/11/2021  10:22:49,415622;9,440494E-1;7,162136E-2;1,028828E-1;9,430764E-1;;
30/11/2021  10:22:49,415722;9,430212E-1;1,276914E-1;1,407946E-1;9,430737E-1;;
30/11/2021  10:22:49,415822;9,433520E-1;7,512574E-2;1,622780E-1;9,430711E-1;;
30/11/2021  10:22:49,415922;9,433848E-1;1,362931E-1;1,452176E-1;9,430688E-1;;
30/11/2021  10:22:49,416022;9,437484E-1;1,327887E-1;1,420583E-1;9,430667E-1;;
30/11/2021  10:22:49,416122;9,442908E-1;1,088952E-1;1,360556E-1;9,430650E-1;;
30/11/2021  10:22:49,416222;9,440852E-1;1,534964E-1;1,325804E-1;9,430639E-1;;
30/11/2021  10:22:49,416322;9,431464E-1;1,872659E-1;1,414265E-1;9,430635E-1;;
30/11/2021  10:22:49,416422;9,426904E-1;1,397975E-1;1,834454E-1;9,430639E-1;;
30/11/2021  10:22:49,416522;9,423924E-1;1,678325E-1;1,689125E-1;9,430650E-1;;
30/11/2021  10:22:49,416622;9,427917E-1;1,417090E-1;1,392149E-1;9,430665E-1;;
30/11/2021  10:22:49,416722;9,425265E-1;1,267357E-1;1,316326E-1;9,430683E-1;;
30/11/2021  10:22:49,416822;9,431553E-1;1,165411E-1;1,227865E-1;9,430703E-1;;
30/11/2021  10:22:49,416922;9,431076E-1;1,276914E-1;1,092014E-1;9,430724E-1;;
30/11/2021  10:22:49,417022;9,415162E-1;-6,536804E-2;5,891631E-3;9,430744E-1;;
30/11/2021  10:22:49,417122;9,414208E-1;1,114439E-1;1,050943E-1;9,430763E-1;;
30/11/2021  10:22:49,417222;9,416771E-1;1,130368E-1;1,158360E-1;9,430777E-1;;
30/11/2021  10:22:49,417322;9,416413E-1;1,229127E-1;1,319485E-1;9,430783E-1;;
30/11/2021  10:22:49,417422;9,420377E-1;1,162226E-1;1,347919E-1;9,430778E-1;;
30/11/2021  10:22:49,417522;9,423417E-1;1,130368E-1;1,180475E-1;9,430761E-1;;
30/11/2021  10:22:49,417622;9,417486E-1;1,289658E-1;1,370034E-1;9,430732E-1;;
30/11/2021  10:22:49,417722;9,410125E-1;1,254614E-1;1,325804E-1;9,430689E-1;;
30/11/2021  10:22:49,417822;9,408277E-1;1,525407E-1;1,540637E-1;9,430630E-1;;
30/11/2021  10:22:49,417922;9,410304E-1;1,264171E-1;1,268936E-1;9,430553E-1;;
30/11/2021  10:22:49,418022;9,418201E-1;1,429833E-1;1,749153E-1;9,430456E-1;;
30/11/2021  10:22:49,418122;9,417009E-1;1,302401E-1;1,303688E-1;9,430338E-1;;
30/11/2021  10:22:49,418222;9,424311E-1;1,509478E-1;1,755471E-1;9,430200E-1;;
30/11/2021  10:22:49,418322;9,422672E-1;1,200455E-1;1,272095E-1;9,430042E-1;;
30/11/2021  10:22:49,418422;9,415162E-1;1,276914E-1;1,253139E-1;9,429867E-1;;
30/11/2021  10:22:49,418522;9,410989E-1;1,353374E-1;1,480610E-1;9,429674E-1;;
30/11/2021  10:22:49,418622;9,412926E-1;1,190898E-1;1,313166E-1;9,429465E-1;;
30/11/2021  10:22:49,418722;9,419006E-1;7,002846E-2;8,424277E-2;9,429237E-1;;
30/11/2021  10:22:49,418822;9,421569E-1;1,347002E-1;1,272095E-1;9,428993E-1;;
30/11/2021  10:22:49,418922;9,423626E-1;1,241871E-1;9,782784E-2;9,428734E-1;;
30/11/2021  10:22:49,419022;9,418052E-1;1,267357E-1;1,344760E-1;9,428462E-1;;
30/11/2021  10:22:49,419122;9,410274E-1;4,836502E-2;9,277293E-2;9,428177E-1;;
30/11/2021  10:22:49,419222;9,404760E-1;1,343816E-1;1,540637E-1;9,427882E-1;;
30/11/2021  10:22:49,419322;9,408188E-1;5,792242E-2;6,181159E-2;9,427574E-1;;
30/11/2021  10:22:49,419422;9,415191E-1;1,251428E-1;1,341600E-1;9,427252E-1;;
30/11/2021  10:22:49,419522;9,413642E-1;1,429833E-1;1,606983E-1;9,426918E-1;;
30/11/2021  10:22:49,419622;9,419513E-1;1,455319E-1;1,774427E-1;9,426571E-1;;
30/11/2021  10:22:49,419722;9,412897E-1;1,168597E-1;1,079377E-1;9,426214E-1;;
30/11/2021  10:22:49,419822;9,404403E-1;1,219570E-1;1,218387E-1;9,425848E-1;;
30/11/2021  10:22:49,419922;9,409499E-1;1,283286E-1;1,335282E-1;9,425472E-1;;
30/11/2021  10:22:49,420022;9,405774E-1;1,264171E-1;1,256299E-1;9,425086E-1;;
30/11/2021  10:22:49,420122;9,411853E-1;1,213198E-1;1,240502E-1;9,424691E-1;;
30/11/2021  10:22:49,420222;9,409737E-1;1,353374E-1;1,325804E-1;9,424286E-1;;
30/11/2021  10:22:49,420322;9,410423E-1;8,181592E-2;8,677022E-2;9,423873E-1;;
30/11/2021  10:22:49,420422;9,405863E-1;1,146297E-1;1,218387E-1;9,423451E-1;;
30/11/2021  10:22:49,420522;9,399753E-1;6,301970E-2;7,571260E-2;9,423022E-1;;
30/11/2021  10:22:49,420622;9,399992E-1;1,187712E-1;1,104651E-1;9,422585E-1;;
30/11/2021  10:22:49,420722;9,405118E-1;1,251428E-1;1,183634E-1;9,422139E-1;;
30/11/2021  10:22:49,420822;9,408247E-1;1,483991E-1;1,625939E-1;9,421684E-1;;
30/11/2021  10:22:49,420922;9,410542E-1;1,219570E-1;1,215227E-1;9,421221E-1;;
30/11/2021  10:22:49,421022;9,410483E-1;1,305587E-1;1,262617E-1;9,420750E-1;;
30/11/2021  10:22:49,421122;9,405774E-1;1,302401E-1;1,284732E-1;9,420275E-1;;
30/11/2021  10:22:49,421222;9,399217E-1;1,251428E-1;1,325804E-1;9,419795E-1;;
30/11/2021  10:22:49,421322;9,393197E-1;1,334259E-1;1,357397E-1;9,419312E-1;;
30/11/2021  10:22:49,421422;9,407860E-1;1,359745E-1;1,310007E-1;9,418823E-1;;
30/11/2021  10:22:49,421522;9,407025E-1;1,149482E-1;1,338441E-1;9,418329E-1;;
30/11/2021  10:22:49,421622;9,404164E-1;1,267357E-1;1,249980E-1;9,417832E-1;;
30/11/2021  10:22:49,421722;9,395581E-1;1,302401E-1;1,196272E-1;9,417332E-1;;
30/11/2021  10:22:49,421822;9,388458E-1;1,356559E-1;1,189953E-1;9,416829E-1;;
30/11/2021  10:22:49,421922;9,382498E-1;1,292843E-1;1,142563E-1;9,416321E-1;;
30/11/2021  10:22:49,422022;9,389531E-1;1,394789E-1;1,284732E-1;9,415806E-1;;
30/11/2021  10:22:49,422122;9,386133E-1;1,305587E-1;1,543797E-1;9,415282E-1;;
30/11/2021  10:22:49,422222;9,384107E-1;1,063466E-1;8,613836E-2;9,414746E-1;;
30/11/2021  10:22:49,422322;9,376656E-1;1,433019E-1;1,414265E-1;9,414198E-1;;
30/11/2021  10:22:49,422422;9,376447E-1;1,286472E-1;1,347919E-1;9,413634E-1;;
30/11/2021  10:22:49,422522;9,367417E-1;1,423461E-1;1,341600E-1;9,413052E-1;;
30/11/2021  10:22:49,422622;9,362082E-1;1,407532E-1;1,338441E-1;9,412449E-1;;
30/11/2021  10:22:49,422722;9,363185E-1;1,410718E-1;1,344760E-1;9,411821E-1;;
30/11/2021  10:22:49,422822;9,366016E-1;1,292843E-1;1,085695E-1;9,411164E-1;;
30/11/2021  10:22:49,422922;9,366940E-1;1,343816E-1;1,351078E-1;9,410475E-1;;
30/11/2021  10:22:49,423022;9,358774E-1;1,280100E-1;1,234183E-1;9,409752E-1;;
30/11/2021  10:22:49,423122;9,352069E-1;9,933782E-2;9,245700E-2;9,408995E-1;;
30/11/2021  10:22:49,423222;9,354811E-1;1,155854E-1;1,158360E-1;9,408199E-1;;
30/11/2021  10:22:49,423322;9,353857E-1;9,073616E-2;1,120448E-1;9,407363E-1;;
30/11/2021  10:22:49,423422;9,353350E-1;8,563888E-2;6,655058E-2;9,406486E-1;;
30/11/2021  10:22:49,423522;9,355317E-1;7,448858E-2;6,844617E-2;9,405566E-1;;
30/11/2021  10:22:49,423622;9,358536E-1;2,808078E-3;4,949025E-2;9,404603E-1;;
30/11/2021  10:22:49,423722;9,350340E-1;9,647060E-2;9,814378E-2;9,403598E-1;;
30/11/2021  10:22:49,423822;9,342800E-1;1,216384E-1;1,370034E-1;9,402552E-1;;
30/11/2021  10:22:49,423922;9,345810E-1;8,946184E-2;1,104651E-1;9,401464E-1;;
30/11/2021  10:22:49,424022;9,348343E-1;9,816838E-3;6,339125E-2;9,400334E-1;;
30/11/2021  10:22:49,424122;9,350012E-1;1,117624E-1;1,212068E-1;9,399163E-1;;
30/11/2021  10:22:49,424222;9,351830E-1;1,178155E-1;1,303688E-1;9,397952E-1;;
30/11/2021  10:22:49,424322;9,349714E-1;2,796541E-1;2,317830E-1;9,396705E-1;;
30/11/2021  10:22:49,424422;9,348373E-1;1,480806E-1;1,461654E-1;9,395423E-1;;
30/11/2021  10:22:49,424522;9,339104E-1;1,671954E-1;1,509044E-1;9,394109E-1;;
30/11/2021  10:22:49,424622;9,337882E-1;1,687883E-1;1,420583E-1;9,392765E-1;;
30/11/2021  10:22:49,424722;9,343128E-1;1,646467E-1;1,512204E-1;9,391392E-1;;
30/11/2021  10:22:49,424822;9,344469E-1;1,515849E-1;1,259458E-1;9,389991E-1;;
30/11/2021  10:22:49,424922;9,342830E-1;1,573194E-1;1,755471E-1;9,388566E-1;;
30/11/2021  10:22:49,425022;9,340237E-1;1,280100E-1;1,322644E-1;9,387118E-1;;
30/11/2021  10:22:49,425122;9,341638E-1;1,350188E-1;1,338441E-1;9,385651E-1;;
30/11/2021  10:22:49,425222;9,336094E-1;1,534964E-1;1,667010E-1;9,384166E-1;;
30/11/2021  10:22:49,425322;9,335111E-1;1,385232E-1;1,338441E-1;9,382667E-1;;
30/11/2021  10:22:49,425422;9,343724E-1;1,468062E-1;1,673329E-1;9,381156E-1;;
30/11/2021  10:22:49,425522;9,346853E-1;1,267357E-1;1,218387E-1;9,379634E-1;;
30/11/2021  10:22:49,425622;9,349476E-1;1,362931E-1;1,584868E-1;9,378107E-1;;
30/11/2021  10:22:49,425722;9,348403E-1;1,264171E-1;1,243661E-1;9,376579E-1;;
30/11/2021  10:22:49,425822;9,346346E-1;1,216384E-1;1,253139E-1;9,375054E-1;;
30/11/2021  10:22:49,425922;9,342234E-1;1,219570E-1;1,240502E-1;9,373538E-1;;
30/11/2021  10:22:49,426022;9,346138E-1;8,818752E-2;1,110970E-1;9,372033E-1;;
30/11/2021  10:22:49,426122;9,348939E-1;1,308772E-1;1,142563E-1;9,370542E-1;;
30/11/2021  10:22:49,426222;9,355675E-1;1,178155E-1;1,186794E-1;9,369071E-1;;
30/11/2021  10:22:49,426322;9,353291E-1;1,296029E-1;1,237343E-1;9,367622E-1;;
30/11/2021  10:22:49,426422;9,355347E-1;1,347002E-1;1,363715E-1;9,366201E-1;;
30/11/2021  10:22:49,426522;9,353499E-1;1,292843E-1;1,376353E-1;9,364812E-1;;
30/11/2021  10:22:49,426622;9,348284E-1;1,340630E-1;1,474292E-1;9,363459E-1;;
30/11/2021  10:22:49,426722;9,351651E-1;1,311958E-1;1,224705E-1;9,362145E-1;;
30/11/2021  10:22:49,426822;9,355019E-1;1,585937E-1;1,449017E-1;9,360872E-1;;
30/11/2021  10:22:49,426922;9,357642E-1;1,286472E-1;1,199431E-1;9,359642E-1;;
30/11/2021  10:22:49,427022;9,358119E-1;1,474434E-1;1,704922E-1;9,358460E-1;;
30/11/2021  10:22:49,427122;9,355764E-1;1,429833E-1;1,572231E-1;9,357327E-1;;
30/11/2021  10:22:49,427222;9,351502E-1;1,315144E-1;1,300529E-1;9,356245E-1;;
30/11/2021  10:22:49,427322;9,349744E-1;1,245056E-1;1,259458E-1;9,355217E-1;;
30/11/2021  10:22:49,427422;9,353678E-1;1,085766E-1;1,202590E-1;9,354242E-1;;
30/11/2021  10:22:49,427522;9,354274E-1;1,315144E-1;1,164678E-1;9,353320E-1;;
30/11/2021  10:22:49,427622;9,359877E-1;1,283286E-1;1,306848E-1;9,352453E-1;;
30/11/2021  10:22:49,427722;9,356956E-1;1,181340E-1;1,300529E-1;9,351642E-1;;
30/11/2021  10:22:49,427822;9,355824E-1;1,706997E-1;2,024013E-1;9,350886E-1;;
30/11/2021  10:22:49,427922;9,352247E-1;1,439390E-1;1,486929E-1;9,350186E-1;;
30/11/2021  10:22:49,428022;9,357493E-1;8,659462E-2;1,016190E-1;9,349542E-1;;
30/11/2021  10:22:49,428122;9,361904E-1;1,162226E-1;1,281573E-1;9,348953E-1;;
30/11/2021  10:22:49,428222;9,363632E-1;6,524976E-2;8,961361E-2;9,348420E-1;;
30/11/2021  10:22:49,428322;9,367209E-1;4,135626E-2;7,065769E-2;9,347942E-1;;
30/11/2021  10:22:49,428422;9,366463E-1;1,254614E-1;9,340479E-2;9,347522E-1;;
30/11/2021  10:22:49,428522;9,363215E-1;1,245056E-1;1,948190E-1;9,347160E-1;;
30/11/2021  10:22:49,428622;9,363573E-1;1,276914E-1;1,344760E-1;9,346855E-1;;
30/11/2021  10:22:49,428722;9,365033E-1;1,254614E-1;1,287892E-1;9,346607E-1;;
30/11/2021  10:22:49,428822;9,366881E-1;1,308772E-1;1,262617E-1;9,346415E-1;;
30/11/2021  10:22:49,428922;9,373050E-1;1,257800E-1;1,253139E-1;9,346279E-1;;
30/11/2021  10:22:49,429022;9,374898E-1;1,120810E-1;1,155200E-1;9,346199E-1;;
30/11/2021  10:22:49,429122;9,374779E-1;1,429833E-1;1,474292E-1;9,346175E-1;;
30/11/2021  10:22:49,429222;9,373288E-1;1,079395E-1;1,133085E-1;9,346207E-1;;
30/11/2021  10:22:49,429322;9,373765E-1;1,264171E-1;1,202590E-1;9,346295E-1;;
30/11/2021  10:22:49,429422;9,376597E-1;1,260985E-1;1,227865E-1;9,346437E-1;;
30/11/2021  10:22:49,429522;9,380322E-1;1,219570E-1;1,316326E-1;9,346634E-1;;
30/11/2021  10:22:49,429622;9,385031E-1;1,149482E-1;1,101492E-1;9,346885E-1;;
30/11/2021  10:22:49,429722;9,383511E-1;1,248242E-1;1,344760E-1;9,347190E-1;;
30/11/2021  10:22:49,429822;9,380501E-1;1,891774E-1;1,926074E-1;9,347548E-1;;
30/11/2021  10:22:49,429922;9,378295E-1;9,487770E-2;1,711241E-1;9,347960E-1;;
30/11/2021  10:22:49,430022;9,380113E-1;1,245056E-1;1,240502E-1;9,348422E-1;;
30/11/2021  10:22:49,430122;9,387355E-1;1,136739E-1;1,338441E-1;9,348933E-1;;
30/11/2021  10:22:49,430222;9,389591E-1;1,289658E-1;1,303688E-1;9,349492E-1;;
30/11/2021  10:22:49,430322;9,393018E-1;1,362931E-1;1,483770E-1;9,350098E-1;;
30/11/2021  10:22:49,430422;9,392213E-1;1,200455E-1;1,006712E-1;9,350751E-1;;
30/11/2021  10:22:49,430522;9,393227E-1;1,286472E-1;1,088855E-1;9,351449E-1;;
30/11/2021  10:22:49,430622;9,392183E-1;1,037979E-1;9,150920E-2;9,352192E-1;;
30/11/2021  10:22:49,430722;9,391587E-1;1,238685E-1;1,291051E-1;9,352979E-1;;
30/11/2021  10:22:49,430822;9,400350E-1;2,319720E-2;5,517702E-2;9,353808E-1;;
30/11/2021  10:22:49,430922;9,400141E-1;1,267357E-1;1,218387E-1;9,354678E-1;;
30/11/2021  10:22:49,431022;9,405833E-1;1,184526E-1;7,508074E-2;9,355589E-1;;
30/11/2021  10:22:49,431122;9,400409E-1;1,547707E-1;1,594346E-1;9,356539E-1;;
30/11/2021  10:22:49,431222;9,395939E-1;1,859916E-1;1,783905E-1;9,357528E-1;;
30/11/2021  10:22:49,431322;9,397816E-1;1,404346E-1;1,638576E-1;9,358553E-1;;
30/11/2021  10:22:49,431422;9,400171E-1;1,203641E-1;1,316326E-1;9,359612E-1;;
30/11/2021  10:22:49,431522;9,403956E-1;1,082581E-1;1,139404E-1;9,360703E-1;;
30/11/2021  10:22:49,431622;9,406489E-1;1,311958E-1;1,556434E-1;9,361823E-1;;
30/11/2021  10:22:49,431722;9,406727E-1;1,382046E-1;1,695444E-1;9,362971E-1;;
30/11/2021  10:22:49,431822;9,408635E-1;9,519628E-2;1,028828E-1;9,364145E-1;;
30/11/2021  10:22:49,431922;9,405714E-1;9,997498E-2;1,139404E-1;9,365344E-1;;
30/11/2021  10:22:49,432022;9,404760E-1;1,088952E-1;1,202590E-1;9,366565E-1;;
30/11/2021  10:22:49,432122;9,407532E-1;1,085766E-1;1,170997E-1;9,367807E-1;;
30/11/2021  10:22:49,432222;9,411913E-1;8,022302E-2;9,277293E-2;9,369066E-1;;
30/11/2021  10:22:49,432322;9,411287E-1;9,169190E-2;1,006712E-1;9,370342E-1;;
30/11/2021  10:22:49,432422;9,414595E-1;8,213450E-2;8,771802E-2;9,371632E-1;;
30/11/2021  10:22:49,432522;9,409052E-1;2,415294E-2;6,655058E-2;9,372934E-1;;
30/11/2021  10:22:49,432622;9,407919E-1;-1,411901E-1;-3,675919E-2;9,374247E-1;;
30/11/2021  10:22:49,432722;9,405982E-1;8,404598E-2;9,466852E-2;9,375568E-1;;
30/11/2021  10:22:49,432822;9,414089E-1;9,169190E-2;1,423743E-1;9,376894E-1;;
30/11/2021  10:22:49,432922;9,418052E-1;1,557265E-1;1,853410E-1;9,378223E-1;;
30/11/2021  10:22:49,433022;9,418887E-1;1,649653E-1;1,385831E-1;9,379552E-1;;
30/11/2021  10:22:49,433122;9,416741E-1;1,605052E-1;1,281573E-1;9,380882E-1;;
30/11/2021  10:22:49,433222;9,418231E-1;1,691068E-1;1,505885E-1;9,382211E-1;;
30/11/2021  10:22:49,433322;9,413314E-1;1,483991E-1;1,360556E-1;9,383537E-1;;
30/11/2021  10:22:49,433422;9,420765E-1;1,483991E-1;1,502726E-1;9,384860E-1;;
30/11/2021  10:22:49,433522;9,426874E-1;1,321516E-1;1,291051E-1;9,386177E-1;;
30/11/2021  10:22:49,433622;9,434385E-1;1,350188E-1;1,486929E-1;9,387488E-1;;
30/11/2021  10:22:49,433722;9,437097E-1;1,292843E-1;1,193112E-1;9,388795E-1;;
30/11/2021  10:22:49,433822;9,437812E-1;1,053908E-1;1,003553E-1;9,390099E-1;;
30/11/2021  10:22:49,433922;9,441507E-1;1,257800E-1;1,164678E-1;9,391402E-1;;
30/11/2021  10:22:49,434022;9,440733E-1;1,235499E-1;1,155200E-1;9,392705E-1;;
30/11/2021  10:22:49,434122;9,446961E-1;1,229127E-1;1,202590E-1;9,394012E-1;;
30/11/2021  10:22:49,434222;9,449644E-1;1,219570E-1;1,439539E-1;9,395323E-1;;
30/11/2021  10:22:49,434322;9,461207E-1;2,797590E-2;6,591871E-2;9,396640E-1;;
30/11/2021  10:22:49,434422;9,456409E-1;1,340630E-1;1,417424E-1;9,397968E-1;;
30/11/2021  10:22:49,434522;9,461267E-1;1,216384E-1;1,404787E-1;9,399309E-1;;
30/11/2021  10:22:49,434622;9,456528E-1;1,334259E-1;1,347919E-1;9,400665E-1;;
30/11/2021  10:22:49,434722;9,459657E-1;1,254614E-1;1,259458E-1;9,402039E-1;;
30/11/2021  10:22:49,434822;9,461893E-1;1,241871E-1;1,306848E-1;9,403431E-1;;
30/11/2021  10:22:49,434922;9,463025E-1;1,009307E-1;1,019350E-1;9,404843E-1;;
30/11/2021  10:22:49,435022;9,466095E-1;1,257800E-1;1,202590E-1;9,406275E-1;;
30/11/2021  10:22:49,435122;9,464188E-1;1,184526E-1;1,193112E-1;9,407728E-1;;
30/11/2021  10:22:49,435222;9,459657E-1;1,190898E-1;1,164678E-1;9,409202E-1;;
30/11/2021  10:22:49,435322;9,449435E-1;1,318330E-1;1,240502E-1;9,410697E-1;;
30/11/2021  10:22:49,435422;9,450538E-1;1,168597E-1;9,024547E-2;9,412208E-1;;
30/11/2021  10:22:49,435522;9,453280E-1;7,576290E-2;7,887192E-2;9,413732E-1;;
30/11/2021  10:22:49,435622;9,450627E-1;7,799296E-2;7,444887E-2;9,415265E-1;;
30/11/2021  10:22:49,435722;9,444816E-1;9,264764E-2;9,214107E-2;9,416804E-1;;
30/11/2021  10:22:49,435822;9,449584E-1;1,114439E-1;1,016190E-1;9,418344E-1;;
30/11/2021  10:22:49,435922;9,443504E-1;1,216384E-1;1,430061E-1;9,419880E-1;;
30/11/2021  10:22:49,436022;9,443117E-1;1,101695E-1;1,167838E-1;9,421407E-1;;
30/11/2021  10:22:49,436122;9,438170E-1;1,130368E-1;1,193112E-1;9,422921E-1;;
30/11/2021  10:22:49,436222;9,437305E-1;1,206827E-1;1,224705E-1;9,424416E-1;;
30/11/2021  10:22:49,436322;9,440524E-1;1,181340E-1;1,265777E-1;9,425886E-1;;
30/11/2021  10:22:49,436422;9,439451E-1;1,286472E-1;1,310007E-1;9,427328E-1;;
30/11/2021  10:22:49,436522;9,434265E-1;1,120810E-1;1,205749E-1;9,428736E-1;;
30/11/2021  10:22:49,436622;9,427262E-1;1,292843E-1;1,306848E-1;9,430107E-1;;
30/11/2021  10:22:49,436722;9,427142E-1;1,225942E-1;1,218387E-1;9,431434E-1;;
30/11/2021  10:22:49,436822;9,428186E-1;1,241871E-1;1,291051E-1;9,432712E-1;;
30/11/2021  10:22:49,436922;9,430063E-1;1,101695E-1;8,929768E-2;9,433937E-1;;
30/11/2021  10:22:49,437022;9,431613E-1;-5,358058E-2;3,085026E-2;9,435105E-1;;
30/11/2021  10:22:49,437122;9,424132E-1;1,254614E-1;1,300529E-1;9,436213E-1;;
30/11/2021  10:22:49,437222;9,419692E-1;1,248242E-1;1,313166E-1;9,437258E-1;;
30/11/2021  10:22:49,437322;9,412301E-1;1,362931E-1;1,597505E-1;9,438235E-1;;
30/11/2021  10:22:49,437422;9,411615E-1;1,340630E-1;1,344760E-1;9,439142E-1;;
30/11/2021  10:22:49,437522;9,410423E-1;1,219570E-1;1,240502E-1;9,439972E-1;;
30/11/2021  10:22:49,437622;9,411883E-1;1,356559E-1;1,325804E-1;9,440724E-1;;
30/11/2021  10:22:49,437722;9,402287E-1;1,340630E-1;1,597505E-1;9,441392E-1;;
30/11/2021  10:22:49,437822;9,398114E-1;1,347002E-1;1,376353E-1;9,441975E-1;;
30/11/2021  10:22:49,437922;9,386819E-1;1,305587E-1;1,287892E-1;9,442468E-1;;
30/11/2021  10:22:49,438022;9,384971E-1;1,229127E-1;1,215227E-1;9,442866E-1;;
30/11/2021  10:22:49,438122;9,382378E-1;8,850610E-2;7,286922E-2;9,443165E-1;;
30/11/2021  10:22:49,438222;9,381454E-1;1,280100E-1;1,164678E-1;9,443360E-1;;
30/11/2021  10:22:49,438322;9,380531E-1;1,155854E-1;1,322644E-1;9,443449E-1;;
30/11/2021  10:22:49,438422;9,378534E-1;1,327887E-1;1,256299E-1;9,443428E-1;;
30/11/2021  10:22:49,438522;9,376775E-1;1,433019E-1;1,335282E-1;9,443295E-1;;
30/11/2021  10:22:49,438622;9,371023E-1;1,324701E-1;1,332122E-1;9,443050E-1;;
30/11/2021  10:22:49,438722;9,368490E-1;1,315144E-1;1,455336E-1;9,442691E-1;;
30/11/2021  10:22:49,438822;9,376984E-1;1,123996E-1;1,041465E-1;9,442218E-1;;
30/11/2021  10:22:49,438922;9,382319E-1;1,343816E-1;1,354238E-1;9,441631E-1;;
30/11/2021  10:22:49,439022;9,379398E-1;1,216384E-1;1,139404E-1;9,440934E-1;;
30/11/2021  10:22:49,439122;9,379785E-1;1,796200E-1;2,140908E-1;9,440130E-1;;
30/11/2021  10:22:49,439222;9,378176E-1;1,401161E-1;1,644895E-1;9,439225E-1;;
30/11/2021  10:22:49,439322;9,377640E-1;1,292843E-1;1,246821E-1;9,438222E-1;;
30/11/2021  10:22:49,439422;9,376149E-1;1,375674E-1;1,360556E-1;9,437126E-1;;
30/11/2021  10:22:49,439522;9,385061E-1;1,321516E-1;1,297370E-1;9,435942E-1;;
30/11/2021  10:22:49,439622;9,388518E-1;1,232313E-1;1,082536E-1;9,434678E-1;;
30/11/2021  10:22:49,439722;9,391856E-1;1,404346E-1;1,338441E-1;9,433339E-1;;
30/11/2021  10:22:49,439822;9,391885E-1;1,136739E-1;1,275255E-1;9,431935E-1;;
30/11/2021  10:22:49,439922;9,389442E-1;1,608238E-1;1,338441E-1;9,430474E-1;;
30/11/2021  10:22:49,440022;9,390544E-1;3,116170E-2;1,303688E-1;9,428965E-1;;
30/11/2021  10:22:49,440122;9,386551E-1;8,340882E-2;9,435259E-2;9,427414E-1;;
30/11/2021  10:22:49,440222;9,393137E-1;6,301970E-2;1,325804E-1;9,425829E-1;;
30/11/2021  10:22:49,440322;9,395998E-1;1,123996E-1;1,303688E-1;9,424218E-1;;
30/11/2021  10:22:49,440422;9,397012E-1;9,838208E-2;1,041465E-1;9,422588E-1;;
30/11/2021  10:22:49,440522;9,393316E-1;9,137332E-2;7,539667E-2;9,420947E-1;;
30/11/2021  10:22:49,440622;9,393644E-1;9,806350E-2;1,107811E-1;9,419302E-1;;
30/11/2021  10:22:49,440722;9,392899E-1;1,174969E-1;1,366875E-1;9,417661E-1;;
30/11/2021  10:22:49,440822;9,391260E-1;8,755036E-2;1,164678E-1;9,416028E-1;;
30/11/2021  10:22:49,440922;9,392362E-1;1,117624E-1;1,215227E-1;9,414409E-1;;
30/11/2021  10:22:49,441022;9,388726E-1;1,216384E-1;1,370034E-1;9,412809E-1;;
30/11/2021  10:22:49,441122;9,391200E-1;1,347002E-1;1,303688E-1;9,411233E-1;;
30/11/2021  10:22:49,441222;9,382557E-1;1,461691E-1;1,496407E-1;9,409684E-1;;
30/11/2021  10:22:49,441322;9,380232E-1;9,519628E-2;6,907803E-2;9,408164E-1;;
30/11/2021  10:22:49,441422;9,372007E-1;1,608238E-1;1,382671E-1;9,406675E-1;;
30/11/2021  10:22:49,441522;9,379011E-1;1,706997E-1;1,534319E-1;9,405217E-1;;
30/11/2021  10:22:49,441622;9,377640E-1;1,697440E-1;1,976624E-1;9,403791E-1;;
30/11/2021  10:22:49,441722;9,375345E-1;1,302401E-1;1,170997E-1;9,402397E-1;;
30/11/2021  10:22:49,441822;9,368639E-1;1,413904E-1;1,417424E-1;9,401035E-1;;
30/11/2021  10:22:49,441922;9,367358E-1;1,372488E-1;1,398468E-1;9,399705E-1;;
30/11/2021  10:22:49,442022;9,360533E-1;1,483991E-1;1,559593E-1;9,398405E-1;;
30/11/2021  10:22:49,442122;9,358923E-1;1,260985E-1;1,297370E-1;9,397133E-1;;
30/11/2021  10:22:49,442222;9,354662E-1;1,474434E-1;1,420583E-1;9,395887E-1;;
30/11/2021  10:22:49,442322;9,362589E-1;1,378860E-1;1,313166E-1;9,394663E-1;;
30/11/2021  10:22:49,442422;9,367894E-1;1,165411E-1;1,338441E-1;9,393460E-1;;
30/11/2021  10:22:49,442522;9,359490E-1;1,264171E-1;1,344760E-1;9,392277E-1;;
30/11/2021  10:22:49,442622;9,356837E-1;1,828058E-1;1,550115E-1;9,391114E-1;;
30/11/2021  10:22:49,442722;9,353946E-1;1,703812E-1;1,496407E-1;9,389969E-1;;
30/11/2021  10:22:49,442822;9,355079E-1;1,088952E-1;1,231024E-1;9,388840E-1;;
30/11/2021  10:22:49,442922;9,353976E-1;1,264171E-1;1,082536E-1;9,387726E-1;;
30/11/2021  10:22:49,443022;9,361099E-1;1,133553E-1;1,126766E-1;9,386625E-1;;
30/11/2021  10:22:49,443122;9,360235E-1;8,436456E-2;5,328143E-2;9,385538E-1;;
30/11/2021  10:22:49,443222;9,361039E-1;1,369303E-1;1,363715E-1;9,384464E-1;;
30/11/2021  10:22:49,443322;9,352128E-1;1,496735E-1;1,657532E-1;9,383405E-1;;
30/11/2021  10:22:49,443422;9,359370E-1;1,493549E-1;1,480610E-1;9,382359E-1;;
30/11/2021  10:22:49,443522;9,362172E-1;1,442576E-1;1,357397E-1;9,381328E-1;;
30/11/2021  10:22:49,443622;9,363453E-1;1,203641E-1;1,215227E-1;9,380312E-1;;
30/11/2021  10:22:49,443722;9,367000E-1;1,206827E-1;1,082536E-1;9,379312E-1;;
30/11/2021  10:22:49,443822;9,367954E-1;1,719741E-1;2,112474E-1;9,378331E-1;;
30/11/2021  10:22:49,443922;9,365599E-1;1,037979E-1;7,792413E-2;9,377371E-1;;
30/11/2021  10:22:49,444022;9,364198E-1;1,181340E-1;1,205749E-1;9,376434E-1;;
30/11/2021  10:22:49,444122;9,373735E-1;1,362931E-1;1,319485E-1;9,375522E-1;;
30/11/2021  10:22:49,444222;9,381246E-1;1,366117E-1;1,335282E-1;9,374637E-1;;
30/11/2021  10:22:49,444322;9,384465E-1;1,194084E-1;1,148882E-1;9,373783E-1;;
30/11/2021  10:22:49,444422;9,387713E-1;1,401161E-1;1,303688E-1;9,372964E-1;;
30/11/2021  10:22:49,444522;9,388160E-1;1,041165E-1;9,972343E-2;9,372186E-1;;
30/11/2021  10:22:49,444622;9,392720E-1;-1,821820E-2;3,748483E-2;9,371453E-1;;
30/11/2021  10:22:49,444722;9,392034E-1;1,114439E-1;9,940750E-2;9,370769E-1;;
30/11/2021  10:22:49,444822;9,386372E-1;1,267357E-1;1,512204E-1;9,370138E-1;;
30/11/2021  10:22:49,444922;9,399724E-1;1,213198E-1;1,370034E-1;9,369564E-1;;
30/11/2021  10:22:49,445022;9,406131E-1;1,767528E-1;1,714400E-1;9,369049E-1;;
30/11/2021  10:22:49,445122;9,404850E-1;1,044351E-1;9,593225E-2;9,368599E-1;;
30/11/2021  10:22:49,445222;9,398949E-1;1,181340E-1;1,120448E-1;9,368216E-1;;
30/11/2021  10:22:49,445322;9,401244E-1;1,347002E-1;1,322644E-1;9,367904E-1;;
30/11/2021  10:22:49,445422;9,395432E-1;1,311958E-1;1,480610E-1;9,367664E-1;;
30/11/2021  10:22:49,445522;9,399634E-1;1,299215E-1;1,404787E-1;9,367497E-1;;
30/11/2021  10:22:49,445622;9,400260E-1;1,251428E-1;1,167838E-1;9,367402E-1;;
30/11/2021  10:22:49,445722;9,398383E-1;1,321516E-1;1,398468E-1;9,367379E-1;;
30/11/2021  10:22:49,445822;9,393852E-1;1,289658E-1;1,246821E-1;9,367427E-1;;
30/11/2021  10:22:49,445922;9,387326E-1;1,194084E-1;1,114129E-1;9,367544E-1;;
30/11/2021  10:22:49,446022;9,381216E-1;9,169190E-2;8,834988E-2;9,367726E-1;;
30/11/2021  10:22:49,446122;9,380650E-1;1,353374E-1;1,423743E-1;9,367968E-1;;
30/11/2021  10:22:49,446222;9,380143E-1;1,232313E-1;1,136244E-1;9,368264E-1;;
30/11/2021  10:22:49,446322;9,378921E-1;1,506292E-1;1,821817E-1;9,368609E-1;;
30/11/2021  10:22:49,446422;9,377431E-1;3,084312E-2;8,108345E-2;9,368997E-1;;
30/11/2021  10:22:49,446522;9,372722E-1;1,311958E-1;1,423743E-1;9,369422E-1;;
30/11/2021  10:22:49,446622;9,365718E-1;1,757970E-1;1,524841E-1;9,369878E-1;;
30/11/2021  10:22:49,446722;9,362470E-1;1,120810E-1;1,208909E-1;9,370357E-1;;
30/11/2021  10:22:49,446822;9,356599E-1;1,241871E-1;1,284732E-1;9,370852E-1;;
30/11/2021  10:22:49,446922;9,365540E-1;1,245056E-1;1,189953E-1;9,371356E-1;;
30/11/2021  10:22:49,447022;9,365093E-1;1,235499E-1;9,877564E-2;9,371861E-1;;
30/11/2021  10:22:49,447122;9,360175E-1;1,327887E-1;1,322644E-1;9,372361E-1;;
30/11/2021  10:22:49,447222;9,357433E-1;1,471248E-1;1,351078E-1;9,372851E-1;;
30/11/2021  10:22:49,447322;9,353291E-1;1,251428E-1;1,133085E-1;9,373326E-1;;
30/11/2021  10:22:49,447422;9,349982E-1;6,939130E-2;6,244346E-2;9,373779E-1;;
30/11/2021  10:22:49,447522;9,354691E-1;1,203641E-1;1,145722E-1;9,374205E-1;;
30/11/2021  10:22:49,447622;9,366285E-1;1,439390E-1;1,363715E-1;9,374599E-1;;
30/11/2021  10:22:49,447722;9,372841E-1;9,774492E-2;1,335282E-1;9,374960E-1;;
30/11/2021  10:22:49,447822;9,366106E-1;1,232313E-1;1,218387E-1;9,375286E-1;;
30/11/2021  10:22:49,447922;9,363424E-1;1,334259E-1;1,237343E-1;9,375577E-1;;
30/11/2021  10:22:49,448022;9,368222E-1;1,353374E-1;1,256299E-1;9,375834E-1;;
30/11/2021  10:22:49,448122;9,365003E-1;1,050723E-1;1,123607E-1;9,376056E-1;;
30/11/2021  10:22:49,448222;9,374898E-1;1,047537E-1;1,126766E-1;9,376243E-1;;
30/11/2021  10:22:49,448322;9,377371E-1;8,850610E-2;1,104651E-1;9,376398E-1;;
30/11/2021  10:22:49,448422;9,387117E-1;1,382046E-1;1,379512E-1;9,376523E-1;;
30/11/2021  10:22:49,448522;9,386640E-1;7,193994E-2;1,442698E-1;9,376621E-1;;
30/11/2021  10:22:49,448622;9,390127E-1;1,057094E-1;1,114129E-1;9,376697E-1;;
30/11/2021  10:22:49,448722;9,382796E-1;1,079395E-1;1,079377E-1;9,376756E-1;;
30/11/2021  10:22:49,448822;9,387117E-1;1,060280E-1;1,000394E-1;9,376802E-1;;
30/11/2021  10:22:49,448922;9,401124E-1;9,201048E-2;1,000394E-1;9,376838E-1;;
30/11/2021  10:22:49,449022;9,403956E-1;9,105474E-2;1,028828E-1;9,376870E-1;;
30/11/2021  10:22:49,449122;9,410810E-1;9,296622E-2;5,264957E-2;9,376903E-1;;
30/11/2021  10:22:49,449222;9,409231E-1;1,178155E-1;1,360556E-1;9,376943E-1;;
30/11/2021  10:22:49,449322;9,410781E-1;1,114439E-1;1,268936E-1;9,376999E-1;;
30/11/2021  10:22:49,449422;9,411466E-1;1,238685E-1;1,332122E-1;9,377074E-1;;
30/11/2021  10:22:49,449522;9,414834E-1;1,366117E-1;1,420583E-1;9,377174E-1;;
30/11/2021  10:22:49,449622;9,425444E-1;1,519035E-1;1,458495E-1;9,377304E-1;;
30/11/2021  10:22:49,449722;9,431881E-1;1,872659E-1;1,755471E-1;9,377470E-1;;
30/11/2021  10:22:49,449822;9,433014E-1;1,942747E-1;1,973464E-1;9,377678E-1;;
30/11/2021  10:22:49,449922;9,432418E-1;1,595494E-1;1,528000E-1;9,377933E-1;;
30/11/2021  10:22:49,450022;9,433788E-1;1,538150E-1;1,445858E-1;9,378242E-1;;
30/11/2021  10:22:49,450122;9,439421E-1;1,264171E-1;1,114129E-1;9,378609E-1;;
30/11/2021  10:22:49,450222;9,453160E-1;1,359745E-1;1,357397E-1;9,379037E-1;;
30/11/2021  10:22:49,450322;9,453548E-1;2,224146E-2;7,002583E-2;9,379533E-1;;
30/11/2021  10:22:49,450422;9,456081E-1;1,152668E-1;1,114129E-1;9,380101E-1;;
30/11/2021  10:22:49,450522;9,461058E-1;5,664810E-2;4,854245E-2;9,380746E-1;;
30/11/2021  10:22:49,450622;9,460969E-1;1,264171E-1;1,272095E-1;9,381473E-1;;
30/11/2021  10:22:49,450722;9,458614E-1;1,264171E-1;1,366875E-1;9,382285E-1;;
30/11/2021  10:22:49,450822;9,462936E-1;1,229127E-1;1,278414E-1;9,383184E-1;;
30/11/2021  10:22:49,450922;9,464903E-1;1,245056E-1;1,259458E-1;9,384172E-1;;
30/11/2021  10:22:49,451022;9,471757E-1;1,101695E-1;1,445858E-1;9,385249E-1;;
30/11/2021  10:22:49,451122;9,471579E-1;1,022050E-1;1,050943E-1;9,386416E-1;;
30/11/2021  10:22:49,451222;9,465201E-1;1,331073E-1;1,613302E-1;9,387674E-1;;
30/11/2021  10:22:49,451322;9,461356E-1;1,210013E-1;1,240502E-1;9,389022E-1;;
30/11/2021  10:22:49,451422;9,460552E-1;1,276914E-1;1,272095E-1;9,390456E-1;;
30/11/2021  10:22:49,451522;9,458525E-1;1,210013E-1;1,262617E-1;9,391973E-1;;
30/11/2021  10:22:49,451622;9,463085E-1;1,155854E-1;1,275255E-1;9,393567E-1;;
30/11/2021  10:22:49,451722;9,462459E-1;9,838208E-2;8,645429E-2;9,395233E-1;;
30/11/2021  10:22:49,451822;9,460701E-1;1,375674E-1;1,420583E-1;9,396967E-1;;
30/11/2021  10:22:49,451922;9,455664E-1;1,174969E-1;1,366875E-1;9,398762E-1;;
30/11/2021  10:22:49,452022;9,449256E-1;1,181340E-1;1,126766E-1;9,400612E-1;;
30/11/2021  10:22:49,452122;9,443653E-1;9,901924E-2;1,771268E-1;9,402509E-1;;
30/11/2021  10:22:49,452222;9,455902E-1;1,340630E-1;1,622780E-1;9,404445E-1;;
30/11/2021  10:22:49,452322;9,452654E-1;5,356718E-3;7,160549E-2;9,406411E-1;;
30/11/2021  10:22:49,452422;9,450597E-1;1,254614E-1;1,265777E-1;9,408400E-1;;
30/11/2021  10:22:49,452522;9,450478E-1;8,340882E-2;9,466852E-2;9,410405E-1;;
30/11/2021  10:22:49,452622;9,444518E-1;1,060280E-1;1,139404E-1;9,412419E-1;;
30/11/2021  10:22:49,452722;9,439153E-1;1,210013E-1;1,221546E-1;9,414434E-1;;
30/11/2021  10:22:49,452822;9,440256E-1;1,391603E-1;1,445858E-1;9,416441E-1;;
30/11/2021  10:22:49,452922;9,441478E-1;1,222756E-1;1,265777E-1;9,418433E-1;;
30/11/2021  10:22:49,453022;9,443236E-1;1,267357E-1;1,253139E-1;9,420403E-1;;
30/11/2021  10:22:49,453122;9,448958E-1;1,146297E-1;1,107811E-1;9,422343E-1;;
30/11/2021  10:22:49,453222;9,447766E-1;1,057094E-1;9,845971E-2;9,424249E-1;;
30/11/2021  10:22:49,453322;9,450776E-1;1,757970E-1;1,660692E-1;9,426115E-1;;
30/11/2021  10:22:49,453422;9,446663E-1;2,060621E-1;1,755471E-1;9,427939E-1;;
30/11/2021  10:22:49,453522;9,446902E-1;1,270543E-1;1,417424E-1;9,429717E-1;;
30/11/2021  10:22:49,453622;9,448869E-1;1,318330E-1;1,281573E-1;9,431446E-1;;
30/11/2021  10:22:49,453722;9,451104E-1;1,219570E-1;1,310007E-1;9,433122E-1;;
30/11/2021  10:22:49,453822;9,452713E-1;9,933782E-2;9,308886E-2;9,434744E-1;;
30/11/2021  10:22:49,453922;9,452386E-1;1,232313E-1;1,373193E-1;9,436309E-1;;
30/11/2021  10:22:49,454022;9,444428E-1;1,273729E-1;1,445858E-1;9,437818E-1;;
30/11/2021  10:22:49,454122;9,442700E-1;1,796200E-1;1,976624E-1;9,439267E-1;;
30/11/2021  10:22:49,454222;9,439302E-1;9,519628E-2;1,085695E-1;9,440654E-1;;
30/11/2021  10:22:49,454322;9,445620E-1;1,251428E-1;1,278414E-1;9,441978E-1;;
30/11/2021  10:22:49,454422;9,445948E-1;1,267357E-1;1,234183E-1;9,443235E-1;;
30/11/2021  10:22:49,454522;9,436858E-1;1,289658E-1;1,430061E-1;9,444426E-1;;
30/11/2021  10:22:49,454622;9,435010E-1;1,098510E-1;7,729226E-2;9,445547E-1;;
30/11/2021  10:22:49,454722;9,429974E-1;9,678918E-2;7,318515E-2;9,446598E-1;;
30/11/2021  10:22:49,454822;9,430093E-1;-1,280234E-2;4,727872E-2;9,447575E-1;;
30/11/2021  10:22:49,454922;9,429676E-1;9,392196E-2;1,158360E-1;9,448476E-1;;
30/11/2021  10:22:49,455022;9,427887E-1;1,203641E-1;8,834988E-2;9,449299E-1;;
30/11/2021  10:22:49,455122;9,432745E-1;1,283286E-1;1,287892E-1;9,450043E-1;;
30/11/2021  10:22:49,455222;9,431017E-1;1,187712E-1;8,266311E-2;9,450707E-1;;
30/11/2021  10:22:49,455322;9,427679E-1;1,165411E-1;1,047783E-1;9,451291E-1;;
30/11/2021  10:22:49,455422;9,422940E-1;1,691068E-1;2,087200E-1;9,451795E-1;;
30/11/2021  10:22:49,455522;9,422553E-1;1,305587E-1;1,322644E-1;9,452218E-1;;
30/11/2021  10:22:49,455622;9,424758E-1;6,684266E-2;9,308886E-2;9,452561E-1;;
30/11/2021  10:22:49,455722;9,426904E-1;1,512664E-1;1,682807E-1;9,452824E-1;;
30/11/2021  10:22:49,455822;9,426427E-1;9,105474E-2;1,022509E-1;9,453007E-1;;
30/11/2021  10:22:49,455922;9,431225E-1;1,455319E-1;1,449017E-1;9,453113E-1;;
30/11/2021  10:22:49,456022;9,429884E-1;1,200455E-1;1,123607E-1;9,453145E-1;;
30/11/2021  10:22:49,456122;9,415311E-1;1,299215E-1;1,224705E-1;9,453105E-1;;
30/11/2021  10:22:49,456222;9,421986E-1;1,270543E-1;1,193112E-1;9,452995E-1;;
30/11/2021  10:22:49,456322;9,427440E-1;1,362931E-1;1,373193E-1;9,452817E-1;;
30/11/2021  10:22:49,456422;9,433252E-1;1,178155E-1;1,183634E-1;9,452574E-1;;
30/11/2021  10:22:49,456522;9,436352E-1;8,723178E-2;9,435259E-2;9,452269E-1;;
30/11/2021  10:22:49,456622;9,437097E-1;-2,777560E-2;3,748483E-2;9,451908E-1;;
30/11/2021  10:22:49,456722;9,430570E-1;1,108067E-1;1,354238E-1;9,451497E-1;;
30/11/2021  10:22:49,456822;9,436828E-1;6,684266E-2;1,060421E-1;9,451040E-1;;
30/11/2021  10:22:49,456922;9,438855E-1;9,774492E-2;1,031987E-1;9,450543E-1;;
30/11/2021  10:22:49,457022;9,448541E-1;1,337445E-1;1,581709E-1;9,450010E-1;;
30/11/2021  10:22:49,457122;9,454472E-1;7,002846E-2;8,329497E-2;9,449449E-1;;
30/11/2021  10:22:49,457222;9,461326E-1;1,025236E-1;1,458495E-1;9,448868E-1;;
30/11/2021  10:22:49,457322;9,457869E-1;9,360338E-2;1,066739E-1;9,448275E-1;;
30/11/2021  10:22:49,457422;9,460432E-1;8,850610E-2;1,009872E-1;9,447677E-1;;
30/11/2021  10:22:49,457522;9,464664E-1;9,615202E-2;9,940750E-2;9,447084E-1;;
30/11/2021  10:22:49,457622;9,473724E-1;1,088952E-1;1,360556E-1;9,446503E-1;;
30/11/2021  10:22:49,457722;9,474946E-1;1,133553E-1;1,262617E-1;9,445941E-1;;
30/11/2021  10:22:49,457822;9,488507E-1;1,382046E-1;1,644895E-1;9,445407E-1;;
30/11/2021  10:22:49,457922;9,491010E-1;1,515849E-1;1,322644E-1;9,444911E-1;;
30/11/2021  10:22:49,458022;9,492798E-1;8,914326E-2;9,403666E-2;9,444461E-1;;
30/11/2021  10:22:49,458122;9,494706E-1;1,611423E-1;1,449017E-1;9,444066E-1;;
30/11/2021  10:22:49,458222;9,493871E-1;1,407532E-1;2,147227E-1;9,443735E-1;;
30/11/2021  10:22:49,458322;9,501680E-1;1,324701E-1;1,164678E-1;9,443474E-1;;
30/11/2021  10:22:49,458422;9,512468E-1;7,608148E-2;1,082536E-1;9,443290E-1;;
30/11/2021  10:22:49,458522;9,512915E-1;1,410718E-1;1,565912E-1;9,443190E-1;;
30/11/2021  10:22:49,458622;9,515478E-1;1,315144E-1;1,351078E-1;9,443180E-1;;
30/11/2021  10:22:49,458722;9,514078E-1;1,143111E-1;1,205749E-1;9,443267E-1;;
30/11/2021  10:22:49,458822;9,516551E-1;1,302401E-1;1,243661E-1;9,443455E-1;;
30/11/2021  10:22:49,458922;9,516402E-1;1,359745E-1;1,313166E-1;9,443747E-1;;
30/11/2021  10:22:49,459022;9,521648E-1;1,197269E-1;1,240502E-1;9,444146E-1;;
30/11/2021  10:22:49,459122;9,524866E-1;1,098510E-1;1,022509E-1;9,444655E-1;;
30/11/2021  10:22:49,459222;9,526059E-1;1,273729E-1;1,316326E-1;9,445274E-1;;
30/11/2021  10:22:49,459322;9,524032E-1;1,423461E-1;1,332122E-1;9,446005E-1;;
30/11/2021  10:22:49,459422;9,515240E-1;1,178155E-1;1,044624E-1;9,446847E-1;;
30/11/2021  10:22:49,459522;9,508803E-1;6,301970E-2;9,593225E-2;9,447798E-1;;
30/11/2021  10:22:49,459622;9,510829E-1;1,315144E-1;1,682807E-1;9,448853E-1;;
30/11/2021  10:22:49,459722;9,515955E-1;1,238685E-1;1,234183E-1;9,450008E-1;;
30/11/2021  10:22:49,459822;9,510710E-1;1,523270E-2;7,192142E-2;9,451255E-1;;
30/11/2021  10:22:49,459922;9,504451E-1;9,232906E-2;7,855599E-2;9,452590E-1;;
30/11/2021  10:22:49,460022;9,496703E-1;1,308772E-1;1,291051E-1;9,454005E-1;;
30/11/2021  10:22:49,460122;9,489371E-1;1,200455E-1;1,316326E-1;9,455490E-1;;
30/11/2021  10:22:49,460222;9,482725E-1;1,276914E-1;1,351078E-1;9,457037E-1;;
30/11/2021  10:22:49,460322;9,482010E-1;1,321516E-1;1,310007E-1;9,458632E-1;;
30/11/2021  10:22:49,460422;9,482606E-1;1,270543E-1;1,278414E-1;9,460265E-1;;
30/11/2021  10:22:49,460522;9,474648E-1;1,245056E-1;1,291051E-1;9,461924E-1;;
30/11/2021  10:22:49,460622;9,466721E-1;1,401161E-1;1,388990E-1;9,463598E-1;;
30/11/2021  10:22:49,460722;9,455604E-1;1,222756E-1;1,145722E-1;9,465273E-1;;
30/11/2021  10:22:49,460822;9,453637E-1;1,273729E-1;1,066739E-1;9,466937E-1;;
30/11/2021  10:22:49,460922;9,448183E-1;1,366117E-1;1,483770E-1;9,468577E-1;;
30/11/2021  10:22:49,461022;9,440911E-1;1,123996E-1;1,092014E-1;9,470178E-1;;
30/11/2021  10:22:49,461122;9,436232E-1;1,302401E-1;1,328963E-1;9,471729E-1;;
30/11/2021  10:22:49,461222;9,430927E-1;1,585937E-1;1,843932E-1;9,473215E-1;;
30/11/2021  10:22:49,461322;9,419841E-1;1,178155E-1;1,196272E-1;9,474624E-1;;
30/11/2021  10:22:49,461422;9,411287E-1;1,213198E-1;1,335282E-1;9,475944E-1;;
30/11/2021  10:22:49,461522;9,407770E-1;1,350188E-1;1,335282E-1;9,477161E-1;;
30/11/2021  10:22:49,461622;9,400290E-1;1,410718E-1;1,395309E-1;9,478263E-1;;
30/11/2021  10:22:49,461722;9,404939E-1;1,088952E-1;1,224705E-1;9,479238E-1;;
30/11/2021  10:22:49,461822;9,402018E-1;7,608148E-2;1,060421E-1;9,480077E-1;;
30/11/2021  10:22:49,461922;9,394776E-1;1,410718E-1;1,531159E-1;9,480771E-1;;
30/11/2021  10:22:49,462022;9,385150E-1;1,318330E-1;1,300529E-1;9,481313E-1;;
30/11/2021  10:22:49,462122;9,375196E-1;1,340630E-1;1,332122E-1;9,481696E-1;;
30/11/2021  10:22:49,462222;9,369861E-1;1,248242E-1;1,022509E-1;9,481911E-1;;
30/11/2021  10:22:49,462322;9,365629E-1;1,308772E-1;1,385831E-1;9,481953E-1;;
30/11/2021  10:22:49,462422;9,369563E-1;1,445762E-1;1,385831E-1;9,481814E-1;;
30/11/2021  10:22:49,462522;9,372394E-1;1,190898E-1;1,174156E-1;9,481491E-1;;
30/11/2021  10:22:49,462622;9,368967E-1;9,328480E-2;4,633093E-2;9,480981E-1;;
30/11/2021  10:22:49,462722;9,358834E-1;1,165411E-1;1,050943E-1;9,480285E-1;;
30/11/2021  10:22:49,462822;9,350817E-1;1,044351E-1;1,654373E-1;9,479403E-1;;
30/11/2021  10:22:49,462922;9,350549E-1;1,321516E-1;1,297370E-1;9,478333E-1;;
30/11/2021  10:22:49,463022;9,356062E-1;1,315144E-1;1,351078E-1;9,477076E-1;;
30/11/2021  10:22:49,463122;9,370010E-1;1,296029E-1;1,170997E-1;9,475636E-1;;
30/11/2021  10:22:49,463222;9,368430E-1;8,022302E-2;6,528685E-2;9,474018E-1;;
30/11/2021  10:22:49,463322;9,367209E-1;1,350188E-1;1,689125E-1;9,472230E-1;;
30/11/2021  10:22:49,463422;9,362738E-1;1,280100E-1;1,284732E-1;9,470281E-1;;
30/11/2021  10:22:49,463522;9,361963E-1;1,334259E-1;1,316326E-1;9,468179E-1;;
30/11/2021  10:22:49,463622;9,364646E-1;1,324701E-1;1,205749E-1;9,465934E-1;;
30/11/2021  10:22:49,463722;9,370368E-1;1,331073E-1;1,284732E-1;9,463554E-1;;
30/11/2021  10:22:49,463822;9,371351E-1;1,210013E-1;8,992954E-2;9,461051E-1;;
30/11/2021  10:22:49,463922;9,372215E-1;1,407532E-1;1,208909E-1;9,458437E-1;;
30/11/2021  10:22:49,464022;9,368103E-1;1,289658E-1;1,401627E-1;9,455723E-1;;
30/11/2021  10:22:49,464122;9,366404E-1;1,324701E-1;1,363715E-1;9,452920E-1;;
30/11/2021  10:22:49,464222;9,361576E-1;1,547707E-1;1,370034E-1;9,450041E-1;;
30/11/2021  10:22:49,464322;9,361159E-1;1,350188E-1;1,344760E-1;9,447094E-1;;
30/11/2021  10:22:49,464422;9,369712E-1;1,280100E-1;1,253139E-1;9,444090E-1;;
30/11/2021  10:22:49,464522;9,369593E-1;1,302401E-1;1,512204E-1;9,441039E-1;;
30/11/2021  10:22:49,464622;9,361308E-1;1,538150E-1;1,392149E-1;9,437952E-1;;
30/11/2021  10:22:49,464722;9,355198E-1;1,362931E-1;1,303688E-1;9,434839E-1;;
30/11/2021  10:22:49,464822;9,356718E-1;1,152668E-1;1,167838E-1;9,431707E-1;;
30/11/2021  10:22:49,464922;9,350936E-1;1,598680E-1;1,641736E-1;9,428565E-1;;
30/11/2021  10:22:49,465022;9,354572E-1;1,238685E-1;1,221546E-1;9,425418E-1;;
30/11/2021  10:22:49,465122;9,356628E-1;1,117624E-1;1,158360E-1;9,422275E-1;;
30/11/2021  10:22:49,465222;9,358953E-1;1,066652E-1;1,104651E-1;9,419141E-1;;
30/11/2021  10:22:49,465322;9,354662E-1;1,082581E-1;1,054102E-1;9,416024E-1;;
30/11/2021  10:22:49,465422;9,342889E-1;-2,235974E-2;-3,270397E-3;9,412931E-1;;
30/11/2021  10:22:49,465522;9,534016E-1;1,203641E-1;1,265777E-1;9,409872E-1;;
30/11/2021  10:22:49,465622;9,532705E-1;1,241871E-1;1,316326E-1;9,406872E-1;;
30/11/2021  10:22:49,465722;9,528413E-1;1,229127E-1;1,259458E-1;9,403971E-1;;
30/11/2021  10:22:49,465822;9,524688E-1;1,299215E-1;1,341600E-1;9,401206E-1;;
30/11/2021  10:22:49,465922;9,526714E-1;1,241871E-1;1,243661E-1;9,398613E-1;;
30/11/2021  10:22:49,466022;9,528324E-1;1,171783E-1;1,180475E-1;9,396218E-1;;
30/11/2021  10:22:49,466122;9,518787E-1;1,401161E-1;1,322644E-1;9,394046E-1;;
30/11/2021  10:22:49,466222;9,515836E-1;1,299215E-1;1,281573E-1;9,392118E-1;;
30/11/2021  10:22:49,466322;9,510621E-1;1,324701E-1;1,218387E-1;9,390447E-1;;
30/11/2021  10:22:49,466422;9,505167E-1;1,053908E-1;9,435259E-2;9,389044E-1;;
30/11/2021  10:22:49,466522;9,508147E-1;1,210013E-1;1,755471E-1;9,387916E-1;;
30/11/2021  10:22:49,466622;9,507014E-1;9,678918E-2;1,006712E-1;9,387066E-1;;
30/11/2021  10:22:49,466722;9,496136E-1;9,169190E-2;8,329497E-2;9,386495E-1;;
30/11/2021  10:22:49,466822;9,490891E-1;6,238254E-2;4,032822E-2;9,386201E-1;;
30/11/2021  10:22:49,466922;9,481175E-1;8,850610E-2;9,814378E-2;9,386179E-1;;
30/11/2021  10:22:49,467022;9,480728E-1;1,053908E-1;1,268936E-1;9,386420E-1;;
30/11/2021  10:22:49,467122;9,469731E-1;1,047537E-1;1,174156E-1;9,386913E-1;;
30/11/2021  10:22:49,467222;9,476139E-1;8,468314E-2;8,771802E-2;9,387645E-1;;
30/11/2021  10:22:49,467322;9,469373E-1;1,028422E-1;1,107811E-1;9,388604E-1;;
30/11/2021  10:22:49,467422;9,459330E-1;1,037979E-1;1,082536E-1;9,389774E-1;;
30/11/2021  10:22:49,467522;9,455157E-1;1,245056E-1;1,287892E-1;9,391140E-1;;
30/11/2021  10:22:49,467622;9,447110E-1;1,031608E-1;1,155200E-1;9,392683E-1;;
30/11/2021  10:22:49,467722;9,439660E-1;1,044351E-1;1,199431E-1;9,394386E-1;;
30/11/2021  10:22:49,467822;9,440286E-1;1,088952E-1;1,212068E-1;9,396228E-1;;
30/11/2021  10:22:49,467922;9,432537E-1;1,206827E-1;1,281573E-1;9,398190E-1;;
30/11/2021  10:22:49,468022;9,435755E-1;1,334259E-1;1,202590E-1;9,400252E-1;;
30/11/2021  10:22:49,468122;9,432060E-1;1,448948E-1;1,170997E-1;9,402396E-1;;
30/11/2021  10:22:49,468222;9,429586E-1;1,697440E-1;1,619620E-1;9,404603E-1;;
30/11/2021  10:22:49,468322;9,415489E-1;1,480806E-1;1,278414E-1;9,406855E-1;;
30/11/2021  10:22:49,468422;9,416115E-1;1,605052E-1;1,562753E-1;9,409135E-1;;
30/11/2021  10:22:49,468522;9,412628E-1;1,544522E-1;1,695444E-1;9,411424E-1;;
30/11/2021  10:22:49,468622;9,410453E-1;6,949618E-3;1,000394E-1;9,413706E-1;;
30/11/2021  10:22:49,468722;9,412986E-1;1,136739E-1;1,095173E-1;9,415964E-1;;
30/11/2021  10:22:49,468822;9,404790E-1;1,248242E-1;1,445858E-1;9,418183E-1;;
30/11/2021  10:22:49,468922;9,401482E-1;1,254614E-1;1,278414E-1;9,420349E-1;;
30/11/2021  10:22:49,469022;9,391796E-1;1,235499E-1;1,281573E-1;9,422449E-1;;
30/11/2021  10:22:49,469122;9,386163E-1;1,299215E-1;1,322644E-1;9,424469E-1;;
30/11/2021  10:22:49,469222;9,388100E-1;1,350188E-1;1,496407E-1;9,426396E-1;;
30/11/2021  10:22:49,469322;9,388398E-1;1,245056E-1;1,123607E-1;9,428218E-1;;
30/11/2021  10:22:49,469422;9,380054E-1;1,235499E-1;1,313166E-1;9,429924E-1;;
30/11/2021  10:22:49,469522;9,378325E-1;1,069837E-1;6,907803E-2;9,431505E-1;;
30/11/2021  10:22:49,469622;9,374004E-1;1,534964E-1;2,118793E-1;9,432951E-1;;
30/11/2021  10:22:49,469722;9,373825E-1;9,583344E-2;1,278414E-1;9,434256E-1;;
30/11/2021  10:22:49,469822;9,371828E-1;1,178155E-1;1,363715E-1;9,435412E-1;;
30/11/2021  10:22:49,469922;9,367149E-1;1,241871E-1;1,205749E-1;9,436414E-1;;
30/11/2021  10:22:49,470022;9,376090E-1;1,550893E-1;1,660692E-1;9,437256E-1;;
30/11/2021  10:22:49,470122;9,372454E-1;1,031608E-1;8,076751E-2;9,437938E-1;;
30/11/2021  10:22:49,470222;9,367775E-1;1,143111E-1;1,392149E-1;9,438457E-1;;
30/11/2021  10:22:49,470322;9,364467E-1;1,245056E-1;1,385831E-1;9,438813E-1;;
30/11/2021  10:22:49,470422;9,362261E-1;1,343816E-1;1,360556E-1;9,439005E-1;;
30/11/2021  10:22:49,470522;9,361218E-1;1,280100E-1;1,284732E-1;9,439035E-1;;
30/11/2021  10:22:49,470622;9,367328E-1;1,260985E-1;1,170997E-1;9,438903E-1;;
30/11/2021  10:22:49,470722;9,372156E-1;1,235499E-1;1,133085E-1;9,438612E-1;;
30/11/2021  10:22:49,470822;9,364467E-1;1,260985E-1;1,275255E-1;9,438166E-1;;
30/11/2021  10:22:49,470922;9,363394E-1;1,006121E-1;1,069899E-1;9,437571E-1;;
30/11/2021  10:22:49,471022;9,361427E-1;1,139925E-1;1,303688E-1;9,436832E-1;;
30/11/2021  10:22:49,471122;9,355883E-1;1,531778E-1;1,806020E-1;9,435953E-1;;
30/11/2021  10:22:49,471222;9,360503E-1;1,299215E-1;1,275255E-1;9,434940E-1;;
30/11/2021  10:22:49,471322;9,362828E-1;1,347002E-1;1,474292E-1;9,433798E-1;;
30/11/2021  10:22:49,471422;9,366702E-1;9,137332E-2;1,268936E-1;9,432534E-1;;
30/11/2021  10:22:49,471522;9,360801E-1;4,008194E-2;6,307532E-2;9,431155E-1;;
30/11/2021  10:22:49,471622;9,354662E-1;1,302401E-1;1,133085E-1;9,429670E-1;;
30/11/2021  10:22:49,471722;9,353142E-1;1,509478E-1;1,660692E-1;9,428084E-1;;
30/11/2021  10:22:49,471822;9,357552E-1;1,362931E-1;1,439539E-1;9,426405E-1;;
30/11/2021  10:22:49,471922;9,359370E-1;1,356559E-1;1,388990E-1;9,424639E-1;;
30/11/2021  10:22:49,472022;9,362708E-1;1,391603E-1;1,332122E-1;9,422794E-1;;
30/11/2021  10:22:49,472122;9,362857E-1;1,292843E-1;1,275255E-1;9,420878E-1;;
30/11/2021  10:22:49,472222;9,361755E-1;1,388417E-1;1,164678E-1;9,418900E-1;;
30/11/2021  10:22:49,472322;9,357344E-1;1,311958E-1;1,556434E-1;9,416868E-1;;
30/11/2021  10:22:49,472422;9,356718E-1;5,186940E-2;8,392683E-2;9,414791E-1;;
30/11/2021  10:22:49,472522;9,362738E-1;1,302401E-1;1,243661E-1;9,412675E-1;;
30/11/2021  10:22:49,472622;9,372215E-1;1,375674E-1;1,366875E-1;9,410529E-1;;
30/11/2021  10:22:49,472722;9,373825E-1;1,236548E-2;8,582243E-2;9,408361E-1;;
30/11/2021  10:22:49,472822;9,380650E-1;1,060280E-1;1,193112E-1;9,406182E-1;;
30/11/2021  10:22:49,472922;9,372990E-1;1,324701E-1;1,411105E-1;9,404002E-1;;
30/11/2021  10:22:49,473022;9,373437E-1;3,211744E-2;5,517702E-2;9,401831E-1;;
30/11/2021  10:22:49,473122;9,369086E-1;1,630538E-1;2,058766E-1;9,399676E-1;;
30/11/2021  10:22:49,473222;9,373110E-1;1,576380E-1;1,695444E-1;9,397545E-1;;
30/11/2021  10:22:49,473322;9,376328E-1;9,519628E-2;1,572231E-1;9,395445E-1;;
30/11/2021  10:22:49,473422;9,376537E-1;1,378860E-1;1,407946E-1;9,393382E-1;;
30/11/2021  10:22:49,473522;9,383630E-1;1,388417E-1;1,569071E-1;9,391364E-1;;
30/11/2021  10:22:49,473622;9,375583E-1;1,063466E-1;1,003553E-1;9,389397E-1;;
30/11/2021  10:22:49,473722;9,374391E-1;8,054160E-2;1,073058E-1;9,387486E-1;;
30/11/2021  10:22:49,473822;9,372126E-1;1,843987E-1;1,474292E-1;9,385637E-1;;
30/11/2021  10:22:49,473922;9,367656E-1;1,372488E-1;1,370034E-1;9,383852E-1;;
30/11/2021  10:22:49,474022;9,367685E-1;1,104881E-1;9,340479E-2;9,382134E-1;;
30/11/2021  10:22:49,474122;9,374391E-1;1,337445E-1;1,278414E-1;9,380484E-1;;
30/11/2021  10:22:49,474222;9,364169E-1;1,356559E-1;1,129926E-1;9,378905E-1;;
30/11/2021  10:22:49,474322;9,357105E-1;1,315144E-1;1,341600E-1;9,377395E-1;;
30/11/2021  10:22:49,474422;9,359817E-1;9,816838E-3;5,454516E-2;9,375956E-1;;
30/11/2021  10:22:49,474522;9,356241E-1;1,359745E-1;1,458495E-1;9,374584E-1;;
30/11/2021  10:22:49,474622;9,353678E-1;9,360338E-2;7,602853E-2;9,373279E-1;;
30/11/2021  10:22:49,474722;9,349655E-1;1,057094E-1;1,648054E-1;9,372036E-1;;
30/11/2021  10:22:49,474822;9,345661E-1;1,350188E-1;1,445858E-1;9,370854E-1;;
30/11/2021  10:22:49,474922;9,341876E-1;1,691068E-1;1,872366E-1;9,369729E-1;;
30/11/2021  10:22:49,475022;9,334574E-1;1,382046E-1;1,287892E-1;9,368655E-1;;
30/11/2021  10:22:49,475122;9,329299E-1;1,108067E-1;1,164678E-1;9,367627E-1;;
30/11/2021  10:22:49,475222;9,327243E-1;1,155854E-1;1,212068E-1;9,366640E-1;;
30/11/2021  10:22:49,475322;9,330610E-1;1,174969E-1;1,262617E-1;9,365686E-1;;
30/11/2021  10:22:49,475422;9,323905E-1;1,085766E-1;1,139404E-1;9,364761E-1;;
30/11/2021  10:22:49,475522;9,315947E-1;1,133553E-1;1,180475E-1;9,363858E-1;;
30/11/2021  10:22:49,475622;9,309123E-1;1,057094E-1;1,054102E-1;9,362972E-1;;
30/11/2021  10:22:49,475722;9,307007E-1;1,905566E-2;7,128955E-2;9,362094E-1;;
30/11/2021  10:22:49,475822;9,296367E-1;1,905566E-2;4,096008E-2;9,361219E-1;;
30/11/2021  10:22:49,475922;9,296456E-1;1,050723E-1;1,066739E-1;9,360338E-1;;
30/11/2021  10:22:49,476022;9,295085E-1;5,951532E-2;1,082536E-1;9,359443E-1;;
30/11/2021  10:22:49,476122;9,295264E-1;6,110822E-2;7,602853E-2;9,358528E-1;;
30/11/2021  10:22:49,476222;9,289780E-1;1,210013E-1;1,512204E-1;9,357588E-1;;
30/11/2021  10:22:49,476322;9,287694E-1;1,165411E-1;1,205749E-1;9,356616E-1;;
30/11/2021  10:22:49,476422;9,277740E-1;1,353374E-1;1,344760E-1;9,355608E-1;;
30/11/2021  10:22:49,476522;9,281406E-1;1,671954E-1;1,616461E-1;9,354558E-1;;
30/11/2021  10:22:49,476622;9,276637E-1;1,636910E-1;1,575390E-1;9,353462E-1;;
30/11/2021  10:22:49,476722;9,280124E-1;1,713369E-1;1,505885E-1;9,352316E-1;;
30/11/2021  10:22:49,476822;9,277621E-1;1,614609E-1;1,483770E-1;9,351117E-1;;
30/11/2021  10:22:49,476922;9,275684E-1;1,611423E-1;1,433221E-1;9,349862E-1;;
30/11/2021  10:22:49,477022;9,271064E-1;1,480806E-1;1,351078E-1;9,348551E-1;;
30/11/2021  10:22:49,477122;9,268292E-1;1,270543E-1;1,297370E-1;9,347183E-1;;
30/11/2021  10:22:49,477222;9,267756E-1;1,433019E-1;1,417424E-1;9,345755E-1;;
30/11/2021  10:22:49,477322;9,269514E-1;1,286472E-1;1,208909E-1;9,344268E-1;;
30/11/2021  10:22:49,477422;9,273270E-1;1,222756E-1;9,624818E-2;9,342721E-1;;
30/11/2021  10:22:49,477522;9,276548E-1;1,385232E-1;1,426902E-1;9,341117E-1;;
30/11/2021  10:22:49,477622;9,276399E-1;1,490363E-1;1,837613E-1;9,339459E-1;;
30/11/2021  10:22:49,477722;9,273568E-1;1,353374E-1;1,471132E-1;9,337750E-1;;
30/11/2021  10:22:49,477822;9,281793E-1;1,286472E-1;1,284732E-1;9,335993E-1;;
30/11/2021  10:22:49,477922;9,286979E-1;1,445762E-1;1,420583E-1;9,334196E-1;;
30/11/2021  10:22:49,478022;9,295532E-1;1,388417E-1;1,319485E-1;9,332363E-1;;
30/11/2021  10:22:49,478122;9,301255E-1;1,257800E-1;1,101492E-1;9,330502E-1;;
30/11/2021  10:22:49,478222;9,299884E-1;1,340630E-1;1,335282E-1;9,328624E-1;;
30/11/2021  10:22:49,478322;9,305934E-1;1,305587E-1;1,256299E-1;9,326736E-1;;
30/11/2021  10:22:49,478422;9,302983E-1;1,311958E-1;1,196272E-1;9,324849E-1;;
30/11/2021  10:22:49,478522;9,303132E-1;1,178155E-1;1,076217E-1;9,322970E-1;;
30/11/2021  10:22:49,478622;9,312133E-1;6,970988E-2;1,164678E-1;9,321110E-1;;
30/11/2021  10:22:49,478722;9,323547E-1;1,050723E-1;1,114129E-1;9,319275E-1;;
30/11/2021  10:22:49,478822;9,329538E-1;1,305587E-1;1,167838E-1;9,317477E-1;;
30/11/2021  10:22:49,478922;9,328673E-1;1,190898E-1;1,186794E-1;9,315725E-1;;
30/11/2021  10:22:49,479022;9,338180E-1;1,311958E-1;1,224705E-1;9,314030E-1;;
30/11/2021  10:22:49,479122;9,337376E-1;1,366117E-1;1,433221E-1;9,312403E-1;;
30/11/2021  10:22:49,479222;9,340505E-1;1,429833E-1;1,483770E-1;9,310853E-1;;
30/11/2021  10:22:49,479322;9,347390E-1;6,684266E-2;8,203124E-2;9,309389E-1;;
30/11/2021  10:22:49,479422;9,356778E-1;1,302401E-1;1,281573E-1;9,308019E-1;;
30/11/2021  10:22:49,479522;9,360652E-1;1,493549E-1;1,439539E-1;9,306753E-1;;
30/11/2021  10:22:49,479622;9,363424E-1;1,276914E-1;1,313166E-1;9,305600E-1;;
30/11/2021  10:22:49,479722;9,365212E-1;1,334259E-1;1,268936E-1;9,304568E-1;;
30/11/2021  10:22:49,479822;9,367298E-1;1,267357E-1;1,253139E-1;9,303664E-1;;
30/11/2021  10:22:49,479922;9,367685E-1;1,162226E-1;1,199431E-1;9,302894E-1;;
30/11/2021  10:22:49,480022;9,372245E-1;1,286472E-1;1,294210E-1;9,302263E-1;;
30/11/2021  10:22:49,480122;9,376179E-1;1,267357E-1;1,193112E-1;9,301776E-1;;
30/11/2021  10:22:49,480222;9,376775E-1;1,308772E-1;1,430061E-1;9,301434E-1;;
30/11/2021  10:22:49,480322;9,376716E-1;1,194084E-1;1,335282E-1;9,301242E-1;;
30/11/2021  10:22:49,480422;9,376060E-1;1,028422E-1;9,593225E-2;9,301200E-1;;
30/11/2021  10:22:49,480522;9,375762E-1;1,914074E-1;2,238847E-1;9,301309E-1;;
30/11/2021  10:22:49,480622;9,379189E-1;6,949618E-3;7,318515E-2;9,301567E-1;;
30/11/2021  10:22:49,480722;9,385448E-1;1,165411E-1;1,117289E-1;9,301973E-1;;
30/11/2021  10:22:49,480822;9,380173E-1;1,662396E-1;1,550115E-1;9,302525E-1;;
30/11/2021  10:22:49,480922;9,377878E-1;1,232313E-1;1,439539E-1;9,303220E-1;;
30/11/2021  10:22:49,481022;9,381395E-1;1,286472E-1;1,303688E-1;9,304054E-1;;
30/11/2021  10:22:49,481122;9,374570E-1;1,133553E-1;1,180475E-1;9,305022E-1;;
30/11/2021  10:22:49,481222;9,372484E-1;1,184526E-1;1,193112E-1;9,306119E-1;;
30/11/2021  10:22:49,481322;9,375136E-1;7,640006E-2;1,082536E-1;9,307335E-1;;
30/11/2021  10:22:49,481422;9,370517E-1;1,273729E-1;1,189953E-1;9,308665E-1;;
30/11/2021  10:22:49,481522;9,375077E-1;1,260985E-1;1,344760E-1;9,310100E-1;;
30/11/2021  10:22:49,481622;9,371709E-1;1,197269E-1;1,031987E-1;9,311632E-1;;
30/11/2021  10:22:49,481722;9,366702E-1;1,292843E-1;1,297370E-1;9,313253E-1;;
30/11/2021  10:22:49,481822;9,351204E-1;1,318330E-1;1,243661E-1;9,314951E-1;;
30/11/2021  10:22:49,481922;9,356003E-1;1,002936E-1;1,145722E-1;9,316718E-1;;
30/11/2021  10:22:49,482022;9,355019E-1;1,200455E-1;1,189953E-1;9,318540E-1;;
30/11/2021  10:22:49,482122;9,359937E-1;1,394789E-1;1,528000E-1;9,320407E-1;;
30/11/2021  10:22:49,482222;9,353410E-1;7,767438E-2;8,297904E-2;9,322308E-1;;
30/11/2021  10:22:49,482322;9,348731E-1;1,308772E-1;1,559593E-1;9,324232E-1;;
30/11/2021  10:22:49,482422;9,346525E-1;1,327887E-1;1,452176E-1;9,326171E-1;;
30/11/2021  10:22:49,482522;9,342353E-1;1,308772E-1;1,240502E-1;9,328111E-1;;
30/11/2021  10:22:49,482622;9,333859E-1;1,245056E-1;1,256299E-1;9,330044E-1;;
30/11/2021  10:22:49,482722;9,339373E-1;1,165411E-1;1,208909E-1;9,331957E-1;;
30/11/2021  10:22:49,482822;9,336869E-1;1,267357E-1;1,133085E-1;9,333841E-1;;
30/11/2021  10:22:49,482922;9,334187E-1;1,302401E-1;1,313166E-1;9,335686E-1;;
30/11/2021  10:22:49,483022;9,337942E-1;-5,931502E-2;-8,325309E-3;9,337482E-1;;
30/11/2021  10:22:49,483122;9,330968E-1;1,458505E-1;1,752312E-1;9,339224E-1;;
30/11/2021  10:22:49,483222;9,330461E-1;1,332122E-2;9,150920E-2;9,340901E-1;;
30/11/2021  10:22:49,483322;9,335796E-1;5,346230E-2;1,117289E-1;9,342510E-1;;
30/11/2021  10:22:49,483422;9,339104E-1;1,130368E-1;1,310007E-1;9,344042E-1;;
30/11/2021  10:22:49,483522;9,341459E-1;1,969282E-2;7,034176E-2;9,345495E-1;;
30/11/2021  10:22:49,483622;9,343098E-1;2,594380E-4;6,023194E-2;9,346866E-1;;
30/11/2021  10:22:49,483722;9,350370E-1;9,901924E-2;8,740209E-2;9,348154E-1;;
30/11/2021  10:22:49,483822;9,345959E-1;1,152668E-1;1,499566E-1;9,349359E-1;;
30/11/2021  10:22:49,483922;9,353738E-1;1,108067E-1;1,319485E-1;9,350482E-1;;
30/11/2021  10:22:49,484022;9,363334E-1;1,082581E-1;1,177316E-1;9,351523E-1;;
30/11/2021  10:22:49,484122;9,362708E-1;1,034794E-1;1,095173E-1;9,352487E-1;;
30/11/2021  10:22:49,484222;9,374182E-1;9,455912E-2;1,082536E-1;9,353379E-1;;
30/11/2021  10:22:49,484322;9,374510E-1;9,519628E-2;1,038306E-1;9,354203E-1;;
30/11/2021  10:22:49,484422;9,373497E-1;1,018865E-1;1,167838E-1;9,354967E-1;;
30/11/2021  10:22:49,484522;9,380620E-1;5,441804E-2;9,909157E-2;9,355676E-1;;
30/11/2021  10:22:49,484622;9,378236E-1;7,926728E-2;1,088855E-1;9,356336E-1;;
30/11/2021  10:22:49,484722;9,387236E-1;1,155854E-1;1,246821E-1;9,356954E-1;;
30/11/2021  10:22:49,484822;9,390604E-1;9,742634E-2;1,129926E-1;9,357537E-1;;
30/11/2021  10:22:49,484922;9,397876E-1;1,706997E-1;1,272095E-1;9,358092E-1;;
30/11/2021  10:22:49,485022;9,393703E-1;1,474434E-1;1,376353E-1;9,358626E-1;;
30/11/2021  10:22:49,485122;9,393376E-1;1,204690E-2;5,391329E-2;9,359146E-1;;
30/11/2021  10:22:49,485222;9,396207E-1;1,942747E-1;2,055607E-1;9,359658E-1;;
30/11/2021  10:22:49,485322;9,406012E-1;1,554079E-1;1,704922E-1;9,360169E-1;;
30/11/2021  10:22:49,485422;9,415877E-1;5,155082E-2;1,467973E-1;9,360683E-1;;
30/11/2021  10:22:49,485522;9,424997E-1;1,273729E-1;1,300529E-1;9,361209E-1;;
30/11/2021  10:22:49,485622;9,430033E-1;1,194084E-1;1,291051E-1;9,361756E-1;;
30/11/2021  10:22:49,485722;9,432030E-1;1,108067E-1;1,022509E-1;9,362331E-1;;
30/11/2021  10:22:49,485822;9,440464E-1;1,206827E-1;1,098333E-1;9,362943E-1;;
30/11/2021  10:22:49,485922;9,446872E-1;9,870066E-2;8,171531E-2;9,363602E-1;;
30/11/2021  10:22:49,486022;9,458018E-1;1,229127E-1;1,262617E-1;9,364314E-1;;
30/11/2021  10:22:49,486122;9,468330E-1;9,933782E-2;7,887192E-2;9,365090E-1;;
30/11/2021  10:22:49,486222;9,476377E-1;1,136739E-1;1,243661E-1;9,365939E-1;;
30/11/2021  10:22:49,486322;9,483381E-1;1,108067E-1;1,031987E-1;9,366870E-1;;
30/11/2021  10:22:49,486422;9,487672E-1;1,127182E-1;1,224705E-1;9,367895E-1;;
30/11/2021  10:22:49,486522;9,488030E-1;1,168597E-1;1,177316E-1;9,369020E-1;;
30/11/2021  10:22:49,486622;9,490355E-1;9,041758E-2;8,519056E-2;9,370254E-1;;
30/11/2021  10:22:49,486722;9,498819E-1;3,084312E-2;6,844617E-2;9,371603E-1;;
30/11/2021  10:22:49,486822;9,504183E-1;1,251428E-1;1,164678E-1;9,373073E-1;;
30/11/2021  10:22:49,486922;9,509876E-1;1,190898E-1;1,275255E-1;9,374667E-1;;
30/11/2021  10:22:49,487022;9,511276E-1;1,598680E-1;1,866047E-1;9,376391E-1;;
30/11/2021  10:22:49,487122;9,504660E-1;1,079395E-1;1,145722E-1;9,378248E-1;;
30/11/2021  10:22:49,487222;9,505047E-1;1,031608E-1;1,092014E-1;9,380238E-1;;
30/11/2021  10:22:49,487322;9,510829E-1;1,213198E-1;1,240502E-1;9,382361E-1;;
30/11/2021  10:22:49,487422;9,509607E-1;1,130368E-1;1,164678E-1;9,384614E-1;;
30/11/2021  10:22:49,487522;9,517058E-1;1,149482E-1;1,177316E-1;9,386996E-1;;
30/11/2021  10:22:49,487622;9,512558E-1;1,136739E-1;1,120448E-1;9,389502E-1;;
30/11/2021  10:22:49,487722;9,506806E-1;1,174969E-1;1,202590E-1;9,392130E-1;;
30/11/2021  10:22:49,487822;9,507938E-1;9,360338E-2;9,751191E-2;9,394872E-1;;
30/11/2021  10:22:49,487922;9,508356E-1;1,139925E-1;1,044624E-1;9,397722E-1;;
30/11/2021  10:22:49,488022;9,507849E-1;1,254614E-1;1,240502E-1;9,400672E-1;;
30/11/2021  10:22:49,488122;9,509607E-1;1,012493E-1;8,992954E-2;9,403713E-1;;
30/11/2021  10:22:49,488222;9,511544E-1;1,222756E-1;1,395309E-1;9,406838E-1;;
30/11/2021  10:22:49,488322;9,513661E-1;1,302401E-1;1,550115E-1;9,410037E-1;;
30/11/2021  10:22:49,488422;9,508922E-1;1,216384E-1;1,202590E-1;9,413303E-1;;
30/11/2021  10:22:49,488522;9,510680E-1;1,200455E-1;1,123607E-1;9,416626E-1;;
30/11/2021  10:22:49,488622;9,506418E-1;1,681511E-1;1,575390E-1;9,419997E-1;;
30/11/2021  10:22:49,488722;9,513154E-1;1,133553E-1;1,183634E-1;9,423406E-1;;
30/11/2021  10:22:49,488822;9,517326E-1;1,296029E-1;1,205749E-1;9,426845E-1;;
30/11/2021  10:22:49,488922;9,512379E-1;1,194084E-1;1,370034E-1;9,430306E-1;;
30/11/2021  10:22:49,489022;9,509041E-1;1,174969E-1;1,092014E-1;9,433779E-1;;
30/11/2021  10:22:49,489122;9,504213E-1;1,076209E-1;1,054102E-1;9,437256E-1;;
30/11/2021  10:22:49,489222;9,499772E-1;1,206827E-1;1,148882E-1;9,440728E-1;;
30/11/2021  10:22:49,489322;9,500309E-1;1,311958E-1;1,259458E-1;9,444183E-1;;
30/11/2021  10:22:49,489422;9,499117E-1;1,229127E-1;1,180475E-1;9,447612E-1;;
30/11/2021  10:22:49,489522;9,507104E-1;4,995792E-2;9,751191E-2;9,451006E-1;;
30/11/2021  10:22:49,489622;9,500041E-1;1,308772E-1;1,335282E-1;9,454355E-1;;
30/11/2021  10:22:49,489722;9,494587E-1;1,270543E-1;1,322644E-1;9,457651E-1;;
30/11/2021  10:22:49,489822;9,490474E-1;1,232313E-1;1,259458E-1;9,460887E-1;;
30/11/2021  10:22:49,489922;9,489997E-1;1,206827E-1;1,199431E-1;9,464052E-1;;
30/11/2021  10:22:49,490022;9,489431E-1;1,235499E-1;1,297370E-1;9,467139E-1;;
30/11/2021  10:22:49,490122;9,489520E-1;1,359745E-1;1,370034E-1;9,470139E-1;;
30/11/2021  10:22:49,490222;9,490831E-1;1,155854E-1;1,038306E-1;9,473046E-1;;
30/11/2021  10:22:49,490322;9,490682E-1;1,337445E-1;1,287892E-1;9,475853E-1;;
30/11/2021  10:22:49,490422;9,483530E-1;1,327887E-1;1,300529E-1;9,478554E-1;;
30/11/2021  10:22:49,490522;9,476407E-1;1,136739E-1;1,227865E-1;9,481145E-1;;
30/11/2021  10:22:49,490622;9,479417E-1;1,340630E-1;1,196272E-1;9,483619E-1;;
30/11/2021  10:22:49,490722;9,475513E-1;1,264171E-1;1,196272E-1;9,485971E-1;;
30/11/2021  10:22:49,490822;9,478433E-1;3,562182E-2;5,106991E-2;9,488196E-1;;
30/11/2021  10:22:49,490922;9,479447E-1;1,213198E-1;1,076217E-1;9,490290E-1;;
30/11/2021  10:22:49,491022;9,470834E-1;1,229127E-1;1,259458E-1;9,492251E-1;;
30/11/2021  10:22:49,491122;9,468837E-1;1,159040E-1;1,054102E-1;9,494075E-1;;
30/11/2021  10:22:49,491222;9,459866E-1;1,362931E-1;1,442698E-1;9,495761E-1;;
30/11/2021  10:22:49,491322;9,458048E-1;1,331073E-1;1,278414E-1;9,497304E-1;;
30/11/2021  10:22:49,491422;9,463711E-1;1,324701E-1;1,328963E-1;9,498703E-1;;
30/11/2021  10:22:49,491522;9,456588E-1;1,407532E-1;1,379512E-1;9,499953E-1;;
30/11/2021  10:22:49,491622;9,458912E-1;1,331073E-1;1,316326E-1;9,501056E-1;;
30/11/2021  10:22:49,491722;9,451879E-1;1,254614E-1;1,265777E-1;9,502009E-1;;
30/11/2021  10:22:49,491822;9,448064E-1;1,108067E-1;1,183634E-1;9,502814E-1;;
30/11/2021  10:22:49,491922;9,444488E-1;1,149482E-1;1,221546E-1;9,503468E-1;;
30/11/2021  10:22:49,492022;9,443147E-1;1,146297E-1;1,199431E-1;9,503972E-1;;
30/11/2021  10:22:49,492122;9,442163E-1;1,009307E-1;1,199431E-1;9,504326E-1;;
30/11/2021  10:22:49,492222;9,444488E-1;1,037979E-1;1,006712E-1;9,504530E-1;;
30/11/2021  10:22:49,492322;9,441954E-1;9,360338E-2;5,106991E-2;9,504588E-1;;
30/11/2021  10:22:49,492422;9,438706E-1;1,197269E-1;1,322644E-1;9,504500E-1;;
30/11/2021  10:22:49,492522;9,429854E-1;3,657756E-2;6,054787E-2;9,504270E-1;;
30/11/2021  10:22:49,492622;9,428394E-1;1,174969E-1;1,319485E-1;9,503900E-1;;
30/11/2021  10:22:49,492722;9,428335E-1;1,248242E-1;1,388990E-1;9,503392E-1;;
30/11/2021  10:22:49,492822;9,421927E-1;4,645354E-2;9,024547E-2;9,502749E-1;;
30/11/2021  10:22:49,492922;9,413433E-1;1,111253E-1;1,256299E-1;9,501972E-1;;
30/11/2021  10:22:49,493022;9,411794E-1;1,060280E-1;1,363715E-1;9,501064E-1;;
30/11/2021  10:22:49,493122;9,398800E-1;1,439390E-1;1,445858E-1;9,500025E-1;;
30/11/2021  10:22:49,493222;9,398084E-1;1,512664E-1;1,414265E-1;9,498858E-1;;
30/11/2021  10:22:49,493322;9,389740E-1;1,611423E-1;1,442698E-1;9,497562E-1;;
30/11/2021  10:22:49,493422;9,386998E-1;1,503106E-1;1,212068E-1;9,496138E-1;;
30/11/2021  10:22:49,493522;9,384643E-1;1,681511E-1;1,395309E-1;9,494587E-1;;
30/11/2021  10:22:49,493622;9,374838E-1;1,684697E-1;1,641736E-1;9,492908E-1;;
30/11/2021  10:22:49,493722;9,373557E-1;1,359745E-1;1,366875E-1;9,491104E-1;;
30/11/2021  10:22:49,493822;9,368937E-1;1,372488E-1;1,351078E-1;9,489175E-1;;
30/11/2021  10:22:49,493922;9,363334E-1;9,392196E-2;9,782784E-2;9,487122E-1;;
30/11/2021  10:22:49,494022;9,364020E-1;1,152668E-1;1,287892E-1;9,484946E-1;;
30/11/2021  10:22:49,494122;9,363871E-1;1,171783E-1;1,123607E-1;9,482651E-1;;
30/11/2021  10:22:49,494222;9,363573E-1;1,130368E-1;1,616461E-1;9,480239E-1;;
30/11/2021  10:22:49,494322;9,360384E-1;3,625898E-2;6,781430E-2;9,477715E-1;;
30/11/2021  10:22:49,494422;9,359072E-1;1,385232E-1;1,670170E-1;9,475083E-1;;
30/11/2021  10:22:49,494522;9,354870E-1;1,474434E-1;1,670170E-1;9,472347E-1;;
30/11/2021  10:22:49,494622;9,353112E-1;1,410718E-1;1,401627E-1;9,469514E-1;;
30/11/2021  10:22:49,494722;9,350459E-1;1,340630E-1;1,316326E-1;9,466589E-1;;
30/11/2021  10:22:49,494822;9,358446E-1;1,222756E-1;1,249980E-1;9,463577E-1;;
30/11/2021  10:22:49,494922;9,355526E-1;1,254614E-1;1,098333E-1;9,460486E-1;;
30/11/2021  10:22:49,495022;9,359549E-1;1,283286E-1;1,246821E-1;9,457322E-1;;
30/11/2021  10:22:49,495122;9,355347E-1;1,308772E-1;1,411105E-1;9,454095E-1;;
30/11/2021  10:22:49,495222;9,350966E-1;1,280100E-1;1,275255E-1;9,450813E-1;;
30/11/2021  10:22:49,495322;9,347509E-1;1,225942E-1;1,281573E-1;9,447482E-1;;
30/11/2021  10:22:49,495422;9,348611E-1;1,238685E-1;1,177316E-1;9,444112E-1;;
30/11/2021  10:22:49,495522;9,348373E-1;1,216384E-1;1,433221E-1;9,440708E-1;;
30/11/2021  10:22:49,495622;9,344707E-1;1,095324E-1;1,092014E-1;9,437277E-1;;
30/11/2021  10:22:49,495722;9,345214E-1;1,267357E-1;1,253139E-1;9,433828E-1;;
30/11/2021  10:22:49,495822;9,338329E-1;1,362931E-1;1,442698E-1;9,430366E-1;;
30/11/2021  10:22:49,495922;9,340475E-1;1,028422E-1;1,787064E-1;9,426898E-1;;
30/11/2021  10:22:49,496022;9,333948E-1;1,394789E-1;1,521681E-1;9,423429E-1;;
30/11/2021  10:22:49,496122;9,341727E-1;1,340630E-1;1,379512E-1;9,419964E-1;;
30/11/2021  10:22:49,496222;9,338031E-1;1,417090E-1;1,376353E-1;9,416511E-1;;
30/11/2021  10:22:49,496322;9,338598E-1;1,251428E-1;1,259458E-1;9,413073E-1;;
30/11/2021  10:22:49,496422;9,340952E-1;1,149482E-1;1,028828E-1;9,409658E-1;;
30/11/2021  10:22:49,496522;9,338210E-1;1,315144E-1;1,594346E-1;9,406271E-1;;
30/11/2021  10:22:49,496622;9,337555E-1;1,547707E-1;2,109315E-1;9,402918E-1;;
30/11/2021  10:22:49,496722;9,341667E-1;1,417090E-1;1,407946E-1;9,399605E-1;;
30/11/2021  10:22:49,496822;9,345363E-1;1,404346E-1;1,249980E-1;9,396336E-1;;
30/11/2021  10:22:49,496922;9,354751E-1;1,401161E-1;1,600664E-1;9,393119E-1;;
30/11/2021  10:22:49,497022;9,357910E-1;1,149482E-1;1,044624E-1;9,389961E-1;;
30/11/2021  10:22:49,497122;9,360443E-1;1,276914E-1;1,351078E-1;9,386870E-1;;
30/11/2021  10:22:49,497222;9,357254E-1;2,669109E-1;2,362061E-1;9,383854E-1;;
30/11/2021  10:22:49,497322;9,351592E-1;1,111253E-1;1,714400E-1;9,380920E-1;;
30/11/2021  10:22:49,497422;9,356241E-1;1,356559E-1;1,313166E-1;9,378074E-1;;
30/11/2021  10:22:49,497522;9,361486E-1;1,037979E-1;1,859729E-1;9,375321E-1;;
30/11/2021  10:22:49,497622;9,359370E-1;1,327887E-1;1,319485E-1;9,372666E-1;;
30/11/2021  10:22:49,497722;9,364616E-1;1,557265E-1;1,812339E-1;9,370114E-1;;
30/11/2021  10:22:49,497822;9,360920E-1;5,951532E-2;7,508074E-2;9,367669E-1;;
30/11/2021  10:22:49,497922;9,357165E-1;1,385232E-1;1,417424E-1;9,365336E-1;;
30/11/2021  10:22:49,498022;9,354930E-1;1,420275E-1;1,986102E-1;9,363116E-1;;
30/11/2021  10:22:49,498122;9,352873E-1;1,375674E-1;1,360556E-1;9,361012E-1;;
30/11/2021  10:22:49,498222;9,361874E-1;1,197269E-1;1,063580E-1;9,359022E-1;;
30/11/2021  10:22:49,498322;9,364228E-1;1,267357E-1;1,196272E-1;9,357149E-1;;
30/11/2021  10:22:49,498422;9,356450E-1;1,206827E-1;9,087734E-2;9,355393E-1;;
30/11/2021  10:22:49,498522;9,357076E-1;1,404346E-1;1,423743E-1;9,353754E-1;;
30/11/2021  10:22:49,498622;9,347479E-1;1,404346E-1;1,588027E-1;9,352230E-1;;
30/11/2021  10:22:49,498722;9,343515E-1;1,372488E-1;1,439539E-1;9,350820E-1;;
30/11/2021  10:22:49,498822;9,345244E-1;1,433019E-1;1,256299E-1;9,349519E-1;;
30/11/2021  10:22:49,498922;9,348433E-1;1,391603E-1;1,363715E-1;9,348322E-1;;
30/11/2021  10:22:49,499022;9,345005E-1;1,477620E-1;1,531159E-1;9,347227E-1;;
30/11/2021  10:22:49,499122;9,345780E-1;1,318330E-1;1,869207E-1;9,346228E-1;;
30/11/2021  10:22:49,499222;9,341071E-1;9,615202E-2;6,844617E-2;9,345321E-1;;
30/11/2021  10:22:49,499322;9,340177E-1;1,194084E-1;1,117289E-1;9,344501E-1;;
30/11/2021  10:22:49,499422;9,336988E-1;1,353374E-1;1,319485E-1;9,343764E-1;;
30/11/2021  10:22:49,499522;9,342502E-1;1,280100E-1;1,227865E-1;9,343104E-1;;
30/11/2021  10:22:49,499622;9,349178E-1;1,213198E-1;1,284732E-1;9,342516E-1;;
30/11/2021  10:22:49,499722;9,345959E-1;1,448948E-1;1,306848E-1;9,341996E-1;;
30/11/2021  10:22:49,499822;9,346197E-1;1,356559E-1;1,174156E-1;9,341542E-1;;
30/11/2021  10:22:49,499922;9,345303E-1;3,594040E-2;6,939396E-2;9,341150E-1;;
30/11/2021  10:22:49,500022;9,342740E-1;-1,407666E-2;2,453162E-2;9,340816E-1;;
30/11/2021  10:22:49,500122;9,342800E-1;1,117624E-1;1,025668E-1;9,340537E-1;;
30/11/2021  10:22:49,500222;9,350102E-1;1,085766E-1;1,373193E-1;9,340309E-1;;
30/11/2021  10:22:49,500322;9,348433E-1;1,251428E-1;1,471132E-1;9,340130E-1;;
30/11/2021  10:22:49,500422;9,349029E-1;9,455912E-2;1,265777E-1;9,339996E-1;;
30/11/2021  10:22:49,500522;9,351741E-1;1,041165E-1;1,142563E-1;9,339905E-1;;
30/11/2021  10:22:49,500622;9,345423E-1;1,063466E-1;1,025668E-1;9,339856E-1;;
30/11/2021  10:22:49,500722;9,344320E-1;1,229127E-1;1,534319E-1;9,339846E-1;;
30/11/2021  10:22:49,500822;9,341042E-1;9,105474E-2;1,044624E-1;9,339871E-1;;
30/11/2021  10:22:49,500922;9,345810E-1;1,018865E-1;1,092014E-1;9,339928E-1;;
30/11/2021  10:22:49,501022;9,354393E-1;1,006121E-1;1,268936E-1;9,340014E-1;;
30/11/2021  10:22:49,501122;9,352784E-1;1,022050E-1;1,050943E-1;9,340127E-1;;
30/11/2021  10:22:49,501222;9,347121E-1;9,041758E-2;9,624818E-2;9,340265E-1;;
30/11/2021  10:22:49,501322;9,344707E-1;1,111253E-1;1,092014E-1;9,340428E-1;;
30/11/2021  10:22:49,501422;9,343932E-1;1,222756E-1;1,243661E-1;9,340611E-1;;
30/11/2021  10:22:49,501522;9,344022E-1;1,366117E-1;1,294210E-1;9,340814E-1;;
30/11/2021  10:22:49,501622;9,349863E-1;1,512664E-1;1,698603E-1;9,341031E-1;;
30/11/2021  10:22:49,501722;9,351651E-1;1,496735E-1;1,303688E-1;9,341263E-1;;
30/11/2021  10:22:49,501822;9,355466E-1;1,636910E-1;1,603824E-1;9,341507E-1;;
30/11/2021  10:22:49,501922;9,358595E-1;1,620981E-1;1,606983E-1;9,341763E-1;;
30/11/2021  10:22:49,502022;9,361904E-1;1,369303E-1;1,423743E-1;9,342031E-1;;
30/11/2021  10:22:49,502122;9,360205E-1;1,296029E-1;1,328963E-1;9,342313E-1;;
30/11/2021  10:22:49,502222;9,372424E-1;1,334259E-1;1,297370E-1;9,342608E-1;;
30/11/2021  10:22:49,502322;9,381723E-1;9,870066E-2;8,487463E-2;9,342920E-1;;
30/11/2021  10:22:49,502422;9,380024E-1;1,203641E-1;1,278414E-1;9,343251E-1;;
30/11/2021  10:22:49,502522;9,387385E-1;1,181340E-1;1,136244E-1;9,343606E-1;;
30/11/2021  10:22:49,502622;9,386998E-1;1,136739E-1;1,120448E-1;9,343988E-1;;
30/11/2021  10:22:49,502722;9,394359E-1;1,076209E-1;9,593225E-2;9,344402E-1;;
30/11/2021  10:22:49,502822;9,398323E-1;1,232313E-1;1,328963E-1;9,344851E-1;;
30/11/2021  10:22:49,502922;9,412241E-1;1,225942E-1;1,205749E-1;9,345341E-1;;
30/11/2021  10:22:49,503022;9,416980E-1;6,365686E-2;7,002583E-2;9,345876E-1;;
30/11/2021  10:22:49,503122;9,416831E-1;4,326774E-2;6,623464E-2;9,346465E-1;;
30/11/2021  10:22:49,503222;9,424371E-1;1,184526E-1;1,136244E-1;9,347111E-1;;
30/11/2021  10:22:49,503322;9,421033E-1;1,570008E-1;1,518522E-1;9,347821E-1;;
30/11/2021  10:22:49,503422;9,421301E-1;1,206827E-1;1,313166E-1;9,348600E-1;;
30/11/2021  10:22:49,503522;9,430957E-1;1,238685E-1;1,275255E-1;9,349450E-1;;
30/11/2021  10:22:49,503622;9,430987E-1;1,264171E-1;1,294210E-1;9,350376E-1;;
30/11/2021  10:22:49,503722;9,441567E-1;1,280100E-1;1,319485E-1;9,351379E-1;;
30/11/2021  10:22:49,503822;9,439600E-1;1,241871E-1;1,262617E-1;9,352464E-1;;
30/11/2021  10:22:49,503922;9,432954E-1;9,997498E-2;1,158360E-1;9,353633E-1;;
30/11/2021  10:22:49,504022;9,429705E-1;1,213198E-1;1,193112E-1;9,354887E-1;;
30/11/2021  10:22:49,504122;9,428036E-1;1,245056E-1;1,231024E-1;9,356224E-1;;
30/11/2021  10:22:49,504222;9,432090E-1;1,190898E-1;1,234183E-1;9,357643E-1;;
30/11/2021  10:22:49,504322;9,432835E-1;8,086018E-2;8,961361E-2;9,359139E-1;;
30/11/2021  10:22:49,504422;9,437454E-1;1,327887E-1;8,677022E-2;9,360710E-1;;
30/11/2021  10:22:49,504522;9,433073E-1;1,283286E-1;1,509044E-1;9,362353E-1;;
30/11/2021  10:22:49,504622;9,430212E-1;1,159040E-1;1,275255E-1;9,364065E-1;;
30/11/2021  10:22:49,504722;9,423953E-1;1,254614E-1;1,606983E-1;9,365839E-1;;
30/11/2021  10:22:49,504822;9,430749E-1;1,203641E-1;1,249980E-1;9,367671E-1;;
30/11/2021  10:22:49,504922;9,432209E-1;8,277166E-2;1,332122E-1;9,369555E-1;;
30/11/2021  10:22:49,505022;9,437842E-1;1,197269E-1;1,183634E-1;9,371485E-1;;
30/11/2021  10:22:49,505122;9,430361E-1;1,426647E-1;1,790224E-1;9,373455E-1;;
30/11/2021  10:22:49,505222;9,431017E-1;1,171783E-1;1,212068E-1;9,375462E-1;;
30/11/2021  10:22:49,505322;9,429497E-1;1,149482E-1;1,164678E-1;9,377498E-1;;
30/11/2021  10:22:49,505422;9,429974E-1;1,194084E-1;1,139404E-1;9,379558E-1;;
30/11/2021  10:22:49,505522;9,426189E-1;1,012493E-1;1,158360E-1;9,381636E-1;;
30/11/2021  10:22:49,505622;9,432030E-1;1,057094E-1;8,708615E-2;9,383725E-1;;
30/11/2021  10:22:49,505722;9,434206E-1;1,296029E-1;1,370034E-1;9,385820E-1;;
30/11/2021  10:22:49,505822;9,429258E-1;1,139925E-1;1,145722E-1;9,387915E-1;;
30/11/2021  10:22:49,505922;9,428096E-1;1,286472E-1;1,265777E-1;9,390005E-1;;
30/11/2021  10:22:49,506022;9,420049E-1;1,273729E-1;1,281573E-1;9,392085E-1;;
30/11/2021  10:22:49,506122;9,424222E-1;1,165411E-1;1,376353E-1;9,394147E-1;;
30/11/2021  10:22:49,506222;9,429318E-1;9,264764E-2;9,593225E-2;9,396186E-1;;
30/11/2021  10:22:49,506322;9,427887E-1;1,270543E-1;1,281573E-1;9,398197E-1;;
30/11/2021  10:22:49,506422;9,419304E-1;1,171783E-1;1,136244E-1;9,400175E-1;;
30/11/2021  10:22:49,506522;9,416831E-1;1,461691E-1;1,790224E-1;9,402115E-1;;
30/11/2021  10:22:49,506622;9,414387E-1;1,366117E-1;1,569071E-1;9,404011E-1;;
30/11/2021  10:22:49,506722;9,405118E-1;1,248242E-1;1,303688E-1;9,405856E-1;;
30/11/2021  10:22:49,506822;9,402734E-1;1,210013E-1;1,177316E-1;9,407646E-1;;
30/11/2021  10:22:49,506922;9,401989E-1;1,149482E-1;1,186794E-1;9,409371E-1;;
30/11/2021  10:22:49,507022;9,407562E-1;1,047537E-1;9,719598E-2;9,411027E-1;;
30/11/2021  10:22:49,507122;9,405774E-1;1,200455E-1;1,300529E-1;9,412606E-1;;
30/11/2021  10:22:49,507222;9,404552E-1;1,286472E-1;1,376353E-1;9,414107E-1;;
30/11/2021  10:22:49,507322;9,397816E-1;1,280100E-1;1,205749E-1;9,415524E-1;;
30/11/2021  10:22:49,507422;9,397280E-1;-1,662530E-2;-4,534125E-3;9,416853E-1;;
30/11/2021  10:22:49,507522;9,400230E-1;1,111253E-1;1,079377E-1;9,418092E-1;;
30/11/2021  10:22:49,507622;9,408128E-1;-8,342222E-3;7,160549E-2;9,419237E-1;;
30/11/2021  10:22:49,507722;9,410006E-1;1,174969E-1;1,325804E-1;9,420288E-1;;
30/11/2021  10:22:49,507822;9,409022E-1;1,109116E-2;4,443533E-2;9,421245E-1;;
30/11/2021  10:22:49,507922;9,412122E-1;5,091366E-2;5,043804E-2;9,422110E-1;;
30/11/2021  10:22:49,508022;9,411138E-1;1,302401E-1;1,265777E-1;9,422884E-1;;
30/11/2021  10:22:49,508122;9,409439E-1;1,337445E-1;1,471132E-1;9,423570E-1;;
30/11/2021  10:22:49,508222;9,422821E-1;1,359745E-1;1,370034E-1;9,424171E-1;;
30/11/2021  10:22:49,508322;9,428662E-1;1,257800E-1;1,224705E-1;9,424690E-1;;
30/11/2021  10:22:49,508422;9,433788E-1;1,044351E-1;1,180475E-1;9,425134E-1;;
30/11/2021  10:22:49,508522;9,431523E-1;1,028422E-1;1,025668E-1;9,425509E-1;;
30/11/2021  10:22:49,508622;9,437842E-1;1,264171E-1;1,417424E-1;9,425822E-1;;
30/11/2021  10:22:49,508722;9,434385E-1;9,710776E-2;9,498445E-2;9,426081E-1;;
30/11/2021  10:22:49,508822;9,440017E-1;1,085766E-1;1,177316E-1;9,426292E-1;;
30/11/2021  10:22:49,508922;9,445829E-1;1,095324E-1;1,196272E-1;9,426462E-1;;
30/11/2021  10:22:49,509022;9,450627E-1;1,028422E-1;1,050943E-1;9,426599E-1;;
30/11/2021  10:22:49,509122;9,454531E-1;7,735580E-2;8,613836E-2;9,426710E-1;;
30/11/2021  10:22:49,509222;9,449614E-1;9,806350E-2;1,145722E-1;9,426804E-1;;
30/11/2021  10:22:49,509322;9,446157E-1;9,519628E-2;1,129926E-1;9,426887E-1;;
30/11/2021  10:22:49,509422;9,444547E-1;9,774492E-2;1,123607E-1;9,426966E-1;;
30/11/2021  10:22:49,509522;9,449375E-1;9,965640E-2;1,183634E-1;9,427044E-1;;
30/11/2021  10:22:49,509622;9,449912E-1;1,139925E-1;1,322644E-1;9,427126E-1;;
30/11/2021  10:22:49,509722;9,448511E-1;1,327887E-1;1,344760E-1;9,427216E-1;;
30/11/2021  10:22:49,509822;9,460939E-1;1,493549E-1;1,619620E-1;9,427317E-1;;
30/11/2021  10:22:49,509922;9,454561E-1;1,423461E-1;1,063580E-1;9,427434E-1;;
30/11/2021  10:22:49,510022;9,454651E-1;5,155082E-2;5,549295E-2;9,427572E-1;;
30/11/2021  10:22:49,510122;9,445471E-1;1,636910E-1;1,455336E-1;9,427732E-1;;
30/11/2021  10:22:49,510222;9,451968E-1;1,139925E-1;1,379512E-1;9,427916E-1;;
30/11/2021  10:22:49,510322;9,455664E-1;7,831154E-2;9,182514E-2;9,428125E-1;;
30/11/2021  10:22:49,510422;9,461386E-1;1,165411E-1;1,142563E-1;9,428362E-1;;
30/11/2021  10:22:49,510522;9,465409E-1;5,473662E-2;3,938042E-2;9,428627E-1;;
30/11/2021  10:22:49,510622;9,463770E-1;1,343816E-1;1,303688E-1;9,428923E-1;;
30/11/2021  10:22:49,510722;9,458436E-1;1,289658E-1;1,404787E-1;9,429254E-1;;
30/11/2021  10:22:49,510822;9,457452E-1;1,436204E-1;1,704922E-1;9,429618E-1;;
30/11/2021  10:22:49,510922;9,469552E-1;1,120810E-1;1,272095E-1;9,430018E-1;;
30/11/2021  10:22:49,511022;9,477480E-1;1,334259E-1;1,382671E-1;9,430454E-1;;
30/11/2021  10:22:49,511122;9,479774E-1;9,615202E-2;1,057261E-1;9,430928E-1;;
30/11/2021  10:22:49,511222;9,487434E-1;1,493549E-1;1,423743E-1;9,431444E-1;;
30/11/2021  10:22:49,511322;9,482874E-1;1,197269E-1;1,110970E-1;9,432005E-1;;
30/11/2021  10:22:49,511422;9,484454E-1;1,031608E-1;1,155200E-1;9,432613E-1;;
30/11/2021  10:22:49,511522;9,485646E-1;1,241871E-1;1,287892E-1;9,433270E-1;;
30/11/2021  10:22:49,511622;9,487732E-1;1,299215E-1;1,306848E-1;9,433979E-1;;
30/11/2021  10:22:49,511722;9,495063E-1;1,203641E-1;1,174156E-1;9,434740E-1;;
30/11/2021  10:22:49,511822;9,495510E-1;1,251428E-1;1,253139E-1;9,435555E-1;;
30/11/2021  10:22:49,511922;9,491666E-1;8,149734E-2;8,929768E-2;9,436425E-1;;
30/11/2021  10:22:49,512022;9,488626E-1;1,512664E-1;1,499566E-1;9,437350E-1;;
30/11/2021  10:22:49,512122;9,486212E-1;1,222756E-1;1,360556E-1;9,438330E-1;;
30/11/2021  10:22:49,512222;9,489282E-1;1,210013E-1;1,357397E-1;9,439362E-1;;
30/11/2021  10:22:49,512322;9,490295E-1;-1,284469E-1;-8,009377E-3;9,440444E-1;;
30/11/2021  10:22:49,512422;9,488745E-1;1,311958E-1;1,622780E-1;9,441574E-1;;
30/11/2021  10:22:49,512522;9,496077E-1;1,066652E-1;8,803395E-2;9,442749E-1;;
30/11/2021  10:22:49,512622;9,486808E-1;1,260985E-1;1,164678E-1;9,443967E-1;;
30/11/2021  10:22:49,512722;9,490057E-1;1,311958E-1;1,189953E-1;9,445224E-1;;
30/11/2021  10:22:49,512822;9,483142E-1;1,283286E-1;1,054102E-1;9,446518E-1;;
30/11/2021  10:22:49,512922;9,486123E-1;1,165411E-1;1,341600E-1;9,447843E-1;;
30/11/2021  10:22:49,513022;9,491547E-1;1,276914E-1;1,199431E-1;9,449195E-1;;
30/11/2021  10:22:49,513122;9,492649E-1;1,369303E-1;1,559593E-1;9,450570E-1;;
30/11/2021  10:22:49,513222;9,485765E-1;1,315144E-1;1,212068E-1;9,451965E-1;;
30/11/2021  10:22:49,513322;9,491517E-1;7,385142E-2;8,487463E-2;9,453376E-1;;
30/11/2021  10:22:49,513422;9,483708E-1;1,082581E-1;9,782784E-2;9,454799E-1;;
30/11/2021  10:22:49,513522;9,485616E-1;1,203641E-1;1,047783E-1;9,456229E-1;;
30/11/2021  10:22:49,513622;9,488239E-1;1,455319E-1;1,272095E-1;9,457664E-1;;
30/11/2021  10:22:49,513722;9,493931E-1;1,423461E-1;1,701763E-1;9,459097E-1;;
30/11/2021  10:22:49,513822;9,499146E-1;1,318330E-1;1,455336E-1;9,460527E-1;;
30/11/2021  10:22:49,513922;9,494736E-1;1,343816E-1;1,461654E-1;9,461952E-1;;
30/11/2021  10:22:49,514022;9,493991E-1;1,407532E-1;1,442698E-1;9,463369E-1;;
30/11/2021  10:22:49,514122;9,487106E-1;1,289658E-1;1,306848E-1;9,464777E-1;;
30/11/2021  10:22:49,514222;9,488686E-1;1,347002E-1;1,366875E-1;9,466173E-1;;
30/11/2021  10:22:49,514322;9,492977E-1;1,347002E-1;1,385831E-1;9,467552E-1;;
30/11/2021  10:22:49,514422;9,496017E-1;9,105474E-2;8,234717E-2;9,468913E-1;;
30/11/2021  10:22:49,514522;9,494438E-1;1,382046E-1;1,351078E-1;9,470253E-1;;
30/11/2021  10:22:49,514622;9,491904E-1;1,292843E-1;1,275255E-1;9,471571E-1;;
30/11/2021  10:22:49,514722;9,481622E-1;1,331073E-1;1,249980E-1;9,472865E-1;;
30/11/2021  10:22:49,514822;9,483291E-1;1,337445E-1;1,300529E-1;9,474130E-1;;
30/11/2021  10:22:49,514922;9,481771E-1;1,375674E-1;1,667010E-1;9,475365E-1;;
30/11/2021  10:22:49,515022;9,484990E-1;1,267357E-1;1,313166E-1;9,476564E-1;;
30/11/2021  10:22:49,515122;9,482099E-1;1,448948E-1;1,433221E-1;9,477725E-1;;
30/11/2021  10:22:49,515222;9,479149E-1;4,390490E-2;3,780076E-2;9,478845E-1;;
30/11/2021  10:22:49,515322;9,474917E-1;1,006121E-1;9,688005E-2;9,479922E-1;;
30/11/2021  10:22:49,515422;9,477033E-1;1,503106E-1;1,420583E-1;9,480951E-1;;
30/11/2021  10:22:49,515522;9,468539E-1;1,442576E-1;1,404787E-1;9,481930E-1;;
30/11/2021  10:22:49,515622;9,476198E-1;1,359745E-1;1,310007E-1;9,482856E-1;;
30/11/2021  10:22:49,515722;9,479357E-1;1,232313E-1;1,303688E-1;9,483725E-1;;
30/11/2021  10:22:49,515822;9,479774E-1;1,359745E-1;1,420583E-1;9,484537E-1;;
30/11/2021  10:22:49,515922;9,474261E-1;1,315144E-1;1,275255E-1;9,485291E-1;;
30/11/2021  10:22:49,516022;9,469343E-1;1,296029E-1;1,224705E-1;9,485986E-1;;
30/11/2021  10:22:49,516122;9,469194E-1;1,410718E-1;1,272095E-1;9,486622E-1;;
30/11/2021  10:22:49,516222;9,464307E-1;1,480806E-1;1,388990E-1;9,487196E-1;;
30/11/2021  10:22:49,516322;9,466035E-1;1,452133E-1;1,392149E-1;9,487706E-1;;
30/11/2021  10:22:49,516422;9,472085E-1;5,155082E-2;6,718244E-2;9,488152E-1;;
30/11/2021  10:22:49,516522;9,465320E-1;1,710183E-1;2,008217E-1;9,488534E-1;;
30/11/2021  10:22:49,516622;9,464247E-1;1,267357E-1;1,224705E-1;9,488850E-1;;
30/11/2021  10:22:49,516722;9,454919E-1;1,127182E-1;1,224705E-1;9,489102E-1;;
30/11/2021  10:22:49,516822;9,455932E-1;1,082581E-1;1,025668E-1;9,489287E-1;;
30/11/2021  10:22:49,516922;9,452922E-1;1,146297E-1;1,202590E-1;9,489406E-1;;
30/11/2021  10:22:49,517022;9,454233E-1;1,245056E-1;1,395309E-1;9,489455E-1;;
30/11/2021  10:22:49,517122;9,457810E-1;1,139925E-1;1,170997E-1;9,489436E-1;;
30/11/2021  10:22:49,517222;9,450419E-1;1,544522E-1;1,941871E-1;9,489349E-1;;
30/11/2021  10:22:49,517322;9,448004E-1;9,455912E-2;1,142563E-1;9,489193E-1;;
30/11/2021  10:22:49,517422;9,443355E-1;1,082581E-1;1,107811E-1;9,488969E-1;;
30/11/2021  10:22:49,517522;9,430570E-1;1,069837E-1;1,133085E-1;9,488675E-1;;
30/11/2021  10:22:49,517622;9,432656E-1;1,187712E-1;1,360556E-1;9,488312E-1;;
30/11/2021  10:22:49,517722;9,436769E-1;8,213450E-2;7,887192E-2;9,487876E-1;;
30/11/2021  10:22:49,517822;9,428752E-1;1,260985E-1;1,338441E-1;9,487366E-1;;
30/11/2021  10:22:49,517922;9,426964E-1;7,831154E-2;4,096008E-2;9,486783E-1;;
30/11/2021  10:22:49,518022;9,428543E-1;1,340630E-1;1,379512E-1;9,486126E-1;;
30/11/2021  10:22:49,518122;9,415877E-1;1,410718E-1;1,426902E-1;9,485393E-1;;
30/11/2021  10:22:49,518222;9,413522E-1;1,598680E-1;1,578549E-1;9,484586E-1;;
30/11/2021  10:22:49,518322;9,413403E-1;2,383436E-2;6,307532E-2;9,483702E-1;;
30/11/2021  10:22:49,518422;9,412926E-1;1,824872E-1;1,644895E-1;9,482741E-1;;
30/11/2021  10:22:49,518522;9,415966E-1;1,101695E-1;1,085695E-1;9,481703E-1;;
30/11/2021  10:22:49,518622;9,410870E-1;2,079736E-1;2,399972E-1;9,480588E-1;;
30/11/2021  10:22:49,518722;9,406310E-1;1,458505E-1;1,774427E-1;9,479398E-1;;
30/11/2021  10:22:49,518822;9,398233E-1;1,401161E-1;1,332122E-1;9,478134E-1;;
30/11/2021  10:22:49,518922;9,397637E-1;1,289658E-1;1,373193E-1;9,476796E-1;;
30/11/2021  10:22:49,519022;9,399068E-1;1,197269E-1;1,234183E-1;9,475385E-1;;
30/11/2021  10:22:49,519122;9,403568E-1;8,309024E-2;9,245700E-2;9,473901E-1;;
30/11/2021  10:22:49,519222;9,400648E-1;1,216384E-1;1,136244E-1;9,472348E-1;;
30/11/2021  10:22:49,519322;9,394925E-1;1,296029E-1;1,379512E-1;9,470728E-1;;
30/11/2021  10:22:49,519422;9,394270E-1;1,366117E-1;1,297370E-1;9,469043E-1;;
30/11/2021  10:22:49,519522;9,381574E-1;8,054160E-2;1,041465E-1;9,467297E-1;;
30/11/2021  10:22:49,519622;9,381246E-1;9,169190E-2;1,120448E-1;9,465490E-1;;
30/11/2021  10:22:49,519722;9,381514E-1;1,136739E-1;1,000394E-1;9,463625E-1;;
30/11/2021  10:22:49,519822;9,377342E-1;1,493549E-1;1,572231E-1;9,461701E-1;;
30/11/2021  10:22:49,519922;9,374391E-1;7,990444E-2;1,095173E-1;9,459721E-1;;
30/11/2021  10:22:49,520022;9,369861E-1;1,257800E-1;1,278414E-1;9,457687E-1;;
30/11/2021  10:22:49,520122;9,364288E-1;1,235499E-1;1,259458E-1;9,455598E-1;;
30/11/2021  10:22:49,520222;9,354512E-1;1,601866E-1;1,711241E-1;9,453458E-1;;
30/11/2021  10:22:49,520322;9,353142E-1;1,302401E-1;1,354238E-1;9,451264E-1;;
30/11/2021  10:22:49,520422;9,348284E-1;1,388417E-1;1,275255E-1;9,449018E-1;;
30/11/2021  10:22:49,520522;9,347062E-1;1,181340E-1;1,325804E-1;9,446718E-1;;
30/11/2021  10:22:49,520622;9,346227E-1;1,200455E-1;9,308886E-2;9,444366E-1;;
30/11/2021  10:22:49,520722;9,340922E-1;1,413904E-1;1,774427E-1;9,441961E-1;;
30/11/2021  10:22:49,520822;9,334544E-1;1,783457E-1;1,963986E-1;9,439503E-1;;
30/11/2021  10:22:49,520922;9,333382E-1;1,101695E-1;1,098333E-1;9,436995E-1;;
30/11/2021  10:22:49,521022;9,327481E-1;1,276914E-1;1,265777E-1;9,434435E-1;;
30/11/2021  10:22:49,521122;9,329627E-1;1,060280E-1;1,521681E-1;9,431825E-1;;
30/11/2021  10:22:49,521222;9,326527E-1;8,563888E-2;8,234717E-2;9,429166E-1;;
30/11/2021  10:22:49,521322;9,318600E-1;1,178155E-1;1,297370E-1;9,426458E-1;;
30/11/2021  10:22:49,521422;9,312490E-1;1,248242E-1;1,332122E-1;9,423704E-1;;
30/11/2021  10:22:49,521522;9,306947E-1;1,452133E-1;1,426902E-1;9,420903E-1;;
30/11/2021  10:22:49,521622;9,300182E-1;1,200455E-1;1,246821E-1;9,418055E-1;;
30/11/2021  10:22:49,521722;9,306977E-1;1,190898E-1;1,259458E-1;9,415161E-1;;
30/11/2021  10:22:49,521822;9,301493E-1;1,280100E-1;1,221546E-1;9,412222E-1;;
30/11/2021  10:22:49,521922;9,303371E-1;1,493549E-1;1,524841E-1;9,409238E-1;;
30/11/2021  10:22:49,522022;9,297380E-1;1,165411E-1;1,303688E-1;9,406212E-1;;
30/11/2021  10:22:49,522122;9,291867E-1;1,280100E-1;1,284732E-1;9,403146E-1;;
30/11/2021  10:22:49,522222;9,285429E-1;1,190898E-1;1,199431E-1;9,400041E-1;;
30/11/2021  10:22:49,522322;9,288320E-1;7,544432E-2;8,961361E-2;9,396900E-1;;
30/11/2021  10:22:49,522422;9,289751E-1;1,427696E-2;3,748483E-2;9,393724E-1;;
30/11/2021  10:22:49,522522;9,293714E-1;8,946184E-2;8,961361E-2;9,390517E-1;;
30/11/2021  10:22:49,522622;9,290406E-1;9,360338E-2;9,751191E-2;9,387281E-1;;
30/11/2021  10:22:49,522722;9,278336E-1;1,245056E-1;1,322644E-1;9,384021E-1;;
30/11/2021  10:22:49,522822;9,277919E-1;1,165411E-1;1,300529E-1;9,380742E-1;;
30/11/2021  10:22:49,522922;9,278127E-1;1,331073E-1;1,401627E-1;9,377445E-1;;
30/11/2021  10:22:49,523022;9,275326E-1;4,326774E-2;4,854245E-2;9,374133E-1;;
30/11/2021  10:22:49,523122;9,274968E-1;1,292843E-1;1,237343E-1;9,370810E-1;;
30/11/2021  10:22:49,523222;9,272405E-1;-1,821820E-2;6,560278E-2;9,367479E-1;;
30/11/2021  10:22:49,523322;9,278634E-1;1,267357E-1;1,196272E-1;9,364143E-1;;
30/11/2021  10:22:49,523422;9,275237E-1;1,321516E-1;1,531159E-1;9,360807E-1;;
30/11/2021  10:22:49,523522;9,272107E-1;9,073616E-2;8,550650E-2;9,357476E-1;;
30/11/2021  10:22:49,523622;9,276071E-1;1,280100E-1;1,262617E-1;9,354153E-1;;
30/11/2021  10:22:49,523722;9,274581E-1;1,286472E-1;1,275255E-1;9,350844E-1;;
30/11/2021  10:22:49,523822;9,282747E-1;1,203641E-1;1,199431E-1;9,347553E-1;;
30/11/2021  10:22:49,523922;9,286979E-1;1,159040E-1;9,624818E-2;9,344286E-1;;
30/11/2021  10:22:49,524022;9,281883E-1;7,990444E-2;8,171531E-2;9,341051E-1;;
30/11/2021  10:22:49,524122;9,282419E-1;1,496735E-1;1,411105E-1;9,337854E-1;;
30/11/2021  10:22:49,524222;9,283283E-1;1,136739E-1;1,319485E-1;9,334700E-1;;
30/11/2021  10:22:49,524322;9,281793E-1;1,143111E-1;1,436380E-1;9,331596E-1;;
30/11/2021  10:22:49,524422;9,286532E-1;1,139925E-1;1,619620E-1;9,328547E-1;;
30/11/2021  10:22:49,524522;9,294787E-1;1,241871E-1;1,237343E-1;9,325559E-1;;
30/11/2021  10:22:49,524622;9,298125E-1;5,951532E-2;7,855599E-2;9,322638E-1;;
30/11/2021  10:22:49,524722;9,298215E-1;1,216384E-1;1,152041E-1;9,319792E-1;;
30/11/2021  10:22:49,524822;9,303102E-1;9,901924E-2;1,136244E-1;9,317027E-1;;
30/11/2021  10:22:49,524922;9,298781E-1;1,101695E-1;8,424277E-2;9,314349E-1;;
30/11/2021  10:22:49,525022;9,301821E-1;7,831154E-2;7,634447E-2;9,311766E-1;;
30/11/2021  10:22:49,525122;9,313951E-1;1,066652E-1;1,013031E-1;9,309282E-1;;
30/11/2021  10:22:49,525222;9,313742E-1;1,283286E-1;1,534319E-1;9,306903E-1;;
30/11/2021  10:22:49,525322;9,315918E-1;1,088952E-1;1,044624E-1;9,304637E-1;;
30/11/2021  10:22:49,525422;9,317169E-1;4,517922E-2;6,117973E-2;9,302488E-1;;
30/11/2021  10:22:49,525522;9,305904E-1;6,843556E-2;7,413294E-2;9,300461E-1;;
30/11/2021  10:22:49,525622;9,310017E-1;7,990444E-2;8,361090E-2;9,298559E-1;;
30/11/2021  10:22:49,525722;9,312162E-1;9,360338E-2;9,150920E-2;9,296784E-1;;
30/11/2021  10:22:49,525822;9,321342E-1;7,385142E-2;1,856569E-1;9,295137E-1;;
30/11/2021  10:22:49,525922;9,319434E-1;-1,089086E-2;5,328143E-2;9,293621E-1;;
30/11/2021  10:22:49,526022;9,316991E-1;8,914326E-2;1,205749E-1;9,292236E-1;;
30/11/2021  10:22:49,526122;9,315441E-1;1,168597E-1;1,268936E-1;9,290984E-1;;
30/11/2021  10:22:49,526222;9,317885E-1;1,060280E-1;1,167838E-1;9,289864E-1;;
30/11/2021  10:22:49,526322;9,319285E-1;1,391603E-1;1,445858E-1;9,288875E-1;;
30/11/2021  10:22:49,526422;9,323637E-1;1,375674E-1;1,414265E-1;9,288015E-1;;
30/11/2021  10:22:49,526522;9,325931E-1;1,522221E-1;1,363715E-1;9,287283E-1;;
30/11/2021  10:22:49,526622;9,335588E-1;1,598680E-1;1,414265E-1;9,286679E-1;;
30/11/2021  10:22:49,526722;9,332190E-1;1,608238E-1;1,455336E-1;9,286202E-1;;
30/11/2021  10:22:49,526822;9,331087E-1;1,378860E-1;1,126766E-1;9,285852E-1;;
30/11/2021  10:22:49,526922;9,330819E-1;1,324701E-1;1,186794E-1;9,285626E-1;;
30/11/2021  10:22:49,527022;9,333740E-1;1,706997E-1;1,521681E-1;9,285522E-1;;
30/11/2021  10:22:49,527122;9,340833E-1;9,965640E-2;1,009872E-1;9,285538E-1;;
30/11/2021  10:22:49,527222;9,345989E-1;1,136739E-1;1,461654E-1;9,285671E-1;;
30/11/2021  10:22:49,527322;9,348492E-1;3,371034E-2;5,580889E-2;9,285921E-1;;
30/11/2021  10:22:49,527422;9,339164E-1;4,294916E-2;8,487463E-2;9,286285E-1;;
30/11/2021  10:22:49,527522;9,343426E-1;1,315144E-1;1,325804E-1;9,286760E-1;;
30/11/2021  10:22:49,527622;9,340863E-1;1,353374E-1;1,572231E-1;9,287344E-1;;
30/11/2021  10:22:49,527722;9,348850E-1;1,299215E-1;1,347919E-1;9,288031E-1;;
30/11/2021  10:22:49,527822;9,347956E-1;1,251428E-1;1,249980E-1;9,288818E-1;;
30/11/2021  10:22:49,527922;9,348611E-1;1,324701E-1;1,328963E-1;9,289702E-1;;
30/11/2021  10:22:49,528022;9,352337E-1;1,327887E-1;1,335282E-1;9,290677E-1;;
30/11/2021  10:22:49,528122;9,348045E-1;1,095324E-1;1,164678E-1;9,291740E-1;;
30/11/2021  10:22:49,528222;9,340744E-1;1,270543E-1;1,265777E-1;9,292886E-1;;
30/11/2021  10:22:49,528322;9,343515E-1;1,200455E-1;1,193112E-1;9,294109E-1;;
30/11/2021  10:22:49,528422;9,350131E-1;1,143111E-1;1,161519E-1;9,295402E-1;;
30/11/2021  10:22:49,528522;9,352247E-1;1,219570E-1;1,275255E-1;9,296761E-1;;
30/11/2021  10:22:49,528622;9,350996E-1;6,524976E-2;7,223735E-2;9,298179E-1;;
30/11/2021  10:22:49,528722;9,353648E-1;1,178155E-1;1,170997E-1;9,299652E-1;;
30/11/2021  10:22:49,528822;9,351175E-1;1,114439E-1;1,174156E-1;9,301174E-1;;
30/11/2021  10:22:49,528922;9,345601E-1;1,225942E-1;1,215227E-1;9,302741E-1;;
30/11/2021  10:22:49,529022;9,348939E-1;1,257800E-1;1,313166E-1;9,304347E-1;;
30/11/2021  10:22:49,529122;9,360205E-1;4,071910E-2;1,152041E-1;9,305985E-1;;
30/11/2021  10:22:49,529222;9,361397E-1;1,229127E-1;1,208909E-1;9,307652E-1;;
30/11/2021  10:22:49,529322;9,367328E-1;1,875845E-1;2,185139E-1;9,309344E-1;;
30/11/2021  10:22:49,529422;9,364795E-1;1,267357E-1;1,275255E-1;9,311058E-1;;
30/11/2021  10:22:49,529522;9,368758E-1;1,426647E-1;1,385831E-1;9,312792E-1;;
30/11/2021  10:22:49,529622;9,365987E-1;1,254614E-1;1,310007E-1;9,314543E-1;;
30/11/2021  10:22:49,529722;9,375017E-1;1,187712E-1;1,268936E-1;9,316310E-1;;
30/11/2021  10:22:49,529822;9,381335E-1;3,763818E-3;4,601499E-2;9,318090E-1;;
30/11/2021  10:22:49,529922;9,383302E-1;1,522221E-1;1,562753E-1;9,319883E-1;;
30/11/2021  10:22:49,530022;9,388190E-1;1,280100E-1;1,161519E-1;9,321688E-1;;
30/11/2021  10:22:49,530122;9,384196E-1;1,321516E-1;1,303688E-1;9,323505E-1;;
30/11/2021  10:22:49,530222;9,382170E-1;1,369303E-1;1,430061E-1;9,325336E-1;;
30/11/2021  10:22:49,530322;9,381216E-1;1,464877E-1;1,821817E-1;9,327177E-1;;
30/11/2021  10:22:49,530422;9,391558E-1;1,200455E-1;1,215227E-1;9,329027E-1;;
30/11/2021  10:22:49,530522;9,396326E-1;1,321516E-1;1,325804E-1;9,330886E-1;;
30/11/2021  10:22:49,530622;9,397339E-1;1,283286E-1;1,259458E-1;9,332753E-1;;
30/11/2021  10:22:49,530722;9,398442E-1;1,509478E-1;2,027173E-1;9,334628E-1;;
30/11/2021  10:22:49,530822;9,393167E-1;1,260985E-1;1,313166E-1;9,336512E-1;;
30/11/2021  10:22:49,530922;9,388577E-1;1,315144E-1;1,325804E-1;9,338402E-1;;
30/11/2021  10:22:49,531022;9,392929E-1;1,232313E-1;1,212068E-1;9,340298E-1;;
30/11/2021  10:22:49,531122;9,394896E-1;1,206827E-1;1,246821E-1;9,342197E-1;;
30/11/2021  10:22:49,531222;9,404254E-1;1,232313E-1;1,114129E-1;9,344096E-1;;
30/11/2021  10:22:49,531322;9,398949E-1;1,292843E-1;1,379512E-1;9,345994E-1;;
30/11/2021  10:22:49,531422;9,398502E-1;1,267357E-1;1,464814E-1;9,347891E-1;;
30/11/2021  10:22:49,531522;9,399992E-1;1,152668E-1;1,126766E-1;9,349784E-1;;
30/11/2021  10:22:49,531622;9,395670E-1;1,369303E-1;1,442698E-1;9,351672E-1;;
30/11/2021  10:22:49,531722;9,405535E-1;1,493549E-1;1,562753E-1;9,353553E-1;;
30/11/2021  10:22:49,531822;9,408367E-1;1,292843E-1;1,392149E-1;9,355424E-1;;
30/11/2021  10:22:49,531922;9,413344E-1;1,458505E-1;1,480610E-1;9,357286E-1;;
30/11/2021  10:22:49,532022;9,412748E-1;1,162226E-1;1,464814E-1;9,359137E-1;;
30/11/2021  10:22:49,532122;9,419811E-1;1,340630E-1;1,300529E-1;9,360979E-1;;
30/11/2021  10:22:49,532222;9,414268E-1;1,461691E-1;1,411105E-1;9,362812E-1;;
30/11/2021  10:22:49,532322;9,421748E-1;1,764342E-1;1,843932E-1;9,364636E-1;;
30/11/2021  10:22:49,532422;9,424520E-1;1,382046E-1;1,411105E-1;9,366452E-1;;
30/11/2021  10:22:49,532522;9,430391E-1;1,359745E-1;1,224705E-1;9,368260E-1;;
30/11/2021  10:22:49,532622;9,442312E-1;1,216384E-1;1,224705E-1;9,370062E-1;;
30/11/2021  10:22:49,532722;9,443653E-1;1,165411E-1;1,054102E-1;9,371861E-1;;
30/11/2021  10:22:49,532822;9,446276E-1;1,382046E-1;1,338441E-1;9,373661E-1;;
30/11/2021  10:22:49,532922;9,444011E-1;1,343816E-1;1,240502E-1;9,375465E-1;;
30/11/2021  10:22:49,533022;9,445471E-1;1,171783E-1;1,095173E-1;9,377275E-1;;
30/11/2021  10:22:49,533122;9,455902E-1;1,382046E-1;1,291051E-1;9,379094E-1;;
30/11/2021  10:22:49,533222;9,459657E-1;1,550893E-1;1,809180E-1;9,380924E-1;;
30/11/2021  10:22:49,533322;9,463383E-1;1,053908E-1;1,110970E-1;9,382768E-1;;
30/11/2021  10:22:49,533422;9,462221E-1;1,044351E-1;1,316326E-1;9,384629E-1;;
30/11/2021  10:22:49,533522;9,464337E-1;1,171783E-1;1,294210E-1;9,386510E-1;;
30/11/2021  10:22:49,533622;9,455306E-1;1,171783E-1;1,227865E-1;9,388413E-1;;
30/11/2021  10:22:49,533722;9,460730E-1;1,139925E-1;1,227865E-1;9,390337E-1;;
30/11/2021  10:22:49,533822;9,465707E-1;1,076209E-1;1,205749E-1;9,392282E-1;;
30/11/2021  10:22:49,533922;9,468360E-1;1,159040E-1;1,202590E-1;9,394249E-1;;
30/11/2021  10:22:49,534022;9,470863E-1;1,382046E-1;1,569071E-1;9,396236E-1;;
30/11/2021  10:22:49,534122;9,468896E-1;9,583344E-2;1,133085E-1;9,398244E-1;;
30/11/2021  10:22:49,534222;9,464724E-1;1,595494E-1;2,027173E-1;9,400273E-1;;
30/11/2021  10:22:49,534322;9,469016E-1;7,130278E-2;1,559593E-1;9,402321E-1;;
30/11/2021  10:22:49,534422;9,468479E-1;6,716124E-2;7,950379E-2;9,404385E-1;;
30/11/2021  10:22:49,534522;9,474857E-1;1,260985E-1;1,373193E-1;9,406465E-1;;
30/11/2021  10:22:49,534622;9,477271E-1;8,309024E-2;1,016190E-1;9,408557E-1;;
30/11/2021  10:22:49,534722;9,480371E-1;1,662396E-1;1,310007E-1;9,410662E-1;;
30/11/2021  10:22:49,534822;9,479566E-1;1,812129E-1;1,594346E-1;9,412777E-1;;
30/11/2021  10:22:49,534922;9,478016E-1;2,000091E-1;1,745993E-1;9,414903E-1;;
30/11/2021  10:22:49,535022;9,473188E-1;1,624167E-1;1,594346E-1;9,417036E-1;;
30/11/2021  10:22:49,535122;9,482487E-1;1,713369E-1;1,629098E-1;9,419175E-1;;
30/11/2021  10:22:49,535222;9,490086E-1;1,461691E-1;1,452176E-1;9,421316E-1;;
30/11/2021  10:22:49,535322;9,492739E-1;1,299215E-1;1,360556E-1;9,423460E-1;;
30/11/2021  10:22:49,535422;9,490682E-1;1,324701E-1;1,249980E-1;9,425606E-1;;
30/11/2021  10:22:49,535522;9,487941E-1;1,426647E-1;1,483770E-1;9,427752E-1;;
30/11/2021  10:22:49,535622;9,485675E-1;4,390490E-2;9,245700E-2;9,429899E-1;;
30/11/2021  10:22:49,535722;9,477509E-1;1,337445E-1;1,341600E-1;9,432042E-1;;
30/11/2021  10:22:49,535822;9,489401E-1;1,235499E-1;1,265777E-1;9,434180E-1;;
30/11/2021  10:22:49,535922;9,495809E-1;9,870066E-2;1,180475E-1;9,436308E-1;;
30/11/2021  10:22:49,536022;9,493842E-1;6,939130E-2;7,128955E-2;9,438425E-1;;
30/11/2021  10:22:49,536122;9,484275E-1;9,041758E-2;9,877564E-2;9,440530E-1;;
30/11/2021  10:22:49,536222;9,481473E-1;1,187712E-1;1,114129E-1;9,442619E-1;;
30/11/2021  10:22:49,536322;9,479149E-1;1,369303E-1;1,550115E-1;9,444690E-1;;
30/11/2021  10:22:49,536422;9,477718E-1;1,302401E-1;1,392149E-1;9,446738E-1;;
30/11/2021  10:22:49,536522;9,478642E-1;1,640096E-1;1,553275E-1;9,448757E-1;;
30/11/2021  10:22:49,536622;9,479119E-1;1,127182E-1;1,243661E-1;9,450744E-1;;
30/11/2021  10:22:49,536722;9,478016E-1;1,347002E-1;1,648054E-1;9,452694E-1;;
30/11/2021  10:22:49,536822;9,468092E-1;1,219570E-1;9,182514E-2;9,454603E-1;;
30/11/2021  10:22:49,536922;9,462459E-1;1,060280E-1;8,108345E-2;9,456466E-1;;
30/11/2021  10:22:49,537022;9,457452E-1;1,101695E-1;1,730197E-1;9,458277E-1;;
30/11/2021  10:22:49,537122;9,462787E-1;1,429833E-1;1,104651E-1;9,460029E-1;;
30/11/2021  10:22:49,537222;9,470893E-1;1,178155E-1;1,041465E-1;9,461719E-1;;
30/11/2021  10:22:49,537322;9,474052E-1;1,509478E-1;1,859729E-1;9,463340E-1;;
30/11/2021  10:22:49,537422;9,467078E-1;1,305587E-1;1,076217E-1;9,464892E-1;;
30/11/2021  10:22:49,537522;9,469731E-1;1,280100E-1;1,354238E-1;9,466373E-1;;
30/11/2021  10:22:49,537622;9,458495E-1;3,498466E-2;5,106991E-2;9,467780E-1;;
30/11/2021  10:22:49,537722;9,461982E-1;1,327887E-1;1,521681E-1;9,469111E-1;;
30/11/2021  10:22:49,537822;9,464068E-1;1,206827E-1;9,656411E-2;9,470363E-1;;
30/11/2021  10:22:49,537922;9,474380E-1;1,276914E-1;1,335282E-1;9,471537E-1;;
30/11/2021  10:22:49,538022;9,477957E-1;1,378860E-1;1,483770E-1;9,472630E-1;;
30/11/2021  10:22:49,538122;9,482338E-1;1,388417E-1;1,534319E-1;9,473646E-1;;
30/11/2021  10:22:49,538222;9,473337E-1;1,334259E-1;1,401627E-1;9,474588E-1;;
30/11/2021  10:22:49,538322;9,465678E-1;1,324701E-1;1,300529E-1;9,475458E-1;;
30/11/2021  10:22:49,538422;9,469373E-1;1,257800E-1;1,256299E-1;9,476257E-1;;
30/11/2021  10:22:49,538522;9,483291E-1;1,324701E-1;1,338441E-1;9,476985E-1;;
30/11/2021  10:22:49,538622;9,487792E-1;1,362931E-1;1,325804E-1;9,477647E-1;;
30/11/2021  10:22:49,538722;9,480907E-1;1,248242E-1;1,152041E-1;9,478246E-1;;
30/11/2021  10:22:49,538822;9,482278E-1;1,222756E-1;1,085695E-1;9,478787E-1;;
30/11/2021  10:22:49,538922;9,474291E-1;8,149734E-2;8,677022E-2;9,479273E-1;;
30/11/2021  10:22:49,539022;9,471042E-1;9,774492E-2;8,740209E-2;9,479706E-1;;
30/11/2021  10:22:49,539122;9,472294E-1;1,280100E-1;1,234183E-1;9,480089E-1;;
30/11/2021  10:22:49,539222;9,472622E-1;8,914326E-2;1,281573E-1;9,480423E-1;;
30/11/2021  10:22:49,539322;9,478135E-1;1,375674E-1;1,493248E-1;9,480709E-1;;
30/11/2021  10:22:49,539422;9,471787E-1;1,264171E-1;1,357397E-1;9,480949E-1;;
30/11/2021  10:22:49,539522;9,468539E-1;1,378860E-1;1,319485E-1;9,481146E-1;;
30/11/2021  10:22:49,539622;9,470297E-1;1,296029E-1;1,215227E-1;9,481301E-1;;
30/11/2021  10:22:49,539722;9,462906E-1;1,308772E-1;1,240502E-1;9,481415E-1;;
30/11/2021  10:22:49,539822;9,467943E-1;1,200455E-1;1,237343E-1;9,481488E-1;;
30/11/2021  10:22:49,539922;9,476586E-1;1,241871E-1;1,249980E-1;9,481521E-1;;
30/11/2021  10:22:49,540022;9,480043E-1;1,318330E-1;1,392149E-1;9,481517E-1;;
30/11/2021  10:22:49,540122;9,478672E-1;1,369303E-1;1,366875E-1;9,481479E-1;;
30/11/2021  10:22:49,540222;9,471787E-1;1,149482E-1;1,057261E-1;9,481411E-1;;
30/11/2021  10:22:49,540322;9,465320E-1;1,340630E-1;1,133085E-1;9,481315E-1;;
30/11/2021  10:22:49,540422;9,466631E-1;1,296029E-1;1,136244E-1;9,481192E-1;;
30/11/2021  10:22:49,540522;9,472532E-1;1,315144E-1;1,297370E-1;9,481043E-1;;
30/11/2021  10:22:49,540622;9,479268E-1;9,232906E-2;1,272095E-1;9,480870E-1;;
30/11/2021  10:22:49,540722;9,478880E-1;1,241871E-1;1,088855E-1;9,480676E-1;;
30/11/2021  10:22:49,540822;9,476347E-1;1,324701E-1;1,322644E-1;9,480463E-1;;
30/11/2021  10:22:49,540922;9,469492E-1;1,232313E-1;1,325804E-1;9,480235E-1;;
30/11/2021  10:22:49,541022;9,467078E-1;1,225942E-1;1,253139E-1;9,479994E-1;;
30/11/2021  10:22:49,541122;9,460403E-1;1,270543E-1;1,262617E-1;9,479740E-1;;
30/11/2021  10:22:49,541222;9,472085E-1;1,455319E-1;1,363715E-1;9,479473E-1;;
30/11/2021  10:22:49,541322;9,470595E-1;1,311958E-1;1,196272E-1;9,479194E-1;;
30/11/2021  10:22:49,541422;9,468390E-1;1,487177E-1;1,584868E-1;9,478903E-1;;
30/11/2021  10:22:49,541522;9,463323E-1;1,225942E-1;1,256299E-1;9,478603E-1;;
30/11/2021  10:22:49,541622;9,445978E-1;1,273729E-1;1,224705E-1;9,478293E-1;;
30/11/2021  10:22:49,541722;9,446276E-1;1,002936E-1;1,092014E-1;9,477971E-1;;
30/11/2021  10:22:49,541822;9,450061E-1;1,028422E-1;1,313166E-1;9,477634E-1;;
30/11/2021  10:22:49,541922;9,448422E-1;1,149482E-1;1,167838E-1;9,477279E-1;;
30/11/2021  10:22:49,542022;9,450091E-1;7,958586E-2;1,243661E-1;9,476905E-1;;
30/11/2021  10:22:49,542122;9,445918E-1;7,576290E-2;6,023194E-2;9,476510E-1;;
30/11/2021  10:22:49,542222;9,439213E-1;1,009307E-1;1,006712E-1;9,476092E-1;;
30/11/2021  10:22:49,542322;9,432656E-1;1,149482E-1;1,357397E-1;9,475650E-1;;
30/11/2021  10:22:49,542422;9,421092E-1;9,742634E-2;1,076217E-1;9,475179E-1;;
30/11/2021  10:22:49,542522;9,425295E-1;6,301970E-2;9,340479E-2;9,474677E-1;;
30/11/2021  10:22:49,542622;9,430659E-1;9,838208E-2;1,107811E-1;9,474138E-1;;
30/11/2021  10:22:49,542722;9,430331E-1;9,678918E-2;1,136244E-1;9,473560E-1;;
30/11/2021  10:22:49,542822;9,426725E-1;1,324701E-1;2,118793E-1;9,472942E-1;;
30/11/2021  10:22:49,542922;9,416622E-1;1,216384E-1;1,322644E-1;9,472282E-1;;
30/11/2021  10:22:49,543022;9,408396E-1;1,385232E-1;1,300529E-1;9,471578E-1;;
30/11/2021  10:22:49,543122;9,400051E-1;1,544522E-1;1,354238E-1;9,470827E-1;;
30/11/2021  10:22:49,543222;9,408039E-1;1,519035E-1;1,363715E-1;9,470024E-1;;
30/11/2021  10:22:49,543322;9,407443E-1;1,636910E-1;1,354238E-1;9,469167E-1;;
30/11/2021  10:22:49,543422;9,410244E-1;1,595494E-1;1,328963E-1;9,468254E-1;;
30/11/2021  10:22:49,543522;9,404880E-1;1,487177E-1;1,512204E-1;9,467283E-1;;
30/11/2021  10:22:49,543622;9,392660E-1;9,678918E-2;9,751191E-2;9,466256E-1;;
30/11/2021  10:22:49,543722;9,384286E-1;1,334259E-1;1,455336E-1;9,465169E-1;;
30/11/2021  10:22:49,543822;9,383451E-1;1,254614E-1;1,524841E-1;9,464020E-1;;
30/11/2021  10:22:49,543922;9,391677E-1;1,697440E-1;1,730197E-1;9,462807E-1;;
30/11/2021  10:22:49,544022;9,392511E-1;1,270543E-1;1,265777E-1;9,461529E-1;;
30/11/2021  10:22:49,544122;9,389650E-1;3,594040E-2;8,803395E-2;9,460186E-1;;
30/11/2021  10:22:49,544222;9,381067E-1;1,200455E-1;1,243661E-1;9,458779E-1;;
30/11/2021  10:22:49,544322;9,372215E-1;1,232313E-1;1,275255E-1;9,457310E-1;;
30/11/2021  10:22:49,544422;9,359072E-1;2,802913E-1;2,355742E-1;9,455776E-1;;
30/11/2021  10:22:49,544522;9,363781E-1;1,315144E-1;1,382671E-1;9,454176E-1;;
30/11/2021  10:22:49,544622;9,372096E-1;1,280100E-1;1,180475E-1;9,452510E-1;;
30/11/2021  10:22:49,544722;9,366165E-1;1,216384E-1;1,265777E-1;9,450776E-1;;
30/11/2021  10:22:49,544822;9,361159E-1;1,139925E-1;9,435259E-2;9,448975E-1;;
30/11/2021  10:22:49,544922;9,356956E-1;1,356559E-1;1,644895E-1;9,447110E-1;;
30/11/2021  10:22:49,545022;9,346376E-1;7,002846E-2;7,697633E-2;9,445181E-1;;
30/11/2021  10:22:49,545122;9,346019E-1;1,219570E-1;1,341600E-1;9,443187E-1;;
30/11/2021  10:22:49,545222;9,344320E-1;1,079395E-1;1,063580E-1;9,441129E-1;;
30/11/2021  10:22:49,545322;9,357225E-1;1,681511E-1;2,096678E-1;9,439006E-1;;
30/11/2021  10:22:49,545422;9,357463E-1;1,009307E-1;8,171531E-2;9,436823E-1;;
30/11/2021  10:22:49,545522;9,344409E-1;1,082581E-1;1,341600E-1;9,434582E-1;;
30/11/2021  10:22:49,545622;9,341816E-1;1,331073E-1;1,581709E-1;9,432287E-1;;
30/11/2021  10:22:49,545722;9,330044E-1;1,149482E-1;1,237343E-1;9,429940E-1;;
30/11/2021  10:22:49,545822;9,330968E-1;1,232313E-1;1,306848E-1;9,427543E-1;;
30/11/2021  10:22:49,545922;9,334634E-1;1,123996E-1;1,186794E-1;9,425098E-1;;
30/11/2021  10:22:49,546022;9,342740E-1;1,257800E-1;1,180475E-1;9,422606E-1;;
30/11/2021  10:22:49,546122;9,339820E-1;1,404346E-1;1,379512E-1;9,420071E-1;;
30/11/2021  10:22:49,546222;9,333799E-1;1,219570E-1;1,237343E-1;9,417499E-1;;
30/11/2021  10:22:49,546322;9,326975E-1;1,601866E-1;1,509044E-1;9,414893E-1;;
30/11/2021  10:22:49,546422;9,324292E-1;1,088952E-1;1,673329E-1;9,412257E-1;;
30/11/2021  10:22:49,546522;9,324411E-1;1,302401E-1;1,268936E-1;9,409593E-1;;
30/11/2021  10:22:49,546622;9,332905E-1;1,203641E-1;1,287892E-1;9,406905E-1;;
30/11/2021  10:22:49,546722;9,338151E-1;9,933782E-2;1,133085E-1;9,404198E-1;;
30/11/2021  10:22:49,546822;9,335826E-1;1,210013E-1;1,066739E-1;9,401476E-1;;
30/11/2021  10:22:49,546922;9,329091E-1;1,477620E-1;1,370034E-1;9,398747E-1;;
30/11/2021  10:22:49,547022;9,321252E-1;1,280100E-1;1,486929E-1;9,396015E-1;;
30/11/2021  10:22:49,547122;9,316991E-1;1,200455E-1;1,272095E-1;9,393284E-1;;
30/11/2021  10:22:49,547222;9,322593E-1;1,257800E-1;1,300529E-1;9,390558E-1;;
30/11/2021  10:22:49,547322;9,324620E-1;1,174969E-1;1,183634E-1;9,387838E-1;;
30/11/2021  10:22:49,547422;9,333293E-1;1,162226E-1;1,196272E-1;9,385130E-1;;
30/11/2021  10:22:49,547522;9,323279E-1;1,136739E-1;1,044624E-1;9,382438E-1;;
30/11/2021  10:22:49,547622;9,324978E-1;1,299215E-1;1,565912E-1;9,379767E-1;;
30/11/2021  10:22:49,547722;9,321729E-1;4,772786E-2;5,359736E-2;9,377122E-1;;
30/11/2021  10:22:49,547822;9,321580E-1;1,197269E-1;1,177316E-1;9,374506E-1;;
30/11/2021  10:22:49,547922;9,324143E-1;1,308772E-1;1,284732E-1;9,371923E-1;;
30/11/2021  10:22:49,548022;9,336273E-1;2,861306E-2;9,087734E-2;9,369376E-1;;
30/11/2021  10:22:49,548122;9,326110E-1;1,203641E-1;1,231024E-1;9,366870E-1;;
30/11/2021  10:22:49,548222;9,326766E-1;1,178155E-1;1,310007E-1;9,364411E-1;;
30/11/2021  10:22:49,548322;9,324262E-1;2,608579E-1;2,232528E-1;9,362002E-1;;
30/11/2021  10:22:49,548422;9,317706E-1;1,130368E-1;1,619620E-1;9,359645E-1;;
30/11/2021  10:22:49,548522;9,321461E-1;1,305587E-1;2,260962E-1;9,357344E-1;;
30/11/2021  10:22:49,548622;9,319047E-1;1,047537E-1;1,287892E-1;9,355100E-1;;
30/11/2021  10:22:49,548722;9,326527E-1;1,311958E-1;1,212068E-1;9,352914E-1;;
30/11/2021  10:22:49,548822;9,324829E-1;1,343816E-1;1,546956E-1;9,350788E-1;;
30/11/2021  10:22:49,548922;9,328703E-1;1,184526E-1;1,101492E-1;9,348725E-1;;
30/11/2021  10:22:49,549022;9,322713E-1;7,958586E-2;9,877564E-2;9,346728E-1;;
30/11/2021  10:22:49,549122;9,320179E-1;1,133553E-1;8,677022E-2;9,344797E-1;;
30/11/2021  10:22:49,549222;9,317229E-1;1,292843E-1;1,341600E-1;9,342935E-1;;
30/11/2021  10:22:49,549322;9,327779E-1;1,079395E-1;9,435259E-2;9,341140E-1;;
30/11/2021  10:22:49,549422;9,329478E-1;1,445762E-1;1,344760E-1;9,339415E-1;;
30/11/2021  10:22:49,549522;9,329716E-1;1,283286E-1;1,057261E-1;9,337760E-1;;
30/11/2021  10:22:49,549622;9,329865E-1;1,340630E-1;1,370034E-1;9,336178E-1;;
30/11/2021  10:22:49,549722;9,320537E-1;3,148028E-2;3,685297E-2;9,334670E-1;;
30/11/2021  10:22:49,549822;9,321878E-1;1,232313E-1;1,401627E-1;9,333235E-1;;
30/11/2021  10:22:49,549922;9,321044E-1;9,137332E-2;8,550650E-2;9,331873E-1;;
30/11/2021  10:22:49,550022;9,328405E-1;1,210013E-1;1,632258E-1;9,330584E-1;;
30/11/2021  10:22:49,550122;9,325484E-1;1,149482E-1;1,445858E-1;9,329366E-1;;
30/11/2021  10:22:49,550222;9,329120E-1;1,299215E-1;1,638576E-1;9,328219E-1;;
30/11/2021  10:22:49,550322;9,325037E-1;1,165411E-1;1,126766E-1;9,327144E-1;;
30/11/2021  10:22:49,550422;9,315322E-1;1,130368E-1;1,208909E-1;9,326138E-1;;
30/11/2021  10:22:49,550522;9,313504E-1;1,044351E-1;1,152041E-1;9,325200E-1;;
30/11/2021  10:22:49,550622;9,321968E-1;1,149482E-1;1,170997E-1;9,324327E-1;;
30/11/2021  10:22:49,550722;9,327094E-1;1,104881E-1;1,139404E-1;9,323517E-1;;
30/11/2021  10:22:49,550822;9,329389E-1;9,901924E-2;1,142563E-1;9,322766E-1;;
30/11/2021  10:22:49,550922;9,328256E-1;9,392196E-2;9,530039E-2;9,322076E-1;;
30/11/2021  10:22:49,551022;9,325902E-1;5,792242E-2;8,139938E-2;9,321446E-1;;
30/11/2021  10:22:49,551122;9,321252E-1;2,235840E-1;1,404787E-1;9,320874E-1;;
30/11/2021  10:22:49,551222;9,324411E-1;1,168597E-1;1,155200E-1;9,320358E-1;;
30/11/2021  10:22:49,551322;9,329985E-1;1,439390E-1;1,338441E-1;9,319896E-1;;
30/11/2021  10:22:49,551422;9,330074E-1;1,554079E-1;1,613302E-1;9,319488E-1;;
30/11/2021  10:22:49,551522;9,330134E-1;1,719741E-1;1,534319E-1;9,319131E-1;;
30/11/2021  10:22:49,551622;9,327183E-1;1,611423E-1;1,455336E-1;9,318826E-1;;
30/11/2021  10:22:49,551722;9,329418E-1;1,675139E-1;1,537478E-1;9,318570E-1;;
30/11/2021  10:22:49,551822;9,325574E-1;1,509478E-1;1,569071E-1;9,318361E-1;;
30/11/2021  10:22:49,551922;9,324441E-1;1,340630E-1;1,398468E-1;9,318198E-1;;
30/11/2021  10:22:49,552022;9,331773E-1;1,257800E-1;1,272095E-1;9,318079E-1;;
30/11/2021  10:22:49,552122;9,334306E-1;1,337445E-1;1,360556E-1;9,318001E-1;;
30/11/2021  10:22:49,552222;9,334783E-1;1,327887E-1;1,155200E-1;9,317964E-1;;
30/11/2021  10:22:49,552322;9,334574E-1;1,229127E-1;1,155200E-1;9,317966E-1;;
30/11/2021  10:22:49,552422;9,330134E-1;1,321516E-1;1,240502E-1;9,318007E-1;;
30/11/2021  10:22:49,552522;9,333591E-1;1,331073E-1;1,234183E-1;9,318086E-1;;
30/11/2021  10:22:49,552622;9,341071E-1;1,378860E-1;1,287892E-1;9,318201E-1;;
30/11/2021  10:22:49,552722;9,343277E-1;1,714418E-2;7,097362E-2;9,318351E-1;;
30/11/2021  10:22:49,552822;9,344737E-1;1,133553E-1;9,972343E-2;9,318536E-1;;
30/11/2021  10:22:49,552922;9,345840E-1;1,385232E-1;1,455336E-1;9,318757E-1;;
30/11/2021  10:22:49,553022;9,350549E-1;1,340630E-1;1,291051E-1;9,319015E-1;;
30/11/2021  10:22:49,553122;9,352069E-1;1,264171E-1;1,240502E-1;9,319309E-1;;
30/11/2021  10:22:49,553222;9,357016E-1;1,254614E-1;1,291051E-1;9,319641E-1;;
30/11/2021  10:22:49,553322;9,360652E-1;1,343816E-1;1,363715E-1;9,320012E-1;;
30/11/2021  10:22:49,553422;9,371321E-1;1,302401E-1;1,180475E-1;9,320425E-1;;
30/11/2021  10:22:49,553522;9,376477E-1;1,280100E-1;1,322644E-1;9,320881E-1;;
30/11/2021  10:22:49,553622;9,376686E-1;1,375674E-1;1,332122E-1;9,321385E-1;;
30/11/2021  10:22:49,553722;9,380948E-1;1,420275E-1;1,287892E-1;9,321939E-1;;
30/11/2021  10:22:49,553822;9,384137E-1;1,197269E-1;1,114129E-1;9,322548E-1;;
30/11/2021  10:22:49,553922;9,390455E-1;1,327887E-1;1,569071E-1;9,323214E-1;;
30/11/2021  10:22:49,554022;9,396833E-1;1,257800E-1;1,221546E-1;9,323941E-1;;
30/11/2021  10:22:49,554122;9,405952E-1;1,200455E-1;1,057261E-1;9,324733E-1;;
30/11/2021  10:22:49,554222;9,407830E-1;1,149482E-1;9,119327E-2;9,325594E-1;;
30/11/2021  10:22:49,554322;9,412867E-1;1,235499E-1;1,234183E-1;9,326528E-1;;
30/11/2021  10:22:49,554422;9,410453E-1;1,433019E-1;1,524841E-1;9,327539E-1;;
30/11/2021  10:22:49,554522;9,415340E-1;1,519035E-1;1,531159E-1;9,328631E-1;;
30/11/2021  10:22:49,554622;9,415579E-1;1,617795E-1;1,622780E-1;9,329805E-1;;
30/11/2021  10:22:49,554722;9,426397E-1;1,385232E-1;1,366875E-1;9,331064E-1;;
30/11/2021  10:22:49,554822;9,428633E-1;1,420275E-1;1,442698E-1;9,332410E-1;;
30/11/2021  10:22:49,554922;9,426517E-1;1,544522E-1;1,502726E-1;9,333843E-1;;
30/11/2021  10:22:49,555022;9,422702E-1;1,299215E-1;1,322644E-1;9,335365E-1;;
30/11/2021  10:22:49,555122;9,422910E-1;1,378860E-1;1,354238E-1;9,336976E-1;;
30/11/2021  10:22:49,555222;9,425920E-1;1,468062E-1;1,426902E-1;9,338673E-1;;
30/11/2021  10:22:49,555322;9,428245E-1;1,296029E-1;1,306848E-1;9,340453E-1;;
30/11/2021  10:22:49,555422;9,429467E-1;1,292843E-1;1,133085E-1;9,342314E-1;;
30/11/2021  10:22:49,555522;9,433788E-1;1,471248E-1;1,534319E-1;9,344254E-1;;
30/11/2021  10:22:49,555622;9,429318E-1;1,407532E-1;1,673329E-1;9,346268E-1;;
30/11/2021  10:22:49,555722;9,428096E-1;1,018865E-1;1,028828E-1;9,348353E-1;;
30/11/2021  10:22:49,555822;9,423477E-1;1,356559E-1;1,471132E-1;9,350505E-1;;
30/11/2021  10:22:49,555922;9,425354E-1;1,442576E-1;1,682807E-1;9,352716E-1;;
30/11/2021  10:22:49,556022;9,428245E-1;5,728526E-2;1,133085E-1;9,354982E-1;;
30/11/2021  10:22:49,556122;9,434236E-1;1,366117E-1;1,392149E-1;9,357295E-1;;
30/11/2021  10:22:49,556222;9,432745E-1;7,034704E-2;1,104651E-1;9,359651E-1;;
30/11/2021  10:22:49,556322;9,431345E-1;1,353374E-1;1,335282E-1;9,362044E-1;;
30/11/2021  10:22:49,556422;9,423179E-1;1,292843E-1;1,212068E-1;9,364469E-1;;
30/11/2021  10:22:49,556522;9,425503E-1;1,318330E-1;1,322644E-1;9,366918E-1;;
30/11/2021  10:22:49,556622;9,426755E-1;1,378860E-1;1,534319E-1;9,369386E-1;;
30/11/2021  10:22:49,556722;9,431821E-1;1,426647E-1;1,268936E-1;9,371864E-1;;
30/11/2021  10:22:49,556822;9,435428E-1;1,429833E-1;1,287892E-1;9,374346E-1;;
30/11/2021  10:22:49,556922;9,435904E-1;1,433019E-1;1,262617E-1;9,376829E-1;;
30/11/2021  10:22:49,557022;9,433997E-1;1,394789E-1;1,344760E-1;9,379307E-1;;
30/11/2021  10:22:49,557122;9,425950E-1;1,085766E-1;1,025668E-1;9,381776E-1;;
30/11/2021  10:22:49,557222;9,428931E-1;1,299215E-1;1,411105E-1;9,384230E-1;;
30/11/2021  10:22:49,557322;9,426040E-1;1,206827E-1;1,152041E-1;9,386663E-1;;
30/11/2021  10:22:49,557422;9,438736E-1;1,570008E-1;1,723878E-1;9,389069E-1;;
30/11/2021  10:22:49,557522;9,438408E-1;7,831154E-2;8,519056E-2;9,391445E-1;;
30/11/2021  10:22:49,557622;9,435487E-1;1,238685E-1;1,499566E-1;9,393786E-1;;
30/11/2021  10:22:49,557722;9,434385E-1;1,378860E-1;1,461654E-1;9,396091E-1;;
30/11/2021  10:22:49,557822;9,433699E-1;1,356559E-1;1,303688E-1;9,398356E-1;;
30/11/2021  10:22:49,557922;9,432567E-1;1,375674E-1;1,310007E-1;9,400577E-1;;
30/11/2021  10:22:49,558022;9,439213E-1;1,359745E-1;1,297370E-1;9,402750E-1;;
30/11/2021  10:22:49,558122;9,439421E-1;1,232313E-1;1,148882E-1;9,404875E-1;;
30/11/2021  10:22:49,558222;9,444279E-1;1,337445E-1;1,430061E-1;9,406948E-1;;
30/11/2021  10:22:49,558322;9,438646E-1;1,190898E-1;1,246821E-1;9,408968E-1;;
30/11/2021  10:22:49,558422;9,440941E-1;1,267357E-1;1,218387E-1;9,410935E-1;;
30/11/2021  10:22:49,558522;9,439064E-1;9,487770E-2;1,518522E-1;9,412848E-1;;
30/11/2021  10:22:49,558622;9,440852E-1;1,257800E-1;1,224705E-1;9,414705E-1;;
30/11/2021  10:22:49,558722;9,453578E-1;1,184526E-1;1,227865E-1;9,416505E-1;;
30/11/2021  10:22:49,558822;9,455098E-1;1,034794E-1;1,047783E-1;9,418249E-1;;
30/11/2021  10:22:49,558922;9,450329E-1;8,181592E-2;8,740209E-2;9,419940E-1;;
30/11/2021  10:22:49,559022;9,454353E-1;9,870066E-2;8,297904E-2;9,421578E-1;;
30/11/2021  10:22:49,559122;9,449256E-1;8,595746E-2;1,439539E-1;9,423165E-1;;
30/11/2021  10:22:49,559222;9,444190E-1;1,060280E-1;1,246821E-1;9,424702E-1;;
30/11/2021  10:22:49,559322;9,458346E-1;1,022050E-1;1,133085E-1;9,426189E-1;;
30/11/2021  10:22:49,559422;9,463115E-1;1,139925E-1;1,253139E-1;9,427628E-1;;
30/11/2021  10:22:49,559522;9,469552E-1;1,190898E-1;1,278414E-1;9,429021E-1;;
30/11/2021  10:22:49,559622;9,464128E-1;1,388417E-1;1,316326E-1;9,430372E-1;;
30/11/2021  10:22:49,559722;9,467973E-1;1,656025E-1;1,591187E-1;9,431684E-1;;
30/11/2021  10:22:49,559822;9,462638E-1;1,996905E-1;1,730197E-1;9,432960E-1;;
30/11/2021  10:22:49,559922;9,462668E-1;1,598680E-1;1,426902E-1;9,434203E-1;;
30/11/2021  10:22:49,560022;9,470804E-1;1,719741E-1;1,597505E-1;9,435415E-1;;
30/11/2021  10:22:49,560122;9,472979E-1;1,538150E-1;1,591187E-1;9,436597E-1;;
30/11/2021  10:22:49,560222;9,473039E-1;1,563636E-1;1,480610E-1;9,437753E-1;;
30/11/2021  10:22:49,560322;9,469075E-1;1,219570E-1;1,313166E-1;9,438886E-1;;
30/11/2021  10:22:49,560422;9,465797E-1;1,735670E-1;1,866047E-1;9,439996E-1;;
30/11/2021  10:22:49,560522;9,454889E-1;1,292843E-1;1,221546E-1;9,441086E-1;;
30/11/2021  10:22:49,560622;9,461803E-1;1,270543E-1;1,246821E-1;9,442154E-1;;
30/11/2021  10:22:49,560722;9,460343E-1;-8,979382E-3;1,275255E-1;9,443198E-1;;
30/11/2021  10:22:49,560822;9,461982E-1;1,299215E-1;1,272095E-1;9,444219E-1;;
30/11/2021  10:22:49,560922;9,462161E-1;1,550893E-1;1,919756E-1;9,445216E-1;;
30/11/2021  10:22:49,561022;9,456886E-1;1,197269E-1;1,028828E-1;9,446187E-1;;
30/11/2021  10:22:49,561122;9,452088E-1;9,360338E-2;6,939396E-2;9,447132E-1;;
30/11/2021  10:22:49,561222;9,444696E-1;1,433019E-1;1,423743E-1;9,448048E-1;;
30/11/2021  10:22:49,561322;9,447855E-1;1,321516E-1;1,294210E-1;9,448934E-1;;
30/11/2021  10:22:49,561422;9,449435E-1;8,117876E-2;7,476481E-2;9,449784E-1;;
30/11/2021  10:22:49,561522;9,451342E-1;1,216384E-1;1,205749E-1;9,450597E-1;;
30/11/2021  10:22:49,561622;9,446187E-1;1,165411E-1;9,688005E-2;9,451372E-1;;
30/11/2021  10:22:49,561722;9,438587E-1;-5,772212E-2;3,716890E-2;9,452106E-1;;
30/11/2021  10:22:49,561822;9,430123E-1;7,417000E-2;1,079377E-1;9,452796E-1;;
30/11/2021  10:22:49,561922;9,431076E-1;1,417090E-1;1,701763E-1;9,453439E-1;;
30/11/2021  10:22:49,562022;9,434593E-1;7,066562E-2;9,593225E-2;9,454030E-1;;
30/11/2021  10:22:49,562122;9,441537E-1;1,461691E-1;1,379512E-1;9,454566E-1;;
30/11/2021  10:22:49,562222;9,438736E-1;1,442576E-1;1,543797E-1;9,455046E-1;;
30/11/2021  10:22:49,562322;9,438855E-1;1,496735E-1;1,695444E-1;9,455469E-1;;
30/11/2021  10:22:49,562422;9,433699E-1;4,008194E-2;8,613836E-2;9,455836E-1;;
30/11/2021  10:22:49,562522;9,427500E-1;1,197269E-1;1,199431E-1;9,456144E-1;;
30/11/2021  10:22:49,562622;9,429795E-1;1,178155E-1;1,253139E-1;9,456394E-1;;
30/11/2021  10:22:49,562722;9,434623E-1;1,225942E-1;1,262617E-1;9,456584E-1;;
30/11/2021  10:22:49,562822;9,438170E-1;1,292843E-1;1,202590E-1;9,456714E-1;;
30/11/2021  10:22:49,562922;9,437812E-1;1,123996E-1;1,161519E-1;9,456785E-1;;
30/11/2021  10:22:49,563022;9,431762E-1;1,076209E-1;9,751191E-2;9,456800E-1;;
30/11/2021  10:22:49,563122;9,424371E-1;1,012493E-1;9,277293E-2;9,456758E-1;;
30/11/2021  10:22:49,563222;9,426844E-1;9,678918E-2;1,183634E-1;9,456662E-1;;
30/11/2021  10:22:49,563322;9,420437E-1;5,675298E-3;7,002583E-2;9,456511E-1;;
30/11/2021  10:22:49,563422;9,432686E-1;9,838208E-2;1,572231E-1;9,456304E-1;;
30/11/2021  10:22:49,563522;9,431970E-1;1,522221E-1;1,777586E-1;9,456044E-1;;
30/11/2021  10:22:49,563622;9,435904E-1;9,328480E-2;1,069899E-1;9,455732E-1;;
30/11/2021  10:22:49,563722;9,428662E-1;1,114439E-1;1,069899E-1;9,455373E-1;;
30/11/2021  10:22:49,563822;9,427470E-1;1,273729E-1;1,196272E-1;9,454968E-1;;
30/11/2021  10:22:49,563922;9,429467E-1;1,512664E-1;1,474292E-1;9,454520E-1;;
30/11/2021  10:22:49,564022;9,436053E-1;1,200455E-1;1,240502E-1;9,454031E-1;;
30/11/2021  10:22:49,564122;9,439749E-1;1,194084E-1;1,177316E-1;9,453505E-1;;
30/11/2021  10:22:49,564222;9,440464E-1;1,251428E-1;1,395309E-1;9,452947E-1;;
30/11/2021  10:22:49,564322;9,441627E-1;1,302401E-1;1,262617E-1;9,452360E-1;;
30/11/2021  10:22:49,564422;9,439779E-1;1,225942E-1;1,158360E-1;9,451751E-1;;
30/11/2021  10:22:49,564522;9,438915E-1;1,184526E-1;1,044624E-1;9,451123E-1;;
30/11/2021  10:22:49,564622;9,438944E-1;1,184526E-1;1,041465E-1;9,450481E-1;;
30/11/2021  10:22:49,564722;9,442789E-1;1,219570E-1;1,189953E-1;9,449828E-1;;
30/11/2021  10:22:49,564822;9,445471E-1;1,308772E-1;1,534319E-1;9,449169E-1;;
30/11/2021  10:22:49,564922;9,441865E-1;3,880762E-2;6,781430E-2;9,448508E-1;;
30/11/2021  10:22:49,565022;9,435636E-1;1,187712E-1;1,287892E-1;9,447847E-1;;
30/11/2021  10:22:49,565122;9,436232E-1;1,420275E-1;1,455336E-1;9,447191E-1;;
30/11/2021  10:22:49,565222;9,423208E-1;1,162226E-1;1,256299E-1;9,446541E-1;;
30/11/2021  10:22:49,565322;9,415966E-1;1,267357E-1;1,294210E-1;9,445895E-1;;
30/11/2021  10:22:49,565422;9,421569E-1;1,216384E-1;1,196272E-1;9,445254E-1;;
30/11/2021  10:22:49,565522;9,415787E-1;1,111253E-1;9,245700E-2;9,444615E-1;;
30/11/2021  10:22:49,565622;9,412390E-1;1,650702E-2;7,792413E-2;9,443976E-1;;
30/11/2021  10:22:49,565722;9,403151E-1;1,002936E-1;8,677022E-2;9,443335E-1;;
30/11/2021  10:22:49,565822;9,396445E-1;1,681511E-1;1,584868E-1;9,442688E-1;;
30/11/2021  10:22:49,565922;9,388190E-1;1,225942E-1;1,189953E-1;9,442030E-1;;
30/11/2021  10:22:49,566022;9,381633E-1;1,369303E-1;1,433221E-1;9,441357E-1;;
30/11/2021  10:22:49,566122;9,380441E-1;1,372488E-1;1,328963E-1;9,440662E-1;;
30/11/2021  10:22:49,566222;9,378414E-1;1,296029E-1;1,303688E-1;9,439939E-1;;
30/11/2021  10:22:49,566322;9,370696E-1;1,257800E-1;1,246821E-1;9,439182E-1;;
30/11/2021  10:22:49,566422;9,365629E-1;1,235499E-1;1,170997E-1;9,438385E-1;;
30/11/2021  10:22:49,566522;9,364854E-1;4,709070E-2;1,916077E-2;9,437543E-1;;
30/11/2021  10:22:49,566622;9,359877E-1;1,133553E-1;9,340479E-2;9,436651E-1;;
30/11/2021  10:22:49,566722;9,359907E-1;1,311958E-1;1,414265E-1;9,435704E-1;;
30/11/2021  10:22:49,566822;9,363960E-1;1,369303E-1;1,341600E-1;9,434697E-1;;
30/11/2021  10:22:49,566922;9,361457E-1;1,350188E-1;1,373193E-1;9,433628E-1;;
30/11/2021  10:22:49,567022;9,362351E-1;1,053908E-1;1,044624E-1;9,432496E-1;;
30/11/2021  10:22:49,567122;9,357880E-1;1,311958E-1;1,341600E-1;9,431299E-1;;
30/11/2021  10:22:49,567222;9,351413E-1;1,914074E-1;1,796542E-1;9,430038E-1;;
30/11/2021  10:22:49,567322;9,343038E-1;6,556834E-2;1,167838E-1;9,428711E-1;;
30/11/2021  10:22:49,567422;9,347181E-1;1,085766E-1;1,227865E-1;9,427317E-1;;
30/11/2021  10:22:49,567522;9,341578E-1;1,372488E-1;1,338441E-1;9,425856E-1;;
30/11/2021  10:22:49,567622;9,342830E-1;1,130368E-1;1,313166E-1;9,424326E-1;;
30/11/2021  10:22:49,567722;9,341936E-1;7,385142E-2;1,673329E-1;9,422729E-1;;
30/11/2021  10:22:49,567822;9,332756E-1;1,289658E-1;1,205749E-1;9,421064E-1;;
30/11/2021  10:22:49,567922;9,326587E-1;1,455319E-1;1,328963E-1;9,419332E-1;;
30/11/2021  10:22:49,568022;9,325335E-1;9,296622E-2;5,738855E-2;9,417533E-1;;
30/11/2021  10:22:49,568122;9,327332E-1;1,254614E-1;1,306848E-1;9,415667E-1;;
30/11/2021  10:22:49,568222;9,331385E-1;1,340630E-1;1,287892E-1;9,413734E-1;;
30/11/2021  10:22:49,568322;9,336303E-1;1,458505E-1;1,449017E-1;9,411738E-1;;
30/11/2021  10:22:49,568422;9,336720E-1;1,375674E-1;1,177316E-1;9,409682E-1;;
30/11/2021  10:22:49,568522;9,333263E-1;1,203641E-1;1,246821E-1;9,407570E-1;;
30/11/2021  10:22:49,568622;9,333412E-1;1,171783E-1;1,335282E-1;9,405409E-1;;
30/11/2021  10:22:49,568722;9,329925E-1;1,292843E-1;1,351078E-1;9,403202E-1;;
30/11/2021  10:22:49,568822;9,334813E-1;1,283286E-1;1,227865E-1;9,400955E-1;;
30/11/2021  10:22:49,568922;9,335647E-1;1,464877E-1;1,531159E-1;9,398672E-1;;
30/11/2021  10:22:49,569022;9,334097E-1;7,799296E-2;9,372073E-2;9,396361E-1;;
30/11/2021  10:22:49,569122;9,334336E-1;1,382046E-1;1,569071E-1;9,394026E-1;;
30/11/2021  10:22:49,569222;9,332220E-1;1,308772E-1;1,208909E-1;9,391674E-1;;
30/11/2021  10:22:49,569322;9,326438E-1;1,213198E-1;1,167838E-1;9,389309E-1;;
30/11/2021  10:22:49,569422;9,324859E-1;1,181340E-1;1,129926E-1;9,386938E-1;;
30/11/2021  10:22:49,569522;9,329240E-1;1,299215E-1;1,316326E-1;9,384563E-1;;
30/11/2021  10:22:49,569622;9,326378E-1;1,270543E-1;1,294210E-1;9,382190E-1;;
30/11/2021  10:22:49,569722;9,322921E-1;1,296029E-1;1,297370E-1;9,379822E-1;;
30/11/2021  10:22:49,569822;9,316782E-1;1,260985E-1;1,145722E-1;9,377463E-1;;
30/11/2021  10:22:49,569922;9,317199E-1;1,213198E-1;8,677022E-2;9,375116E-1;;
30/11/2021  10:22:49,570022;9,311209E-1;1,350188E-1;1,670170E-1;9,372784E-1;;
30/11/2021  10:22:49,570122;9,308854E-1;1,251428E-1;1,300529E-1;9,370467E-1;;
30/11/2021  10:22:49,570222;9,309152E-1;7,640006E-2;7,729226E-2;9,368167E-1;;
30/11/2021  10:22:49,570322;9,308914E-1;1,404346E-1;1,594346E-1;9,365885E-1;;
30/11/2021  10:22:49,570422;9,306142E-1;3,498466E-2;6,402312E-2;9,363622E-1;;
30/11/2021  10:22:49,570522;9,305874E-1;1,292843E-1;1,256299E-1;9,361380E-1;;
30/11/2021  10:22:49,570622;9,299884E-1;1,273729E-1;1,332122E-1;9,359159E-1;;
30/11/2021  10:22:49,570722;9,296724E-1;1,273729E-1;1,398468E-1;9,356959E-1;;
30/11/2021  10:22:49,570822;9,301851E-1;1,203641E-1;1,234183E-1;9,354782E-1;;
30/11/2021  10:22:49,570922;9,307722E-1;1,280100E-1;1,262617E-1;9,352627E-1;;
30/11/2021  10:22:49,571022;9,307036E-1;1,267357E-1;1,360556E-1;9,350497E-1;;
30/11/2021  10:22:49,571122;9,303311E-1;1,280100E-1;1,297370E-1;9,348393E-1;;
30/11/2021  10:22:49,571222;9,291360E-1;1,210013E-1;1,202590E-1;9,346318E-1;;
30/11/2021  10:22:49,571322;9,289184E-1;1,022050E-1;8,740209E-2;9,344272E-1;;
30/11/2021  10:22:49,571422;9,291032E-1;1,413904E-1;1,518522E-1;9,342254E-1;;
30/11/2021  10:22:49,571522;9,292969E-1;1,245056E-1;1,158360E-1;9,340263E-1;;
30/11/2021  10:22:49,571622;9,292463E-1;1,433019E-1;1,543797E-1;9,338300E-1;;
30/11/2021  10:22:49,571722;9,299854E-1;1,490363E-1;1,569071E-1;9,336366E-1;;
30/11/2021  10:22:49,571822;9,285638E-1;1,276914E-1;1,325804E-1;9,334460E-1;;
30/11/2021  10:22:49,571922;9,283403E-1;1,213198E-1;1,347919E-1;9,332584E-1;;
30/11/2021  10:22:49,572022;9,278425E-1;1,069837E-1;1,174156E-1;9,330737E-1;;
30/11/2021  10:22:49,572122;9,285280E-1;1,092138E-1;1,085695E-1;9,328918E-1;;
30/11/2021  10:22:49,572222;9,292016E-1;1,210013E-1;1,272095E-1;9,327126E-1;;
30/11/2021  10:22:49,572322;9,290168E-1;9,710776E-2;9,719598E-2;9,325361E-1;;
30/11/2021  10:22:49,572422;9,303579E-1;9,774492E-2;1,123607E-1;9,323626E-1;;
30/11/2021  10:22:49,572522;9,299615E-1;1,002936E-1;1,120448E-1;9,321923E-1;;
30/11/2021  10:22:49,572622;9,297976E-1;1,015679E-1;1,041465E-1;9,320256E-1;;
30/11/2021  10:22:49,572722;9,301225E-1;-5,772212E-2;7,155359E-3;9,318629E-1;;
30/11/2021  10:22:49,572822;9,307334E-1;5,155082E-2;1,158360E-1;9,317043E-1;;
30/11/2021  10:22:49,572922;9,313921E-1;9,997498E-2;1,092014E-1;9,315503E-1;;
30/11/2021  10:22:49,573022;9,318540E-1;1,045400E-2;6,844617E-2;9,314013E-1;;
30/11/2021  10:22:49,573122;9,325186E-1;9,901924E-2;1,022509E-1;9,312579E-1;;
30/11/2021  10:22:49,573222;9,320507E-1;8,755036E-2;1,044624E-1;9,311207E-1;;
30/11/2021  10:22:49,573322;9,322921E-1;1,082581E-1;1,297370E-1;9,309902E-1;;
30/11/2021  10:22:49,573422;9,325782E-1;1,350188E-1;1,395309E-1;9,308669E-1;;
30/11/2021  10:22:49,573522;9,334008E-1;1,828058E-1;1,351078E-1;9,307511E-1;;
30/11/2021  10:22:49,573622;9,339879E-1;1,123996E-1;1,442698E-1;9,306435E-1;;
30/11/2021  10:22:49,573722;9,345423E-1;1,828058E-1;1,976624E-1;9,305444E-1;;
30/11/2021  10:22:49,573822;9,340922E-1;1,573194E-1;1,711241E-1;9,304545E-1;;
30/11/2021  10:22:49,573922;9,336959E-1;1,401161E-1;1,430061E-1;9,303742E-1;;
30/11/2021  10:22:49,574022;9,336899E-1;1,229127E-1;1,177316E-1;9,303038E-1;;
30/11/2021  10:22:49,574122;9,345303E-1;1,187712E-1;1,114129E-1;9,302434E-1;;
30/11/2021  10:22:49,574222;9,348373E-1;1,194084E-1;1,208909E-1;9,301933E-1;;
30/11/2021  10:22:49,574322;9,348641E-1;1,267357E-1;1,275255E-1;9,301535E-1;;
30/11/2021  10:22:49,574422;9,349982E-1;1,324701E-1;1,436380E-1;9,301244E-1;;
30/11/2021  10:22:49,574522;9,350757E-1;1,321516E-1;1,619620E-1;9,301058E-1;;
30/11/2021  10:22:49,574622;9,344618E-1;1,174969E-1;1,253139E-1;9,300980E-1;;
30/11/2021  10:22:49,574722;9,347539E-1;1,238685E-1;1,268936E-1;9,301006E-1;;
30/11/2021  10:22:49,574822;9,356092E-1;1,315144E-1;1,341600E-1;9,301137E-1;;
30/11/2021  10:22:49,574922;9,361695E-1;7,894870E-2;9,751191E-2;9,301370E-1;;
30/11/2021  10:22:49,575022;9,368192E-1;6,907272E-2;8,013565E-2;9,301705E-1;;
30/11/2021  10:22:49,575122;9,364556E-1;1,343816E-1;1,581709E-1;9,302142E-1;;
30/11/2021  10:22:49,575222;9,365927E-1;1,311958E-1;1,281573E-1;9,302680E-1;;
30/11/2021  10:22:49,575322;9,364944E-1;1,149482E-1;1,212068E-1;9,303319E-1;;
30/11/2021  10:22:49,575422;9,370696E-1;1,229127E-1;1,126766E-1;9,304056E-1;;
30/11/2021  10:22:49,575522;9,382080E-1;1,066652E-1;1,303688E-1;9,304890E-1;;
30/11/2021  10:22:49,575622;9,386342E-1;1,159040E-1;1,183634E-1;9,305820E-1;;
30/11/2021  10:22:49,575722;9,392869E-1;1,222756E-1;1,212068E-1;9,306845E-1;;
30/11/2021  10:22:49,575822;9,395045E-1;1,155854E-1;1,098333E-1;9,307967E-1;;
30/11/2021  10:22:49,575922;9,393554E-1;1,436204E-1;1,341600E-1;9,309185E-1;;
30/11/2021  10:22:49,576022;9,396058E-1;1,225942E-1;1,335282E-1;9,310499E-1;;
30/11/2021  10:22:49,576122;9,391707E-1;1,063466E-1;1,145722E-1;9,311908E-1;;
30/11/2021  10:22:49,576222;9,402764E-1;9,201048E-2;9,782784E-2;9,313409E-1;;
30/11/2021  10:22:49,576322;9,403658E-1;1,555128E-2;1,000394E-1;9,315001E-1;;
30/11/2021  10:22:49,576422;9,405923E-1;1,155854E-1;1,101492E-1;9,316681E-1;;
30/11/2021  10:22:49,576522;9,401333E-1;1,082581E-1;1,407946E-1;9,318448E-1;;
30/11/2021  10:22:49,576622;9,399217E-1;1,343816E-1;1,335282E-1;9,320297E-1;;
30/11/2021  10:22:49,576722;9,392243E-1;1,362931E-1;1,354238E-1;9,322224E-1;;
30/11/2021  10:22:49,576822;9,393078E-1;1,104881E-1;1,186794E-1;9,324223E-1;;
30/11/2021  10:22:49,576922;9,407860E-1;1,225942E-1;1,256299E-1;9,326287E-1;;
30/11/2021  10:22:49,577022;9,413224E-1;1,260985E-1;1,202590E-1;9,328412E-1;;
30/11/2021  10:22:49,577122;9,424013E-1;1,162226E-1;1,253139E-1;9,330593E-1;;
30/11/2021  10:22:49,577222;9,419006E-1;1,162226E-1;1,325804E-1;9,332828E-1;;
30/11/2021  10:22:49,577322;9,426487E-1;1,366117E-1;1,689125E-1;9,335115E-1;;
30/11/2021  10:22:49,577422;9,427023E-1;2,143452E-1;2,355742E-1;9,337452E-1;;
30/11/2021  10:22:49,577522;9,437871E-1;1,372488E-1;1,370034E-1;9,339837E-1;;
30/11/2021  10:22:49,577622;9,444547E-1;2,893164E-2;7,034176E-2;9,342268E-1;;
30/11/2021  10:22:49,577722;9,447051E-1;1,251428E-1;1,275255E-1;9,344745E-1;;
30/11/2021  10:22:49,577822;9,448690E-1;6,747982E-2;7,634447E-2;9,347268E-1;;
30/11/2021  10:22:49,577922;9,453220E-1;1,461691E-1;1,379512E-1;9,349836E-1;;
30/11/2021  10:22:49,578022;9,452862E-1;1,331073E-1;1,351078E-1;9,352450E-1;;
30/11/2021  10:22:49,578122;9,452147E-1;1,283286E-1;1,395309E-1;9,355107E-1;;
30/11/2021  10:22:49,578222;9,451491E-1;1,369303E-1;1,392149E-1;9,357807E-1;;
30/11/2021  10:22:49,578322;9,456528E-1;1,331073E-1;1,240502E-1;9,360546E-1;;
30/11/2021  10:22:49,578422;9,463919E-1;1,331073E-1;1,486929E-1;9,363321E-1;;
30/11/2021  10:22:49,578522;9,466512E-1;1,286472E-1;1,284732E-1;9,366132E-1;;
30/11/2021  10:22:49,578622;9,462012E-1;-1,439524E-2;6,749837E-2;9,368975E-1;;
30/11/2021  10:22:49,578722;9,461326E-1;9,073616E-2;1,063580E-1;9,371848E-1;;
30/11/2021  10:22:49,578822;9,464575E-1;1,286472E-1;1,439539E-1;9,374749E-1;;
30/11/2021  10:22:49,578922;9,469999E-1;1,318330E-1;1,284732E-1;9,377672E-1;;
30/11/2021  10:22:49,579022;9,475095E-1;1,327887E-1;1,272095E-1;9,380616E-1;;
30/11/2021  10:22:49,579122;9,470983E-1;1,474434E-1;1,430061E-1;9,383577E-1;;
30/11/2021  10:22:49,579222;9,462876E-1;9,296622E-2;1,025668E-1;9,386553E-1;;
30/11/2021  10:22:49,579322;9,460999E-1;6,747982E-2;1,044624E-1;9,389538E-1;;
30/11/2021  10:22:49,579422;9,454174E-1;1,340630E-1;1,351078E-1;9,392526E-1;;
30/11/2021  10:22:49,579522;9,454800E-1;1,123996E-1;1,215227E-1;9,395511E-1;;
30/11/2021  10:22:49,579622;9,457869E-1;1,439390E-1;1,458495E-1;9,398486E-1;;
30/11/2021  10:22:49,579722;9,452803E-1;1,267357E-1;1,502726E-1;9,401442E-1;;
30/11/2021  10:22:49,579822;9,446067E-1;1,276914E-1;1,322644E-1;9,404374E-1;;
30/11/2021  10:22:49,579922;9,444190E-1;1,178155E-1;8,677022E-2;9,407272E-1;;
30/11/2021  10:22:49,580022;9,438795E-1;1,324701E-1;1,076217E-1;9,410129E-1;;
30/11/2021  10:22:49,580122;9,434832E-1;1,308772E-1;1,114129E-1;9,412936E-1;;
30/11/2021  10:22:49,580222;9,437752E-1;1,267357E-1;1,202590E-1;9,415685E-1;;
30/11/2021  10:22:49,580322;9,435666E-1;1,251428E-1;1,164678E-1;9,418366E-1;;
30/11/2021  10:22:49,580422;9,434027E-1;1,267357E-1;1,278414E-1;9,420972E-1;;
30/11/2021  10:22:49,580522;9,427977E-1;1,143111E-1;9,466852E-2;9,423497E-1;;
30/11/2021  10:22:49,580622;9,423745E-1;-7,588118E-2;3,148212E-2;9,425933E-1;;
30/11/2021  10:22:49,580722;9,418708E-1;9,519628E-2;1,174156E-1;9,428272E-1;;
30/11/2021  10:22:49,580822;9,410155E-1;8,946184E-2;1,142563E-1;9,430509E-1;;
30/11/2021  10:22:49,580922;9,417188E-1;1,028422E-1;1,208909E-1;9,432634E-1;;
30/11/2021  10:22:49,581022;9,414983E-1;9,073616E-2;1,332122E-1;9,434641E-1;;
30/11/2021  10:22:49,581122;9,410930E-1;1,012493E-1;1,057261E-1;9,436525E-1;;
30/11/2021  10:22:49,581222;9,401095E-1;1,315144E-1;1,616461E-1;9,438281E-1;;
30/11/2021  10:22:49,581322;9,395879E-1;1,095324E-1;1,145722E-1;9,439904E-1;;
30/11/2021  10:22:49,581422;9,389412E-1;9,328480E-2;1,054102E-1;9,441388E-1;;
30/11/2021  10:22:49,581522;9,385567E-1;1,114439E-1;1,234183E-1;9,442727E-1;;
30/11/2021  10:22:49,581622;9,388935E-1;1,130368E-1;1,291051E-1;9,443915E-1;;
30/11/2021  10:22:49,581722;9,392660E-1;1,353374E-1;1,423743E-1;9,444950E-1;;
30/11/2021  10:22:49,581822;9,393107E-1;1,487177E-1;1,385831E-1;9,445829E-1;;
30/11/2021  10:22:49,581922;9,381663E-1;1,573194E-1;1,395309E-1;9,446551E-1;;
30/11/2021  10:22:49,582022;9,383421E-1;1,678325E-1;1,284732E-1;9,447116E-1;;
30/11/2021  10:22:49,582122;9,380858E-1;1,563636E-1;1,373193E-1;9,447523E-1;;
30/11/2021  10:22:49,582222;9,380352E-1;1,955490E-1;1,878685E-1;9,447773E-1;;
30/11/2021  10:22:49,582322;9,395730E-1;1,108067E-1;1,221546E-1;9,447867E-1;;
30/11/2021  10:22:49,582422;9,397965E-1;1,528593E-1;1,989261E-1;9,447809E-1;;
30/11/2021  10:22:49,582522;9,401989E-1;1,296029E-1;9,372073E-2;9,447605E-1;;
30/11/2021  10:22:49,582622;9,397637E-1;1,276914E-1;1,208909E-1;9,447263E-1;;
30/11/2021  10:22:49,582722;9,397548E-1;1,433019E-1;1,325804E-1;9,446791E-1;;
30/11/2021  10:22:49,582822;9,398263E-1;1,589123E-1;1,439539E-1;9,446195E-1;;
30/11/2021  10:22:49,582922;9,399694E-1;1,273729E-1;1,354238E-1;9,445484E-1;;
30/11/2021  10:22:49,583022;9,405029E-1;1,321516E-1;1,325804E-1;9,444665E-1;;
30/11/2021  10:22:49,583122;9,401303E-1;1,280100E-1;1,411105E-1;9,443748E-1;;
30/11/2021  10:22:49,583222;9,401989E-1;1,347002E-1;1,291051E-1;9,442741E-1;;
30/11/2021  10:22:49,583322;9,397220E-1;1,270543E-1;1,158360E-1;9,441652E-1;;
30/11/2021  10:22:49,583422;9,393644E-1;1,280100E-1;1,063580E-1;9,440489E-1;;
30/11/2021  10:22:49,583522;9,395819E-1;1,427696E-2;6,876210E-2;9,439260E-1;;
30/11/2021  10:22:49,583622;9,409946E-1;1,347002E-1;1,221546E-1;9,437970E-1;;
30/11/2021  10:22:49,583722;9,414655E-1;1,394789E-1;1,572231E-1;9,436629E-1;;
30/11/2021  10:22:49,583822;9,417844E-1;1,273729E-1;1,411105E-1;9,435246E-1;;
30/11/2021  10:22:49,583922;9,420168E-1;1,308772E-1;1,388990E-1;9,433832E-1;;
30/11/2021  10:22:49,584022;9,416950E-1;1,366117E-1;1,392149E-1;9,432397E-1;;
30/11/2021  10:22:49,584122;9,421629E-1;1,289658E-1;1,294210E-1;9,430952E-1;;
30/11/2021  10:22:49,584222;9,417099E-1;1,372488E-1;1,306848E-1;9,429504E-1;;
30/11/2021  10:22:49,584322;9,427202E-1;1,420275E-1;1,332122E-1;9,428063E-1;;
30/11/2021  10:22:49,584422;9,431285E-1;1,235499E-1;1,158360E-1;9,426637E-1;;
30/11/2021  10:22:49,584522;9,429497E-1;1,347002E-1;1,275255E-1;9,425235E-1;;
30/11/2021  10:22:49,584622;9,428871E-1;1,327887E-1;1,291051E-1;9,423866E-1;;
30/11/2021  10:22:49,584722;9,423596E-1;1,241871E-1;1,215227E-1;9,422537E-1;;
30/11/2021  10:22:49,584822;9,424371E-1;6,779840E-2;6,212753E-2;9,421254E-1;;
30/11/2021  10:22:49,584922;9,425414E-1;1,331073E-1;1,335282E-1;9,420021E-1;;
30/11/2021  10:22:49,585022;9,426546E-1;3,116170E-2;6,813023E-2;9,418843E-1;;
30/11/2021  10:22:49,585122;9,425980E-1;4,963934E-2;8,203124E-2;9,417723E-1;;
30/11/2021  10:22:49,585222;9,421301E-1;1,210013E-1;9,688005E-2;9,416666E-1;;
30/11/2021  10:22:49,585322;9,418023E-1;1,206827E-1;1,148882E-1;9,415671E-1;;
30/11/2021  10:22:49,585422;9,416354E-1;1,280100E-1;1,698603E-1;9,414741E-1;;
30/11/2021  10:22:49,585522;9,408992E-1;1,305587E-1;1,291051E-1;9,413875E-1;;
30/11/2021  10:22:49,585622;9,412479E-1;4,613496E-2;8,203124E-2;9,413072E-1;;
30/11/2021  10:22:49,585722;9,414595E-1;1,391603E-1;1,385831E-1;9,412329E-1;;
30/11/2021  10:22:49,585822;9,407890E-1;1,334259E-1;1,322644E-1;9,411646E-1;;
30/11/2021  10:22:49,585922;9,408188E-1;2,376015E-1;2,017695E-1;9,411019E-1;;
30/11/2021  10:22:49,586022;9,396028E-1;1,203641E-1;1,193112E-1;9,410447E-1;;
30/11/2021  10:22:49,586122;9,395611E-1;1,264171E-1;1,212068E-1;9,409924E-1;;
30/11/2021  10:22:49,586222;9,391945E-1;1,321516E-1;1,297370E-1;9,409446E-1;;
30/11/2021  10:22:49,586322;9,390962E-1;1,296029E-1;1,354238E-1;9,409007E-1;;
30/11/2021  10:22:49,586422;9,397548E-1;1,174969E-1;9,656411E-2;9,408602E-1;;
30/11/2021  10:22:49,586522;9,395581E-1;1,034794E-1;9,119327E-2;9,408227E-1;;
30/11/2021  10:22:49,586622;9,394985E-1;1,404346E-1;1,442698E-1;9,407877E-1;;
30/11/2021  10:22:49,586722;9,392303E-1;-8,023642E-3;5,391329E-2;9,407550E-1;;
30/11/2021  10:22:49,586822;9,389710E-1;1,617795E-1;1,625939E-1;9,407242E-1;;
30/11/2021  10:22:49,586922;9,391707E-1;1,280100E-1;1,249980E-1;9,406949E-1;;
30/11/2021  10:22:49,587022;9,396475E-1;4,454206E-2;8,108345E-2;9,406668E-1;;
30/11/2021  10:22:49,587122;9,398651E-1;1,127182E-1;1,120448E-1;9,406397E-1;;
30/11/2021  10:22:49,587222;9,392839E-1;1,315144E-1;1,509044E-1;9,406134E-1;;
30/11/2021  10:22:49,587322;9,389591E-1;1,222756E-1;1,262617E-1;9,405877E-1;;
30/11/2021  10:22:49,587422;9,375673E-1;1,165411E-1;1,164678E-1;9,405625E-1;;
30/11/2021  10:22:49,587522;9,381186E-1;1,296029E-1;1,193112E-1;9,405372E-1;;
30/11/2021  10:22:49,587622;9,378891E-1;1,283286E-1;1,196272E-1;9,405116E-1;;
30/11/2021  10:22:49,587722;9,376090E-1;1,257800E-1;1,101492E-1;9,404852E-1;;
30/11/2021  10:22:49,587822;9,379160E-1;1,369303E-1;1,382671E-1;9,404578E-1;;
30/11/2021  10:22:49,587922;9,373795E-1;5,537378E-2;1,916077E-2;9,404289E-1;;
30/11/2021  10:22:49,588022;9,368758E-1;1,327887E-1;1,249980E-1;9,403983E-1;;
30/11/2021  10:22:49,588122;9,368878E-1;4,581638E-2;8,361090E-2;9,403657E-1;;
30/11/2021  10:22:49,588222;9,371709E-1;1,311958E-1;1,445858E-1;9,403307E-1;;
30/11/2021  10:22:49,588322;9,380262E-1;1,155854E-1;1,038306E-1;9,402932E-1;;
30/11/2021  10:22:49,588422;9,386104E-1;1,423461E-1;1,449017E-1;9,402531E-1;;
30/11/2021  10:22:49,588522;9,392034E-1;1,369303E-1;1,202590E-1;9,402106E-1;;
30/11/2021  10:22:49,588622;9,393376E-1;1,289658E-1;1,594346E-1;9,401659E-1;;
30/11/2021  10:22:49,588722;9,389978E-1;1,245056E-1;1,483770E-1;9,401193E-1;;
30/11/2021  10:22:49,588822;9,387385E-1;1,343816E-1;1,313166E-1;9,400713E-1;;
30/11/2021  10:22:49,588922;9,397786E-1;1,197269E-1;1,202590E-1;9,400220E-1;;
30/11/2021  10:22:49,589022;9,404105E-1;9,615202E-2;1,025668E-1;9,399719E-1;;
30/11/2021  10:22:49,589122;9,405267E-1;1,028422E-1;1,031987E-1;9,399213E-1;;
30/11/2021  10:22:49,589222;9,408814E-1;1,104881E-1;1,183634E-1;9,398710E-1;;
30/11/2021  10:22:49,589322;9,402644E-1;6,524976E-2;8,361090E-2;9,398213E-1;;
30/11/2021  10:22:49,589422;9,401929E-1;6,397544E-2;8,961361E-2;9,397727E-1;;
30/11/2021  10:22:49,589522;9,402138E-1;1,533758E-3;7,350108E-2;9,397255E-1;;
30/11/2021  10:22:49,589622;9,402764E-1;4,400978E-3;4,348754E-2;9,396801E-1;;
30/11/2021  10:22:49,589722;9,406101E-1;9,583344E-2;1,297370E-1;9,396368E-1;;
30/11/2021  10:22:49,589822;9,410363E-1;3,211744E-2;6,117973E-2;9,395957E-1;;
30/11/2021  10:22:49,589922;9,410810E-1;8,086018E-2;1,054102E-1;9,395572E-1;;
30/11/2021  10:22:49,590022;9,406370E-1;9,647060E-2;9,561632E-2;9,395216E-1;;
30/11/2021  10:22:49,590122;9,401959E-1;1,601866E-1;1,783905E-1;9,394891E-1;;
30/11/2021  10:22:49,590222;9,407770E-1;1,445762E-1;1,445858E-1;9,394599E-1;;
30/11/2021  10:22:49,590322;9,408575E-1;1,595494E-1;1,486929E-1;9,394340E-1;;
30/11/2021  10:22:49,590422;9,412658E-1;1,703812E-1;1,458495E-1;9,394115E-1;;
30/11/2021  10:22:49,590522;9,413165E-1;1,592309E-1;1,480610E-1;9,393925E-1;;
30/11/2021  10:22:49,590622;9,415489E-1;1,649653E-1;1,392149E-1;9,393773E-1;;
30/11/2021  10:22:49,590722;9,408277E-1;1,471248E-1;1,667010E-1;9,393660E-1;;
30/11/2021  10:22:49,590822;9,410691E-1;1,101695E-1;9,719598E-2;9,393586E-1;;
30/11/2021  10:22:49,590922;9,411496E-1;1,260985E-1;1,221546E-1;9,393550E-1;;
30/11/2021  10:22:49,591022;9,426636E-1;1,286472E-1;1,322644E-1;9,393554E-1;;
30/11/2021  10:22:49,591122;9,428364E-1;1,343816E-1;1,540637E-1;9,393598E-1;;
30/11/2021  10:22:49,591222;9,427232E-1;8,372740E-2;9,308886E-2;9,393685E-1;;
30/11/2021  10:22:49,591322;9,423179E-1;1,229127E-1;1,322644E-1;9,393816E-1;;
30/11/2021  10:22:49,591422;9,422612E-1;1,659210E-1;1,455336E-1;9,393994E-1;;
30/11/2021  10:22:49,591522;9,423119E-1;1,605052E-1;2,210413E-1;9,394218E-1;;
30/11/2021  10:22:49,591622;9,420675E-1;1,254614E-1;1,310007E-1;9,394487E-1;;
30/11/2021  10:22:49,591722;9,429258E-1;1,197269E-1;1,518522E-1;9,394801E-1;;
30/11/2021  10:22:49,591822;9,431196E-1;1,210013E-1;1,218387E-1;9,395160E-1;;
30/11/2021  10:22:49,591922;9,429705E-1;1,585937E-1;1,806020E-1;9,395563E-1;;
30/11/2021  10:22:49,592022;9,420526E-1;1,139925E-1;1,170997E-1;9,396010E-1;;
30/11/2021  10:22:49,592122;9,420318E-1;1,146297E-1;1,092014E-1;9,396499E-1;;
30/11/2021  10:22:49,592222;9,421450E-1;1,356559E-1;1,613302E-1;9,397029E-1;;
30/11/2021  10:22:49,592322;9,417963E-1;1,241871E-1;1,332122E-1;9,397595E-1;;
30/11/2021  10:22:49,592422;9,423685E-1;3,763818E-3;5,359736E-2;9,398194E-1;;
30/11/2021  10:22:49,592522;9,426546E-1;1,194084E-1;1,189953E-1;9,398824E-1;;
30/11/2021  10:22:49,592622;9,408247E-1;1,053908E-1;9,372073E-2;9,399482E-1;;
30/11/2021  10:22:49,592722;9,404492E-1;1,197269E-1;1,253139E-1;9,400164E-1;;
30/11/2021  10:22:49,592822;9,405356E-1;8,882468E-2;1,126766E-1;9,400863E-1;;
30/11/2021  10:22:49,592922;9,401124E-1;1,260985E-1;1,490088E-1;9,401574E-1;;
30/11/2021  10:22:49,593022;9,399753E-1;1,232313E-1;1,231024E-1;9,402291E-1;;
30/11/2021  10:22:49,593122;9,403747E-1;1,229127E-1;1,253139E-1;9,403007E-1;;
30/11/2021  10:22:49,593222;9,403330E-1;1,238685E-1;1,493248E-1;9,403717E-1;;
30/11/2021  10:22:49,593322;9,398263E-1;1,608238E-1;1,960827E-1;9,404415E-1;;
30/11/2021  10:22:49,593422;9,391498E-1;1,264171E-1;1,126766E-1;9,405099E-1;;
30/11/2021  10:22:49,593522;9,391796E-1;1,155854E-1;1,208909E-1;9,405761E-1;;
30/11/2021  10:22:49,593622;9,385716E-1;1,229127E-1;1,237343E-1;9,406396E-1;;
30/11/2021  10:22:49,593722;9,391677E-1;1,187712E-1;1,224705E-1;9,407000E-1;;
30/11/2021  10:22:49,593822;9,387087E-1;1,146297E-1;1,199431E-1;9,407566E-1;;
30/11/2021  10:22:49,593922;9,380531E-1;1,165411E-1;1,167838E-1;9,408091E-1;;
30/11/2021  10:22:49,594022;9,366136E-1;9,774492E-2;8,992954E-2;9,408570E-1;;
30/11/2021  10:22:49,594122;9,353499E-1;3,402892E-2;8,013565E-2;9,408996E-1;;
30/11/2021  10:22:49,594222;9,346495E-1;4,581638E-2;6,465498E-2;9,409362E-1;;
30/11/2021  10:22:49,594322;9,343724E-1;1,229127E-1;1,152041E-1;9,409657E-1;;
30/11/2021  10:22:49,594422;9,336839E-1;1,296029E-1;1,445858E-1;9,409874E-1;;
30/11/2021  10:22:49,594522;9,329657E-1;1,353374E-1;1,524841E-1;9,410003E-1;;
30/11/2021  10:22:49,594622;9,318719E-1;1,487177E-1;1,736515E-1;9,410036E-1;;
30/11/2021  10:22:49,594722;9,310464E-1;1,146297E-1;1,161519E-1;9,409965E-1;;
30/11/2021  10:22:49,594822;9,305725E-1;1,194084E-1;1,212068E-1;9,409779E-1;;
30/11/2021  10:22:49,594922;9,295205E-1;1,302401E-1;1,430061E-1;9,409470E-1;;
30/11/2021  10:22:49,595022;9,299347E-1;1,174969E-1;1,237343E-1;9,409029E-1;;
30/11/2021  10:22:49,595122;9,294310E-1;1,267357E-1;1,180475E-1;9,408450E-1;;
30/11/2021  10:22:49,595222;9,291241E-1;1,280100E-1;1,420583E-1;9,407727E-1;;
30/11/2021  10:22:49,595322;9,286860E-1;1,257800E-1;1,240502E-1;9,406855E-1;;
30/11/2021  10:22:49,595422;9,278455E-1;1,002936E-1;1,031987E-1;9,405830E-1;;
30/11/2021  10:22:49,595522;9,275713E-1;1,210013E-1;1,136244E-1;9,404650E-1;;
30/11/2021  10:22:49,595622;9,276131E-1;1,299215E-1;1,278414E-1;9,403312E-1;;
30/11/2021  10:22:49,595722;9,273389E-1;1,280100E-1;1,180475E-1;9,401815E-1;;
30/11/2021  10:22:49,595822;9,267756E-1;1,187712E-1;1,540637E-1;9,400158E-1;;
30/11/2021  10:22:49,595922;9,271988E-1;1,165411E-1;1,259458E-1;9,398343E-1;;
30/11/2021  10:22:49,596022;9,265580E-1;1,595494E-1;2,061925E-1;9,396371E-1;;
30/11/2021  10:22:49,596122;9,255507E-1;1,190898E-1;1,240502E-1;9,394245E-1;;
30/11/2021  10:22:49,596222;9,253063E-1;1,162226E-1;1,224705E-1;9,391969E-1;;
30/11/2021  10:22:49,596322;9,257712E-1;1,324701E-1;1,338441E-1;9,389543E-1;;
30/11/2021  10:22:49,596422;9,264180E-1;1,302401E-1;1,275255E-1;9,386974E-1;;
30/11/2021  10:22:49,596522;9,264716E-1;1,050723E-1;8,424277E-2;9,384267E-1;;
30/11/2021  10:22:49,596622;9,259202E-1;1,289658E-1;1,237343E-1;9,381430E-1;;
30/11/2021  10:22:49,596722;9,258308E-1;1,340630E-1;1,265777E-1;9,378471E-1;;
30/11/2021  10:22:49,596822;9,255656E-1;1,283286E-1;1,183634E-1;9,375398E-1;;
30/11/2021  10:22:49,596922;9,257295E-1;1,257800E-1;1,268936E-1;9,372220E-1;;
30/11/2021  10:22:49,597022;9,265163E-1;2,765732E-2;6,497092E-2;9,368946E-1;;
30/11/2021  10:22:49,597122;9,274164E-1;1,136739E-1;1,117289E-1;9,365585E-1;;
30/11/2021  10:22:49,597222;9,284058E-1;1,066652E-1;9,845971E-2;9,362151E-1;;
30/11/2021  10:22:49,597322;9,283999E-1;9,551486E-2;1,088855E-1;9,358657E-1;;
30/11/2021  10:22:49,597422;9,286770E-1;9,073616E-2;9,561632E-2;9,355119E-1;;
30/11/2021  10:22:49,597522;9,293536E-1;1,162226E-1;1,366875E-1;9,351551E-1;;
30/11/2021  10:22:49,597622;9,300152E-1;1,025236E-1;1,170997E-1;9,347969E-1;;
30/11/2021  10:22:49,597722;9,308169E-1;1,015679E-1;1,174156E-1;9,344389E-1;;
30/11/2021  10:22:49,597822;9,320179E-1;1,025236E-1;1,142563E-1;9,340828E-1;;
30/11/2021  10:22:49,597922;9,325395E-1;1,037979E-1;1,177316E-1;9,337302E-1;;
30/11/2021  10:22:49,598022;9,323845E-1;9,774492E-2;1,038306E-1;9,333830E-1;;
30/11/2021  10:22:49,598122;9,332250E-1;8,946184E-2;1,066739E-1;9,330429E-1;;
30/11/2021  10:22:49,598222;9,331117E-1;1,006121E-1;1,155200E-1;9,327115E-1;;
30/11/2021  10:22:49,598322;9,338270E-1;1,015679E-1;1,066739E-1;9,323902E-1;;
30/11/2021  10:22:49,598422;9,344767E-1;1,245056E-1;1,335282E-1;9,320805E-1;;
30/11/2021  10:22:49,598522;9,351741E-1;1,066652E-1;1,129926E-1;9,317837E-1;;
30/11/2021  10:22:49,598622;9,353648E-1;1,598680E-1;7,918786E-2;9,315013E-1;;
30/11/2021  10:22:49,598722;9,352277E-1;1,636910E-1;1,632258E-1;9,312343E-1;;
30/11/2021  10:22:49,598822;9,354244E-1;1,082581E-1;1,199431E-1;9,309840E-1;;
30/11/2021  10:22:49,598922;9,356211E-1;2,302742E-1;2,564257E-1;9,307511E-1;;
30/11/2021  10:22:49,599022;9,364258E-1;1,624167E-1;1,698603E-1;9,305365E-1;;
30/11/2021  10:22:49,599122;9,370815E-1;6,238254E-2;1,123607E-1;9,303408E-1;;
30/11/2021  10:22:49,599222;9,376775E-1;1,194084E-1;1,234183E-1;9,301648E-1;;
30/11/2021  10:22:49,599322;9,378504E-1;1,474434E-1;1,723878E-1;9,300090E-1;;
30/11/2021  10:22:49,599422;9,372841E-1;1,426647E-1;1,404787E-1;9,298740E-1;;
30/11/2021  10:22:49,599522;9,376000E-1;1,264171E-1;1,221546E-1;9,297601E-1;;
30/11/2021  10:22:49,599622;9,372782E-1;1,197269E-1;1,249980E-1;9,296675E-1;;
30/11/2021  10:22:49,599722;9,385418E-1;1,873708E-2;5,928414E-2;9,295961E-1;;
30/11/2021  10:22:49,599822;9,393227E-1;1,219570E-1;1,095173E-1;9,295459E-1;;
30/11/2021  10:22:49,599922;9,391349E-1;1,260985E-1;1,338441E-1;9,295170E-1;;
30/11/2021  10:22:49,600022;9,385955E-1;9,933782E-2;8,834988E-2;9,295093E-1;;
30/11/2021  10:22:49,600122;9,384077E-1;1,181340E-1;1,291051E-1;9,295225E-1;;
30/11/2021  10:22:49,600222;9,383511E-1;8,149734E-2;7,350108E-2;9,295561E-1;;
30/11/2021  10:22:49,600322;9,384256E-1;3,243602E-2;8,013565E-2;9,296096E-1;;
30/11/2021  10:22:49,600422;9,390336E-1;1,162226E-1;1,120448E-1;9,296822E-1;;
30/11/2021  10:22:49,600522;9,386789E-1;1,327887E-1;1,635417E-1;9,297734E-1;;
30/11/2021  10:22:49,600622;9,384256E-1;4,040052E-2;4,759465E-2;9,298823E-1;;
30/11/2021  10:22:49,600722;9,382110E-1;1,483991E-1;1,796542E-1;9,300080E-1;;
30/11/2021  10:22:49,600822;9,374898E-1;1,410718E-1;1,543797E-1;9,301496E-1;;
30/11/2021  10:22:49,600922;9,368460E-1;1,362931E-1;1,373193E-1;9,303060E-1;;
30/11/2021  10:22:49,601022;9,374033E-1;1,382046E-1;1,354238E-1;9,304759E-1;;
30/11/2021  10:22:49,601122;9,368639E-1;1,289658E-1;1,300529E-1;9,306580E-1;;
30/11/2021  10:22:49,601222;9,371411E-1;1,101695E-1;1,006712E-1;9,308510E-1;;
30/11/2021  10:22:49,601322;9,367745E-1;1,276914E-1;1,284732E-1;9,310538E-1;;
30/11/2021  10:22:49,601422;9,362053E-1;1,267357E-1;1,328963E-1;9,312649E-1;;
30/11/2021  10:22:49,601522;9,363781E-1;1,534964E-1;1,897641E-1;9,314832E-1;;
30/11/2021  10:22:49,601622;9,362857E-1;8,595746E-2;1,376353E-1;9,317073E-1;;
30/11/2021  10:22:49,601722;9,372037E-1;1,286472E-1;1,278414E-1;9,319360E-1;;
30/11/2021  10:22:49,601822;9,383183E-1;9,201048E-2;1,164678E-1;9,321682E-1;;
30/11/2021  10:22:49,601922;9,390962E-1;1,296029E-1;1,155200E-1;9,324031E-1;;
30/11/2021  10:22:49,602022;9,386223E-1;1,146297E-1;1,306848E-1;9,326402E-1;;
30/11/2021  10:22:49,602122;9,393495E-1;8,946184E-2;5,454516E-2;9,328788E-1;;
30/11/2021  10:22:49,602222;9,395164E-1;1,324701E-1;2,273600E-1;9,331185E-1;;
30/11/2021  10:22:49,602322;9,401691E-1;1,391603E-1;1,436380E-1;9,333589E-1;;
30/11/2021  10:22:49,602422;9,412777E-1;1,401161E-1;1,382671E-1;9,335997E-1;;
30/11/2021  10:22:49,602522;9,417427E-1;1,483991E-1;1,430061E-1;9,338407E-1;;
30/11/2021  10:22:49,602622;9,420824E-1;1,210013E-1;1,256299E-1;9,340819E-1;;
30/11/2021  10:22:49,602722;9,424699E-1;1,181340E-1;1,035146E-1;9,343234E-1;;
30/11/2021  10:22:49,602822;9,423477E-1;1,331073E-1;1,423743E-1;9,345651E-1;;
30/11/2021  10:22:49,602922;9,419155E-1;8,022302E-2;1,047783E-1;9,348072E-1;;
30/11/2021  10:22:49,603022;9,426517E-1;1,321516E-1;1,319485E-1;9,350495E-1;;
30/11/2021  10:22:49,603122;9,434057E-1;1,366117E-1;1,303688E-1;9,352920E-1;;
30/11/2021  10:22:49,603222;9,439362E-1;1,442576E-1;1,509044E-1;9,355346E-1;;
30/11/2021  10:22:49,603322;9,439928E-1;6,556834E-2;8,771802E-2;9,357775E-1;;
30/11/2021  10:22:49,603422;9,441299E-1;1,327887E-1;1,382671E-1;9,360207E-1;;
30/11/2021  10:22:49,603522;9,440494E-1;1,311958E-1;1,360556E-1;9,362643E-1;;
30/11/2021  10:22:49,603622;9,451223E-1;7,417000E-2;1,357397E-1;9,365084E-1;;
30/11/2021  10:22:49,603722;9,452952E-1;1,073023E-1;1,739675E-1;9,367529E-1;;
30/11/2021  10:22:49,603822;9,469701E-1;1,225942E-1;1,543797E-1;9,369981E-1;;
30/11/2021  10:22:49,603922;9,473724E-1;1,276914E-1;1,268936E-1;9,372441E-1;;
30/11/2021  10:22:49,604022;9,476794E-1;1,420275E-1;1,414265E-1;9,374915E-1;;
30/11/2021  10:22:49,604122;9,480311E-1;1,302401E-1;1,129926E-1;9,377405E-1;;
30/11/2021  10:22:49,604222;9,485109E-1;1,318330E-1;1,114129E-1;9,379914E-1;;
30/11/2021  10:22:49,604322;9,492113E-1;1,213198E-1;9,466852E-2;9,382448E-1;;
30/11/2021  10:22:49,604422;9,502633E-1;9,710776E-2;1,208909E-1;9,385008E-1;;
30/11/2021  10:22:49,604522;9,511276E-1;-1,471382E-2;4,822652E-2;9,387600E-1;;
30/11/2021  10:22:49,604622;9,511604E-1;1,420275E-1;1,287892E-1;9,390228E-1;;
30/11/2021  10:22:49,604722;9,514793E-1;1,302401E-1;1,028828E-1;9,392897E-1;;
30/11/2021  10:22:49,604822;9,517356E-1;1,442576E-1;1,442698E-1;9,395611E-1;;
30/11/2021  10:22:49,604922;9,518876E-1;1,722926E-1;1,809180E-1;9,398372E-1;;
30/11/2021  10:22:49,605022;9,521052E-1;1,483991E-1;1,613302E-1;9,401184E-1;;
30/11/2021  10:22:49,605122;9,523734E-1;9,838208E-2;1,354238E-1;9,404046E-1;;
30/11/2021  10:22:49,605222;9,527131E-1;1,337445E-1;1,303688E-1;9,406960E-1;;
30/11/2021  10:22:49,605322;9,530767E-1;1,299215E-1;1,423743E-1;9,409926E-1;;
30/11/2021  10:22:49,605422;9,525224E-1;1,092138E-1;1,736515E-1;9,412944E-1;;
30/11/2021  10:22:49,605522;9,519263E-1;5,919674E-2;8,740209E-2;9,416012E-1;;
30/11/2021  10:22:49,605622;9,515151E-1;1,031608E-1;1,044624E-1;9,419127E-1;;
30/11/2021  10:22:49,605722;9,515806E-1;1,066652E-1;1,133085E-1;9,422283E-1;;
30/11/2021  10:22:49,605822;9,512856E-1;1,069837E-1;1,170997E-1;9,425474E-1;;
30/11/2021  10:22:49,605922;9,513094E-1;1,069837E-1;1,050943E-1;9,428694E-1;;
30/11/2021  10:22:49,606022;9,514465E-1;8,946184E-2;1,044624E-1;9,431935E-1;;
30/11/2021  10:22:49,606122;9,503051E-1;9,615202E-2;9,530039E-2;9,435190E-1;;
30/11/2021  10:22:49,606222;9,501411E-1;4,995792E-2;6,339125E-2;9,438451E-1;;
30/11/2021  10:22:49,606322;9,498133E-1;-5,166910E-2;2,832280E-2;9,441707E-1;;
30/11/2021  10:22:49,606422;9,495898E-1;8,436456E-2;8,045158E-2;9,444951E-1;;
30/11/2021  10:22:49,606522;9,500815E-1;1,127182E-1;1,461654E-1;9,448171E-1;;
30/11/2021  10:22:49,606622;9,498997E-1;1,159040E-1;1,524841E-1;9,451358E-1;;
30/11/2021  10:22:49,606722;9,490474E-1;2,200796E-1;2,330467E-1;9,454505E-1;;
30/11/2021  10:22:49,606822;9,488149E-1;1,267357E-1;1,212068E-1;9,457602E-1;;
30/11/2021  10:22:49,606922;9,480430E-1;1,538150E-1;1,335282E-1;9,460640E-1;;
30/11/2021  10:22:49,607022;9,480132E-1;1,611423E-1;1,347919E-1;9,463610E-1;;
30/11/2021  10:22:49,607122;9,483261E-1;1,837615E-1;1,679647E-1;9,466501E-1;;
30/11/2021  10:22:49,607222;9,483828E-1;1,742041E-1;1,502726E-1;9,469306E-1;;
30/11/2021  10:22:49,607322;9,481086E-1;1,729298E-1;1,856569E-1;9,472018E-1;;
30/11/2021  10:22:49,607422;9,471787E-1;1,353374E-1;1,164678E-1;9,474629E-1;;
30/11/2021  10:22:49,607522;9,465916E-1;1,159040E-1;1,054102E-1;9,477134E-1;;
30/11/2021  10:22:49,607622;9,457631E-1;1,197269E-1;1,076217E-1;9,479523E-1;;
30/11/2021  10:22:49,607722;9,451253E-1;1,327887E-1;1,215227E-1;9,481791E-1;;
30/11/2021  10:22:49,607822;9,454323E-1;1,359745E-1;1,208909E-1;9,483927E-1;;
30/11/2021  10:22:49,607922;9,460492E-1;1,210013E-1;1,496407E-1;9,485926E-1;;
30/11/2021  10:22:49,608022;9,452982E-1;1,254614E-1;1,316326E-1;9,487781E-1;;
30/11/2021  10:22:49,608122;9,449107E-1;1,267357E-1;1,335282E-1;9,489489E-1;;
30/11/2021  10:22:49,608222;9,443981E-1;1,292843E-1;1,404787E-1;9,491046E-1;;
30/11/2021  10:22:49,608322;9,439809E-1;1,152668E-1;1,101492E-1;9,492448E-1;;
30/11/2021  10:22:49,608422;9,441120E-1;1,296029E-1;1,287892E-1;9,493692E-1;;
30/11/2021  10:22:49,608522;9,444458E-1;1,289658E-1;1,300529E-1;9,494773E-1;;
30/11/2021  10:22:49,608622;9,447975E-1;1,060280E-1;8,929768E-2;9,495693E-1;;
30/11/2021  10:22:49,608722;9,443236E-1;1,123996E-1;1,193112E-1;9,496452E-1;;
30/11/2021  10:22:49,608822;9,439451E-1;1,235499E-1;1,202590E-1;9,497050E-1;;
30/11/2021  10:22:49,608922;9,433967E-1;1,353374E-1;1,287892E-1;9,497490E-1;;
30/11/2021  10:22:49,609022;9,426874E-1;1,216384E-1;1,110970E-1;9,497773E-1;;
30/11/2021  10:22:49,609122;9,431911E-1;1,362931E-1;1,550115E-1;9,497899E-1;;
30/11/2021  10:22:49,609222;9,432000E-1;1,159040E-1;1,240502E-1;9,497872E-1;;
30/11/2021  10:22:49,609322;9,430480E-1;1,028422E-1;8,834988E-2;9,497692E-1;;
30/11/2021  10:22:49,609422;9,422821E-1;9,455912E-2;1,136244E-1;9,497365E-1;;
30/11/2021  10:22:49,609522;9,416682E-1;1,002936E-1;9,435259E-2;9,496893E-1;;
30/11/2021  10:22:49,609622;9,408963E-1;1,468062E-1;1,445858E-1;9,496278E-1;;
30/11/2021  10:22:49,609722;9,411973E-1;1,286472E-1;1,325804E-1;9,495524E-1;;
30/11/2021  10:22:49,609822;9,414744E-1;1,181340E-1;1,212068E-1;9,494632E-1;;
30/11/2021  10:22:49,609922;9,415340E-1;1,302401E-1;1,294210E-1;9,493606E-1;;
30/11/2021  10:22:49,610022;9,410512E-1;1,248242E-1;1,310007E-1;9,492451E-1;;
30/11/2021  10:22:49,610122;9,404880E-1;1,203641E-1;1,180475E-1;9,491172E-1;;
30/11/2021  10:22:49,610222;9,402227E-1;1,276914E-1;1,120448E-1;9,489773E-1;;
30/11/2021  10:22:49,610322;9,400737E-1;1,165411E-1;1,196272E-1;9,488259E-1;;
30/11/2021  10:22:49,610422;9,401214E-1;1,225942E-1;1,246821E-1;9,486635E-1;;
30/11/2021  10:22:49,610522;9,403509E-1;1,229127E-1;1,249980E-1;9,484905E-1;;
30/11/2021  10:22:49,610622;9,406280E-1;1,018865E-1;1,000394E-1;9,483075E-1;;
30/11/2021  10:22:49,610722;9,401810E-1;1,519035E-1;1,850251E-1;9,481152E-1;;
30/11/2021  10:22:49,610822;9,399873E-1;1,324701E-1;1,259458E-1;9,479143E-1;;
30/11/2021  10:22:49,610922;9,395223E-1;1,155854E-1;1,234183E-1;9,477055E-1;;
30/11/2021  10:22:49,611022;9,394091E-1;1,423461E-1;1,572231E-1;9,474894E-1;;
30/11/2021  10:22:49,611122;9,391379E-1;1,327887E-1;1,366875E-1;9,472664E-1;;
30/11/2021  10:22:49,611222;9,387415E-1;7,767438E-2;1,044624E-1;9,470373E-1;;
30/11/2021  10:22:49,611322;9,387206E-1;1,308772E-1;1,259458E-1;9,468025E-1;;
30/11/2021  10:22:49,611422;9,377431E-1;1,356559E-1;1,641736E-1;9,465625E-1;;
30/11/2021  10:22:49,611522;9,366195E-1;1,331073E-1;1,360556E-1;9,463177E-1;;
30/11/2021  10:22:49,611622;9,360354E-1;1,311958E-1;1,338441E-1;9,460684E-1;;
30/11/2021  10:22:49,611722;9,354930E-1;1,216384E-1;1,212068E-1;9,458146E-1;;
30/11/2021  10:22:49,611822;9,349863E-1;1,267357E-1;1,370034E-1;9,455563E-1;;
30/11/2021  10:22:49,611922;9,350728E-1;8,659462E-2;8,361090E-2;9,452937E-1;;
30/11/2021  10:22:49,612022;9,340982E-1;1,324701E-1;1,407946E-1;9,450267E-1;;
30/11/2021  10:22:49,612122;9,341518E-1;1,190898E-1;1,060421E-1;9,447554E-1;;
30/11/2021  10:22:49,612222;9,333650E-1;1,241871E-1;1,224705E-1;9,444797E-1;;
30/11/2021  10:22:49,612322;9,327630E-1;1,283286E-1;1,316326E-1;9,441998E-1;;
30/11/2021  10:22:49,612422;9,321133E-1;1,245056E-1;1,373193E-1;9,439154E-1;;
30/11/2021  10:22:49,612522;9,329865E-1;7,958586E-2;1,025668E-1;9,436267E-1;;
30/11/2021  10:22:49,612622;9,332607E-1;1,241871E-1;1,237343E-1;9,433337E-1;;
30/11/2021  10:22:49,612722;9,324173E-1;7,831154E-2;7,887192E-2;9,430365E-1;;
30/11/2021  10:22:49,612822;9,322385E-1;1,506292E-1;1,919756E-1;9,427356E-1;;
30/11/2021  10:22:49,612922;9,319971E-1;1,280100E-1;1,597505E-1;9,424310E-1;;
30/11/2021  10:22:49,613022;9,317199E-1;1,225942E-1;1,268936E-1;9,421231E-1;;
30/11/2021  10:22:49,613122;9,323905E-1;1,311958E-1;1,319485E-1;9,418120E-1;;
30/11/2021  10:22:49,613222;9,326468E-1;1,143111E-1;1,240502E-1;9,414983E-1;;
30/11/2021  10:22:49,613322;9,334723E-1;1,022050E-1;9,814378E-2;9,411824E-1;;
30/11/2021  10:22:49,613422;9,337048E-1;1,299215E-1;1,218387E-1;9,408650E-1;;
30/11/2021  10:22:49,613522;9,332160E-1;1,168597E-1;1,332122E-1;9,405469E-1;;
30/11/2021  10:22:49,613622;9,330968E-1;1,286472E-1;1,224705E-1;9,402287E-1;;
30/11/2021  10:22:49,613722;9,328822E-1;5,186940E-2;1,221546E-1;9,399113E-1;;
30/11/2021  10:22:49,613822;9,326945E-1;1,155854E-1;1,174156E-1;9,395951E-1;;
30/11/2021  10:22:49,613922;9,328196E-1;1,155854E-1;1,275255E-1;9,392808E-1;;
30/11/2021  10:22:49,614022;9,333889E-1;1,146297E-1;1,259458E-1;9,389690E-1;;
30/11/2021  10:22:49,614122;9,330998E-1;3,785188E-2;7,508074E-2;9,386602E-1;;
30/11/2021  10:22:49,614222;9,323130E-1;9,009900E-2;1,019350E-1;9,383551E-1;;
30/11/2021  10:22:49,614322;9,324084E-1;9,774492E-2;1,117289E-1;9,380541E-1;;
30/11/2021  10:22:49,614422;9,319732E-1;1,146297E-1;1,449017E-1;9,377577E-1;;
30/11/2021  10:22:49,614522;9,324501E-1;1,034794E-1;1,170997E-1;9,374662E-1;;
30/11/2021  10:22:49,614622;9,331654E-1;1,031608E-1;1,041465E-1;9,371799E-1;;
30/11/2021  10:22:49,614722;9,332101E-1;8,691320E-2;1,050943E-1;9,368992E-1;;
30/11/2021  10:22:49,614822;9,332041E-1;8,755036E-2;9,056141E-2;9,366248E-1;;
30/11/2021  10:22:49,614922;9,335707E-1;1,015679E-1;1,388990E-1;9,363570E-1;;
30/11/2021  10:22:49,615022;9,336720E-1;2,829448E-2;5,391329E-2;9,360963E-1;;
30/11/2021  10:22:49,615122;9,348045E-1;1,047537E-1;1,136244E-1;9,358433E-1;;
30/11/2021  10:22:49,615222;9,357761E-1;1,225942E-1;1,319485E-1;9,355985E-1;;
30/11/2021  10:22:49,615322;9,369950E-1;7,162136E-2;1,167838E-1;9,353627E-1;;
30/11/2021  10:22:49,615422;9,373646E-1;1,372488E-1;1,167838E-1;9,351368E-1;;
30/11/2021  10:22:49,615522;9,374302E-1;1,592309E-1;1,518522E-1;9,349217E-1;;
30/11/2021  10:22:49,615622;9,375673E-1;1,706997E-1;1,572231E-1;9,347182E-1;;
30/11/2021  10:22:49,615722;9,372484E-1;1,391603E-1;1,524841E-1;9,345272E-1;;
30/11/2021  10:22:49,615822;9,381007E-1;1,362931E-1;1,411105E-1;9,343491E-1;;
30/11/2021  10:22:49,615922;9,392899E-1;1,366117E-1;1,404787E-1;9,341847E-1;;
30/11/2021  10:22:49,616022;9,397697E-1;1,334259E-1;1,303688E-1;9,340345E-1;;
30/11/2021  10:22:49,616122;9,391885E-1;1,394789E-1;1,433221E-1;9,338993E-1;;
30/11/2021  10:22:49,616222;9,389024E-1;1,168597E-1;1,278414E-1;9,337794E-1;;
30/11/2021  10:22:49,616322;9,389084E-1;1,372488E-1;1,474292E-1;9,336752E-1;;
30/11/2021  10:22:49,616422;9,385895E-1;1,165411E-1;1,850251E-1;9,335868E-1;;
30/11/2021  10:22:49,616522;9,389054E-1;-5,914200E-5;3,274585E-2;9,335143E-1;;
30/11/2021  10:22:49,616622;9,389889E-1;7,735580E-2;8,424277E-2;9,334574E-1;;
30/11/2021  10:22:49,616722;9,395462E-1;1,127182E-1;1,092014E-1;9,334161E-1;;
30/11/2021  10:22:49,616822;9,390008E-1;2,829448E-2;3,938042E-2;9,333902E-1;;
30/11/2021  10:22:49,616922;9,392213E-1;1,455319E-1;1,480610E-1;9,333794E-1;;
30/11/2021  10:22:49,617022;9,382438E-1;1,582751E-1;1,572231E-1;9,333833E-1;;
30/11/2021  10:22:49,617122;9,379964E-1;1,321516E-1;1,452176E-1;9,334014E-1;;
30/11/2021  10:22:49,617222;9,387087E-1;1,162226E-1;7,887192E-2;9,334330E-1;;
30/11/2021  10:22:49,617322;9,389859E-1;1,283286E-1;1,341600E-1;9,334775E-1;;
30/11/2021  10:22:49,617422;9,394568E-1;8,850610E-2;9,656411E-2;9,335342E-1;;
30/11/2021  10:22:49,617522;9,390991E-1;1,296029E-1;1,297370E-1;9,336027E-1;;
30/11/2021  10:22:49,617622;9,387951E-1;1,292843E-1;1,044624E-1;9,336823E-1;;
30/11/2021  10:22:49,617722;9,386849E-1;1,327887E-1;1,253139E-1;9,337723E-1;;
30/11/2021  10:22:49,617822;9,386968E-1;1,053908E-1;1,177316E-1;9,338721E-1;;
30/11/2021  10:22:49,617922;9,393137E-1;1,229127E-1;1,246821E-1;9,339809E-1;;
30/11/2021  10:22:49,618022;9,395521E-1;1,174969E-1;1,186794E-1;9,340980E-1;;
30/11/2021  10:22:49,618122;9,394478E-1;1,334259E-1;1,281573E-1;9,342228E-1;;
30/11/2021  10:22:49,618222;9,396386E-1;8,691320E-2;9,498445E-2;9,343548E-1;;
30/11/2021  10:22:49,618322;9,388458E-1;1,159040E-1;1,000394E-1;9,344932E-1;;
30/11/2021  10:22:49,618422;9,384733E-1;1,190898E-1;1,629098E-1;9,346375E-1;;
30/11/2021  10:22:49,618522;9,383302E-1;9,487770E-2;1,256299E-1;9,347868E-1;;
30/11/2021  10:22:49,618622;9,391558E-1;1,203641E-1;1,354238E-1;9,349403E-1;;
30/11/2021  10:22:49,618722;9,387147E-1;1,136739E-1;1,625939E-1;9,350973E-1;;
30/11/2021  10:22:49,618822;9,388995E-1;1,509478E-1;1,859729E-1;9,352571E-1;;
30/11/2021  10:22:49,618922;9,384941E-1;1,229127E-1;1,196272E-1;9,354190E-1;;
30/11/2021  10:22:49,619022;9,374451E-1;1,219570E-1;1,218387E-1;9,355823E-1;;
30/11/2021  10:22:49,619122;9,376686E-1;1,519035E-1;1,806020E-1;9,357463E-1;;
30/11/2021  10:22:49,619222;9,375792E-1;3,976336E-2;1,234183E-1;9,359101E-1;;
30/11/2021  10:22:49,619322;9,381127E-1;1,248242E-1;1,136244E-1;9,360730E-1;;
30/11/2021  10:22:49,619422;9,384017E-1;1,257800E-1;1,534319E-1;9,362343E-1;;
30/11/2021  10:22:49,619522;9,376626E-1;1,267357E-1;1,189953E-1;9,363934E-1;;
30/11/2021  10:22:49,619622;9,375285E-1;1,095324E-1;1,060421E-1;9,365498E-1;;
30/11/2021  10:22:49,619722;9,370517E-1;1,264171E-1;1,133085E-1;9,367029E-1;;
30/11/2021  10:22:49,619822;9,367924E-1;1,095324E-1;9,877564E-2;9,368522E-1;;
30/11/2021  10:22:49,619922;9,373735E-1;1,203641E-1;1,031987E-1;9,369970E-1;;
30/11/2021  10:22:49,620022;9,379219E-1;1,461691E-1;1,783905E-1;9,371369E-1;;
30/11/2021  10:22:49,620122;9,380858E-1;1,229127E-1;9,182514E-2;9,372715E-1;;
30/11/2021  10:22:49,620222;9,370815E-1;1,254614E-1;1,347919E-1;9,374006E-1;;
30/11/2021  10:22:49,620322;9,378772E-1;1,420275E-1;1,414265E-1;9,375240E-1;;
30/11/2021  10:22:49,620422;9,376835E-1;1,264171E-1;1,243661E-1;9,376414E-1;;
30/11/2021  10:22:49,620522;9,377193E-1;1,302401E-1;1,332122E-1;9,377527E-1;;
30/11/2021  10:22:49,620622;9,386104E-1;1,276914E-1;1,335282E-1;9,378579E-1;;
30/11/2021  10:22:49,620722;9,389322E-1;6,493118E-2;8,045158E-2;9,379569E-1;;
30/11/2021  10:22:49,620822;9,393316E-1;1,187712E-1;1,224705E-1;9,380500E-1;;
30/11/2021  10:22:49,620922;9,383481E-1;1,254614E-1;1,177316E-1;9,381374E-1;;
30/11/2021  10:22:49,621022;9,384435E-1;1,232313E-1;1,183634E-1;9,382192E-1;;
30/11/2021  10:22:49,621122;9,390544E-1;1,410718E-1;1,344760E-1;9,382957E-1;;
30/11/2021  10:22:49,621222;9,386610E-1;1,706997E-1;1,787064E-1;9,383669E-1;;
30/11/2021  10:22:49,621322;9,397518E-1;1,270543E-1;1,215227E-1;9,384332E-1;;
30/11/2021  10:22:49,621422;9,400886E-1;1,366117E-1;1,404787E-1;9,384948E-1;;
30/11/2021  10:22:49,621522;9,413135E-1;1,012493E-1;9,845971E-2;9,385521E-1;;
30/11/2021  10:22:49,621622;9,404731E-1;5,664810E-2;8,677022E-2;9,386058E-1;;
30/11/2021  10:22:49,621722;9,408903E-1;1,337445E-1;1,300529E-1;9,386563E-1;;
30/11/2021  10:22:49,621822;9,407830E-1;1,327887E-1;1,328963E-1;9,387042E-1;;
30/11/2021  10:22:49,621922;9,407949E-1;1,315144E-1;1,294210E-1;9,387499E-1;;
30/11/2021  10:22:49,622022;9,421659E-1;1,442576E-1;1,347919E-1;9,387938E-1;;
30/11/2021  10:22:49,622122;9,419334E-1;1,324701E-1;1,237343E-1;9,388365E-1;;
30/11/2021  10:22:49,622222;9,415489E-1;1,429833E-1;1,357397E-1;9,388784E-1;;
30/11/2021  10:22:49,622322;9,413522E-1;1,101695E-1;1,164678E-1;9,389201E-1;;
30/11/2021  10:22:49,622422;9,413969E-1;1,229127E-1;1,212068E-1;9,389619E-1;;
30/11/2021  10:22:49,622522;9,407621E-1;1,162226E-1;1,205749E-1;9,390040E-1;;
30/11/2021  10:22:49,622622;9,416324E-1;1,082581E-1;1,139404E-1;9,390465E-1;;
30/11/2021  10:22:49,622722;9,415251E-1;1,178155E-1;1,297370E-1;9,390896E-1;;
30/11/2021  10:22:49,622822;9,411615E-1;1,149482E-1;7,539667E-2;9,391336E-1;;
30/11/2021  10:22:49,622922;9,409708E-1;1,178155E-1;1,575390E-1;9,391784E-1;;
30/11/2021  10:22:49,623022;9,410155E-1;1,053908E-1;1,186794E-1;9,392241E-1;;
30/11/2021  10:22:49,623122;9,399873E-1;1,053908E-1;1,110970E-1;9,392706E-1;;
30/11/2021  10:22:49,623222;9,404194E-1;1,028422E-1;1,123607E-1;9,393178E-1;;
30/11/2021  10:22:49,623322;9,408277E-1;-2,395264E-2;7,097362E-2;9,393656E-1;;
30/11/2021  10:22:49,623422;9,409737E-1;1,111253E-1;1,142563E-1;9,394138E-1;;
30/11/2021  10:22:49,623522;9,416860E-1;1,487177E-1;1,989261E-1;9,394623E-1;;
30/11/2021  10:22:49,623622;9,412420E-1;1,324701E-1;1,332122E-1;9,395112E-1;;
30/11/2021  10:22:49,623722;9,410453E-1;1,340630E-1;1,360556E-1;9,395605E-1;;
30/11/2021  10:22:49,623822;9,409529E-1;1,576380E-1;1,420583E-1;9,396102E-1;;
30/11/2021  10:22:49,623922;9,417695E-1;1,703812E-1;1,569071E-1;9,396601E-1;;
30/11/2021  10:22:49,624022;9,420437E-1;1,605052E-1;1,047783E-1;9,397105E-1;;
30/11/2021  10:22:49,624122;9,426576E-1;1,812129E-1;1,597505E-1;9,397612E-1;;
30/11/2021  10:22:49,624222;9,425593E-1;1,483991E-1;1,221546E-1;9,398126E-1;;
30/11/2021  10:22:49,624322;9,423834E-1;1,455319E-1;1,392149E-1;9,398647E-1;;
30/11/2021  10:22:49,624422;9,421390E-1;1,308772E-1;1,420583E-1;9,399177E-1;;
30/11/2021  10:22:49,624522;9,419185E-1;1,582751E-1;1,546956E-1;9,399717E-1;;
30/11/2021  10:22:49,624622;9,427440E-1;1,245056E-1;1,199431E-1;9,400267E-1;;
30/11/2021  10:22:49,624722;9,428066E-1;1,366117E-1;1,360556E-1;9,400827E-1;;
30/11/2021  10:22:49,624822;9,426755E-1;7,640006E-2;1,199431E-1;9,401397E-1;;
30/11/2021  10:22:49,624922;9,427738E-1;2,028763E-1;2,219891E-1;9,401979E-1;;
30/11/2021  10:22:49,625022;9,417963E-1;1,302401E-1;1,376353E-1;9,402572E-1;;
30/11/2021  10:22:49,625122;9,415579E-1;1,385232E-1;1,363715E-1;9,403175E-1;;
30/11/2021  10:22:49,625222;9,411645E-1;1,276914E-1;1,215227E-1;9,403786E-1;;
30/11/2021  10:22:49,625322;9,415430E-1;1,076209E-1;1,202590E-1;9,404403E-1;;
30/11/2021  10:22:49,625422;9,421688E-1;1,213198E-1;1,202590E-1;9,405022E-1;;
30/11/2021  10:22:49,625522;9,417516E-1;1,366117E-1;1,401627E-1;9,405642E-1;;
30/11/2021  10:22:49,625622;9,411466E-1;1,251428E-1;1,344760E-1;9,406260E-1;;
30/11/2021  10:22:49,625722;9,413850E-1;1,248242E-1;1,139404E-1;9,406875E-1;;
30/11/2021  10:22:49,625822;9,406847E-1;4,103768E-2;1,101492E-1;9,407484E-1;;
30/11/2021  10:22:49,625922;9,412390E-1;1,413904E-1;1,490088E-1;9,408083E-1;;
30/11/2021  10:22:49,626022;9,421390E-1;4,517922E-2;9,214107E-2;9,408671E-1;;
30/11/2021  10:22:49,626122;9,420943E-1;1,302401E-1;1,385831E-1;9,409247E-1;;
30/11/2021  10:22:49,626222;9,423536E-1;9,169190E-2;1,376353E-1;9,409809E-1;;
30/11/2021  10:22:49,626322;9,422195E-1;1,241871E-1;1,227865E-1;9,410359E-1;;
30/11/2021  10:22:49,626422;9,422285E-1;1,171783E-1;1,092014E-1;9,410896E-1;;
30/11/2021  10:22:49,626522;9,425473E-1;1,474434E-1;1,565912E-1;9,411422E-1;;
30/11/2021  10:22:49,626622;9,436501E-1;1,292843E-1;1,278414E-1;9,411936E-1;;
30/11/2021  10:22:49,626722;9,441835E-1;1,280100E-1;1,243661E-1;9,412441E-1;;
30/11/2021  10:22:49,626822;9,443266E-1;1,245056E-1;1,294210E-1;9,412941E-1;;
30/11/2021  10:22:49,626922;9,452833E-1;6,078964E-2;9,214107E-2;9,413439E-1;;
30/11/2021  10:22:49,627022;9,453250E-1;1,267357E-1;1,275255E-1;9,413939E-1;;
30/11/2021  10:22:49,627122;9,450329E-1;1,289658E-1;1,240502E-1;9,414447E-1;;
30/11/2021  10:22:49,627222;9,449465E-1;1,184526E-1;1,155200E-1;9,414967E-1;;
30/11/2021  10:22:49,627322;9,455217E-1;1,289658E-1;1,275255E-1;9,415502E-1;;
30/11/2021  10:22:49,627422;9,458406E-1;1,557265E-1;1,777586E-1;9,416055E-1;;
30/11/2021  10:22:49,627522;9,462489E-1;1,120810E-1;1,142563E-1;9,416629E-1;;
30/11/2021  10:22:49,627622;9,465856E-1;1,241871E-1;1,499566E-1;9,417228E-1;;
30/11/2021  10:22:49,627722;9,454263E-1;1,362931E-1;1,436380E-1;9,417855E-1;;
30/11/2021  10:22:49,627822;9,460105E-1;1,382046E-1;1,363715E-1;9,418512E-1;;
30/11/2021  10:22:49,627922;9,463532E-1;1,356559E-1;1,291051E-1;9,419200E-1;;
30/11/2021  10:22:49,628022;9,465886E-1;1,302401E-1;1,294210E-1;9,419920E-1;;
30/11/2021  10:22:49,628122;9,477927E-1;1,375674E-1;1,268936E-1;9,420674E-1;;
30/11/2021  10:22:49,628222;9,477301E-1;1,378860E-1;1,581709E-1;9,421464E-1;;
30/11/2021  10:22:49,628322;9,474410E-1;9,615202E-2;4,980618E-2;9,422294E-1;;
30/11/2021  10:22:49,628422;9,476913E-1;5,664810E-2;3,495737E-2;9,423163E-1;;
30/11/2021  10:22:49,628522;9,481592E-1;-1,981110E-2;3,906449E-2;9,424075E-1;;
30/11/2021  10:22:49,628622;9,486510E-1;1,554079E-1;1,376353E-1;9,425031E-1;;
30/11/2021  10:22:49,628722;9,492649E-1;3,466608E-2;8,297904E-2;9,426031E-1;;
30/11/2021  10:22:49,628822;9,503855E-1;8,595746E-2;8,677022E-2;9,427079E-1;;
30/11/2021  10:22:49,628922;9,498342E-1;1,245056E-1;1,107811E-1;9,428177E-1;;
30/11/2021  10:22:49,629022;9,503975E-1;1,496735E-1;1,518522E-1;9,429329E-1;;
30/11/2021  10:22:49,629122;9,502484E-1;1,171783E-1;1,382671E-1;9,430536E-1;;
30/11/2021  10:22:49,629222;9,506269E-1;1,264171E-1;1,344760E-1;9,431800E-1;;
30/11/2021  10:22:49,629322;9,510770E-1;1,181340E-1;1,183634E-1;9,433123E-1;;
30/11/2021  10:22:49,629422;9,521350E-1;1,260985E-1;1,265777E-1;9,434504E-1;;
30/11/2021  10:22:49,629522;9,525939E-1;1,034794E-1;1,050943E-1;9,435947E-1;;
30/11/2021  10:22:49,629622;9,526267E-1;1,127182E-1;1,177316E-1;9,437454E-1;;
30/11/2021  10:22:49,629722;9,528532E-1;1,104881E-1;1,152041E-1;9,439026E-1;;
30/11/2021  10:22:49,629822;9,525105E-1;1,337445E-1;1,259458E-1;9,440665E-1;;
30/11/2021  10:22:49,629922;9,529456E-1;1,241871E-1;1,202590E-1;9,442372E-1;;
30/11/2021  10:22:49,630022;9,531870E-1;1,296029E-1;1,300529E-1;9,444146E-1;;
30/11/2021  10:22:49,630122;9,536043E-1;1,088952E-1;1,133085E-1;9,445985E-1;;
30/11/2021  10:22:49,630222;9,538755E-1;1,117624E-1;1,013031E-1;9,447890E-1;;
30/11/2021  10:22:49,630322;9,535536E-1;1,302401E-1;1,294210E-1;9,449860E-1;;
30/11/2021  10:22:49,630422;9,529575E-1;1,850358E-1;1,474292E-1;9,451892E-1;;
30/11/2021  10:22:49,630522;9,524986E-1;-1,821820E-2;1,041465E-1;9,453983E-1;;
30/11/2021  10:22:49,630622;9,523078E-1;1,270543E-1;1,461654E-1;9,456128E-1;;
30/11/2021  10:22:49,630722;9,529337E-1;8,691320E-2;1,069899E-1;9,458321E-1;;
30/11/2021  10:22:49,630822;9,527936E-1;1,136739E-1;1,180475E-1;9,460557E-1;;
30/11/2021  10:22:49,630922;9,522959E-1;1,165411E-1;1,455336E-1;9,462829E-1;;
30/11/2021  10:22:49,631022;9,517893E-1;1,047537E-1;1,117289E-1;9,465131E-1;;
30/11/2021  10:22:49,631122;9,517147E-1;1,076209E-1;1,142563E-1;9,467456E-1;;
30/11/2021  10:22:49,631222;9,514584E-1;9,774492E-2;1,073058E-1;9,469796E-1;;
30/11/2021  10:22:49,631322;9,514614E-1;1,455319E-1;1,196272E-1;9,472142E-1;;
30/11/2021  10:22:49,631422;9,515508E-1;8,786894E-2;8,961361E-2;9,474488E-1;;
30/11/2021  10:22:49,631522;9,516313E-1;1,257800E-1;1,572231E-1;9,476824E-1;;
30/11/2021  10:22:49,631622;9,515955E-1;1,012493E-1;9,593225E-2;9,479145E-1;;
30/11/2021  10:22:49,631722;9,508743E-1;3,126658E-3;5,991600E-2;9,481444E-1;;
30/11/2021  10:22:49,631822;9,499266E-1;6,206396E-2;6,339125E-2;9,483713E-1;;
30/11/2021  10:22:49,631922;9,495242E-1;4,645354E-2;6,465498E-2;9,485944E-1;;
30/11/2021  10:22:49,632022;9,494587E-1;1,047537E-1;1,047783E-1;9,488129E-1;;
30/11/2021  10:22:49,632122;9,500219E-1;1,241871E-1;1,433221E-1;9,490258E-1;;
30/11/2021  10:22:49,632222;9,497448E-1;1,299215E-1;1,332122E-1;9,492324E-1;;
30/11/2021  10:22:49,632322;9,492411E-1;1,490363E-1;1,556434E-1;9,494322E-1;;
30/11/2021  10:22:49,632422;9,488537E-1;1,882216E-1;1,708081E-1;9,496243E-1;;
30/11/2021  10:22:49,632522;9,481175E-1;1,700626E-1;1,597505E-1;9,498083E-1;;
30/11/2021  10:22:49,632622;9,473546E-1;1,636910E-1;1,546956E-1;9,499834E-1;;
30/11/2021  10:22:49,632722;9,482427E-1;1,433019E-1;1,401627E-1;9,501489E-1;;
30/11/2021  10:22:49,632822;9,482040E-1;1,318330E-1;1,366875E-1;9,503041E-1;;
30/11/2021  10:22:49,632922;9,479357E-1;1,127182E-1;1,221546E-1;9,504487E-1;;
30/11/2021  10:22:49,633022;9,474529E-1;1,095324E-1;1,142563E-1;9,505823E-1;;
30/11/2021  10:22:49,633122;9,465797E-1;1,088952E-1;1,044624E-1;9,507046E-1;;
30/11/2021  10:22:49,633222;9,460403E-1;6,110822E-2;6,181159E-2;9,508150E-1;;
30/11/2021  10:22:49,633322;9,458108E-1;7,767438E-2;9,277293E-2;9,509132E-1;;
30/11/2021  10:22:49,633422;9,457810E-1;6,716124E-2;9,466852E-2;9,509987E-1;;
30/11/2021  10:22:49,633522;9,457035E-1;5,038138E-3;7,918786E-2;9,510712E-1;;
30/11/2021  10:22:49,633622;9,455127E-1;1,225942E-1;1,344760E-1;9,511305E-1;;
30/11/2021  10:22:49,633722;9,449107E-1;1,213198E-1;1,208909E-1;9,511764E-1;;
30/11/2021  10:22:49,633822;9,442998E-1;1,254614E-1;1,249980E-1;9,512087E-1;;
30/11/2021  10:22:49,633922;9,438170E-1;1,308772E-1;1,401627E-1;9,512273E-1;;
30/11/2021  10:22:49,634022;9,443385E-1;1,213198E-1;1,234183E-1;9,512320E-1;;
30/11/2021  10:22:49,634122;9,439749E-1;1,222756E-1;1,212068E-1;9,512227E-1;;
30/11/2021  10:22:49,634222;9,440792E-1;1,273729E-1;1,354238E-1;9,511996E-1;;
30/11/2021  10:22:49,634322;9,438766E-1;1,308772E-1;1,237343E-1;9,511627E-1;;
30/11/2021  10:22:49,634422;9,435428E-1;1,123996E-1;1,205749E-1;9,511123E-1;;
30/11/2021  10:22:49,634522;9,425801E-1;1,159040E-1;1,120448E-1;9,510485E-1;;
30/11/2021  10:22:49,634622;9,426248E-1;1,181340E-1;1,183634E-1;9,509716E-1;;
30/11/2021  10:22:49,634722;9,424699E-1;1,260985E-1;1,227865E-1;9,508818E-1;;
30/11/2021  10:22:49,634822;9,428633E-1;9,232906E-2;1,392149E-1;9,507792E-1;;
30/11/2021  10:22:49,634922;9,429050E-1;1,069837E-1;1,069899E-1;9,506644E-1;;
30/11/2021  10:22:49,635022;9,426487E-1;1,280100E-1;1,341600E-1;9,505376E-1;;
30/11/2021  10:22:49,635122;9,418112E-1;1,257800E-1;1,294210E-1;9,503995E-1;;
30/11/2021  10:22:49,635222;9,411943E-1;1,044351E-1;1,133085E-1;9,502504E-1;;
30/11/2021  10:22:49,635322;9,415221E-1;1,235499E-1;1,262617E-1;9,500908E-1;;
30/11/2021  10:22:49,635422;9,413403E-1;1,270543E-1;1,240502E-1;9,499209E-1;;
30/11/2021  10:22:49,635522;9,410989E-1;1,088952E-1;1,120448E-1;9,497414E-1;;
30/11/2021  10:22:49,635622;9,407830E-1;1,413904E-1;1,578549E-1;9,495526E-1;;
30/11/2021  10:22:49,635722;9,405297E-1;1,273729E-1;1,259458E-1;9,493550E-1;;
30/11/2021  10:22:49,635822;9,393614E-1;1,254614E-1;1,256299E-1;9,491490E-1;;
30/11/2021  10:22:49,635922;9,383392E-1;1,152668E-1;1,120448E-1;9,489350E-1;;
30/11/2021  10:22:49,636022;9,381901E-1;1,203641E-1;1,335282E-1;9,487131E-1;;
30/11/2021  10:22:49,636122;9,377193E-1;1,245056E-1;1,199431E-1;9,484835E-1;;
30/11/2021  10:22:49,636222;9,372573E-1;9,742634E-2;1,445858E-1;9,482463E-1;;
30/11/2021  10:22:49,636322;9,365361E-1;-5,708496E-2;-3,296801E-2;9,480016E-1;;
30/11/2021  10:22:49,636422;9,357463E-1;1,213198E-1;1,041465E-1;9,477495E-1;;
30/11/2021  10:22:49,636522;9,355466E-1;1,327887E-1;1,404787E-1;9,474900E-1;;
30/11/2021  10:22:49,636622;9,351204E-1;1,343816E-1;1,325804E-1;9,472232E-1;;
30/11/2021  10:22:49,636722;9,348403E-1;1,073023E-1;1,145722E-1;9,469490E-1;;
30/11/2021  10:22:49,636822;9,346764E-1;1,229127E-1;1,316326E-1;9,466676E-1;;
30/11/2021  10:22:49,636922;9,342204E-1;1,350188E-1;1,354238E-1;9,463790E-1;;
30/11/2021  10:22:49,637022;9,342353E-1;1,751599E-1;2,178820E-1;9,460835E-1;;
30/11/2021  10:22:49,637122;9,334992E-1;9,296622E-2;1,110970E-1;9,457813E-1;;
30/11/2021  10:22:49,637222;9,329120E-1;1,254614E-1;1,281573E-1;9,454726E-1;;
30/11/2021  10:22:49,637322;9,327779E-1;1,292843E-1;1,316326E-1;9,451575E-1;;
30/11/2021  10:22:49,637422;9,328494E-1;1,289658E-1;1,338441E-1;9,448362E-1;;
30/11/2021  10:22:49,637522;9,330312E-1;1,114439E-1;1,088855E-1;9,445091E-1;;
30/11/2021  10:22:49,637622;9,326855E-1;1,267357E-1;1,129926E-1;9,441765E-1;;
30/11/2021  10:22:49,637722;9,325484E-1;1,525407E-1;1,625939E-1;9,438388E-1;;
30/11/2021  10:22:49,637822;9,323398E-1;1,267357E-1;1,246821E-1;9,434965E-1;;
30/11/2021  10:22:49,637922;9,314487E-1;1,280100E-1;1,325804E-1;9,431501E-1;;
30/11/2021  10:22:49,638022;9,314576E-1;1,461691E-1;1,496407E-1;9,427998E-1;;
30/11/2021  10:22:49,638122;9,317080E-1;9,838208E-2;1,306848E-1;9,424462E-1;;
30/11/2021  10:22:49,638222;9,315351E-1;1,522221E-1;1,581709E-1;9,420897E-1;;
30/11/2021  10:22:49,638322;9,310881E-1;1,815315E-1;1,926074E-1;9,417307E-1;;
30/11/2021  10:22:49,638422;9,304861E-1;1,254614E-1;1,303688E-1;9,413697E-1;;
30/11/2021  10:22:49,638522;9,303430E-1;1,254614E-1;1,275255E-1;9,410072E-1;;
30/11/2021  10:22:49,638622;9,293565E-1;1,955490E-1;1,954508E-1;9,406435E-1;;
30/11/2021  10:22:49,638722;9,295950E-1;1,299215E-1;1,518522E-1;9,402788E-1;;
30/11/2021  10:22:49,638822;9,299735E-1;1,410718E-1;1,265777E-1;9,399136E-1;;
30/11/2021  10:22:49,638922;9,295205E-1;1,324701E-1;1,328963E-1;9,395480E-1;;
30/11/2021  10:22:49,639022;9,292016E-1;1,197269E-1;9,024547E-2;9,391826E-1;;
30/11/2021  10:22:49,639122;9,290764E-1;1,579565E-1;2,001898E-1;9,388177E-1;;
30/11/2021  10:22:49,639222;9,289304E-1;2,041506E-1;2,311511E-1;9,384536E-1;;
30/11/2021  10:22:49,639322;9,287366E-1;5,951532E-2;7,255328E-2;9,380908E-1;;
30/11/2021  10:22:49,639422;9,292880E-1;1,031608E-1;1,073058E-1;9,377295E-1;;
30/11/2021  10:22:49,639522;9,299586E-1;1,378860E-1;1,793383E-1;9,373702E-1;;
30/11/2021  10:22:49,639622;9,302566E-1;1,034794E-1;1,196272E-1;9,370136E-1;;
30/11/2021  10:22:49,639722;9,304801E-1;1,037979E-1;1,373193E-1;9,366602E-1;;
30/11/2021  10:22:49,639822;9,299913E-1;1,050723E-1;1,272095E-1;9,363107E-1;;
30/11/2021  10:22:49,639922;9,294698E-1;1,057094E-1;1,158360E-1;9,359659E-1;;
30/11/2021  10:22:49,640022;9,302566E-1;1,022050E-1;1,123607E-1;9,356263E-1;;
30/11/2021  10:22:49,640122;9,306977E-1;9,487770E-2;1,126766E-1;9,352924E-1;;
30/11/2021  10:22:49,640222;9,309629E-1;1,066652E-1;1,038306E-1;9,349648E-1;;
30/11/2021  10:22:49,640322;9,310613E-1;1,812129E-1;2,058766E-1;9,346443E-1;;
30/11/2021  10:22:49,640422;9,310941E-1;1,286472E-1;1,430061E-1;9,343315E-1;;
30/11/2021  10:22:49,640522;9,304980E-1;1,343816E-1;1,360556E-1;9,340269E-1;;
30/11/2021  10:22:49,640622;9,301046E-1;2,417431E-1;2,172501E-1;9,337310E-1;;
30/11/2021  10:22:49,640722;9,301463E-1;1,315144E-1;1,246821E-1;9,334443E-1;;
30/11/2021  10:22:49,640822;9,305218E-1;1,735670E-1;1,565912E-1;9,331670E-1;;
30/11/2021  10:22:49,640922;9,303222E-1;1,608238E-1;1,550115E-1;9,328992E-1;;
30/11/2021  10:22:49,641022;9,304622E-1;1,136739E-1;8,550650E-2;9,326414E-1;;
30/11/2021  10:22:49,641122;9,301523E-1;1,732484E-1;1,663851E-1;9,323935E-1;;
30/11/2021  10:22:49,641222;9,298781E-1;1,257800E-1;1,417424E-1;9,321559E-1;;
30/11/2021  10:22:49,641322;9,291181E-1;1,296029E-1;1,351078E-1;9,319284E-1;;
30/11/2021  10:22:49,641422;9,290764E-1;1,264171E-1;1,325804E-1;9,317110E-1;;
30/11/2021  10:22:49,641522;9,303132E-1;1,324701E-1;1,335282E-1;9,315036E-1;;
30/11/2021  10:22:49,641622;9,299764E-1;1,254614E-1;1,297370E-1;9,313060E-1;;
30/11/2021  10:22:49,641722;9,302685E-1;1,270543E-1;1,076217E-1;9,311183E-1;;
30/11/2021  10:22:49,641822;9,305487E-1;1,503106E-1;1,717559E-1;9,309403E-1;;
30/11/2021  10:22:49,641922;9,304950E-1;8,309024E-2;7,792413E-2;9,307722E-1;;
30/11/2021  10:22:49,642022;9,304205E-1;1,206827E-1;1,193112E-1;9,306139E-1;;
30/11/2021  10:22:49,642122;9,313325E-1;1,347002E-1;1,278414E-1;9,304655E-1;;
30/11/2021  10:22:49,642222;9,314576E-1;7,608148E-2;8,361090E-2;9,303269E-1;;
30/11/2021  10:22:49,642322;9,322593E-1;4,581638E-2;5,928414E-2;9,301982E-1;;
30/11/2021  10:22:49,642422;9,326408E-1;1,184526E-1;1,212068E-1;9,300796E-1;;
30/11/2021  10:22:49,642522;9,329120E-1;1,761156E-1;1,474292E-1;9,299713E-1;;
30/11/2021  10:22:49,642622;9,333501E-1;1,149482E-1;1,824976E-1;9,298736E-1;;
30/11/2021  10:22:49,642722;9,336660E-1;1,525407E-1;1,840773E-1;9,297866E-1;;
30/11/2021  10:22:49,642822;9,341489E-1;7,193994E-2;1,120448E-1;9,297106E-1;;
30/11/2021  10:22:49,642922;9,352039E-1;1,331073E-1;1,325804E-1;9,296459E-1;;
30/11/2021  10:22:49,643022;9,359549E-1;1,187712E-1;1,524841E-1;9,295928E-1;;
30/11/2021  10:22:49,643122;9,359192E-1;1,171783E-1;1,098333E-1;9,295516E-1;;
30/11/2021  10:22:49,643222;9,361725E-1;7,512574E-2;9,119327E-2;9,295227E-1;;
30/11/2021  10:22:49,643322;9,364914E-1;2,172124E-1;1,550115E-1;9,295065E-1;;
30/11/2021  10:22:49,643422;9,371083E-1;8,468314E-2;1,050943E-1;9,295031E-1;;
30/11/2021  10:22:49,643522;9,381246E-1;1,178155E-1;1,120448E-1;9,295128E-1;;
30/11/2021  10:22:49,643622;9,384524E-1;1,299215E-1;1,411105E-1;9,295358E-1;;
30/11/2021  10:22:49,643722;9,388786E-1;1,350188E-1;1,139404E-1;9,295725E-1;;
30/11/2021  10:22:49,643822;9,389769E-1;1,324701E-1;1,354238E-1;9,296230E-1;;
30/11/2021  10:22:49,643922;9,389501E-1;1,459554E-2;6,212753E-2;9,296875E-1;;
30/11/2021  10:22:49,644022;9,388577E-1;1,426647E-1;1,461654E-1;9,297660E-1;;
30/11/2021  10:22:49,644122;9,397399E-1;1,178155E-1;1,013031E-1;9,298585E-1;;
30/11/2021  10:22:49,644222;9,404611E-1;1,302401E-1;1,588027E-1;9,299649E-1;;
30/11/2021  10:22:49,644322;9,411257E-1;1,426647E-1;1,559593E-1;9,300851E-1;;
30/11/2021  10:22:49,644422;9,407264E-1;1,404346E-1;1,660692E-1;9,302191E-1;;
30/11/2021  10:22:49,644522;9,412926E-1;1,350188E-1;1,079377E-1;9,303667E-1;;
30/11/2021  10:22:49,644622;9,407055E-1;1,232313E-1;1,243661E-1;9,305277E-1;;
30/11/2021  10:22:49,644722;9,407055E-1;1,315144E-1;1,297370E-1;9,307018E-1;;
30/11/2021  10:22:49,644822;9,425175E-1;1,302401E-1;1,303688E-1;9,308887E-1;;
30/11/2021  10:22:49,644922;9,422314E-1;1,382046E-1;1,284732E-1;9,310878E-1;;
30/11/2021  10:22:49,645022;9,430033E-1;1,254614E-1;1,284732E-1;9,312990E-1;;
30/11/2021  10:22:49,645122;9,427351E-1;1,257800E-1;1,167838E-1;9,315218E-1;;
30/11/2021  10:22:49,645222;9,429229E-1;1,181340E-1;1,063580E-1;9,317559E-1;;
30/11/2021  10:22:49,645322;9,422106E-1;4,135626E-2;5,391329E-2;9,320009E-1;;
30/11/2021  10:22:49,645422;9,423417E-1;1,190898E-1;1,123607E-1;9,322561E-1;;
30/11/2021  10:22:49,645522;9,430421E-1;3,498466E-2;9,751191E-2;9,325208E-1;;
30/11/2021  10:22:49,645622;9,433729E-1;1,423461E-1;1,445858E-1;9,327944E-1;;
30/11/2021  10:22:49,645722;9,438348E-1;1,350188E-1;1,376353E-1;9,330762E-1;;
30/11/2021  10:22:49,645822;9,434712E-1;1,219570E-1;1,193112E-1;9,333656E-1;;
30/11/2021  10:22:49,645922;9,435279E-1;1,308772E-1;1,268936E-1;9,336621E-1;;
30/11/2021  10:22:49,646022;9,433908E-1;1,235499E-1;1,344760E-1;9,339648E-1;;
30/11/2021  10:22:49,646122;9,436203E-1;1,315144E-1;1,291051E-1;9,342731E-1;;
30/11/2021  10:22:49,646222;9,436530E-1;1,235499E-1;1,212068E-1;9,345863E-1;;
30/11/2021  10:22:49,646322;9,445054E-1;1,369303E-1;1,411105E-1;9,349035E-1;;
30/11/2021  10:22:49,646422;9,438110E-1;1,369303E-1;1,152041E-1;9,352242E-1;;
30/11/2021  10:22:49,646522;9,429825E-1;1,305587E-1;1,218387E-1;9,355475E-1;;
30/11/2021  10:22:49,646622;9,425414E-1;1,407532E-1;1,291051E-1;9,358728E-1;;
30/11/2021  10:22:49,646722;9,426219E-1;1,225942E-1;1,164678E-1;9,361989E-1;;
30/11/2021  10:22:49,646822;9,429199E-1;1,292843E-1;1,281573E-1;9,365249E-1;;
30/11/2021  10:22:49,646922;9,427560E-1;1,337445E-1;9,308886E-2;9,368499E-1;;
30/11/2021  10:22:49,647022;9,428215E-1;1,127182E-1;9,056141E-2;9,371731E-1;;
30/11/2021  10:22:49,647122;9,424162E-1;1,378860E-1;1,328963E-1;9,374935E-1;;
30/11/2021  10:22:49,647222;9,419334E-1;1,394789E-1;1,313166E-1;9,378104E-1;;
30/11/2021  10:22:49,647322;9,415102E-1;1,178155E-1;1,155200E-1;9,381229E-1;;
30/11/2021  10:22:49,647422;9,418410E-1;1,308772E-1;1,275255E-1;9,384301E-1;;
30/11/2021  10:22:49,647522;9,422165E-1;1,206827E-1;1,227865E-1;9,387311E-1;;
30/11/2021  10:22:49,647622;9,426636E-1;1,143111E-1;1,038306E-1;9,390252E-1;;
30/11/2021  10:22:49,647722;9,424937E-1;1,053908E-1;1,177316E-1;9,393119E-1;;
30/11/2021  10:22:49,647822;9,424371E-1;1,216384E-1;1,249980E-1;9,395908E-1;;
30/11/2021  10:22:49,647922;9,429467E-1;1,206827E-1;1,183634E-1;9,398613E-1;;
30/11/2021  10:22:49,648022;9,419632E-1;9,169190E-2;9,656411E-2;9,401232E-1;;
30/11/2021  10:22:49,648122;9,421063E-1;1,047537E-1;1,073058E-1;9,403761E-1;;
30/11/2021  10:22:49,648222;9,425950E-1;8,786894E-2;1,170997E-1;9,406196E-1;;
30/11/2021  10:22:49,648322;9,431911E-1;8,723178E-2;7,097362E-2;9,408534E-1;;
30/11/2021  10:22:49,648422;9,431196E-1;8,723178E-2;7,602853E-2;9,410776E-1;;
30/11/2021  10:22:49,648522;9,429735E-1;9,360338E-2;9,530039E-2;9,412919E-1;;
30/11/2021  10:22:49,648622;9,430987E-1;1,184526E-1;1,373193E-1;9,414966E-1;;
30/11/2021  10:22:49,648722;9,430808E-1;1,098510E-1;1,227865E-1;9,416914E-1;;
30/11/2021  10:22:49,648822;9,435666E-1;1,082581E-1;9,751191E-2;9,418766E-1;;
30/11/2021  10:22:49,648922;9,440464E-1;1,114439E-1;1,272095E-1;9,420523E-1;;
30/11/2021  10:22:49,649022;9,442282E-1;1,251428E-1;1,278414E-1;9,422187E-1;;
30/11/2021  10:22:49,649122;9,441060E-1;2,331414E-1;1,837613E-1;9,423761E-1;;
30/11/2021  10:22:49,649222;9,431881E-1;1,678325E-1;1,505885E-1;9,425248E-1;;
30/11/2021  10:22:49,649322;9,426666E-1;1,649653E-1;1,417424E-1;9,426650E-1;;
30/11/2021  10:22:49,649422;9,423328E-1;1,636910E-1;1,509044E-1;9,427968E-1;;
30/11/2021  10:22:49,649522;9,428901E-1;1,426647E-1;1,414265E-1;9,429201E-1;;
30/11/2021  10:22:49,649622;9,428007E-1;1,337445E-1;1,221546E-1;9,430351E-1;;
30/11/2021  10:22:49,649722;9,425771E-1;1,302401E-1;1,458495E-1;9,431417E-1;;
30/11/2021  10:22:49,649822;9,419662E-1;1,111253E-1;1,287892E-1;9,432401E-1;;
30/11/2021  10:22:49,649922;9,416085E-1;1,050723E-1;9,909157E-2;9,433303E-1;;
30/11/2021  10:22:49,650022;9,411526E-1;1,936375E-1;2,115634E-1;9,434122E-1;;
30/11/2021  10:22:49,650122;9,411824E-1;1,483991E-1;1,550115E-1;9,434858E-1;;
30/11/2021  10:22:49,650222;9,411913E-1;6,652408E-2;1,221546E-1;9,435509E-1;;
30/11/2021  10:22:49,650322;9,412092E-1;1,410718E-1;1,373193E-1;9,436076E-1;;
30/11/2021  10:22:49,650422;9,413582E-1;5,218798E-2;9,466852E-2;9,436559E-1;;
30/11/2021  10:22:49,650522;9,408814E-1;1,165411E-1;1,303688E-1;9,436958E-1;;
30/11/2021  10:22:49,650622;9,407234E-1;1,276914E-1;1,297370E-1;9,437274E-1;;
30/11/2021  10:22:49,650722;9,403002E-1;1,761156E-1;1,764949E-1;9,437509E-1;;
30/11/2021  10:22:49,650822;9,404671E-1;1,190898E-1;1,196272E-1;9,437662E-1;;
30/11/2021  10:22:49,650922;9,407413E-1;1,391603E-1;1,256299E-1;9,437734E-1;;
30/11/2021  10:22:49,651022;9,409439E-1;1,229127E-1;1,234183E-1;9,437728E-1;;
30/11/2021  10:22:49,651122;9,409588E-1;1,225942E-1;1,253139E-1;9,437644E-1;;
30/11/2021  10:22:49,651222;9,411108E-1;1,264171E-1;1,253139E-1;9,437487E-1;;
30/11/2021  10:22:49,651322;9,406072E-1;1,114439E-1;1,082536E-1;9,437260E-1;;
30/11/2021  10:22:49,651422;9,394896E-1;4,358632E-2;9,119327E-2;9,436966E-1;;
30/11/2021  10:22:49,651522;9,404850E-1;1,146297E-1;1,148882E-1;9,436607E-1;;
30/11/2021  10:22:49,651622;9,408843E-1;1,917260E-1;2,065085E-1;9,436184E-1;;
30/11/2021  10:22:49,651722;9,411317E-1;3,084312E-2;7,666040E-2;9,435702E-1;;
30/11/2021  10:22:49,651822;9,409708E-1;1,104881E-1;1,373193E-1;9,435165E-1;;
30/11/2021  10:22:49,651922;9,404134E-1;1,203641E-1;1,347919E-1;9,434577E-1;;
30/11/2021  10:22:49,652022;9,401124E-1;1,229127E-1;1,278414E-1;9,433942E-1;;
30/11/2021  10:22:49,652122;9,401124E-1;1,120810E-1;1,174156E-1;9,433264E-1;;
30/11/2021  10:22:49,652222;9,399485E-1;1,248242E-1;1,268936E-1;9,432544E-1;;
30/11/2021  10:22:49,652322;9,406876E-1;1,222756E-1;1,145722E-1;9,431785E-1;;
30/11/2021  10:22:49,652422;9,406370E-1;1,267357E-1;1,344760E-1;9,430992E-1;;
30/11/2021  10:22:49,652522;9,401929E-1;1,270543E-1;1,376353E-1;9,430168E-1;;
30/11/2021  10:22:49,652622;9,403002E-1;1,519035E-1;1,891322E-1;9,429317E-1;;
30/11/2021  10:22:49,652722;9,398233E-1;1,238685E-1;1,445858E-1;9,428441E-1;;
30/11/2021  10:22:49,652822;9,401422E-1;1,254614E-1;1,256299E-1;9,427544E-1;;
30/11/2021  10:22:49,652922;9,405356E-1;1,257800E-1;1,328963E-1;9,426628E-1;;
30/11/2021  10:22:49,653022;9,415221E-1;1,037979E-1;1,240502E-1;9,425698E-1;;
30/11/2021  10:22:49,653122;9,413910E-1;4,263058E-2;6,212753E-2;9,424757E-1;;
30/11/2021  10:22:49,653222;9,410125E-1;1,789828E-1;1,654373E-1;9,423812E-1;;
30/11/2021  10:22:49,653322;9,414327E-1;1,248242E-1;1,528000E-1;9,422867E-1;;
30/11/2021  10:22:49,653422;9,415191E-1;1,203641E-1;1,313166E-1;9,421926E-1;;
30/11/2021  10:22:49,653522;9,417754E-1;1,197269E-1;1,265777E-1;9,420995E-1;;
30/11/2021  10:22:49,653622;9,423626E-1;1,181340E-1;1,202590E-1;9,420078E-1;;
30/11/2021  10:22:49,653722;9,431970E-1;1,149482E-1;1,218387E-1;9,419180E-1;;
30/11/2021  10:22:49,653822;9,428662E-1;1,235499E-1;1,215227E-1;9,418308E-1;;
30/11/2021  10:22:49,653922;9,432894E-1;8,309024E-2;1,013031E-1;9,417467E-1;;
30/11/2021  10:22:49,654022;9,430570E-1;1,334259E-1;1,253139E-1;9,416663E-1;;
30/11/2021  10:22:49,654122;9,430391E-1;1,216384E-1;1,212068E-1;9,415901E-1;;
30/11/2021  10:22:49,654222;9,430510E-1;1,311958E-1;1,306848E-1;9,415185E-1;;
30/11/2021  10:22:49,654322;9,434116E-1;1,187712E-1;1,322644E-1;9,414518E-1;;
30/11/2021  10:22:49,654422;9,437782E-1;1,620981E-1;1,569071E-1;9,413904E-1;;
30/11/2021  10:22:49,654522;9,434891E-1;1,184526E-1;1,246821E-1;9,413346E-1;;
30/11/2021  10:22:49,654622;9,428722E-1;3,116170E-2;8,771802E-2;9,412847E-1;;
30/11/2021  10:22:49,654722;9,423059E-1;1,901331E-1;2,068244E-1;9,412407E-1;;
30/11/2021  10:22:49,654822;9,421897E-1;1,225942E-1;1,297370E-1;9,412026E-1;;
30/11/2021  10:22:49,654922;9,423417E-1;1,410718E-1;1,433221E-1;9,411703E-1;;
30/11/2021  10:22:49,655022;9,426636E-1;1,174969E-1;1,158360E-1;9,411435E-1;;
30/11/2021  10:22:49,655122;9,423655E-1;1,468062E-1;1,812339E-1;9,411222E-1;;
30/11/2021  10:22:49,655222;9,420168E-1;1,197269E-1;1,076217E-1;9,411061E-1;;
30/11/2021  10:22:49,655322;9,416085E-1;1,222756E-1;1,101492E-1;9,410950E-1;;
30/11/2021  10:22:49,655422;9,412748E-1;1,092138E-1;9,245700E-2;9,410885E-1;;
30/11/2021  10:22:49,655522;9,407502E-1;1,356559E-1;1,310007E-1;9,410862E-1;;
30/11/2021  10:22:49,655622;9,413284E-1;8,340882E-2;8,076751E-2;9,410877E-1;;
30/11/2021  10:22:49,655722;9,412271E-1;1,353374E-1;1,275255E-1;9,410925E-1;;
30/11/2021  10:22:49,655822;9,412539E-1;1,187712E-1;8,740209E-2;9,411002E-1;;
30/11/2021  10:22:49,655922;9,412569E-1;1,264171E-1;1,338441E-1;9,411104E-1;;
30/11/2021  10:22:49,656022;9,401661E-1;-8,766864E-2;3,048243E-3;9,411228E-1;;
30/11/2021  10:22:49,656122;9,403181E-1;1,136739E-1;1,354238E-1;9,411370E-1;;
30/11/2021  10:22:49,656222;9,408992E-1;5,632952E-2;4,096008E-2;9,411523E-1;;
30/11/2021  10:22:49,656322;9,409171E-1;9,424054E-2;1,281573E-1;9,411686E-1;;
30/11/2021  10:22:49,656422;9,411377E-1;9,551486E-2;1,186794E-1;9,411854E-1;;
30/11/2021  10:22:49,656522;9,409886E-1;1,171783E-1;1,537478E-1;9,412026E-1;;
30/11/2021  10:22:49,656622;9,406698E-1;1,037979E-1;1,098333E-1;9,412199E-1;;
30/11/2021  10:22:49,656722;9,408009E-1;1,012493E-1;1,133085E-1;9,412371E-1;;
30/11/2021  10:22:49,656822;9,403330E-1;9,201048E-2;1,114129E-1;9,412539E-1;;
30/11/2021  10:22:49,656922;9,412986E-1;1,012493E-1;1,139404E-1;9,412703E-1;;
30/11/2021  10:22:49,657022;9,412330E-1;1,047537E-1;1,063580E-1;9,412859E-1;;
30/11/2021  10:22:49,657122;9,413969E-1;9,392196E-2;1,101492E-1;9,413007E-1;;
30/11/2021  10:22:49,657222;9,408367E-1;1,063466E-1;1,145722E-1;9,413148E-1;;
30/11/2021  10:22:49,657322;9,412628E-1;1,037979E-1;1,073058E-1;9,413280E-1;;
30/11/2021  10:22:49,657422;9,406698E-1;1,401161E-1;1,035146E-1;9,413404E-1;;
30/11/2021  10:22:49,657522;9,408694E-1;1,385232E-1;1,202590E-1;9,413517E-1;;
30/11/2021  10:22:49,657622;9,414655E-1;1,490363E-1;1,591187E-1;9,413620E-1;;
30/11/2021  10:22:49,657722;9,420496E-1;1,828058E-1;1,894481E-1;9,413713E-1;;
30/11/2021  10:22:49,657822;9,420765E-1;1,509478E-1;1,742834E-1;9,413797E-1;;
30/11/2021  10:22:49,657922;9,413642E-1;1,474434E-1;1,401627E-1;9,413873E-1;;
30/11/2021  10:22:49,658022;9,420735E-1;1,302401E-1;1,363715E-1;9,413943E-1;;
30/11/2021  10:22:49,658122;9,417874E-1;1,324701E-1;1,420583E-1;9,414008E-1;;
30/11/2021  10:22:49,658222;9,420139E-1;1,280100E-1;1,347919E-1;9,414070E-1;;
30/11/2021  10:22:49,658322;9,428960E-1;1,321516E-1;1,183634E-1;9,414129E-1;;
30/11/2021  10:22:49,658422;9,432269E-1;1,289658E-1;1,423743E-1;9,414188E-1;;
30/11/2021  10:22:49,658522;9,433133E-1;1,280100E-1;1,193112E-1;9,414250E-1;;
30/11/2021  10:22:49,658622;9,433133E-1;1,082581E-1;1,079377E-1;9,414319E-1;;
30/11/2021  10:22:49,658722;9,427291E-1;1,232313E-1;1,212068E-1;9,414398E-1;;
30/11/2021  10:22:49,658822;9,426725E-1;1,296029E-1;1,227865E-1;9,414487E-1;;
30/11/2021  10:22:49,658922;9,434921E-1;1,219570E-1;1,164678E-1;9,414590E-1;;
30/11/2021  10:22:49,659022;9,439451E-1;1,028422E-1;1,256299E-1;9,414707E-1;;
30/11/2021  10:22:49,659122;9,438408E-1;1,012493E-1;8,992954E-2;9,414841E-1;;
30/11/2021  10:22:49,659222;9,444518E-1;1,286472E-1;1,388990E-1;9,414994E-1;;
30/11/2021  10:22:49,659322;9,442610E-1;1,388417E-1;1,449017E-1;9,415170E-1;;
30/11/2021  10:22:49,659422;9,438348E-1;1,127182E-1;1,243661E-1;9,415370E-1;;
30/11/2021  10:22:49,659522;9,440077E-1;1,321516E-1;1,341600E-1;9,415596E-1;;
30/11/2021  10:22:49,659622;9,439719E-1;1,280100E-1;1,338441E-1;9,415850E-1;;
30/11/2021  10:22:49,659722;9,445233E-1;1,181340E-1;1,123607E-1;9,416131E-1;;
30/11/2021  10:22:49,659822;9,444190E-1;1,181340E-1;1,227865E-1;9,416441E-1;;
30/11/2021  10:22:49,659922;9,441239E-1;1,254614E-1;1,287892E-1;9,416781E-1;;
30/11/2021  10:22:49,660022;9,431345E-1;1,318330E-1;1,275255E-1;9,417149E-1;;
30/11/2021  10:22:49,660122;9,432298E-1;1,331073E-1;1,227865E-1;9,417545E-1;;
30/11/2021  10:22:49,660222;9,423089E-1;-1,032791E-1;-1,374805E-3;9,417966E-1;;
30/11/2021  10:22:49,660322;9,428245E-1;1,598680E-1;1,395309E-1;9,418408E-1;;
30/11/2021  10:22:49,660422;9,423685E-1;1,060280E-1;9,877564E-2;9,418867E-1;;
30/11/2021  10:22:49,660522;9,421420E-1;7,799296E-2;6,465498E-2;9,419340E-1;;
30/11/2021  10:22:49,660622;9,415638E-1;1,257800E-1;1,215227E-1;9,419821E-1;;
30/11/2021  10:22:49,660722;9,413075E-1;1,340630E-1;1,490088E-1;9,420307E-1;;
30/11/2021  10:22:49,660822;9,408158E-1;1,404346E-1;1,363715E-1;9,420791E-1;;
30/11/2021  10:22:49,660922;9,404939E-1;8,882468E-2;9,403666E-2;9,421268E-1;;
30/11/2021  10:22:49,661022;9,400975E-1;1,327887E-1;1,316326E-1;9,421733E-1;;
30/11/2021  10:22:49,661122;9,401095E-1;1,305587E-1;1,370034E-1;9,422178E-1;;
30/11/2021  10:22:49,661222;9,394419E-1;1,372488E-1;1,316326E-1;9,422597E-1;;
30/11/2021  10:22:49,661322;9,389233E-1;1,229127E-1;1,193112E-1;9,422986E-1;;
30/11/2021  10:22:49,661422;9,388339E-1;1,372488E-1;1,325804E-1;9,423337E-1;;
30/11/2021  10:22:49,661522;9,382885E-1;1,350188E-1;1,341600E-1;9,423644E-1;;
30/11/2021  10:22:49,661622;9,378981E-1;1,248242E-1;1,215227E-1;9,423902E-1;;
30/11/2021  10:22:49,661722;9,382676E-1;1,222756E-1;1,063580E-1;9,424104E-1;;
30/11/2021  10:22:49,661822;9,378325E-1;1,225942E-1;9,877564E-2;9,424245E-1;;
30/11/2021  10:22:49,661922;9,379905E-1;1,499920E-1;1,499566E-1;9,424322E-1;;
30/11/2021  10:22:49,662022;9,373497E-1;7,130278E-2;7,824006E-2;9,424331E-1;;
30/11/2021  10:22:49,662122;9,367387E-1;1,420275E-1;1,449017E-1;9,424268E-1;;
30/11/2021  10:22:49,662222;9,366642E-1;1,490363E-1;1,319485E-1;9,424130E-1;;
30/11/2021  10:22:49,662322;9,363394E-1;1,930003E-1;2,093518E-1;9,423914E-1;;
30/11/2021  10:22:49,662422;9,366642E-1;1,219570E-1;1,202590E-1;9,423616E-1;;
30/11/2021  10:22:49,662522;9,369295E-1;1,401161E-1;1,588027E-1;9,423236E-1;;
30/11/2021  10:22:49,662622;9,360771E-1;1,331073E-1;1,294210E-1;9,422772E-1;;
30/11/2021  10:22:49,662722;9,353469E-1;1,343816E-1;1,316326E-1;9,422224E-1;;
30/11/2021  10:22:49,662822;9,346674E-1;1,311958E-1;1,303688E-1;9,421591E-1;;
30/11/2021  10:22:49,662922;9,348045E-1;2,808078E-3;7,034176E-2;9,420871E-1;;
30/11/2021  10:22:49,663022;9,349178E-1;1,369303E-1;1,240502E-1;9,420062E-1;;
30/11/2021  10:22:49,663122;9,348373E-1;1,455319E-1;1,433221E-1;9,419165E-1;;
30/11/2021  10:22:49,663222;9,342412E-1;1,267357E-1;9,498445E-2;9,418180E-1;;
30/11/2021  10:22:49,663322;9,342621E-1;1,563636E-1;1,777586E-1;9,417106E-1;;
30/11/2021  10:22:49,663422;9,338270E-1;2,420617E-1;3,246670E-1;9,415946E-1;;
30/11/2021  10:22:49,663522;9,330849E-1;1,382046E-1;1,512204E-1;9,414700E-1;;
30/11/2021  10:22:49,663622;9,332876E-1;1,260985E-1;1,170997E-1;9,413369E-1;;
30/11/2021  10:22:49,663722;9,335170E-1;1,745227E-1;1,654373E-1;9,411954E-1;;
30/11/2021  10:22:49,663822;9,329210E-1;1,378860E-1;1,246821E-1;9,410457E-1;;
30/11/2021  10:22:49,663922;9,335856E-1;1,442576E-1;1,758630E-1;9,408880E-1;;
30/11/2021  10:22:49,664022;9,328375E-1;1,340630E-1;1,474292E-1;9,407226E-1;;
30/11/2021  10:22:49,664122;9,322206E-1;1,410718E-1;1,363715E-1;9,405499E-1;;
30/11/2021  10:22:49,664222;9,325753E-1;1,340630E-1;1,284732E-1;9,403701E-1;;
30/11/2021  10:22:49,664322;9,323935E-1;1,359745E-1;1,338441E-1;9,401836E-1;;
30/11/2021  10:22:49,664422;9,332965E-1;1,254614E-1;1,180475E-1;9,399907E-1;;
30/11/2021  10:22:49,664522;9,329269E-1;1,315144E-1;1,202590E-1;9,397920E-1;;
30/11/2021  10:22:49,664622;9,329955E-1;1,356559E-1;1,379512E-1;9,395879E-1;;
30/11/2021  10:22:49,664722;9,330700E-1;1,037979E-1;1,129926E-1;9,393791E-1;;
30/11/2021  10:22:49,664822;9,325425E-1;4,995792E-2;1,028828E-1;9,391661E-1;;
30/11/2021  10:22:49,664922;9,320388E-1;6,684266E-2;9,909157E-2;9,389496E-1;;
30/11/2021  10:22:49,665022;9,323994E-1;1,082581E-1;1,180475E-1;9,387299E-1;;
30/11/2021  10:22:49,665122;9,327094E-1;7,066562E-2;9,024547E-2;9,385076E-1;;
30/11/2021  10:22:49,665222;9,327928E-1;9,201048E-2;9,814378E-2;9,382832E-1;;
30/11/2021  10:22:49,665322;9,322981E-1;1,069837E-1;9,972343E-2;9,380572E-1;;
30/11/2021  10:22:49,665422;9,312192E-1;1,235499E-1;1,420583E-1;9,378303E-1;;
30/11/2021  10:22:49,665522;9,435368E-1;1,241871E-1;1,240502E-1;9,376030E-1;;
30/11/2021  10:22:49,665622;9,440315E-1;1,260985E-1;1,300529E-1;9,373772E-1;;
30/11/2021  10:22:49,665722;9,443385E-1;9,041758E-2;9,845971E-2;9,371554E-1;;
30/11/2021  10:22:49,665822;9,449882E-1;1,311958E-1;1,218387E-1;9,369404E-1;;
30/11/2021  10:22:49,665922;9,449107E-1;1,229127E-1;1,278414E-1;9,367348E-1;;
30/11/2021  10:22:49,666022;9,445471E-1;1,114439E-1;1,038306E-1;9,365409E-1;;
30/11/2021  10:22:49,666122;9,438140E-1;1,267357E-1;1,354238E-1;9,363605E-1;;
30/11/2021  10:22:49,666222;9,436411E-1;1,429833E-1;1,505885E-1;9,361952E-1;;
30/11/2021  10:22:49,666322;9,439034E-1;2,765732E-2;8,392683E-2;9,360463E-1;;
30/11/2021  10:22:49,666422;9,443147E-1;1,362931E-1;1,486929E-1;9,359147E-1;;
30/11/2021  10:22:49,666522;9,440077E-1;1,283286E-1;1,439539E-1;9,358013E-1;;
30/11/2021  10:22:49,666622;9,430838E-1;1,190898E-1;1,196272E-1;9,357065E-1;;
30/11/2021  10:22:49,666722;9,424311E-1;1,095324E-1;1,057261E-1;9,356307E-1;;
30/11/2021  10:22:49,666822;9,421301E-1;1,385232E-1;1,632258E-1;9,355740E-1;;
30/11/2021  10:22:49,666922;9,421390E-1;1,327887E-1;1,411105E-1;9,355360E-1;;
30/11/2021  10:22:49,667022;9,419602E-1;1,203641E-1;1,170997E-1;9,355164E-1;;
30/11/2021  10:22:49,667122;9,419215E-1;1,181340E-1;1,262617E-1;9,355146E-1;;
30/11/2021  10:22:49,667222;9,416264E-1;1,165411E-1;8,329497E-2;9,355301E-1;;
30/11/2021  10:22:49,667322;9,409410E-1;1,751599E-1;2,248325E-1;9,355622E-1;;
30/11/2021  10:22:49,667422;9,400022E-1;9,009900E-2;9,245700E-2;9,356099E-1;;
30/11/2021  10:22:49,667522;9,395641E-1;1,152668E-1;1,294210E-1;9,356722E-1;;
30/11/2021  10:22:49,667622;9,402257E-1;1,187712E-1;1,221546E-1;9,357479E-1;;
30/11/2021  10:22:49,667722;9,403211E-1;1,506292E-1;1,717559E-1;9,358360E-1;;
30/11/2021  10:22:49,667822;9,401244E-1;6,875414E-2;8,045158E-2;9,359352E-1;;
30/11/2021  10:22:49,667922;9,398114E-1;1,200455E-1;1,382671E-1;9,360446E-1;;
30/11/2021  10:22:49,668022;9,392154E-1;1,114439E-1;1,338441E-1;9,361630E-1;;
30/11/2021  10:22:49,668122;9,386253E-1;1,334259E-1;1,366875E-1;9,362893E-1;;
30/11/2021  10:22:49,668222;9,387981E-1;1,229127E-1;1,218387E-1;9,364222E-1;;
30/11/2021  10:22:49,668322;9,390157E-1;1,302401E-1;1,268936E-1;9,365606E-1;;
30/11/2021  10:22:49,668422;9,395968E-1;1,123996E-1;1,167838E-1;9,367034E-1;;
30/11/2021  10:22:49,668522;9,391200E-1;1,378860E-1;1,442698E-1;9,368496E-1;;
30/11/2021  10:22:49,668622;9,395164E-1;1,235499E-1;1,193112E-1;9,369983E-1;;
30/11/2021  10:22:49,668722;9,394359E-1;2,073364E-1;1,979783E-1;9,371487E-1;;
30/11/2021  10:22:49,668822;9,390216E-1;-4,880188E-2;4,885838E-2;9,373000E-1;;
30/11/2021  10:22:49,668922;9,390872E-1;9,742634E-2;8,582243E-2;9,374514E-1;;
30/11/2021  10:22:49,669022;9,396594E-1;9,806350E-2;9,277293E-2;9,376022E-1;;
30/11/2021  10:22:49,669122;9,402436E-1;1,267357E-1;1,265777E-1;9,377519E-1;;
30/11/2021  10:22:49,669222;9,399455E-1;1,104881E-1;8,487463E-2;9,378999E-1;;
30/11/2021  10:22:49,669322;9,398710E-1;1,178155E-1;1,092014E-1;9,380458E-1;;
30/11/2021  10:22:49,669422;9,400558E-1;1,197269E-1;1,979783E-1;9,381894E-1;;
30/11/2021  10:22:49,669522;9,389799E-1;1,296029E-1;1,379512E-1;9,383301E-1;;
30/11/2021  10:22:49,669622;9,395760E-1;1,109116E-2;6,212753E-2;9,384677E-1;;
30/11/2021  10:22:49,669722;9,397578E-1;1,216384E-1;1,227865E-1;9,386016E-1;;
30/11/2021  10:22:49,669822;9,400856E-1;6,684266E-2;8,045158E-2;9,387316E-1;;
30/11/2021  10:22:49,669922;9,406101E-1;1,225942E-1;1,196272E-1;9,388575E-1;;
30/11/2021  10:22:49,670022;9,403926E-1;6,047106E-2;5,486109E-2;9,389792E-1;;
30/11/2021  10:22:49,670122;9,401303E-1;1,028422E-1;9,688005E-2;9,390966E-1;;
30/11/2021  10:22:49,670222;9,401065E-1;1,127182E-1;1,152041E-1;9,392097E-1;;
30/11/2021  10:22:49,670322;9,407413E-1;1,197269E-1;1,240502E-1;9,393183E-1;;
30/11/2021  10:22:49,670422;9,413671E-1;1,079395E-1;1,180475E-1;9,394225E-1;;
30/11/2021  10:22:49,670522;9,415519E-1;1,076209E-1;9,498445E-2;9,395225E-1;;
30/11/2021  10:22:49,670622;9,417099E-1;6,365686E-2;7,476481E-2;9,396183E-1;;
30/11/2021  10:22:49,670722;9,416473E-1;1,165411E-1;1,455336E-1;9,397103E-1;;
30/11/2021  10:22:49,670822;9,414595E-1;1,127182E-1;2,099837E-1;9,397987E-1;;
30/11/2021  10:22:49,670922;9,420675E-1;1,305587E-1;1,401627E-1;9,398837E-1;;
30/11/2021  10:22:49,671022;9,426248E-1;1,139925E-1;1,360556E-1;9,399656E-1;;
30/11/2021  10:22:49,671122;9,430242E-1;1,404346E-1;1,502726E-1;9,400446E-1;;
30/11/2021  10:22:49,671222;9,428722E-1;1,843987E-1;1,809180E-1;9,401212E-1;;
30/11/2021  10:22:49,671322;9,432745E-1;1,659210E-1;1,430061E-1;9,401957E-1;;
30/11/2021  10:22:49,671422;9,428662E-1;1,662396E-1;1,521681E-1;9,402686E-1;;
30/11/2021  10:22:49,671522;9,427798E-1;5,473662E-2;7,729226E-2;9,403400E-1;;
30/11/2021  10:22:49,671622;9,425384E-1;1,362931E-1;1,297370E-1;9,404103E-1;;
30/11/2021  10:22:49,671722;9,427381E-1;1,251428E-1;1,275255E-1;9,404796E-1;;
30/11/2021  10:22:49,671822;9,430033E-1;1,372488E-1;1,546956E-1;9,405480E-1;;
30/11/2021  10:22:49,671922;9,433073E-1;1,350188E-1;1,278414E-1;9,406156E-1;;
30/11/2021  10:22:49,672022;9,426069E-1;5,919674E-2;7,539667E-2;9,406828E-1;;
30/11/2021  10:22:49,672122;9,423059E-1;1,232313E-1;1,275255E-1;9,407494E-1;;
30/11/2021  10:22:49,672222;9,421510E-1;1,347002E-1;1,370034E-1;9,408155E-1;;
30/11/2021  10:22:49,672322;9,424728E-1;9,424054E-2;8,613836E-2;9,408811E-1;;
30/11/2021  10:22:49,672422;9,428394E-1;1,037979E-1;9,972343E-2;9,409460E-1;;
30/11/2021  10:22:49,672522;9,426576E-1;1,353374E-1;1,388990E-1;9,410103E-1;;
30/11/2021  10:22:49,672622;9,424281E-1;1,423461E-1;1,512204E-1;9,410739E-1;;
30/11/2021  10:22:49,672722;9,421748E-1;1,235499E-1;1,224705E-1;9,411368E-1;;
30/11/2021  10:22:49,672822;9,423685E-1;1,238685E-1;1,221546E-1;9,411989E-1;;
30/11/2021  10:22:49,672922;9,418410E-1;1,350188E-1;1,310007E-1;9,412601E-1;;
30/11/2021  10:22:49,673022;9,419930E-1;1,334259E-1;1,357397E-1;9,413203E-1;;
30/11/2021  10:22:49,673122;9,427530E-1;6,588692E-2;6,402312E-2;9,413792E-1;;
30/11/2021  10:22:49,673222;9,424848E-1;1,433019E-1;1,411105E-1;9,414369E-1;;
30/11/2021  10:22:49,673322;9,426576E-1;1,308772E-1;1,300529E-1;9,414934E-1;;
30/11/2021  10:22:49,673422;9,422493E-1;1,194084E-1;1,038306E-1;9,415485E-1;;
30/11/2021  10:22:49,673522;9,418351E-1;9,710776E-2;1,420583E-1;9,416023E-1;;
30/11/2021  10:22:49,673622;9,421599E-1;9,137332E-2;1,110970E-1;9,416546E-1;;
30/11/2021  10:22:49,673722;9,422314E-1;9,137332E-2;1,161519E-1;9,417053E-1;;
30/11/2021  10:22:49,673822;9,426517E-1;1,394789E-1;1,404787E-1;9,417544E-1;;
30/11/2021  10:22:49,673922;9,426606E-1;1,123996E-1;9,498445E-2;9,418019E-1;;
30/11/2021  10:22:49,674022;9,425712E-1;1,289658E-1;1,278414E-1;9,418477E-1;;
30/11/2021  10:22:49,674122;9,424013E-1;1,369303E-1;1,335282E-1;9,418920E-1;;
30/11/2021  10:22:49,674222;9,416890E-1;1,397975E-1;1,480610E-1;9,419347E-1;;
30/11/2021  10:22:49,674322;9,418708E-1;1,069837E-1;1,234183E-1;9,419756E-1;;
30/11/2021  10:22:49,674422;9,427381E-1;1,343816E-1;1,316326E-1;9,420148E-1;;
30/11/2021  10:22:49,674522;9,428782E-1;1,417090E-1;1,685966E-1;9,420522E-1;;
30/11/2021  10:22:49,674622;9,428782E-1;1,229127E-1;1,221546E-1;9,420879E-1;;
30/11/2021  10:22:49,674722;9,424699E-1;1,327887E-1;1,284732E-1;9,421220E-1;;
30/11/2021  10:22:49,674822;9,425056E-1;1,327887E-1;1,107811E-1;9,421546E-1;;
30/11/2021  10:22:49,674922;9,419900E-1;2,702016E-2;8,045158E-2;9,421856E-1;;
30/11/2021  10:22:49,675022;9,422404E-1;1,238685E-1;1,193112E-1;9,422151E-1;;
30/11/2021  10:22:49,675122;9,426278E-1;1,334259E-1;1,303688E-1;9,422431E-1;;
30/11/2021  10:22:49,675222;9,430719E-1;5,696668E-2;3,716890E-2;9,422695E-1;;
30/11/2021  10:22:49,675322;9,422910E-1;2,082922E-1;2,339945E-1;9,422944E-1;;
30/11/2021  10:22:49,675422;9,424311E-1;1,321516E-1;1,442698E-1;9,423180E-1;;
30/11/2021  10:22:49,675522;9,418500E-1;1,289658E-1;1,297370E-1;9,423402E-1;;
30/11/2021  10:22:49,675622;9,421152E-1;1,318330E-1;1,338441E-1;9,423610E-1;;
30/11/2021  10:22:49,675722;9,424728E-1;1,436204E-1;1,439539E-1;9,423804E-1;;
30/11/2021  10:22:49,675822;9,427709E-1;1,745227E-1;1,588027E-1;9,423983E-1;;
30/11/2021  10:22:49,675922;9,426636E-1;1,436204E-1;1,821817E-1;9,424148E-1;;
30/11/2021  10:22:49,676022;9,420139E-1;1,350188E-1;1,306848E-1;9,424300E-1;;
30/11/2021  10:22:49,676122;9,415907E-1;1,359745E-1;1,328963E-1;9,424440E-1;;
30/11/2021  10:22:49,676222;9,414417E-1;1,347002E-1;1,221546E-1;9,424566E-1;;
30/11/2021  10:22:49,676322;9,420198E-1;1,433019E-1;1,445858E-1;9,424677E-1;;
30/11/2021  10:22:49,676422;9,424192E-1;1,362931E-1;1,208909E-1;9,424773E-1;;
30/11/2021  10:22:49,676522;9,426576E-1;1,397975E-1;1,474292E-1;9,424853E-1;;
30/11/2021  10:22:49,676622;9,422881E-1;1,321516E-1;1,253139E-1;9,424920E-1;;
30/11/2021  10:22:49,676722;9,418231E-1;8,372740E-2;7,602853E-2;9,424974E-1;;
30/11/2021  10:22:49,676822;9,416592E-1;1,324701E-1;1,281573E-1;9,425015E-1;;
30/11/2021  10:22:49,676922;9,415579E-1;1,423461E-1;1,392149E-1;9,425042E-1;;
30/11/2021  10:22:49,677022;9,422374E-1;1,337445E-1;1,306848E-1;9,425056E-1;;
30/11/2021  10:22:49,677122;9,422046E-1;1,585937E-1;1,701763E-1;9,425056E-1;;
30/11/2021  10:22:49,677222;9,427679E-1;1,369303E-1;1,221546E-1;9,425044E-1;;
30/11/2021  10:22:49,677322;9,426487E-1;1,407532E-1;2,033491E-1;9,425020E-1;;
30/11/2021  10:22:49,677422;9,420616E-1;1,372488E-1;1,294210E-1;9,424987E-1;;
30/11/2021  10:22:49,677522;9,419572E-1;1,302401E-1;1,256299E-1;9,424945E-1;;
30/11/2021  10:22:49,677622;9,424609E-1;1,210013E-1;1,170997E-1;9,424895E-1;;
30/11/2021  10:22:49,677722;9,428036E-1;1,397975E-1;1,341600E-1;9,424838E-1;;
30/11/2021  10:22:49,677822;9,438319E-1;4,231200E-2;6,749837E-2;9,424775E-1;;
30/11/2021  10:22:49,677922;9,441090E-1;1,276914E-1;1,341600E-1;9,424710E-1;;
30/11/2021  10:22:49,678022;9,444071E-1;1,171783E-1;1,300529E-1;9,424647E-1;;
30/11/2021  10:22:49,678122;9,441925E-1;1,120810E-1;1,227865E-1;9,424589E-1;;
30/11/2021  10:22:49,678222;9,440703E-1;1,579565E-1;1,619620E-1;9,424542E-1;;
30/11/2021  10:22:49,678322;9,445203E-1;1,120810E-1;1,205749E-1;9,424507E-1;;
30/11/2021  10:22:49,678422;9,450210E-1;9,870066E-2;1,047783E-1;9,424489E-1;;
30/11/2021  10:22:49,678522;9,465558E-1;9,615202E-2;1,044624E-1;9,424491E-1;;
30/11/2021  10:22:49,678622;9,464337E-1;5,951532E-2;8,992954E-2;9,424519E-1;;
30/11/2021  10:22:49,678722;9,462131E-1;1,088952E-1;1,129926E-1;9,424577E-1;;
30/11/2021  10:22:49,678822;9,461505E-1;8,627604E-2;1,009872E-1;9,424672E-1;;
30/11/2021  10:22:49,678922;9,466691E-1;1,394789E-1;1,521681E-1;9,424807E-1;;
30/11/2021  10:22:49,679022;9,474261E-1;9,678918E-2;1,136244E-1;9,424985E-1;;
30/11/2021  10:22:49,679122;9,475870E-1;1,092138E-1;1,158360E-1;9,425211E-1;;
30/11/2021  10:22:49,679222;9,484901E-1;1,063466E-1;1,224705E-1;9,425489E-1;;
30/11/2021  10:22:49,679322;9,489759E-1;1,146297E-1;1,145722E-1;9,425824E-1;;
30/11/2021  10:22:49,679422;9,490027E-1;1,659210E-1;1,663851E-1;9,426221E-1;;
30/11/2021  10:22:49,679522;9,487225E-1;2,184867E-1;2,102996E-1;9,426684E-1;;
30/11/2021  10:22:49,679622;9,487732E-1;1,828058E-1;1,594346E-1;9,427217E-1;;
30/11/2021  10:22:49,679722;9,496524E-1;1,589123E-1;1,354238E-1;9,427821E-1;;
30/11/2021  10:22:49,679822;9,500458E-1;1,544522E-1;1,619620E-1;9,428499E-1;;
30/11/2021  10:22:49,679922;9,506389E-1;2,128572E-2;7,444887E-2;9,429253E-1;;
30/11/2021  10:22:49,680022;9,499295E-1;1,347002E-1;1,569071E-1;9,430087E-1;;
30/11/2021  10:22:49,680122;9,499832E-1;1,474434E-1;1,610142E-1;9,431001E-1;;
30/11/2021  10:22:49,680222;9,494765E-1;1,162226E-1;1,272095E-1;9,431995E-1;;
30/11/2021  10:22:49,680322;9,500637E-1;1,245056E-1;1,249980E-1;9,433068E-1;;
30/11/2021  10:22:49,680422;9,505405E-1;1,241871E-1;1,265777E-1;9,434217E-1;;
30/11/2021  10:22:49,680522;9,506061E-1;1,270543E-1;1,170997E-1;9,435443E-1;;
30/11/2021  10:22:49,680622;9,499832E-1;1,611423E-1;1,588027E-1;9,436742E-1;;
30/11/2021  10:22:49,680722;9,495451E-1;1,155854E-1;9,656411E-2;9,438112E-1;;
30/11/2021  10:22:49,680822;9,489669E-1;1,098510E-1;8,550650E-2;9,439548E-1;;
30/11/2021  10:22:49,680922;9,489639E-1;-1,566956E-2;5,675668E-2;9,441044E-1;;
30/11/2021  10:22:49,681022;9,486182E-1;5,824100E-2;8,519056E-2;9,442595E-1;;
30/11/2021  10:22:49,681122;9,490831E-1;1,076209E-1;8,992954E-2;9,444192E-1;;
30/11/2021  10:22:49,681222;9,485258E-1;1,257800E-1;1,227865E-1;9,445829E-1;;
30/11/2021  10:22:49,681322;9,476735E-1;9,774492E-2;9,150920E-2;9,447499E-1;;
30/11/2021  10:22:49,681422;9,466363E-1;1,139925E-1;1,344760E-1;9,449193E-1;;
30/11/2021  10:22:49,681522;9,462578E-1;1,216384E-1;1,231024E-1;9,450902E-1;;
30/11/2021  10:22:49,681622;9,452535E-1;1,251428E-1;1,313166E-1;9,452614E-1;;
30/11/2021  10:22:49,681722;9,450985E-1;1,302401E-1;1,294210E-1;9,454317E-1;;
30/11/2021  10:22:49,681822;9,459687E-1;1,088952E-1;1,449017E-1;9,456001E-1;;
30/11/2021  10:22:49,681922;9,447170E-1;9,179678E-3;7,128955E-2;9,457655E-1;;
30/11/2021  10:22:49,682022;9,442044E-1;1,270543E-1;1,234183E-1;9,459268E-1;;
30/11/2021  10:22:49,682122;9,433014E-1;7,193994E-2;9,751191E-2;9,460831E-1;;
30/11/2021  10:22:49,682222;9,428811E-1;1,073023E-1;1,009872E-1;9,462333E-1;;
30/11/2021  10:22:49,682322;9,422791E-1;1,181340E-1;1,275255E-1;9,463762E-1;;
30/11/2021  10:22:49,682422;9,426099E-1;1,216384E-1;1,170997E-1;9,465109E-1;;
30/11/2021  10:22:49,682522;9,420943E-1;1,216384E-1;1,221546E-1;9,466363E-1;;
30/11/2021  10:22:49,682622;9,419394E-1;4,549780E-2;3,938042E-2;9,467517E-1;;
30/11/2021  10:22:49,682722;9,410065E-1;9,806350E-2;9,719598E-2;9,468562E-1;;
30/11/2021  10:22:49,682822;9,404462E-1;1,350188E-1;1,550115E-1;9,469491E-1;;
30/11/2021  10:22:49,682922;9,391647E-1;1,053908E-1;1,092014E-1;9,470296E-1;;
30/11/2021  10:22:49,683022;9,387951E-1;1,222756E-1;1,253139E-1;9,470970E-1;;
30/11/2021  10:22:49,683122;9,392958E-1;1,219570E-1;1,281573E-1;9,471505E-1;;
30/11/2021  10:22:49,683222;9,385150E-1;4,390490E-2;1,477451E-1;9,471893E-1;;
30/11/2021  10:22:49,683322;9,383779E-1;1,426647E-1;1,736515E-1;9,472130E-1;;
30/11/2021  10:22:49,683422;9,373527E-1;9,933782E-2;8,898175E-2;9,472212E-1;;
30/11/2021  10:22:49,683522;9,372573E-1;1,057094E-1;8,203124E-2;9,472135E-1;;
30/11/2021  10:22:49,683622;9,372484E-1;-3,892590E-2;1,726518E-2;9,471895E-1;;
30/11/2021  10:22:49,683722;9,372364E-1;5,123224E-2;7,602853E-2;9,471489E-1;;
30/11/2021  10:22:49,683822;9,372573E-1;1,213198E-1;1,249980E-1;9,470918E-1;;
30/11/2021  10:22:49,683922;9,373318E-1;1,276914E-1;1,480610E-1;9,470182E-1;;
30/11/2021  10:22:49,684022;9,368281E-1;1,264171E-1;1,189953E-1;9,469284E-1;;
30/11/2021  10:22:49,684122;9,361725E-1;2,160430E-2;4,601499E-2;9,468225E-1;;
30/11/2021  10:22:49,684222;9,362142E-1;8,786894E-2;1,161519E-1;9,467008E-1;;
30/11/2021  10:22:49,684322;9,363662E-1;1,203641E-1;1,199431E-1;9,465637E-1;;
30/11/2021  10:22:49,684422;9,365182E-1;1,372488E-1;1,344760E-1;9,464117E-1;;
30/11/2021  10:22:49,684522;9,373467E-1;1,136739E-1;1,177316E-1;9,462452E-1;;
30/11/2021  10:22:49,684622;9,376835E-1;1,362931E-1;1,496407E-1;9,460650E-1;;
30/11/2021  10:22:49,684722;9,371381E-1;1,162226E-1;1,300529E-1;9,458721E-1;;
30/11/2021  10:22:49,684822;9,371411E-1;1,296029E-1;1,208909E-1;9,456673E-1;;
30/11/2021  10:22:49,684922;9,365152E-1;1,104881E-1;1,104651E-1;9,454517E-1;;
30/11/2021  10:22:49,685022;9,362649E-1;1,149482E-1;1,117289E-1;9,452259E-1;;
30/11/2021  10:22:49,685122;9,367626E-1;1,197269E-1;1,202590E-1;9,449908E-1;;
30/11/2021  10:22:49,685222;9,372990E-1;1,395838E-2;5,264957E-2;9,447474E-1;;
30/11/2021  10:22:49,685322;9,372961E-1;1,187712E-1;1,177316E-1;9,444965E-1;;
30/11/2021  10:22:49,685422;9,362947E-1;1,174969E-1;1,114129E-1;9,442391E-1;;
30/11/2021  10:22:49,685522;9,363602E-1;1,022050E-1;8,519056E-2;9,439761E-1;;
30/11/2021  10:22:49,685622;9,356509E-1;8,850610E-2;1,338441E-1;9,437084E-1;;
30/11/2021  10:22:49,685722;9,352903E-1;1,254614E-1;1,319485E-1;9,434367E-1;;
30/11/2021  10:22:49,685822;9,354602E-1;1,127182E-1;9,972343E-2;9,431615E-1;;
30/11/2021  10:22:49,685922;9,358476E-1;1,302401E-1;1,328963E-1;9,428836E-1;;
30/11/2021  10:22:49,686022;9,356420E-1;4,963934E-2;6,970989E-2;9,426035E-1;;
30/11/2021  10:22:49,686122;9,349774E-1;1,127182E-1;1,294210E-1;9,423219E-1;;
30/11/2021  10:22:49,686222;9,342979E-1;1,292843E-1;1,268936E-1;9,420395E-1;;
30/11/2021  10:22:49,686322;9,339075E-1;1,267357E-1;1,325804E-1;9,417566E-1;;
30/11/2021  10:22:49,686422;9,339879E-1;1,012493E-1;1,133085E-1;9,414737E-1;;
30/11/2021  10:22:49,686522;9,346555E-1;1,057094E-1;1,120448E-1;9,411910E-1;;
30/11/2021  10:22:49,686622;9,345572E-1;1,108067E-1;1,262617E-1;9,409090E-1;;
30/11/2021  10:22:49,686722;9,341131E-1;9,965640E-2;9,719598E-2;9,406282E-1;;
30/11/2021  10:22:49,686822;9,340744E-1;9,455912E-2;9,688005E-2;9,403489E-1;;
30/11/2021  10:22:49,686922;9,339164E-1;7,448858E-2;6,023194E-2;9,400718E-1;;
30/11/2021  10:22:49,687022;9,330700E-1;1,060280E-1;1,370034E-1;9,397969E-1;;
30/11/2021  10:22:49,687122;9,325037E-1;1,006121E-1;1,060421E-1;9,395247E-1;;
30/11/2021  10:22:49,687222;9,332935E-1;8,850610E-2;1,019350E-1;9,392553E-1;;
30/11/2021  10:22:49,687322;9,338806E-1;7,767438E-2;1,268936E-1;9,389888E-1;;
30/11/2021  10:22:49,687422;9,328733E-1;1,022050E-1;1,183634E-1;9,387255E-1;;
30/11/2021  10:22:49,687522;9,326408E-1;1,350188E-1;1,559593E-1;9,384658E-1;;
30/11/2021  10:22:49,687622;9,319643E-1;1,254614E-1;1,316326E-1;9,382097E-1;;
30/11/2021  10:22:49,687722;9,320239E-1;1,238685E-1;1,294210E-1;9,379574E-1;;
30/11/2021  10:22:49,687822;9,325544E-1;1,630538E-1;1,455336E-1;9,377089E-1;;
30/11/2021  10:22:49,687922;9,332339E-1;1,127182E-1;1,385831E-1;9,374642E-1;;
30/11/2021  10:22:49,688022;9,328733E-1;1,984162E-1;1,951349E-1;9,372237E-1;;
30/11/2021  10:22:49,688122;9,324411E-1;1,589123E-1;1,550115E-1;9,369876E-1;;
30/11/2021  10:22:49,688222;9,323011E-1;1,487177E-1;1,379512E-1;9,367561E-1;;
30/11/2021  10:22:49,688322;9,321491E-1;1,025236E-1;9,877564E-2;9,365294E-1;;
30/11/2021  10:22:49,688422;9,322713E-1;8,213450E-2;1,379512E-1;9,363075E-1;;
30/11/2021  10:22:49,688522;9,331296E-1;1,356559E-1;1,306848E-1;9,360905E-1;;
30/11/2021  10:22:49,688622;9,331385E-1;1,595494E-1;1,556434E-1;9,358787E-1;;
30/11/2021  10:22:49,688722;9,332190E-1;1,181340E-1;1,095173E-1;9,356724E-1;;
30/11/2021  10:22:49,688822;9,325455E-1;8,213450E-2;1,019350E-1;9,354718E-1;;
30/11/2021  10:22:49,688922;9,323100E-1;1,251428E-1;1,278414E-1;9,352770E-1;;
30/11/2021  10:22:49,689022;9,329210E-1;1,241871E-1;1,316326E-1;9,350882E-1;;
30/11/2021  10:22:49,689122;9,330283E-1;1,181340E-1;1,208909E-1;9,349055E-1;;
30/11/2021  10:22:49,689222;9,337137E-1;1,267357E-1;1,537478E-1;9,347291E-1;;
30/11/2021  10:22:49,689322;9,342472E-1;1,305587E-1;1,382671E-1;9,345591E-1;;
30/11/2021  10:22:49,689422;9,336750E-1;2,302742E-1;2,229369E-1;9,343960E-1;;
30/11/2021  10:22:49,689522;9,337018E-1;1,251428E-1;1,278414E-1;9,342399E-1;;
30/11/2021  10:22:49,689622;9,336780E-1;1,347002E-1;1,278414E-1;9,340911E-1;;
30/11/2021  10:22:49,689722;9,341906E-1;1,280100E-1;1,155200E-1;9,339498E-1;;
30/11/2021  10:22:49,689822;9,348254E-1;1,331073E-1;1,310007E-1;9,338160E-1;;
30/11/2021  10:22:49,689922;9,351234E-1;1,136739E-1;1,009872E-1;9,336900E-1;;
30/11/2021  10:22:49,690022;9,354483E-1;1,356559E-1;1,129926E-1;9,335721E-1;;
30/11/2021  10:22:49,690122;9,357791E-1;1,665582E-1;1,682807E-1;9,334627E-1;;
30/11/2021  10:22:49,690222;9,348790E-1;1,292843E-1;1,338441E-1;9,333619E-1;;
30/11/2021  10:22:49,690322;9,348343E-1;1,366117E-1;1,354238E-1;9,332700E-1;;
30/11/2021  10:22:49,690422;9,349059E-1;1,340630E-1;1,392149E-1;9,331870E-1;;
30/11/2021  10:22:49,690522;9,360354E-1;9,551486E-2;9,940750E-2;9,331128E-1;;
30/11/2021  10:22:49,690622;9,365122E-1;1,015679E-1;1,170997E-1;9,330475E-1;;
30/11/2021  10:22:49,690722;9,363394E-1;1,417090E-1;1,613302E-1;9,329912E-1;;
30/11/2021  10:22:49,690822;9,357701E-1;1,375674E-1;1,382671E-1;9,329442E-1;;
30/11/2021  10:22:49,690922;9,347896E-1;1,350188E-1;1,354238E-1;9,329062E-1;;
30/11/2021  10:22:49,691022;9,345959E-1;2,449289E-1;2,137749E-1;9,328772E-1;;
30/11/2021  10:22:49,691122;9,347479E-1;7,703722E-2;1,316326E-1;9,328566E-1;;
30/11/2021  10:22:49,691222;9,351353E-1;1,283286E-1;1,300529E-1;9,328441E-1;;
30/11/2021  10:22:49,691322;9,356330E-1;1,289658E-1;1,351078E-1;9,328394E-1;;
30/11/2021  10:22:49,691422;9,344707E-1;8,914326E-2;6,339125E-2;9,328421E-1;;
30/11/2021  10:22:49,691522;9,340922E-1;1,324701E-1;1,243661E-1;9,328517E-1;;
30/11/2021  10:22:49,691622;9,337555E-1;1,318330E-1;1,360556E-1;9,328679E-1;;
30/11/2021  10:22:49,691722;9,339522E-1;1,216384E-1;1,227865E-1;9,328898E-1;;
30/11/2021  10:22:49,691822;9,342919E-1;1,120810E-1;1,066739E-1;9,329170E-1;;
30/11/2021  10:22:49,691922;9,346883E-1;1,174969E-1;1,673329E-1;9,329489E-1;;
30/11/2021  10:22:49,692022;9,348015E-1;7,321426E-2;7,981972E-2;9,329850E-1;;
30/11/2021  10:22:49,692122;9,349237E-1;1,257800E-1;1,467973E-1;9,330251E-1;;
30/11/2021  10:22:49,692222;9,341042E-1;1,687883E-1;1,891322E-1;9,330687E-1;;
30/11/2021  10:22:49,692322;9,344528E-1;1,442576E-1;1,433221E-1;9,331155E-1;;
30/11/2021  10:22:49,692422;9,348641E-1;1,474434E-1;1,351078E-1;9,331650E-1;;
30/11/2021  10:22:49,692522;9,358387E-1;1,289658E-1;1,265777E-1;9,332169E-1;;
30/11/2021  10:22:49,692622;9,358983E-1;1,324701E-1;1,272095E-1;9,332711E-1;;
30/11/2021  10:22:49,692722;9,365212E-1;1,391603E-1;1,335282E-1;9,333275E-1;;
30/11/2021  10:22:49,692822;9,364973E-1;1,280100E-1;1,347919E-1;9,333861E-1;;
30/11/2021  10:22:49,692922;9,363900E-1;1,420275E-1;1,189953E-1;9,334468E-1;;
30/11/2021  10:22:49,693022;9,364377E-1;1,375674E-1;1,562753E-1;9,335098E-1;;
30/11/2021  10:22:49,693122;9,368967E-1;1,515849E-1;1,483770E-1;9,335749E-1;;
30/11/2021  10:22:49,693222;9,375673E-1;1,114439E-1;9,530039E-2;9,336423E-1;;
30/11/2021  10:22:49,693322;9,375583E-1;1,385232E-1;1,373193E-1;9,337118E-1;;
30/11/2021  10:22:49,693422;9,378593E-1;1,315144E-1;1,152041E-1;9,337838E-1;;
30/11/2021  10:22:49,693522;9,371351E-1;1,541336E-1;1,606983E-1;9,338582E-1;;
30/11/2021  10:22:49,693622;9,372901E-1;1,235499E-1;1,360556E-1;9,339351E-1;;
30/11/2021  10:22:49,693722;9,375106E-1;1,245056E-1;1,322644E-1;9,340143E-1;;
30/11/2021  10:22:49,693822;9,387087E-1;1,366117E-1;1,404787E-1;9,340960E-1;;
30/11/2021  10:22:49,693922;9,392660E-1;1,458505E-1;1,398468E-1;9,341801E-1;;
30/11/2021  10:22:49,694022;9,393346E-1;5,601094E-2;1,041465E-1;9,342668E-1;;
30/11/2021  10:22:49,694122;9,393256E-1;1,366117E-1;1,104651E-1;9,343563E-1;;
30/11/2021  10:22:49,694222;9,398144E-1;1,347002E-1;1,556434E-1;9,344489E-1;;
30/11/2021  10:22:49,694322;9,397131E-1;-7,237680E-2;1,031468E-2;9,345446E-1;;
30/11/2021  10:22:49,694422;9,397310E-1;1,327887E-1;1,373193E-1;9,346436E-1;;
30/11/2021  10:22:49,694522;9,410840E-1;1,260985E-1;1,259458E-1;9,347461E-1;;
30/11/2021  10:22:49,694622;9,415966E-1;1,289658E-1;1,313166E-1;9,348521E-1;;
30/11/2021  10:22:49,694722;9,418440E-1;8,500172E-2;9,056141E-2;9,349621E-1;;
30/11/2021  10:22:49,694822;9,414029E-1;-7,779266E-2;1,821298E-2;9,350762E-1;;
30/11/2021  10:22:49,694922;9,420198E-1;1,471248E-1;1,616461E-1;9,351947E-1;;
30/11/2021  10:22:49,695022;9,414834E-1;9,647060E-2;1,057261E-1;9,353177E-1;;
30/11/2021  10:22:49,695122;9,425980E-1;1,114439E-1;1,196272E-1;9,354453E-1;;
30/11/2021  10:22:49,695222;9,430808E-1;6,110822E-2;1,148882E-1;9,355776E-1;;
30/11/2021  10:22:49,695322;9,438795E-1;8,786894E-2;1,407946E-1;9,357147E-1;;
30/11/2021  10:22:49,695422;9,439540E-1;1,133553E-1;1,215227E-1;9,358569E-1;;
30/11/2021  10:22:49,695522;9,437663E-1;7,703722E-2;8,834988E-2;9,360045E-1;;
30/11/2021  10:22:49,695622;9,431732E-1;4,900218E-2;1,006712E-1;9,361574E-1;;
30/11/2021  10:22:49,695722;9,428782E-1;1,229127E-1;7,350108E-2;9,363156E-1;;
30/11/2021  10:22:49,695822;9,428007E-1;1,206827E-1;1,328963E-1;9,364790E-1;;
30/11/2021  10:22:49,695922;9,435904E-1;1,324701E-1;1,303688E-1;9,366473E-1;;
30/11/2021  10:22:49,696022;9,434355E-1;1,745227E-1;2,046129E-1;9,368201E-1;;
30/11/2021  10:22:49,696122;9,425861E-1;1,757970E-1;1,452176E-1;9,369972E-1;;
30/11/2021  10:22:49,696222;9,422404E-1;1,656025E-1;1,243661E-1;9,371782E-1;;
30/11/2021  10:22:49,696322;9,416115E-1;1,579565E-1;1,540637E-1;9,373626E-1;;
30/11/2021  10:22:49,696422;9,412330E-1;1,598680E-1;1,521681E-1;9,375496E-1;;
30/11/2021  10:22:49,696522;9,408128E-1;1,073023E-1;1,158360E-1;9,377384E-1;;
30/11/2021  10:22:49,696622;9,414655E-1;1,656025E-1;1,600664E-1;9,379284E-1;;
30/11/2021  10:22:49,696722;9,412420E-1;1,311958E-1;1,155200E-1;9,381187E-1;;
30/11/2021  10:22:49,696822;9,414118E-1;1,369303E-1;1,591187E-1;9,383086E-1;;
30/11/2021  10:22:49,696922;9,410423E-1;1,318330E-1;1,085695E-1;9,384974E-1;;
30/11/2021  10:22:49,697022;9,411466E-1;1,280100E-1;1,231024E-1;9,386847E-1;;
30/11/2021  10:22:49,697122;9,412539E-1;1,340630E-1;1,344760E-1;9,388697E-1;;
30/11/2021  10:22:49,697222;9,413612E-1;1,273729E-1;1,253139E-1;9,390519E-1;;
30/11/2021  10:22:49,697322;9,418500E-1;1,296029E-1;1,281573E-1;9,392309E-1;;
30/11/2021  10:22:49,697422;9,415013E-1;1,356559E-1;1,322644E-1;9,394063E-1;;
30/11/2021  10:22:49,697522;9,409112E-1;1,327887E-1;1,281573E-1;9,395777E-1;;
30/11/2021  10:22:49,697622;9,405446E-1;1,296029E-1;1,063580E-1;9,397446E-1;;
30/11/2021  10:22:49,697722;9,402913E-1;1,235499E-1;1,316326E-1;9,399068E-1;;
30/11/2021  10:22:49,697822;9,403509E-1;1,289658E-1;1,531159E-1;9,400636E-1;;
30/11/2021  10:22:49,697922;9,406221E-1;1,066652E-1;1,455336E-1;9,402146E-1;;
30/11/2021  10:22:49,698022;9,402913E-1;1,331073E-1;1,528000E-1;9,403596E-1;;
30/11/2021  10:22:49,698122;9,405684E-1;7,353284E-2;1,294210E-1;9,404980E-1;;
30/11/2021  10:22:49,698222;9,397339E-1;1,241871E-1;1,240502E-1;9,406297E-1;;
30/11/2021  10:22:49,698322;9,396624E-1;1,289658E-1;1,243661E-1;9,407545E-1;;
30/11/2021  10:22:49,698422;9,402585E-1;1,573194E-1;1,739675E-1;9,408719E-1;;
30/11/2021  10:22:49,698522;9,404790E-1;1,181340E-1;1,268936E-1;9,409818E-1;;
30/11/2021  10:22:49,698622;9,409350E-1;1,222756E-1;1,101492E-1;9,410841E-1;;
30/11/2021  10:22:49,698722;9,413910E-1;1,289658E-1;1,347919E-1;9,411789E-1;;
30/11/2021  10:22:49,698822;9,412956E-1;1,353374E-1;1,306848E-1;9,412665E-1;;
30/11/2021  10:22:49,698922;9,410840E-1;1,308772E-1;1,253139E-1;9,413469E-1;;
30/11/2021  10:22:49,699022;9,415311E-1;1,270543E-1;1,205749E-1;9,414204E-1;;
30/11/2021  10:22:49,699122;9,416115E-1;1,229127E-1;1,120448E-1;9,414873E-1;;
30/11/2021  10:22:49,699222;9,423149E-1;1,321516E-1;1,275255E-1;9,415479E-1;;
30/11/2021  10:22:49,699322;9,427291E-1;1,168597E-1;1,414265E-1;9,416027E-1;;
30/11/2021  10:22:49,699422;9,434832E-1;2,670158E-2;7,381701E-2;9,416520E-1;;
30/11/2021  10:22:49,699522;9,428275E-1;1,057094E-1;1,265777E-1;9,416966E-1;;
30/11/2021  10:22:49,699622;9,433490E-1;1,216384E-1;1,313166E-1;9,417369E-1;;
30/11/2021  10:22:49,699722;9,424043E-1;1,248242E-1;1,265777E-1;9,417736E-1;;
30/11/2021  10:22:49,699822;9,431017E-1;1,270543E-1;1,294210E-1;9,418069E-1;;
30/11/2021  10:22:49,699922;9,435010E-1;1,356559E-1;1,357397E-1;9,418374E-1;;
30/11/2021  10:22:49,700022;9,441716E-1;1,260985E-1;1,123607E-1;9,418655E-1;;
30/11/2021  10:22:49,700122;9,436918E-1;1,296029E-1;1,287892E-1;9,418917E-1;;
30/11/2021  10:22:49,700222;9,437275E-1;1,229127E-1;1,231024E-1;9,419164E-1;;
30/11/2021  10:22:49,700322;9,438497E-1;1,257800E-1;1,240502E-1;9,419402E-1;;
30/11/2021  10:22:49,700422;9,428096E-1;1,203641E-1;1,129926E-1;9,419633E-1;;
30/11/2021  10:22:49,700522;9,439719E-1;7,417000E-2;9,087734E-2;9,419860E-1;;
30/11/2021  10:22:49,700622;9,442163E-1;1,190898E-1;1,294210E-1;9,420086E-1;;
30/11/2021  10:22:49,700722;9,442849E-1;1,178155E-1;9,909157E-2;9,420313E-1;;
30/11/2021  10:22:49,700822;9,441686E-1;4,486064E-2;5,675668E-2;9,420546E-1;;
30/11/2021  10:22:49,700922;9,439123E-1;1,216384E-1;1,180475E-1;9,420786E-1;;
30/11/2021  10:22:49,701022;9,435070E-1;1,343816E-1;1,407946E-1;9,421035E-1;;
30/11/2021  10:22:49,701122;9,433312E-1;1,184526E-1;1,253139E-1;9,421294E-1;;
30/11/2021  10:22:49,701222;9,433580E-1;1,362931E-1;1,208909E-1;9,421564E-1;;
30/11/2021  10:22:49,701322;9,438974E-1;1,289658E-1;1,303688E-1;9,421844E-1;;
30/11/2021  10:22:49,701422;9,434563E-1;1,302401E-1;1,347919E-1;9,422133E-1;;
30/11/2021  10:22:49,701522;9,426338E-1;1,286472E-1;1,259458E-1;9,422433E-1;;
30/11/2021  10:22:49,701622;9,427768E-1;1,292843E-1;1,234183E-1;9,422741E-1;;
30/11/2021  10:22:49,701722;9,423834E-1;1,273729E-1;1,253139E-1;9,423055E-1;;
30/11/2021  10:22:49,701822;9,423238E-1;1,260985E-1;1,275255E-1;9,423374E-1;;
30/11/2021  10:22:49,701922;9,422761E-1;1,251428E-1;1,272095E-1;9,423693E-1;;
30/11/2021  10:22:49,702022;9,427023E-1;1,123996E-1;1,031987E-1;9,424011E-1;;
30/11/2021  10:22:49,702122;9,424043E-1;1,356559E-1;1,512204E-1;9,424326E-1;;
30/11/2021  10:22:49,702222;9,420347E-1;1,327887E-1;1,616461E-1;9,424636E-1;;
30/11/2021  10:22:49,702322;9,412301E-1;7,608148E-2;7,666040E-2;9,424938E-1;;
30/11/2021  10:22:49,702422;9,412062E-1;1,394789E-1;1,426902E-1;9,425230E-1;;
30/11/2021  10:22:49,702522;9,413046E-1;1,426647E-1;1,344760E-1;9,425507E-1;;
30/11/2021  10:22:49,702622;9,415877E-1;1,324701E-1;1,170997E-1;9,425766E-1;;
30/11/2021  10:22:49,702722;9,418231E-1;1,238685E-1;1,278414E-1;9,426005E-1;;
30/11/2021  10:22:49,702822;9,406638E-1;1,299215E-1;1,521681E-1;9,426223E-1;;
30/11/2021  10:22:49,702922;9,402764E-1;1,213198E-1;1,221546E-1;9,426416E-1;;
30/11/2021  10:22:49,703022;9,394627E-1;1,066652E-1;1,110970E-1;9,426581E-1;;
30/11/2021  10:22:49,703122;9,399426E-1;9,901924E-2;1,054102E-1;9,426714E-1;;
30/11/2021  10:22:49,703222;9,401661E-1;5,537378E-2;8,613836E-2;9,426812E-1;;
30/11/2021  10:22:49,703322;9,400558E-1;9,678918E-2;9,593225E-2;9,426871E-1;;
30/11/2021  10:22:49,703422;9,399634E-1;1,025236E-1;1,189953E-1;9,426889E-1;;
30/11/2021  10:22:49,703522;9,403985E-1;-3,287288E-2;4,443533E-2;9,426865E-1;;
30/11/2021  10:22:49,703622;9,396296E-1;9,710776E-2;1,079377E-1;9,426799E-1;;
30/11/2021  10:22:49,703722;9,393227E-1;5,091366E-2;6,623464E-2;9,426688E-1;;
30/11/2021  10:22:49,703822;9,393107E-1;7,703722E-2;1,069899E-1;9,426533E-1;;
30/11/2021  10:22:49,703922;9,397548E-1;9,105474E-2;9,561632E-2;9,426331E-1;;
30/11/2021  10:22:49,704022;9,402167E-1;1,289658E-1;1,439539E-1;9,426083E-1;;
30/11/2021  10:22:49,704122;9,399217E-1;1,073023E-1;1,164678E-1;9,425790E-1;;
30/11/2021  10:22:49,704222;9,393852E-1;1,117624E-1;1,464814E-1;9,425453E-1;;
30/11/2021  10:22:49,704322;9,389769E-1;1,292843E-1;1,382671E-1;9,425072E-1;;
30/11/2021  10:22:49,704422;9,379458E-1;1,397975E-1;1,319485E-1;9,424649E-1;;
30/11/2021  10:22:49,704522;9,373884E-1;1,582751E-1;1,417424E-1;9,424181E-1;;
30/11/2021  10:22:49,704622;9,371500E-1;1,493549E-1;1,379512E-1;9,423667E-1;;
30/11/2021  10:22:49,704722;9,378862E-1;1,640096E-1;1,417424E-1;9,423104E-1;;
30/11/2021  10:22:49,704822;9,372275E-1;1,563636E-1;1,546956E-1;9,422490E-1;;
30/11/2021  10:22:49,704922;9,366255E-1;1,270543E-1;1,341600E-1;9,421826E-1;;
30/11/2021  10:22:49,705022;9,361397E-1;1,563636E-1;1,951349E-1;9,421109E-1;;
30/11/2021  10:22:49,705122;9,356628E-1;1,318330E-1;1,208909E-1;9,420337E-1;;
30/11/2021  10:22:49,705222;9,359728E-1;1,547707E-1;1,328963E-1;9,419510E-1;;
30/11/2021  10:22:49,705322;9,358953E-1;1,302401E-1;1,300529E-1;9,418624E-1;;
30/11/2021  10:22:49,705422;9,363573E-1;9,615202E-2;1,054102E-1;9,417681E-1;;
30/11/2021  10:22:49,705522;9,358238E-1;1,178155E-1;1,110970E-1;9,416679E-1;;
30/11/2021  10:22:49,705622;9,355645E-1;1,331073E-1;1,272095E-1;9,415621E-1;;
30/11/2021  10:22:49,705722;9,347926E-1;1,257800E-1;1,581709E-1;9,414506E-1;;
30/11/2021  10:22:49,705822;9,346466E-1;1,200455E-1;1,287892E-1;9,413335E-1;;
30/11/2021  10:22:49,705922;9,349148E-1;1,270543E-1;1,246821E-1;9,412108E-1;;
30/11/2021  10:22:49,706022;9,352695E-1;1,267357E-1;1,227865E-1;9,410827E-1;;
30/11/2021  10:22:49,706122;9,346555E-1;1,178155E-1;1,291051E-1;9,409491E-1;;
30/11/2021  10:22:49,706222;9,352337E-1;1,229127E-1;1,193112E-1;9,408104E-1;;
30/11/2021  10:22:49,706322;9,349774E-1;1,245056E-1;1,354238E-1;9,406668E-1;;
30/11/2021  10:22:49,706422;9,350489E-1;6,365686E-2;1,006712E-1;9,405187E-1;;
30/11/2021  10:22:49,706522;9,342502E-1;1,229127E-1;1,249980E-1;9,403663E-1;;
30/11/2021  10:22:49,706622;9,356003E-1;1,276914E-1;1,338441E-1;9,402100E-1;;
30/11/2021  10:22:49,706722;9,355615E-1;1,184526E-1;1,231024E-1;9,400502E-1;;
30/11/2021  10:22:49,706822;9,355466E-1;1,611423E-1;1,376353E-1;9,398874E-1;;
30/11/2021  10:22:49,706922;9,350191E-1;1,331073E-1;1,373193E-1;9,397220E-1;;
30/11/2021  10:22:49,707022;9,346615E-1;1,044351E-1;1,205749E-1;9,395546E-1;;
30/11/2021  10:22:49,707122;9,343754E-1;2,844328E-1;2,858074E-1;9,393855E-1;;
30/11/2021  10:22:49,707222;9,346108E-1;1,257800E-1;1,275255E-1;9,392151E-1;;
30/11/2021  10:22:49,707322;9,348999E-1;2,447152E-2;1,455336E-1;9,390436E-1;;
30/11/2021  10:22:49,707422;9,347866E-1;1,238685E-1;1,246821E-1;9,388714E-1;;
30/11/2021  10:22:49,707522;9,347568E-1;1,614609E-1;1,900800E-1;9,386990E-1;;
30/11/2021  10:22:49,707622;9,344409E-1;1,270543E-1;1,174156E-1;9,385266E-1;;
30/11/2021  10:22:49,707722;9,340386E-1;1,174969E-1;1,038306E-1;9,383547E-1;;
30/11/2021  10:22:49,707822;9,341697E-1;9,551486E-2;7,887192E-2;9,381834E-1;;
30/11/2021  10:22:49,707922;9,348433E-1;1,241871E-1;1,316326E-1;9,380131E-1;;
30/11/2021  10:22:49,708022;9,353320E-1;7,608148E-2;8,361090E-2;9,378440E-1;;
30/11/2021  10:22:49,708122;9,354274E-1;1,127182E-1;1,110970E-1;9,376765E-1;;
30/11/2021  10:22:49,708222;9,350310E-1;1,264171E-1;9,593225E-2;9,375112E-1;;
30/11/2021  10:22:49,708322;9,357582E-1;1,356559E-1;1,407946E-1;9,373485E-1;;
30/11/2021  10:22:49,708422;9,353291E-1;3,126658E-3;9,403666E-2;9,371888E-1;;
30/11/2021  10:22:49,708522;9,355258E-1;1,331073E-1;1,534319E-1;9,370326E-1;;
30/11/2021  10:22:49,708622;9,360831E-1;1,746276E-2;6,212753E-2;9,368801E-1;;
30/11/2021  10:22:49,708722;9,364258E-1;1,347002E-1;1,351078E-1;9,367318E-1;;
30/11/2021  10:22:49,708822;9,366732E-1;1,318330E-1;1,505885E-1;9,365883E-1;;
30/11/2021  10:22:49,708922;9,365838E-1;1,706997E-1;1,903959E-1;9,364499E-1;;
30/11/2021  10:22:49,709022;9,365450E-1;1,273729E-1;1,259458E-1;9,363171E-1;;
30/11/2021  10:22:49,709122;9,364079E-1;1,273729E-1;1,249980E-1;9,361903E-1;;
30/11/2021  10:22:49,709222;9,360950E-1;1,305587E-1;1,278414E-1;9,360697E-1;;
30/11/2021  10:22:49,709322;9,371232E-1;1,347002E-1;1,319485E-1;9,359556E-1;;
30/11/2021  10:22:49,709422;9,377610E-1;1,296029E-1;1,291051E-1;9,358482E-1;;
30/11/2021  10:22:49,709522;9,366076E-1;1,305587E-1;1,300529E-1;9,357478E-1;;
30/11/2021  10:22:49,709622;9,356092E-1;1,270543E-1;1,202590E-1;9,356546E-1;;
30/11/2021  10:22:49,709722;9,359311E-1;8,978042E-2;9,498445E-2;9,355686E-1;;
30/11/2021  10:22:49,709822;9,349982E-1;1,238685E-1;1,189953E-1;9,354896E-1;;
30/11/2021  10:22:49,709922;9,345661E-1;1,238685E-1;1,205749E-1;9,354174E-1;;
30/11/2021  10:22:49,710022;9,348164E-1;1,120810E-1;9,877564E-2;9,353515E-1;;
30/11/2021  10:22:49,710122;9,346943E-1;1,442576E-1;1,581709E-1;9,352915E-1;;
30/11/2021  10:22:49,710222;9,339671E-1;1,426647E-1;1,480610E-1;9,352371E-1;;
30/11/2021  10:22:49,710322;9,329120E-1;1,420275E-1;1,354238E-1;9,351876E-1;;
30/11/2021  10:22:49,710422;9,327779E-1;1,356559E-1;1,341600E-1;9,351426E-1;;
30/11/2021  10:22:49,710522;9,323577E-1;1,630538E-1;1,581709E-1;9,351013E-1;;
30/11/2021  10:22:49,710622;9,319881E-1;1,413904E-1;1,366875E-1;9,350629E-1;;
30/11/2021  10:22:49,710722;9,319464E-1;1,413904E-1;1,284732E-1;9,350268E-1;;
30/11/2021  10:22:49,710822;9,325008E-1;1,372488E-1;1,480610E-1;9,349922E-1;;
30/11/2021  10:22:49,710922;9,308854E-1;1,375674E-1;1,253139E-1;9,349586E-1;;
30/11/2021  10:22:49,711022;9,303579E-1;1,302401E-1;1,189953E-1;9,349252E-1;;
30/11/2021  10:22:49,711122;9,302149E-1;1,270543E-1;1,177316E-1;9,348913E-1;;
30/11/2021  10:22:49,711222;9,293595E-1;1,232313E-1;1,167838E-1;9,348562E-1;;
30/11/2021  10:22:49,711322;9,291628E-1;1,174969E-1;1,205749E-1;9,348190E-1;;
30/11/2021  10:22:49,711422;9,293029E-1;7,586778E-3;8,361090E-2;9,347791E-1;;
30/11/2021  10:22:49,711522;9,296575E-1;1,194084E-1;1,240502E-1;9,347357E-1;;
30/11/2021  10:22:49,711622;9,285280E-1;1,095324E-1;1,231024E-1;9,346883E-1;;
30/11/2021  10:22:49,711722;9,279021E-1;1,069837E-1;1,215227E-1;9,346364E-1;;
30/11/2021  10:22:49,711822;9,267011E-1;1,111253E-1;1,189953E-1;9,345794E-1;;
30/11/2021  10:22:49,711922;9,270915E-1;1,085766E-1;1,196272E-1;9,345166E-1;;
30/11/2021  10:22:49,712022;9,278545E-1;1,069837E-1;1,164678E-1;9,344476E-1;;
30/11/2021  10:22:49,712122;9,281436E-1;8,946184E-2;8,392683E-2;9,343718E-1;;
30/11/2021  10:22:49,712222;9,277502E-1;1,034794E-1;1,139404E-1;9,342892E-1;;
30/11/2021  10:22:49,712322;9,269991E-1;1,044351E-1;1,177316E-1;9,341996E-1;;
30/11/2021  10:22:49,712422;9,276429E-1;1,181340E-1;1,186794E-1;9,341029E-1;;
30/11/2021  10:22:49,712522;9,272852E-1;1,203641E-1;1,183634E-1;9,339992E-1;;
30/11/2021  10:22:49,712622;9,278098E-1;1,238685E-1;1,483770E-1;9,338884E-1;;
30/11/2021  10:22:49,712722;9,286353E-1;2,082922E-1;1,249980E-1;9,337708E-1;;
30/11/2021  10:22:49,712822;9,288082E-1;1,847173E-1;1,430061E-1;9,336468E-1;;
30/11/2021  10:22:49,712922;9,290943E-1;5,441804E-2;8,392683E-2;9,335168E-1;;
30/11/2021  10:22:49,713022;9,289542E-1;1,665582E-1;1,455336E-1;9,333814E-1;;
30/11/2021  10:22:49,713122;9,297589E-1;1,620981E-1;1,692285E-1;9,332412E-1;;
30/11/2021  10:22:49,713222;9,297917E-1;1,487177E-1;1,490088E-1;9,330970E-1;;
30/11/2021  10:22:49,713322;9,303400E-1;1,085766E-1;1,148882E-1;9,329495E-1;;
30/11/2021  10:22:49,713422;9,319941E-1;1,350188E-1;1,303688E-1;9,327995E-1;;
30/11/2021  10:22:49,713522;9,321610E-1;1,452133E-1;1,445858E-1;9,326480E-1;;
30/11/2021  10:22:49,713622;9,318034E-1;1,340630E-1;1,341600E-1;9,324961E-1;;
30/11/2021  10:22:49,713722;9,323637E-1;1,283286E-1;1,253139E-1;9,323449E-1;;
30/11/2021  10:22:49,713822;9,324352E-1;1,372488E-1;1,319485E-1;9,321953E-1;;
30/11/2021  10:22:49,713922;9,328822E-1;1,337445E-1;1,294210E-1;9,320483E-1;;
30/11/2021  10:22:49,714022;9,340296E-1;1,378860E-1;1,373193E-1;9,319048E-1;;
30/11/2021  10:22:49,714122;9,346585E-1;1,366117E-1;1,237343E-1;9,317659E-1;;
30/11/2021  10:22:49,714222;9,355436E-1;1,241871E-1;7,950379E-2;9,316325E-1;;
30/11/2021  10:22:49,714322;9,354095E-1;1,522221E-1;1,483770E-1;9,315058E-1;;
30/11/2021  10:22:49,714422;9,355347E-1;1,162226E-1;1,085695E-1;9,313869E-1;;
30/11/2021  10:22:49,714522;9,357016E-1;1,159040E-1;1,325804E-1;9,312766E-1;;
30/11/2021  10:22:49,714622;9,368430E-1;2,287862E-2;9,688005E-2;9,311758E-1;;
30/11/2021  10:22:49,714722;9,377103E-1;1,573194E-1;1,708081E-1;9,310853E-1;;
30/11/2021  10:22:49,714822;9,381037E-1;1,436204E-1;1,300529E-1;9,310059E-1;;
30/11/2021  10:22:49,714922;9,384405E-1;1,327887E-1;1,436380E-1;9,309386E-1;;
30/11/2021  10:22:49,715022;9,380709E-1;1,388417E-1;1,316326E-1;9,308841E-1;;
30/11/2021  10:22:49,715122;9,385686E-1;1,468062E-1;1,461654E-1;9,308429E-1;;
30/11/2021  10:22:49,715222;9,392780E-1;1,241871E-1;1,294210E-1;9,308156E-1;;
30/11/2021  10:22:49,715322;9,400856E-1;1,506292E-1;1,505885E-1;9,308027E-1;;
30/11/2021  10:22:49,715422;9,407919E-1;1,311958E-1;1,177316E-1;9,308046E-1;;
30/11/2021  10:22:49,715522;9,412509E-1;1,369303E-1;1,426902E-1;9,308218E-1;;
30/11/2021  10:22:49,715622;9,413910E-1;1,111253E-1;8,740209E-2;9,308547E-1;;
30/11/2021  10:22:49,715722;9,406817E-1;1,401161E-1;1,625939E-1;9,309037E-1;;
30/11/2021  10:22:49,715822;9,414178E-1;1,617795E-1;1,885003E-1;9,309688E-1;;
30/11/2021  10:22:49,715922;9,414715E-1;1,155854E-1;1,095173E-1;9,310500E-1;;
30/11/2021  10:22:49,716022;9,415877E-1;1,267357E-1;1,161519E-1;9,311473E-1;;
30/11/2021  10:22:49,716122;9,429109E-1;1,563636E-1;1,676488E-1;9,312605E-1;;
30/11/2021  10:22:49,716222;9,425354E-1;1,216384E-1;9,245700E-2;9,313894E-1;;
30/11/2021  10:22:49,716322;9,422344E-1;1,353374E-1;1,648054E-1;9,315339E-1;;
30/11/2021  10:22:49,716422;9,425384E-1;1,296029E-1;1,521681E-1;9,316936E-1;;
30/11/2021  10:22:49,716522;9,425235E-1;1,433019E-1;1,366875E-1;9,318680E-1;;
30/11/2021  10:22:49,716622;9,422493E-1;1,464877E-1;1,433221E-1;9,320566E-1;;
30/11/2021  10:22:49,716722;9,430391E-1;1,267357E-1;1,272095E-1;9,322588E-1;;
30/11/2021  10:22:49,716822;9,432030E-1;1,270543E-1;1,180475E-1;9,324740E-1;;
30/11/2021  10:22:49,716922;9,435487E-1;1,245056E-1;1,205749E-1;9,327014E-1;;
30/11/2021  10:22:49,717022;9,435219E-1;1,280100E-1;1,316326E-1;9,329405E-1;;
30/11/2021  10:22:49,717122;9,432388E-1;1,382046E-1;1,398468E-1;9,331906E-1;;
30/11/2021  10:22:49,717222;9,431851E-1;1,499920E-1;2,200935E-1;9,334509E-1;;
30/11/2021  10:22:49,717322;9,433401E-1;7,480716E-2;9,119327E-2;9,337206E-1;;
30/11/2021  10:22:49,717422;9,439749E-1;1,302401E-1;1,256299E-1;9,339990E-1;;
30/11/2021  10:22:49,717522;9,436113E-1;1,235499E-1;1,338441E-1;9,342851E-1;;
30/11/2021  10:22:49,717622;9,435964E-1;1,276914E-1;1,300529E-1;9,345782E-1;;
30/11/2021  10:22:49,717722;9,432000E-1;1,815315E-1;1,521681E-1;9,348774E-1;;
30/11/2021  10:22:49,717822;9,426338E-1;1,353374E-1;1,521681E-1;9,351817E-1;;
30/11/2021  10:22:49,717922;9,430242E-1;1,238685E-1;1,411105E-1;9,354903E-1;;
30/11/2021  10:22:49,718022;9,428573E-1;1,225942E-1;1,294210E-1;9,358019E-1;;
30/11/2021  10:22:49,718122;9,433043E-1;1,359745E-1;1,268936E-1;9,361158E-1;;
30/11/2021  10:22:49,718222;9,431941E-1;1,159040E-1;1,202590E-1;9,364308E-1;;
30/11/2021  10:22:49,718322;9,424132E-1;1,238685E-1;1,044624E-1;9,367463E-1;;
30/11/2021  10:22:49,718422;9,424430E-1;1,375674E-1;1,588027E-1;9,370611E-1;;
30/11/2021  10:22:49,718522;9,430302E-1;5,601094E-2;5,833634E-2;9,373744E-1;;
30/11/2021  10:22:49,718622;9,428156E-1;1,260985E-1;1,136244E-1;9,376853E-1;;
30/11/2021  10:22:49,718722;9,440077E-1;1,260985E-1;1,224705E-1;9,379931E-1;;
30/11/2021  10:22:49,718822;9,443892E-1;1,123996E-1;1,480610E-1;9,382972E-1;;
30/11/2021  10:22:49,718922;9,448511E-1;1,847173E-1;1,562753E-1;9,385971E-1;;
30/11/2021  10:22:49,719022;9,445471E-1;1,159040E-1;1,310007E-1;9,388925E-1;;
30/11/2021  10:22:49,719122;9,444577E-1;1,296029E-1;1,316326E-1;9,391832E-1;;
30/11/2021  10:22:49,719222;9,454382E-1;2,210354E-1;2,204095E-1;9,394688E-1;;
30/11/2021  10:22:49,719322;9,464813E-1;1,401161E-1;1,809180E-1;9,397492E-1;;
30/11/2021  10:22:49,719422;9,465737E-1;9,455912E-2;1,483770E-1;9,400244E-1;;
30/11/2021  10:22:49,719522;9,470804E-1;1,340630E-1;1,341600E-1;9,402944E-1;;
30/11/2021  10:22:49,719622;9,478851E-1;1,321516E-1;1,347919E-1;9,405595E-1;;
30/11/2021  10:22:49,719722;9,468390E-1;9,870066E-2;1,000394E-1;9,408198E-1;;
30/11/2021  10:22:49,719822;9,470178E-1;8,818752E-2;1,000394E-1;9,410756E-1;;
30/11/2021  10:22:49,719922;9,467555E-1;8,691320E-2;9,340479E-2;9,413269E-1;;
30/11/2021  10:22:49,720022;9,468747E-1;1,028422E-1;1,202590E-1;9,415737E-1;;
30/11/2021  10:22:49,720122;9,483679E-1;4,772786E-2;5,644075E-2;9,418159E-1;;
30/11/2021  10:22:49,720222;9,477688E-1;9,551486E-2;1,038306E-1;9,420538E-1;;
30/11/2021  10:22:49,720322;9,474946E-1;9,774492E-2;9,498445E-2;9,422874E-1;;
30/11/2021  10:22:49,720422;9,480341E-1;9,710776E-2;1,224705E-1;9,425167E-1;;
30/11/2021  10:22:49,720522;9,480043E-1;2,064856E-2;7,381701E-2;9,427419E-1;;
30/11/2021  10:22:49,720622;9,485199E-1;9,455912E-2;1,221546E-1;9,429631E-1;;
30/11/2021  10:22:49,720722;9,491338E-1;1,095324E-1;1,155200E-1;9,431803E-1;;
30/11/2021  10:22:49,720822;9,494974E-1;1,088952E-1;1,199431E-1;9,433937E-1;;
30/11/2021  10:22:49,720922;9,498223E-1;1,181340E-1;1,483770E-1;9,436036E-1;;
30/11/2021  10:22:49,721022;9,501024E-1;1,840801E-1;1,998739E-1;9,438103E-1;;
30/11/2021  10:22:49,721122;9,502455E-1;1,327887E-1;1,016190E-1;9,440141E-1;;
30/11/2021  10:22:49,721222;9,511217E-1;1,538150E-1;1,325804E-1;9,442153E-1;;
30/11/2021  10:22:49,721322;9,514465E-1;1,671954E-1;1,515363E-1;9,444143E-1;;
30/11/2021  10:22:49,721422;9,524837E-1;1,719741E-1;1,597505E-1;9,446114E-1;;
30/11/2021  10:22:49,721522;9,525254E-1;1,509478E-1;1,461654E-1;9,448072E-1;;
30/11/2021  10:22:49,721622;9,530052E-1;1,334259E-1;1,272095E-1;9,450021E-1;;
30/11/2021  10:22:49,721722;9,528890E-1;1,178155E-1;1,098333E-1;9,451967E-1;;
30/11/2021  10:22:49,721822;9,529933E-1;1,491412E-2;6,339125E-2;9,453913E-1;;
30/11/2021  10:22:49,721922;9,524211E-1;1,222756E-1;1,028828E-1;9,455863E-1;;
30/11/2021  10:22:49,722022;9,531632E-1;1,139925E-1;1,139404E-1;9,457819E-1;;
30/11/2021  10:22:49,722122;9,538129E-1;1,264171E-1;1,379512E-1;9,459782E-1;;
30/11/2021  10:22:49,722222;9,534850E-1;1,111253E-1;1,319485E-1;9,461755E-1;;
30/11/2021  10:22:49,722322;9,537175E-1;1,321516E-1;1,546956E-1;9,463740E-1;;
30/11/2021  10:22:49,722422;9,525701E-1;1,149482E-1;1,092014E-1;9,465736E-1;;
30/11/2021  10:22:49,722522;9,522899E-1;1,165411E-1;1,136244E-1;9,467744E-1;;
30/11/2021  10:22:49,722622;9,516462E-1;1,726112E-1;2,005057E-1;9,469760E-1;;
30/11/2021  10:22:49,722722;9,512111E-1;1,241871E-1;1,272095E-1;9,471781E-1;;
30/11/2021  10:22:49,722822;9,518638E-1;1,174969E-1;1,183634E-1;9,473801E-1;;
30/11/2021  10:22:49,722922;9,507610E-1;1,296029E-1;1,395309E-1;9,475816E-1;;
30/11/2021  10:22:49,723022;9,501084E-1;1,200455E-1;1,088855E-1;9,477819E-1;;
30/11/2021  10:22:49,723122;9,485020E-1;1,108067E-1;1,142563E-1;9,479803E-1;;
30/11/2021  10:22:49,723222;9,479238E-1;1,213198E-1;1,193112E-1;9,481760E-1;;
30/11/2021  10:22:49,723322;9,476556E-1;1,248242E-1;1,253139E-1;9,483678E-1;;
30/11/2021  10:22:49,723422;9,470863E-1;1,289658E-1;1,155200E-1;9,485547E-1;;
30/11/2021  10:22:49,723522;9,467794E-1;1,117624E-1;1,398468E-1;9,487356E-1;;
30/11/2021  10:22:49,723622;9,459449E-1;1,372488E-1;1,496407E-1;9,489095E-1;;
30/11/2021  10:22:49,723722;9,451700E-1;1,165411E-1;1,297370E-1;9,490753E-1;;
30/11/2021  10:22:49,723822;9,449614E-1;1,248242E-1;1,246821E-1;9,492320E-1;;
30/11/2021  10:22:49,723922;9,441001E-1;1,219570E-1;1,186794E-1;9,493785E-1;;
30/11/2021  10:22:49,724022;9,436650E-1;1,187712E-1;1,231024E-1;9,495139E-1;;
30/11/2021  10:22:49,724122;9,439600E-1;1,311958E-1;1,344760E-1;9,496371E-1;;
30/11/2021  10:22:49,724222;9,436948E-1;1,174969E-1;9,435259E-2;9,497474E-1;;
30/11/2021  10:22:49,724322;9,431076E-1;1,146297E-1;1,133085E-1;9,498440E-1;;
30/11/2021  10:22:49,724422;9,419870E-1;1,184526E-1;1,170997E-1;9,499264E-1;;
30/11/2021  10:22:49,724522;9,413105E-1;1,178155E-1;1,117289E-1;9,499939E-1;;
30/11/2021  10:22:49,724622;9,408903E-1;1,031608E-1;9,403666E-2;9,500459E-1;;
30/11/2021  10:22:49,724722;9,405565E-1;1,682560E-2;5,644075E-2;9,500816E-1;;
30/11/2021  10:22:49,724822;9,403628E-1;9,583344E-2;9,372073E-2;9,501007E-1;;
30/11/2021  10:22:49,724922;9,406698E-1;1,187712E-1;1,044624E-1;9,501027E-1;;
30/11/2021  10:22:49,725022;9,400737E-1;1,104881E-1;1,079377E-1;9,500873E-1;;
30/11/2021  10:22:49,725122;9,391736E-1;1,216384E-1;1,158360E-1;9,500545E-1;;
30/11/2021  10:22:49,725222;9,388458E-1;1,321516E-1;1,417424E-1;9,500041E-1;;
30/11/2021  10:22:49,725322;9,383421E-1;1,210013E-1;1,272095E-1;9,499359E-1;;
30/11/2021  10:22:49,725422;9,386104E-1;1,238685E-1;1,246821E-1;9,498501E-1;;
30/11/2021  10:22:49,725522;9,389978E-1;1,267357E-1;1,278414E-1;9,497465E-1;;
30/11/2021  10:22:49,725622;9,387951E-1;1,311958E-1;1,328963E-1;9,496256E-1;;
30/11/2021  10:22:49,725722;9,377789E-1;1,331073E-1;1,354238E-1;9,494878E-1;;
30/11/2021  10:22:49,725822;9,370904E-1;1,152668E-1;1,202590E-1;9,493333E-1;;
30/11/2021  10:22:49,725922;9,368520E-1;1,276914E-1;1,253139E-1;9,491626E-1;;
30/11/2021  10:22:49,726022;9,368192E-1;1,219570E-1;1,231024E-1;9,489759E-1;;
30/11/2021  10:22:49,726122;9,369086E-1;1,225942E-1;1,249980E-1;9,487738E-1;;
30/11/2021  10:22:49,726222;9,365361E-1;1,162226E-1;1,006712E-1;9,485567E-1;;
30/11/2021  10:22:49,726322;9,369176E-1;7,671864E-2;5,960007E-2;9,483253E-1;;
30/11/2021  10:22:49,726422;9,358625E-1;1,499920E-1;1,824976E-1;9,480801E-1;;
30/11/2021  10:22:49,726522;9,362291E-1;3,657756E-2;6,970989E-2;9,478219E-1;;
30/11/2021  10:22:49,726622;9,361010E-1;1,324701E-1;1,423743E-1;9,475514E-1;;
30/11/2021  10:22:49,726722;9,363930E-1;1,391603E-1;1,439539E-1;9,472693E-1;;
30/11/2021  10:22:49,726822;9,366076E-1;6,142680E-2;1,060421E-1;9,469765E-1;;
30/11/2021  10:22:49,726922;9,373229E-1;1,270543E-1;1,224705E-1;9,466741E-1;;
30/11/2021  10:22:49,727022;9,368490E-1;1,216384E-1;1,531159E-1;9,463630E-1;;
30/11/2021  10:22:49,727122;9,367238E-1;1,203641E-1;1,256299E-1;9,460444E-1;;
30/11/2021  10:22:49,727222;9,366225E-1;1,296029E-1;1,249980E-1;9,457193E-1;;
30/11/2021  10:22:49,727322;9,364973E-1;1,136739E-1;1,174156E-1;9,453887E-1;;
30/11/2021  10:22:49,727422;9,363990E-1;1,746276E-2;4,633093E-2;9,450537E-1;;
30/11/2021  10:22:49,727522;9,379666E-1;1,130368E-1;9,719598E-2;9,447153E-1;;
30/11/2021  10:22:49,727622;9,376716E-1;1,353374E-1;1,411105E-1;9,443746E-1;;
30/11/2021  10:22:49,727722;9,372513E-1;1,359745E-1;1,259458E-1;9,440328E-1;;
30/11/2021  10:22:49,727822;9,367209E-1;1,356559E-1;1,313166E-1;9,436909E-1;;
30/11/2021  10:22:49,727922;9,367149E-1;1,127182E-1;1,218387E-1;9,433499E-1;;
30/11/2021  10:22:49,728022;9,368699E-1;1,174969E-1;1,325804E-1;9,430106E-1;;
30/11/2021  10:22:49,728122;9,370368E-1;8,755036E-2;8,866581E-2;9,426740E-1;;
30/11/2021  10:22:49,728222;9,370755E-1;1,108067E-1;1,158360E-1;9,423407E-1;;
30/11/2021  10:22:49,728322;9,364854E-1;1,047537E-1;1,044624E-1;9,420117E-1;;
30/11/2021  10:22:49,728422;9,359132E-1;1,162226E-1;1,534319E-1;9,416874E-1;;
30/11/2021  10:22:49,728522;9,344171E-1;1,104881E-1;1,382671E-1;9,413686E-1;;
30/11/2021  10:22:49,728622;9,341936E-1;1,082581E-1;1,066739E-1;9,410553E-1;;
30/11/2021  10:22:49,728722;9,338627E-1;1,006121E-1;1,082536E-1;9,407477E-1;;
30/11/2021  10:22:49,728822;9,335677E-1;8,309024E-2;9,814378E-2;9,404458E-1;;
30/11/2021  10:22:49,728922;9,336660E-1;8,277166E-2;8,266311E-2;9,401496E-1;;
30/11/2021  10:22:49,729022;9,330730E-1;9,296622E-2;1,164678E-1;9,398590E-1;;
30/11/2021  10:22:49,729122;9,322951E-1;1,028422E-1;1,300529E-1;9,395740E-1;;
30/11/2021  10:22:49,729222;9,321431E-1;1,114439E-1;1,174156E-1;9,392943E-1;;
30/11/2021  10:22:49,729322;9,316454E-1;2,997246E-1;2,542142E-1;9,390198E-1;;
30/11/2021  10:22:49,729422;9,321729E-1;1,445762E-1;1,373193E-1;9,387502E-1;;
30/11/2021  10:22:49,729522;9,317497E-1;1,002936E-1;1,509044E-1;9,384853E-1;;
30/11/2021  10:22:49,729622;9,327958E-1;1,493549E-1;1,366875E-1;9,382250E-1;;
30/11/2021  10:22:49,729722;9,320835E-1;1,675139E-1;1,480610E-1;9,379692E-1;;
30/11/2021  10:22:49,729822;9,316484E-1;1,280100E-1;1,284732E-1;9,377179E-1;;
30/11/2021  10:22:49,729922;9,315232E-1;1,534964E-1;1,502726E-1;9,374711E-1;;
30/11/2021  10:22:49,730022;9,319136E-1;1,448948E-1;1,543797E-1;9,372288E-1;;
30/11/2021  10:22:49,730122;9,323994E-1;1,372488E-1;1,379512E-1;9,369908E-1;;
30/11/2021  10:22:49,730222;9,333561E-1;1,397975E-1;1,325804E-1;9,367574E-1;;
30/11/2021  10:22:49,730322;9,331773E-1;1,353374E-1;1,360556E-1;9,365287E-1;;
30/11/2021  10:22:49,730422;9,330074E-1;1,053908E-1;1,066739E-1;9,363050E-1;;
30/11/2021  10:22:49,730522;9,328971E-1;1,828058E-1;1,717559E-1;9,360867E-1;;
30/11/2021  10:22:49,730622;9,329776E-1;1,168597E-1;1,243661E-1;9,358740E-1;;
30/11/2021  10:22:49,730722;9,330879E-1;1,296029E-1;1,281573E-1;9,356671E-1;;
30/11/2021  10:22:49,730822;9,332190E-1;1,286472E-1;1,272095E-1;9,354663E-1;;
30/11/2021  10:22:49,730922;9,341429E-1;1,761156E-1;2,267281E-1;9,352717E-1;;
30/11/2021  10:22:49,731022;9,340565E-1;1,401161E-1;1,243661E-1;9,350836E-1;;
30/11/2021  10:22:49,731122;9,340773E-1;1,248242E-1;1,370034E-1;9,349025E-1;;
30/11/2021  10:22:49,731222;9,336392E-1;1,509478E-1;1,486929E-1;9,347286E-1;;
30/11/2021  10:22:49,731322;9,329716E-1;1,044351E-1;1,366875E-1;9,345621E-1;;
30/11/2021  10:22:49,731422;9,339075E-1;1,267357E-1;1,344760E-1;9,344030E-1;;
30/11/2021  10:22:49,731522;9,347449E-1;1,394789E-1;1,376353E-1;9,342516E-1;;
30/11/2021  10:22:49,731622;9,348284E-1;1,388417E-1;1,332122E-1;9,341079E-1;;
30/11/2021  10:22:49,731722;9,353261E-1;1,388417E-1;1,505885E-1;9,339724E-1;;
30/11/2021  10:22:49,731822;9,348611E-1;1,012493E-1;6,844617E-2;9,338451E-1;;
30/11/2021  10:22:49,731922;9,354185E-1;7,098420E-2;1,117289E-1;9,337265E-1;;
30/11/2021  10:22:49,732022;9,359251E-1;1,391603E-1;1,152041E-1;9,336166E-1;;
30/11/2021  10:22:49,732122;9,369682E-1;1,270543E-1;1,395309E-1;9,335158E-1;;
30/11/2021  10:22:49,732222;9,378206E-1;1,168597E-1;1,069899E-1;9,334244E-1;;
30/11/2021  10:22:49,732322;9,386133E-1;1,162226E-1;1,158360E-1;9,333429E-1;;
30/11/2021  10:22:49,732422;9,389293E-1;7,735580E-2;4,917431E-2;9,332719E-1;;
30/11/2021  10:22:49,732522;9,393435E-1;1,439390E-1;1,388990E-1;9,332118E-1;;
30/11/2021  10:22:49,732622;9,395611E-1;-5,740354E-2;6,623464E-2;9,331632E-1;;
30/11/2021  10:22:49,732722;9,399336E-1;1,464877E-1;1,689125E-1;9,331266E-1;;
30/11/2021  10:22:49,732822;9,400677E-1;1,222756E-1;1,518522E-1;9,331024E-1;;
30/11/2021  10:22:49,732922;9,408396E-1;1,324701E-1;1,306848E-1;9,330909E-1;;
30/11/2021  10:22:49,733022;9,411675E-1;1,047537E-1;1,679647E-1;9,330923E-1;;
30/11/2021  10:22:49,733122;9,412509E-1;1,165411E-1;1,739675E-1;9,331071E-1;;
30/11/2021  10:22:49,733222;9,411883E-1;1,130368E-1;1,212068E-1;9,331354E-1;;
30/11/2021  10:22:49,733322;9,409380E-1;1,264171E-1;1,253139E-1;9,331772E-1;;
30/11/2021  10:22:49,733422;9,404820E-1;1,356559E-1;1,319485E-1;9,332325E-1;;
30/11/2021  10:22:49,733522;9,410393E-1;1,410718E-1;1,366875E-1;9,333011E-1;;
30/11/2021  10:22:49,733622;9,416562E-1;1,232313E-1;1,202590E-1;9,333826E-1;;
30/11/2021  10:22:49,733722;9,412330E-1;1,347002E-1;1,291051E-1;9,334767E-1;;
30/11/2021  10:22:49,733822;9,412032E-1;1,104881E-1;1,133085E-1;9,335832E-1;;
30/11/2021  10:22:49,733922;9,407413E-1;8,468314E-2;9,782784E-2;9,337016E-1;;
30/11/2021  10:22:49,734022;9,402734E-1;1,624167E-1;1,625939E-1;9,338312E-1;;
30/11/2021  10:22:49,734122;9,403538E-1;5,983390E-2;8,108345E-2;9,339714E-1;;
30/11/2021  10:22:49,734222;9,406638E-1;1,471248E-1;1,638576E-1;9,341215E-1;;
30/11/2021  10:22:49,734322;9,410542E-1;1,496735E-1;1,856569E-1;9,342805E-1;;
30/11/2021  10:22:49,734422;9,401989E-1;1,123996E-1;1,243661E-1;9,344479E-1;;
30/11/2021  10:22:49,734522;9,400707E-1;1,308772E-1;1,224705E-1;9,346228E-1;;
30/11/2021  10:22:49,734622;9,403628E-1;1,292843E-1;1,227865E-1;9,348044E-1;;
30/11/2021  10:22:49,734722;9,399873E-1;2,114780E-1;1,768108E-1;9,349919E-1;;
30/11/2021  10:22:49,734822;9,400916E-1;1,260985E-1;1,420583E-1;9,351843E-1;;
30/11/2021  10:22:49,734922;9,399515E-1;1,152668E-1;1,085695E-1;9,353808E-1;;
30/11/2021  10:22:49,735022;9,402615E-1;1,397975E-1;1,581709E-1;9,355806E-1;;
30/11/2021  10:22:49,735122;9,405029E-1;1,385232E-1;1,287892E-1;9,357830E-1;;
30/11/2021  10:22:49,735222;9,403598E-1;1,149482E-1;1,069899E-1;9,359871E-1;;
30/11/2021  10:22:49,735322;9,401482E-1;1,353374E-1;1,180475E-1;9,361923E-1;;
30/11/2021  10:22:49,735422;9,404283E-1;1,305587E-1;1,152041E-1;9,363980E-1;;
30/11/2021  10:22:49,735522;9,405744E-1;1,382046E-1;1,284732E-1;9,366034E-1;;
30/11/2021  10:22:49,735622;9,417546E-1;1,372488E-1;1,632258E-1;9,368082E-1;;
30/11/2021  10:22:49,735722;9,409827E-1;9,774492E-2;1,335282E-1;9,370117E-1;;
30/11/2021  10:22:49,735822;9,413195E-1;1,375674E-1;1,430061E-1;9,372138E-1;;
30/11/2021  10:22:49,735922;9,412420E-1;1,522221E-1;1,528000E-1;9,374140E-1;;
30/11/2021  10:22:49,736022;9,411377E-1;1,452133E-1;1,363715E-1;9,376119E-1;;
30/11/2021  10:22:49,736122;9,411347E-1;1,315144E-1;1,351078E-1;9,378073E-1;;
30/11/2021  10:22:49,736222;9,412241E-1;1,366117E-1;1,310007E-1;9,379998E-1;;
30/11/2021  10:22:49,736322;9,414566E-1;1,130368E-1;9,435259E-2;9,381891E-1;;
30/11/2021  10:22:49,736422;9,416622E-1;1,155854E-1;1,243661E-1;9,383748E-1;;
30/11/2021  10:22:49,736522;9,410900E-1;9,137332E-2;1,069899E-1;9,385569E-1;;
30/11/2021  10:22:49,736622;9,407681E-1;1,181340E-1;1,221546E-1;9,387349E-1;;
30/11/2021  10:22:49,736722;9,402436E-1;1,063466E-1;9,561632E-2;9,389087E-1;;
30/11/2021  10:22:49,736822;9,402793E-1;1,245056E-1;1,543797E-1;9,390779E-1;;
30/11/2021  10:22:49,736922;9,411317E-1;1,044351E-1;1,123607E-1;9,392420E-1;;
30/11/2021  10:22:49,737022;9,414923E-1;1,168597E-1;1,218387E-1;9,394008E-1;;
30/11/2021  10:22:49,737122;9,419274E-1;2,096714E-2;5,865227E-2;9,395542E-1;;
30/11/2021  10:22:49,737222;9,414268E-1;8,659462E-2;8,677022E-2;9,397022E-1;;
30/11/2021  10:22:49,737322;9,412420E-1;1,331073E-1;1,404787E-1;9,398449E-1;;
30/11/2021  10:22:49,737422;9,413582E-1;1,022050E-1;1,145722E-1;9,399821E-1;;
30/11/2021  10:22:49,737522;9,423089E-1;1,057094E-1;1,183634E-1;9,401138E-1;;
30/11/2021  10:22:49,737622;9,429437E-1;1,194084E-1;1,351078E-1;9,402402E-1;;
30/11/2021  10:22:49,737722;9,433788E-1;1,362931E-1;1,398468E-1;9,403615E-1;;
30/11/2021  10:22:49,737822;9,430957E-1;1,503106E-1;1,344760E-1;9,404780E-1;;
30/11/2021  10:22:49,737922;9,431643E-1;1,585937E-1;1,376353E-1;9,405901E-1;;
30/11/2021  10:22:49,738022;9,431225E-1;1,812129E-1;1,584868E-1;9,406981E-1;;
30/11/2021  10:22:49,738122;9,434563E-1;1,585937E-1;1,537478E-1;9,408023E-1;;
30/11/2021  10:22:49,738222;9,439451E-1;1,493549E-1;1,436380E-1;9,409029E-1;;
30/11/2021  10:22:49,738322;9,441448E-1;1,092138E-1;9,277293E-2;9,410003E-1;;
30/11/2021  10:22:49,738422;9,447677E-1;1,149482E-1;1,452176E-1;9,410948E-1;;
30/11/2021  10:22:49,738522;9,439928E-1;1,350188E-1;1,379512E-1;9,411869E-1;;
30/11/2021  10:22:49,738622;9,445084E-1;1,254614E-1;1,155200E-1;9,412770E-1;;
30/11/2021  10:22:49,738722;9,446932E-1;1,248242E-1;1,467973E-1;9,413652E-1;;
30/11/2021  10:22:49,738822;9,450985E-1;1,229127E-1;1,234183E-1;9,414520E-1;;
30/11/2021  10:22:49,738922;9,459747E-1;1,136739E-1;1,442698E-1;9,415377E-1;;
30/11/2021  10:22:49,739022;9,464009E-1;1,254614E-1;1,259458E-1;9,416228E-1;;
30/11/2021  10:22:49,739122;9,464337E-1;1,538150E-1;1,777586E-1;9,417077E-1;;
30/11/2021  10:22:49,739222;9,459210E-1;1,190898E-1;1,227865E-1;9,417929E-1;;
30/11/2021  10:22:49,739322;9,462042E-1;1,315144E-1;1,284732E-1;9,418788E-1;;
30/11/2021  10:22:49,739422;9,460492E-1;1,200455E-1;1,189953E-1;9,419656E-1;;
30/11/2021  10:22:49,739522;9,465767E-1;1,241871E-1;1,404787E-1;9,420536E-1;;
30/11/2021  10:22:49,739622;9,470118E-1;9,933782E-2;8,392683E-2;9,421431E-1;;
30/11/2021  10:22:49,739722;9,468747E-1;1,273729E-1;1,385831E-1;9,422342E-1;;
30/11/2021  10:22:49,739822;9,470118E-1;1,041165E-1;5,928414E-2;9,423272E-1;;
30/11/2021  10:22:49,739922;9,466423E-1;2,289999E-1;2,466318E-1;9,424222E-1;;
30/11/2021  10:22:49,740022;9,460850E-1;1,321516E-1;1,401627E-1;9,425194E-1;;
30/11/2021  10:22:49,740122;9,465350E-1;1,503106E-1;1,606983E-1;9,426186E-1;;
30/11/2021  10:22:49,740222;9,478374E-1;6,620550E-2;8,392683E-2;9,427199E-1;;
30/11/2021  10:22:49,740322;9,477718E-1;1,257800E-1;1,284732E-1;9,428233E-1;;
30/11/2021  10:22:49,740422;9,477033E-1;1,053908E-1;1,013031E-1;9,429289E-1;;
30/11/2021  10:22:49,740522;9,481980E-1;1,331073E-1;1,562753E-1;9,430367E-1;;
30/11/2021  10:22:49,740622;9,479566E-1;1,366117E-1;1,660692E-1;9,431470E-1;;
30/11/2021  10:22:49,740722;9,475781E-1;1,311958E-1;1,291051E-1;9,432596E-1;;
30/11/2021  10:22:49,740822;9,488060E-1;1,321516E-1;1,328963E-1;9,433747E-1;;
30/11/2021  10:22:49,740922;9,491159E-1;1,238685E-1;1,303688E-1;9,434922E-1;;
30/11/2021  10:22:49,741022;9,491994E-1;9,392196E-2;9,940750E-2;9,436123E-1;;
30/11/2021  10:22:49,741122;9,493335E-1;1,248242E-1;1,196272E-1;9,437349E-1;;
30/11/2021  10:22:49,741222;9,490533E-1;1,305587E-1;1,398468E-1;9,438603E-1;;
30/11/2021  10:22:49,741322;9,491368E-1;1,203641E-1;1,224705E-1;9,439884E-1;;
30/11/2021  10:22:49,741422;9,487315E-1;6,397544E-2;1,101492E-1;9,441191E-1;;
30/11/2021  10:22:49,741522;9,491845E-1;9,169190E-2;9,814378E-2;9,442524E-1;;
30/11/2021  10:22:49,741622;9,491696E-1;1,585937E-1;1,676488E-1;9,443880E-1;;
30/11/2021  10:22:49,741722;9,493752E-1;1,270543E-1;1,436380E-1;9,445258E-1;;
30/11/2021  10:22:49,741822;9,491070E-1;7,002846E-2;1,092014E-1;9,446656E-1;;
30/11/2021  10:22:49,741922;9,483768E-1;9,424054E-2;1,028828E-1;9,448072E-1;;
30/11/2021  10:22:49,742022;9,474827E-1;1,238685E-1;1,249980E-1;9,449503E-1;;
30/11/2021  10:22:49,742122;9,471459E-1;1,382046E-1;1,531159E-1;9,450943E-1;;
30/11/2021  10:22:49,742222;9,471549E-1;1,254614E-1;1,351078E-1;9,452387E-1;;
30/11/2021  10:22:49,742322;9,467973E-1;1,273729E-1;1,256299E-1;9,453827E-1;;
30/11/2021  10:22:49,742422;9,467555E-1;1,092138E-1;1,142563E-1;9,455258E-1;;
30/11/2021  10:22:49,742522;9,465141E-1;1,159040E-1;1,050943E-1;9,456672E-1;;
30/11/2021  10:22:49,742622;9,460254E-1;1,245056E-1;1,411105E-1;9,458065E-1;;
30/11/2021  10:22:49,742722;9,454829E-1;3,848904E-2;4,917431E-2;9,459428E-1;;
30/11/2021  10:22:49,742822;9,447796E-1;1,165411E-1;1,180475E-1;9,460756E-1;;
30/11/2021  10:22:49,742922;9,451640E-1;1,289658E-1;1,240502E-1;9,462040E-1;;
30/11/2021  10:22:49,743022;9,454442E-1;7,990444E-2;1,196272E-1;9,463274E-1;;
30/11/2021  10:22:49,743122;9,454502E-1;1,114439E-1;9,909157E-2;9,464453E-1;;
30/11/2021  10:22:49,743222;9,448511E-1;1,111253E-1;1,265777E-1;9,465571E-1;;
30/11/2021  10:22:49,743322;9,447051E-1;1,238685E-1;1,341600E-1;9,466624E-1;;
30/11/2021  10:22:49,743422;9,446663E-1;1,213198E-1;1,212068E-1;9,467608E-1;;
30/11/2021  10:22:49,743522;9,449822E-1;1,283286E-1;1,234183E-1;9,468520E-1;;
30/11/2021  10:22:49,743622;9,462727E-1;1,178155E-1;1,202590E-1;9,469357E-1;;
30/11/2021  10:22:49,743722;9,467317E-1;1,225942E-1;1,215227E-1;9,470118E-1;;
30/11/2021  10:22:49,743822;9,460879E-1;1,433019E-1;1,531159E-1;9,470805E-1;;
30/11/2021  10:22:49,743922;9,460939E-1;1,353374E-1;1,354238E-1;9,471421E-1;;
30/11/2021  10:22:49,744022;9,462727E-1;1,181340E-1;1,392149E-1;9,471966E-1;;
30/11/2021  10:22:49,744122;9,459300E-1;1,123996E-1;7,255328E-2;9,472443E-1;;
30/11/2021  10:22:49,744222;9,465260E-1;8,223938E-3;3,590517E-2;9,472855E-1;;
30/11/2021  10:22:49,744322;9,469254E-1;7,958586E-2;5,644075E-2;9,473202E-1;;
30/11/2021  10:22:49,744422;9,464694E-1;1,120810E-1;1,066739E-1;9,473489E-1;;
30/11/2021  10:22:49,744522;9,466482E-1;5,314372E-2;1,979264E-2;9,473720E-1;;
30/11/2021  10:22:49,744622;9,466065E-1;1,385232E-1;1,439539E-1;9,473896E-1;;
30/11/2021  10:22:49,744722;9,455336E-1;1,025236E-1;1,224705E-1;9,474022E-1;;
30/11/2021  10:22:49,744822;9,452922E-1;1,053908E-1;1,107811E-1;9,474099E-1;;
30/11/2021  10:22:49,744922;9,455813E-1;7,193994E-2;5,106991E-2;9,474129E-1;;
30/11/2021  10:22:49,745022;9,456409E-1;9,647060E-2;1,028828E-1;9,474111E-1;;
30/11/2021  10:22:49,745122;9,457631E-1;6,397544E-2;7,318515E-2;9,474048E-1;;
30/11/2021  10:22:49,745222;9,457273E-1;8,468314E-2;9,466852E-2;9,473941E-1;;
30/11/2021  10:22:49,745322;9,454233E-1;8,723178E-2;7,666040E-2;9,473793E-1;;
30/11/2021  10:22:49,745422;9,452982E-1;1,022050E-1;1,016190E-1;9,473604E-1;;
30/11/2021  10:22:49,745522;9,448630E-1;8,117876E-2;9,972343E-2;9,473377E-1;;
30/11/2021  10:22:49,745622;9,456409E-1;7,894870E-2;1,025668E-1;9,473113E-1;;
30/11/2021  10:22:49,745722;9,462161E-1;8,309024E-2;9,972343E-2;9,472813E-1;;
30/11/2021  10:22:49,745822;9,459181E-1;1,203641E-1;1,262617E-1;9,472480E-1;;
30/11/2021  10:22:49,745922;9,469403E-1;-3,223572E-2;3,811669E-2;9,472119E-1;;
30/11/2021  10:22:49,746022;9,465439E-1;1,573194E-1;1,534319E-1;9,471733E-1;;
30/11/2021  10:22:49,746122;9,462668E-1;1,757970E-1;1,967146E-1;9,471326E-1;;
30/11/2021  10:22:49,746222;9,462936E-1;1,512664E-1;1,521681E-1;9,470903E-1;;
30/11/2021  10:22:49,746322;9,471310E-1;1,598680E-1;1,540637E-1;9,470467E-1;;
30/11/2021  10:22:49,746422;9,475066E-1;1,541336E-1;1,730197E-1;9,470022E-1;;
30/11/2021  10:22:49,746522;9,470685E-1;9,678918E-2;9,972343E-2;9,469572E-1;;
30/11/2021  10:22:49,746622;9,470506E-1;1,305587E-1;1,303688E-1;9,469123E-1;;
30/11/2021  10:22:49,746722;9,469522E-1;1,168597E-1;1,152041E-1;9,468677E-1;;
30/11/2021  10:22:49,746822;9,466780E-1;1,273729E-1;1,398468E-1;9,468238E-1;;
30/11/2021  10:22:49,746922;9,464188E-1;4,517922E-2;1,354238E-1;9,467809E-1;;
30/11/2021  10:22:49,747022;9,463472E-1;1,127182E-1;1,101492E-1;9,467390E-1;;
30/11/2021  10:22:49,747122;9,461058E-1;1,347002E-1;1,550115E-1;9,466983E-1;;
30/11/2021  10:22:49,747222;9,457989E-1;1,254614E-1;1,142563E-1;9,466588E-1;;
30/11/2021  10:22:49,747322;9,456647E-1;9,424054E-2;9,119327E-2;9,466205E-1;;
30/11/2021  10:22:49,747422;9,454651E-1;1,092138E-1;9,814378E-2;9,465833E-1;;
30/11/2021  10:22:49,747522;9,454263E-1;1,047537E-1;1,000394E-1;9,465472E-1;;
30/11/2021  10:22:49,747622;9,445084E-1;1,321516E-1;1,221546E-1;9,465120E-1;;
30/11/2021  10:22:49,747722;9,449912E-1;1,550893E-1;1,951349E-1;9,464774E-1;;
30/11/2021  10:22:49,747822;9,444637E-1;1,130368E-1;7,950379E-2;9,464434E-1;;
30/11/2021  10:22:49,747922;9,441776E-1;1,305587E-1;1,483770E-1;9,464096E-1;;
30/11/2021  10:22:49,748022;9,442580E-1;1,397975E-1;1,543797E-1;9,463758E-1;;
30/11/2021  10:22:49,748122;9,436322E-1;1,308772E-1;1,310007E-1;9,463417E-1;;
30/11/2021  10:22:49,748222;9,435070E-1;1,276914E-1;1,284732E-1;9,463071E-1;;
30/11/2021  10:22:49,748322;9,438199E-1;1,210013E-1;1,319485E-1;9,462716E-1;;
30/11/2021  10:22:49,748422;9,438497E-1;6,652408E-2;8,076751E-2;9,462351E-1;;
30/11/2021  10:22:49,748522;9,438736E-1;1,216384E-1;1,281573E-1;9,461973E-1;;
30/11/2021  10:22:49,748622;9,436709E-1;1,296029E-1;1,152041E-1;9,461581E-1;;
30/11/2021  10:22:49,748722;9,431374E-1;1,216384E-1;1,123607E-1;9,461174E-1;;
30/11/2021  10:22:49,748822;9,421450E-1;9,551486E-2;8,297904E-2;9,460750E-1;;
30/11/2021  10:22:49,748922;9,431166E-1;1,436204E-1;1,550115E-1;9,460306E-1;;
30/11/2021  10:22:49,749022;9,431523E-1;1,149482E-1;1,180475E-1;9,459841E-1;;
30/11/2021  10:22:49,749122;9,431255E-1;7,990444E-2;1,360556E-1;9,459354E-1;;
30/11/2021  10:22:49,749222;9,432239E-1;4,008194E-2;6,212753E-2;9,458844E-1;;
30/11/2021  10:22:49,749322;9,426397E-1;1,002936E-1;1,066739E-1;9,458311E-1;;
30/11/2021  10:22:49,749422;9,420407E-1;1,280100E-1;1,297370E-1;9,457755E-1;;
30/11/2021  10:22:49,749522;9,417695E-1;1,292843E-1;1,376353E-1;9,457174E-1;;
30/11/2021  10:22:49,749622;9,424252E-1;1,254614E-1;1,262617E-1;9,456568E-1;;
30/11/2021  10:22:49,749722;9,421361E-1;1,359745E-1;1,341600E-1;9,455935E-1;;
30/11/2021  10:22:49,749822;9,416473E-1;1,305587E-1;1,328963E-1;9,455276E-1;;
30/11/2021  10:22:49,749922;9,414566E-1;1,283286E-1;1,373193E-1;9,454589E-1;;
30/11/2021  10:22:49,750022;9,411228E-1;1,356559E-1;1,313166E-1;9,453873E-1;;
30/11/2021  10:22:49,750122;9,402257E-1;1,299215E-1;1,291051E-1;9,453129E-1;;
30/11/2021  10:22:49,750222;9,403240E-1;1,410718E-1;1,341600E-1;9,452353E-1;;
30/11/2021  10:22:49,750322;9,396922E-1;1,401161E-1;1,325804E-1;9,451544E-1;;
30/11/2021  10:22:49,750422;9,396743E-1;1,401161E-1;1,426902E-1;9,450700E-1;;
30/11/2021  10:22:49,750522;9,395372E-1;1,171783E-1;6,023194E-2;9,449818E-1;;
30/11/2021  10:22:49,750622;9,386849E-1;1,541336E-1;1,913437E-1;9,448896E-1;;
30/11/2021  10:22:49,750722;9,381663E-1;1,410718E-1;1,420583E-1;9,447933E-1;;
30/11/2021  10:22:49,750822;9,382080E-1;1,251428E-1;1,316326E-1;9,446926E-1;;
30/11/2021  10:22:49,750922;9,375136E-1;1,350188E-1;1,360556E-1;9,445872E-1;;
30/11/2021  10:22:49,751022;9,376895E-1;2,224146E-2;9,877564E-2;9,444768E-1;;
30/11/2021  10:22:49,751122;9,381484E-1;1,315144E-1;1,212068E-1;9,443613E-1;;
30/11/2021  10:22:49,751222;9,375375E-1;1,563636E-1;2,153545E-1;9,442407E-1;;
30/11/2021  10:22:49,751322;9,372335E-1;1,302401E-1;1,310007E-1;9,441148E-1;;
30/11/2021  10:22:49,751422;9,363602E-1;1,340630E-1;1,335282E-1;9,439837E-1;;
30/11/2021  10:22:49,751522;9,358745E-1;1,206827E-1;1,202590E-1;9,438472E-1;;
30/11/2021  10:22:49,751622;9,360264E-1;1,289658E-1;1,325804E-1;9,437052E-1;;
30/11/2021  10:22:49,751722;9,358238E-1;7,831154E-2;8,424277E-2;9,435576E-1;;
30/11/2021  10:22:49,751822;9,352605E-1;1,554079E-1;1,499566E-1;9,434043E-1;;
30/11/2021  10:22:49,751922;9,349565E-1;1,334259E-1;1,193112E-1;9,432453E-1;;
30/11/2021  10:22:49,752022;9,346376E-1;1,340630E-1;1,265777E-1;9,430806E-1;;
30/11/2021  10:22:49,752122;9,340207E-1;1,378860E-1;1,420583E-1;9,429100E-1;;
30/11/2021  10:22:49,752222;9,338657E-1;1,761156E-1;1,663851E-1;9,427335E-1;;
30/11/2021  10:22:49,752322;9,337197E-1;1,060280E-1;1,161519E-1;9,425511E-1;;
30/11/2021  10:22:49,752422;9,337674E-1;1,385232E-1;1,306848E-1;9,423627E-1;;
30/11/2021  10:22:49,752522;9,337048E-1;1,260985E-1;1,379512E-1;9,421685E-1;;
30/11/2021  10:22:49,752622;9,331981E-1;2,474775E-1;2,636921E-1;9,419685E-1;;
30/11/2021  10:22:49,752722;9,322176E-1;1,598680E-1;1,777586E-1;9,417629E-1;;
30/11/2021  10:22:49,752822;9,318391E-1;1,372488E-1;1,338441E-1;9,415518E-1;;
30/11/2021  10:22:49,752922;9,311268E-1;1,452133E-1;1,420583E-1;9,413350E-1;;
30/11/2021  10:22:49,753022;9,314070E-1;1,331073E-1;1,262617E-1;9,411127E-1;;
30/11/2021  10:22:49,753122;9,310166E-1;7,926728E-2;8,771802E-2;9,408847E-1;;
30/11/2021  10:22:49,753222;9,307066E-1;1,139925E-1;1,272095E-1;9,406512E-1;;
30/11/2021  10:22:49,753322;9,308526E-1;1,123996E-1;1,325804E-1;9,404123E-1;;
30/11/2021  10:22:49,753422;9,298125E-1;1,458505E-1;1,455336E-1;9,401680E-1;;
30/11/2021  10:22:49,753522;9,291300E-1;-1,970622E-3;9,182514E-2;9,399184E-1;;
30/11/2021  10:22:49,753622;9,295562E-1;4,040052E-2;8,013565E-2;9,396637E-1;;
30/11/2021  10:22:49,753722;9,300956E-1;5,601094E-2;8,961361E-2;9,394038E-1;;
30/11/2021  10:22:49,753822;9,308318E-1;1,123996E-1;1,328963E-1;9,391392E-1;;
30/11/2021  10:22:49,753922;9,303013E-1;1,034794E-1;1,268936E-1;9,388701E-1;;
30/11/2021  10:22:49,754022;9,297976E-1;9,997498E-2;1,101492E-1;9,385973E-1;;
30/11/2021  10:22:49,754122;9,291747E-1;1,025236E-1;1,123607E-1;9,383210E-1;;
30/11/2021  10:22:49,754222;9,294489E-1;1,184526E-1;1,436380E-1;9,380417E-1;;
30/11/2021  10:22:49,754322;9,301463E-1;1,178155E-1;1,240502E-1;9,377597E-1;;
30/11/2021  10:22:49,754422;9,303639E-1;1,321516E-1;1,300529E-1;9,374757E-1;;
30/11/2021  10:22:49,754522;9,309927E-1;1,471248E-1;1,518522E-1;9,371902E-1;;
30/11/2021  10:22:49,754622;9,304920E-1;1,260985E-1;1,076217E-1;9,369039E-1;;
30/11/2021  10:22:49,754722;9,302447E-1;2,344157E-1;1,869207E-1;9,366176E-1;;
30/11/2021  10:22:49,754822;9,301016E-1;1,767528E-1;1,505885E-1;9,363319E-1;;
30/11/2021  10:22:49,754922;9,301404E-1;1,563636E-1;1,407946E-1;9,360474E-1;;
30/11/2021  10:22:49,755022;9,308348E-1;1,493549E-1;1,411105E-1;9,357646E-1;;
30/11/2021  10:22:49,755122;9,317497E-1;1,681511E-1;1,907119E-1;9,354843E-1;;
30/11/2021  10:22:49,755222;9,313116E-1;7,321426E-2;9,150920E-2;9,352072E-1;;
30/11/2021  10:22:49,755322;9,310732E-1;1,260985E-1;1,370034E-1;9,349340E-1;;
30/11/2021  10:22:49,755422;9,308169E-1;1,299215E-1;1,366875E-1;9,346654E-1;;
30/11/2021  10:22:49,755522;9,306381E-1;1,748413E-1;1,575390E-1;9,344020E-1;;
30/11/2021  10:22:49,755622;9,308377E-1;1,283286E-1;1,319485E-1;9,341441E-1;;
30/11/2021  10:22:49,755722;9,316782E-1;1,362931E-1;1,344760E-1;9,338924E-1;;
30/11/2021  10:22:49,755822;9,320925E-1;1,025236E-1;1,085695E-1;9,336473E-1;;
30/11/2021  10:22:49,755922;9,319703E-1;1,522221E-1;1,600664E-1;9,334093E-1;;
30/11/2021  10:22:49,756022;9,321729E-1;7,576290E-2;4,443533E-2;9,331790E-1;;
30/11/2021  10:22:49,756122;9,318749E-1;7,990444E-2;1,243661E-1;9,329570E-1;;
30/11/2021  10:22:49,756222;9,323756E-1;1,120810E-1;9,877564E-2;9,327436E-1;;
30/11/2021  10:22:49,756322;9,324948E-1;1,483991E-1;1,521681E-1;9,325393E-1;;
30/11/2021  10:22:49,756422;9,334515E-1;5,601094E-2;8,203124E-2;9,323445E-1;;
30/11/2021  10:22:49,756522;9,340267E-1;8,149734E-2;1,031987E-1;9,321597E-1;;
30/11/2021  10:22:49,756622;9,342651E-1;9,487770E-2;1,031987E-1;9,319853E-1;;
30/11/2021  10:22:49,756722;9,344260E-1;1,407532E-1;1,325804E-1;9,318219E-1;;
30/11/2021  10:22:49,756822;9,338717E-1;1,856730E-1;1,894481E-1;9,316700E-1;;
30/11/2021  10:22:49,756922;9,343128E-1;1,308772E-1;1,338441E-1;9,315299E-1;;
30/11/2021  10:22:49,757022;9,356956E-1;9,870066E-2;1,054102E-1;9,314018E-1;;
30/11/2021  10:22:49,757122;9,362500E-1;1,280100E-1;1,287892E-1;9,312862E-1;;
30/11/2021  10:22:49,757222;9,366940E-1;8,086018E-2;9,530039E-2;9,311835E-1;;
30/11/2021  10:22:49,757322;9,369503E-1;1,378860E-1;1,313166E-1;9,310941E-1;;
30/11/2021  10:22:49,757422;9,370576E-1;1,082581E-1;1,145722E-1;9,310184E-1;;
30/11/2021  10:22:49,757522;9,370457E-1;1,283286E-1;1,218387E-1;9,309568E-1;;
30/11/2021  10:22:49,757622;9,372931E-1;1,165411E-1;1,249980E-1;9,309094E-1;;
30/11/2021  10:22:49,757722;9,381127E-1;1,283286E-1;1,272095E-1;9,308765E-1;;
30/11/2021  10:22:49,757822;9,385776E-1;1,181340E-1;1,155200E-1;9,308581E-1;;
30/11/2021  10:22:49,757922;9,391200E-1;9,424054E-2;1,129926E-1;9,308544E-1;;
30/11/2021  10:22:49,758022;9,385925E-1;5,728526E-2;8,487463E-2;9,308656E-1;;
30/11/2021  10:22:49,758122;9,386342E-1;1,299215E-1;1,237343E-1;9,308916E-1;;
30/11/2021  10:22:49,758222;9,385388E-1;7,034704E-2;1,578549E-1;9,309323E-1;;
30/11/2021  10:22:49,758322;9,389084E-1;1,413904E-1;1,562753E-1;9,309875E-1;;
30/11/2021  10:22:49,758422;9,394776E-1;6,047106E-2;6,560278E-2;9,310568E-1;;
30/11/2021  10:22:49,758522;9,397876E-1;1,232313E-1;1,275255E-1;9,311401E-1;;
30/11/2021  10:22:49,758622;9,398770E-1;1,257800E-1;1,442698E-1;9,312369E-1;;
30/11/2021  10:22:49,758722;9,400648E-1;1,289658E-1;1,189953E-1;9,313471E-1;;
30/11/2021  10:22:49,758822;9,398681E-1;1,267357E-1;1,186794E-1;9,314702E-1;;
30/11/2021  10:22:49,758922;9,395998E-1;-2,427122E-2;4,380347E-2;9,316058E-1;;
30/11/2021  10:22:49,759022;9,405654E-1;1,528593E-1;1,569071E-1;9,317533E-1;;
30/11/2021  10:22:49,759122;9,409112E-1;1,194084E-1;1,073058E-1;9,319122E-1;;
30/11/2021  10:22:49,759222;9,417903E-1;1,570008E-1;1,692285E-1;9,320821E-1;;
30/11/2021  10:22:49,759322;9,416920E-1;1,283286E-1;1,139404E-1;9,322625E-1;;
30/11/2021  10:22:49,759422;9,414446E-1;4,167484E-2;6,497092E-2;9,324531E-1;;
30/11/2021  10:22:49,759522;9,415400E-1;1,149482E-1;9,403666E-2;9,326535E-1;;
30/11/2021  10:22:49,759622;9,419274E-1;8,213450E-2;5,928414E-2;9,328630E-1;;
30/11/2021  10:22:49,759722;9,423387E-1;1,241871E-1;1,063580E-1;9,330812E-1;;
30/11/2021  10:22:49,759822;9,430838E-1;1,152668E-1;1,922915E-1;9,333075E-1;;
30/11/2021  10:22:49,759922;9,432805E-1;1,841850E-2;7,760819E-2;9,335415E-1;;
30/11/2021  10:22:49,760022;9,434772E-1;1,311958E-1;1,515363E-1;9,337829E-1;;
30/11/2021  10:22:49,760122;9,432269E-1;1,296029E-1;1,461654E-1;9,340312E-1;;
30/11/2021  10:22:49,760222;9,427887E-1;1,283286E-1;1,284732E-1;9,342860E-1;;
30/11/2021  10:22:49,760322;9,432239E-1;1,241871E-1;1,265777E-1;9,345467E-1;;
30/11/2021  10:22:49,760422;9,436977E-1;1,311958E-1;1,322644E-1;9,348126E-1;;
30/11/2021  10:22:49,760522;9,438795E-1;1,267357E-1;1,126766E-1;9,350833E-1;;
30/11/2021  10:22:49,760622;9,445382E-1;1,292843E-1;1,253139E-1;9,353582E-1;;
30/11/2021  10:22:49,760722;9,440017E-1;1,200455E-1;1,155200E-1;9,356368E-1;;
30/11/2021  10:22:49,760822;9,436441E-1;1,159040E-1;1,110970E-1;9,359188E-1;;
30/11/2021  10:22:49,760922;9,435010E-1;7,544432E-2;7,855599E-2;9,362034E-1;;
30/11/2021  10:22:49,761022;9,434534E-1;7,098420E-2;1,025668E-1;9,364900E-1;;
30/11/2021  10:22:49,761122;9,441299E-1;9,487770E-2;1,253139E-1;9,367779E-1;;
30/11/2021  10:22:49,761222;9,440584E-1;1,503106E-1;1,028828E-1;9,370666E-1;;
30/11/2021  10:22:49,761322;9,435279E-1;1,394789E-1;1,401627E-1;9,373554E-1;;
30/11/2021  10:22:49,761422;9,441001E-1;6,556834E-2;8,677022E-2;9,376436E-1;;
30/11/2021  10:22:49,761522;9,437573E-1;1,190898E-1;1,205749E-1;9,379308E-1;;
30/11/2021  10:22:49,761622;9,434653E-1;1,162226E-1;1,237343E-1;9,382164E-1;;
30/11/2021  10:22:49,761722;9,436381E-1;9,201048E-2;1,107811E-1;9,384996E-1;;
30/11/2021  10:22:49,761822;9,440524E-1;1,063466E-1;1,152041E-1;9,387799E-1;;
30/11/2021  10:22:49,761922;9,444279E-1;1,063466E-1;1,234183E-1;9,390568E-1;;
30/11/2021  10:22:49,762022;9,445680E-1;1,095324E-1;1,152041E-1;9,393299E-1;;
30/11/2021  10:22:49,762122;9,448511E-1;1,009307E-1;1,035146E-1;9,395988E-1;;
30/11/2021  10:22:49,762222;9,446932E-1;9,615202E-2;9,909157E-2;9,398632E-1;;
30/11/2021  10:22:49,762322;9,445263E-1;9,806350E-2;1,076217E-1;9,401230E-1;;
30/11/2021  10:22:49,762422;9,448392E-1;9,105474E-2;9,372073E-2;9,403777E-1;;
30/11/2021  10:22:49,762522;9,454055E-1;7,926728E-2;1,136244E-1;9,406271E-1;;
30/11/2021  10:22:49,762622;9,457035E-1;1,203641E-1;1,900800E-1;9,408711E-1;;
30/11/2021  10:22:49,762722;9,453131E-1;1,037979E-1;1,170997E-1;9,411097E-1;;
30/11/2021  10:22:49,762822;9,451462E-1;1,060280E-1;1,227865E-1;9,413427E-1;;
30/11/2021  10:22:49,762922;9,447587E-1;1,044351E-1;1,177316E-1;9,415700E-1;;
30/11/2021  10:22:49,763022;9,448183E-1;1,267357E-1;1,341600E-1;9,417914E-1;;
30/11/2021  10:22:49,763122;9,452624E-1;1,452133E-1;1,575390E-1;9,420066E-1;;
30/11/2021  10:22:49,763222;9,452415E-1;1,499920E-1;1,265777E-1;9,422157E-1;;
30/11/2021  10:22:49,763322;9,453578E-1;1,777085E-1;1,900800E-1;9,424184E-1;;
30/11/2021  10:22:49,763422;9,444428E-1;1,595494E-1;1,458495E-1;9,426147E-1;;
30/11/2021  10:22:49,763522;9,442193E-1;1,544522E-1;1,480610E-1;9,428044E-1;;
30/11/2021  10:22:49,763622;9,436292E-1;1,280100E-1;1,284732E-1;9,429873E-1;;
30/11/2021  10:22:49,763722;9,436888E-1;1,229127E-1;1,449017E-1;9,431631E-1;;
30/11/2021  10:22:49,763822;9,437454E-1;1,190898E-1;1,133085E-1;9,433315E-1;;
30/11/2021  10:22:49,763922;9,431672E-1;1,633724E-1;1,455336E-1;9,434921E-1;;
30/11/2021  10:22:49,764022;9,429437E-1;1,050723E-1;8,487463E-2;9,436448E-1;;
30/11/2021  10:22:49,764122;9,426695E-1;1,174969E-1;1,180475E-1;9,437892E-1;;
30/11/2021  10:22:49,764222;9,417993E-1;1,232313E-1;1,328963E-1;9,439249E-1;;
30/11/2021  10:22:49,764322;9,414357E-1;1,404346E-1;1,294210E-1;9,440517E-1;;
30/11/2021  10:22:49,764422;9,406072E-1;1,216384E-1;1,310007E-1;9,441691E-1;;
30/11/2021  10:22:49,764522;9,413969E-1;1,082581E-1;1,126766E-1;9,442766E-1;;
30/11/2021  10:22:49,764622;9,409946E-1;9,455912E-2;1,584868E-1;9,443738E-1;;
30/11/2021  10:22:49,764722;9,411526E-1;2,557606E-1;2,715904E-1;9,444606E-1;;
30/11/2021  10:22:49,764822;9,405595E-1;1,283286E-1;1,265777E-1;9,445367E-1;;
30/11/2021  10:22:49,764922;9,396475E-1;1,159040E-1;1,177316E-1;9,446020E-1;;
30/11/2021  10:22:49,765022;9,393048E-1;1,219570E-1;1,218387E-1;9,446561E-1;;
30/11/2021  10:22:49,765122;9,393793E-1;1,353374E-1;1,366875E-1;9,446989E-1;;
30/11/2021  10:22:49,765222;9,397101E-1;1,178155E-1;1,208909E-1;9,447301E-1;;
30/11/2021  10:22:49,765322;9,399545E-1;1,245056E-1;1,123607E-1;9,447496E-1;;
30/11/2021  10:22:49,765422;9,396624E-1;1,401161E-1;1,433221E-1;9,447576E-1;;
30/11/2021  10:22:49,765522;9,321729E-1;1,264171E-1;1,009872E-1;9,447540E-1;;
30/11/2021  10:22:49,765622;9,318659E-1;1,433019E-1;1,420583E-1;9,447381E-1;;
30/11/2021  10:22:49,765722;9,316722E-1;8,468314E-2;4,096008E-2;9,447087E-1;;
30/11/2021  10:22:49,765822;9,317199E-1;2,117966E-1;2,491593E-1;9,446646E-1;;
30/11/2021  10:22:49,765922;9,305278E-1;1,139925E-1;1,186794E-1;9,446048E-1;;
30/11/2021  10:22:49,766022;9,307275E-1;1,296029E-1;1,528000E-1;9,445286E-1;;
30/11/2021  10:22:49,766122;9,314755E-1;8,723178E-2;9,182514E-2;9,444351E-1;;
30/11/2021  10:22:49,766222;9,313891E-1;1,168597E-1;1,256299E-1;9,443240E-1;;
30/11/2021  10:22:49,766322;9,314845E-1;1,114439E-1;1,063580E-1;9,441951E-1;;
30/11/2021  10:22:49,766422;9,317289E-1;2,219911E-1;2,343105E-1;9,440486E-1;;
30/11/2021  10:22:49,766522;9,312729E-1;1,079395E-1;1,423743E-1;9,438847E-1;;
30/11/2021  10:22:49,766622;9,312729E-1;9,742634E-2;1,088855E-1;9,437036E-1;;
30/11/2021  10:22:49,766722;9,310702E-1;7,098420E-2;9,751191E-2;9,435060E-1;;
30/11/2021  10:22:49,766822;9,319524E-1;1,034794E-1;1,227865E-1;9,432923E-1;;
30/11/2021  10:22:49,766922;9,318630E-1;8,818752E-2;9,308886E-2;9,430633E-1;;
30/11/2021  10:22:49,767022;9,323130E-1;1,305587E-1;1,328963E-1;9,428197E-1;;
30/11/2021  10:22:49,767122;9,326587E-1;1,490363E-1;1,534319E-1;9,425627E-1;;
30/11/2021  10:22:49,767222;9,318749E-1;1,391603E-1;1,338441E-1;9,422933E-1;;
30/11/2021  10:22:49,767322;9,321491E-1;1,796200E-1;1,745993E-1;9,420126E-1;;
30/11/2021  10:22:49,767422;9,320388E-1;4,549780E-2;9,782784E-2;9,417217E-1;;
30/11/2021  10:22:49,767522;9,322564E-1;1,506292E-1;1,509044E-1;9,414216E-1;;
30/11/2021  10:22:49,767622;9,329985E-1;1,678325E-1;1,708081E-1;9,411135E-1;;
30/11/2021  10:22:49,767722;9,329687E-1;1,108067E-1;1,243661E-1;9,407986E-1;;
30/11/2021  10:22:49,767822;9,328882E-1;1,417090E-1;1,322644E-1;9,404781E-1;;
30/11/2021  10:22:49,767922;9,323696E-1;1,347002E-1;1,335282E-1;9,401533E-1;;
30/11/2021  10:22:49,768022;9,329120E-1;1,382046E-1;1,496407E-1;9,398254E-1;;
30/11/2021  10:22:49,768122;9,323905E-1;1,331073E-1;1,373193E-1;9,394954E-1;;
30/11/2021  10:22:49,768222;9,335141E-1;1,283286E-1;1,287892E-1;9,391643E-1;;
30/11/2021  10:22:49,768322;9,331117E-1;1,280100E-1;1,376353E-1;9,388334E-1;;
30/11/2021  10:22:49,768422;9,330759E-1;1,289658E-1;1,199431E-1;9,385036E-1;;
30/11/2021  10:22:49,768522;9,328196E-1;5,282514E-2;2,326789E-2;9,381760E-1;;
30/11/2021  10:22:49,768622;9,325425E-1;1,257800E-1;1,095173E-1;9,378515E-1;;
30/11/2021  10:22:49,768722;9,324709E-1;1,174969E-1;1,208909E-1;9,375309E-1;;
30/11/2021  10:22:49,768822;9,334425E-1;1,366117E-1;1,303688E-1;9,372149E-1;;
30/11/2021  10:22:49,768922;9,343247E-1;1,292843E-1;1,392149E-1;9,369044E-1;;
30/11/2021  10:22:49,769022;9,347658E-1;9,169190E-2;8,898175E-2;9,366002E-1;;
30/11/2021  10:22:49,769122;9,346436E-1;1,254614E-1;1,414265E-1;9,363034E-1;;
30/11/2021  10:22:49,769222;9,345870E-1;1,216384E-1;1,316326E-1;9,360147E-1;;
30/11/2021  10:22:49,769322;9,351324E-1;1,413904E-1;1,698603E-1;9,357351E-1;;
30/11/2021  10:22:49,769422;9,351383E-1;1,260985E-1;1,240502E-1;9,354654E-1;;
30/11/2021  10:22:49,769522;9,355854E-1;1,155854E-1;1,218387E-1;9,352061E-1;;
30/11/2021  10:22:49,769622;9,365510E-1;1,296029E-1;1,294210E-1;9,349582E-1;;
30/11/2021  10:22:49,769722;9,371381E-1;1,350188E-1;1,398468E-1;9,347223E-1;;
30/11/2021  10:22:49,769822;9,373199E-1;1,060280E-1;1,079377E-1;9,344991E-1;;
30/11/2021  10:22:49,769922;9,379756E-1;9,965640E-2;1,133085E-1;9,342895E-1;;
30/11/2021  10:22:49,770022;9,379905E-1;1,509478E-1;1,885003E-1;9,340941E-1;;
30/11/2021  10:22:49,770122;9,384405E-1;1,302401E-1;1,322644E-1;9,339137E-1;;
30/11/2021  10:22:49,770222;9,391260E-1;8,882468E-2;7,539667E-2;9,337487E-1;;
30/11/2021  10:22:49,770322;9,397697E-1;1,044351E-1;1,054102E-1;9,335997E-1;;
30/11/2021  10:22:49,770422;9,407800E-1;5,983390E-2;5,738855E-2;9,334674E-1;;
30/11/2021  10:22:49,770522;9,406400E-1;1,296029E-1;1,341600E-1;9,333522E-1;;
30/11/2021  10:22:49,770622;9,402764E-1;8,627604E-2;1,139404E-1;9,332547E-1;;
30/11/2021  10:22:49,770722;9,407890E-1;1,343816E-1;1,325804E-1;9,331752E-1;;
30/11/2021  10:22:49,770822;9,417576E-1;1,190898E-1;1,199431E-1;9,331138E-1;;
30/11/2021  10:22:49,770922;9,425026E-1;1,318330E-1;1,335282E-1;9,330709E-1;;
30/11/2021  10:22:49,771022;9,430659E-1;8,149734E-2;8,961361E-2;9,330466E-1;;
30/11/2021  10:22:49,771122;9,435547E-1;1,372488E-1;1,351078E-1;9,330412E-1;;
30/11/2021  10:22:49,771222;9,434534E-1;1,245056E-1;1,082536E-1;9,330549E-1;;
30/11/2021  10:22:49,771322;9,438468E-1;1,248242E-1;1,224705E-1;9,330877E-1;;
30/11/2021  10:22:49,771422;9,440077E-1;1,254614E-1;1,262617E-1;9,331396E-1;;
30/11/2021  10:22:49,771522;9,446008E-1;1,286472E-1;1,322644E-1;9,332106E-1;;
30/11/2021  10:22:49,771622;9,455187E-1;1,184526E-1;1,158360E-1;9,333004E-1;;
30/11/2021  10:22:49,771722;9,458525E-1;1,238685E-1;1,205749E-1;9,334088E-1;;
30/11/2021  10:22:49,771822;9,457124E-1;6,652408E-2;7,476481E-2;9,335359E-1;;
30/11/2021  10:22:49,771922;9,460343E-1;1,327887E-1;1,278414E-1;9,336812E-1;;
30/11/2021  10:22:49,772022;9,457869E-1;1,286472E-1;1,540637E-1;9,338443E-1;;
30/11/2021  10:22:49,772122;9,461058E-1;1,267357E-1;1,414265E-1;9,340249E-1;;
30/11/2021  10:22:49,772222;9,470804E-1;9,360338E-2;1,392149E-1;9,342223E-1;;
30/11/2021  10:22:49,772322;9,471936E-1;1,528593E-1;1,768108E-1;9,344361E-1;;
30/11/2021  10:22:49,772422;9,470357E-1;1,789828E-1;1,641736E-1;9,346655E-1;;
30/11/2021  10:22:49,772522;9,469582E-1;1,197269E-1;1,278414E-1;9,349100E-1;;
30/11/2021  10:22:49,772622;9,472562E-1;1,050723E-1;1,183634E-1;9,351690E-1;;
30/11/2021  10:22:49,772722;9,468449E-1;1,522221E-1;1,739675E-1;9,354414E-1;;
30/11/2021  10:22:49,772822;9,474291E-1;1,448948E-1;1,370034E-1;9,357265E-1;;
30/11/2021  10:22:49,772922;9,475483E-1;1,270543E-1;1,189953E-1;9,360234E-1;;
30/11/2021  10:22:49,773022;9,474559E-1;1,347002E-1;1,496407E-1;9,363312E-1;;
30/11/2021  10:22:49,773122;9,470804E-1;1,378860E-1;1,205749E-1;9,366488E-1;;
30/11/2021  10:22:49,773222;9,465409E-1;1,117624E-1;1,031987E-1;9,369754E-1;;
30/11/2021  10:22:49,773322;9,464515E-1;1,159040E-1;1,035146E-1;9,373098E-1;;
30/11/2021  10:22:49,773422;9,458436E-1;9,870066E-2;9,940750E-2;9,376506E-1;;
30/11/2021  10:22:49,773522;9,461446E-1;1,299215E-1;1,164678E-1;9,379968E-1;;
30/11/2021  10:22:49,773622;9,460611E-1;1,483991E-1;1,862888E-1;9,383469E-1;;
30/11/2021  10:22:49,773722;9,461565E-1;1,324701E-1;8,961361E-2;9,386999E-1;;
30/11/2021  10:22:49,773822;9,462519E-1;1,292843E-1;1,401627E-1;9,390544E-1;;
30/11/2021  10:22:49,773922;9,452415E-1;1,442576E-1;1,461654E-1;9,394094E-1;;
30/11/2021  10:22:49,774022;9,448571E-1;1,063466E-1;1,013031E-1;9,397637E-1;;
30/11/2021  10:22:49,774122;9,446216E-1;1,146297E-1;1,164678E-1;9,401160E-1;;
30/11/2021  10:22:49,774222;9,445620E-1;9,392196E-2;1,101492E-1;9,404650E-1;;
30/11/2021  10:22:49,774322;9,453250E-1;5,760384E-2;5,486109E-2;9,408097E-1;;
30/11/2021  10:22:49,774422;9,451491E-1;1,057094E-1;1,189953E-1;9,411489E-1;;
30/11/2021  10:22:49,774522;9,450925E-1;9,678918E-2;1,022509E-1;9,414818E-1;;
30/11/2021  10:22:49,774622;9,445888E-1;1,022050E-1;1,031987E-1;9,418075E-1;;
30/11/2021  10:22:49,774722;9,442729E-1;1,155854E-1;1,044624E-1;9,421252E-1;;
30/11/2021  10:22:49,774822;9,444190E-1;9,424054E-2;1,161519E-1;9,424341E-1;;
30/11/2021  10:22:49,774922;9,445680E-1;8,627604E-2;9,656411E-2;9,427333E-1;;
30/11/2021  10:22:49,775022;9,453697E-1;7,894870E-2;1,044624E-1;9,430224E-1;;
30/11/2021  10:22:49,775122;9,458823E-1;-3,988164E-2;1,031468E-2;9,433008E-1;;
30/11/2021  10:22:49,775222;9,451402E-1;6,907272E-2;9,466852E-2;9,435683E-1;;
30/11/2021  10:22:49,775322;9,442372E-1;1,098510E-1;1,227865E-1;9,438246E-1;;
30/11/2021  10:22:49,775422;9,439809E-1;1,238685E-1;1,401627E-1;9,440694E-1;;
30/11/2021  10:22:49,775522;9,442670E-1;1,120810E-1;1,177316E-1;9,443023E-1;;
30/11/2021  10:22:49,775622;9,445352E-1;1,308772E-1;1,278414E-1;9,445229E-1;;
30/11/2021  10:22:49,775722;9,443474E-1;1,439390E-1;1,328963E-1;9,447312E-1;;
30/11/2021  10:22:49,775822;9,444458E-1;1,557265E-1;1,471132E-1;9,449268E-1;;
30/11/2021  10:22:49,775922;9,437663E-1;1,576380E-1;1,341600E-1;9,451099E-1;;
30/11/2021  10:22:49,776022;9,428036E-1;1,487177E-1;1,436380E-1;9,452802E-1;;
30/11/2021  10:22:49,776122;9,422851E-1;1,404346E-1;1,325804E-1;9,454375E-1;;
30/11/2021  10:22:49,776222;9,420943E-1;1,404346E-1;1,401627E-1;9,455816E-1;;
30/11/2021  10:22:49,776322;9,420437E-1;1,155854E-1;1,253139E-1;9,457123E-1;;
30/11/2021  10:22:49,776422;9,418201E-1;1,168597E-1;7,381701E-2;9,458292E-1;;
30/11/2021  10:22:49,776522;9,415549E-1;1,598680E-1;1,559593E-1;9,459323E-1;;
30/11/2021  10:22:49,776622;9,407085E-1;1,206827E-1;1,240502E-1;9,460214E-1;;
30/11/2021  10:22:49,776722;9,406906E-1;1,238685E-1;1,256299E-1;9,460964E-1;;
30/11/2021  10:22:49,776822;9,399873E-1;1,203641E-1;1,265777E-1;9,461571E-1;;
30/11/2021  10:22:49,776922;9,403687E-1;1,299215E-1;1,370034E-1;9,462035E-1;;
30/11/2021  10:22:49,777022;9,401363E-1;1,219570E-1;1,170997E-1;9,462356E-1;;
30/11/2021  10:22:49,777122;9,392362E-1;1,706997E-1;1,878685E-1;9,462532E-1;;
30/11/2021  10:22:49,777222;9,390306E-1;1,254614E-1;1,243661E-1;9,462566E-1;;
30/11/2021  10:22:49,777322;9,387683E-1;1,305587E-1;1,303688E-1;9,462456E-1;;
30/11/2021  10:22:49,777422;9,380292E-1;9,392196E-2;9,245700E-2;9,462204E-1;;
30/11/2021  10:22:49,777522;9,385627E-1;1,245056E-1;1,313166E-1;9,461810E-1;;
30/11/2021  10:22:49,777622;9,383779E-1;8,468314E-2;7,539667E-2;9,461276E-1;;
30/11/2021  10:22:49,777722;9,388220E-1;1,359745E-1;1,373193E-1;9,460604E-1;;
30/11/2021  10:22:49,777822;9,382319E-1;1,152668E-1;1,003553E-1;9,459798E-1;;
30/11/2021  10:22:49,777922;9,379994E-1;1,308772E-1;1,249980E-1;9,458861E-1;;
30/11/2021  10:22:49,778022;9,370576E-1;1,270543E-1;1,376353E-1;9,457799E-1;;
30/11/2021  10:22:49,778122;9,367238E-1;1,206827E-1;1,287892E-1;9,456614E-1;;
30/11/2021  10:22:49,778222;9,368222E-1;7,002846E-2;8,677022E-2;9,455309E-1;;
30/11/2021  10:22:49,778322;9,368580E-1;1,264171E-1;1,294210E-1;9,453888E-1;;
30/11/2021  10:22:49,778422;9,369265E-1;1,436204E-1;1,208909E-1;9,452355E-1;;
30/11/2021  10:22:49,778522;9,363841E-1;1,512664E-1;1,913437E-1;9,450714E-1;;
30/11/2021  10:22:49,778622;9,355377E-1;1,120810E-1;1,193112E-1;9,448971E-1;;
30/11/2021  10:22:49,778722;9,348641E-1;1,248242E-1;1,354238E-1;9,447130E-1;;
30/11/2021  10:22:49,778822;9,345840E-1;1,311958E-1;1,306848E-1;9,445193E-1;;
30/11/2021  10:22:49,778922;9,344976E-1;1,347002E-1;1,310007E-1;9,443163E-1;;
30/11/2021  10:22:49,779022;9,340952E-1;8,659462E-2;7,824006E-2;9,441043E-1;;
30/11/2021  10:22:49,779122;9,343247E-1;1,187712E-1;1,303688E-1;9,438837E-1;;
30/11/2021  10:22:49,779222;9,341369E-1;1,219570E-1;1,370034E-1;9,436548E-1;;
30/11/2021  10:22:49,779322;9,329776E-1;1,117624E-1;1,088855E-1;9,434180E-1;;
30/11/2021  10:22:49,779422;9,327392E-1;-1,566956E-2;9,308886E-2;9,431738E-1;;
30/11/2021  10:22:49,779522;9,330640E-1;1,305587E-1;1,382671E-1;9,429223E-1;;
30/11/2021  10:22:49,779622;9,333233E-1;1,382046E-1;1,284732E-1;9,426641E-1;;
30/11/2021  10:22:49,779722;9,343277E-1;1,372488E-1;1,401627E-1;9,423995E-1;;
30/11/2021  10:22:49,779822;9,335230E-1;1,165411E-1;1,445858E-1;9,421292E-1;;
30/11/2021  10:22:49,779922;9,335975E-1;1,372488E-1;1,366875E-1;9,418540E-1;;
30/11/2021  10:22:49,780022;9,328077E-1;1,331073E-1;1,338441E-1;9,415744E-1;;
30/11/2021  10:22:49,780122;9,330909E-1;1,165411E-1;1,458495E-1;9,412912E-1;;
30/11/2021  10:22:49,780222;9,334544E-1;1,321516E-1;1,332122E-1;9,410048E-1;;
30/11/2021  10:22:49,780322;9,344528E-1;1,283286E-1;1,212068E-1;9,407161E-1;;
30/11/2021  10:22:49,780422;9,348135E-1;1,283286E-1;1,316326E-1;9,404256E-1;;
30/11/2021  10:22:49,780522;9,349684E-1;1,280100E-1;1,199431E-1;9,401346E-1;;
30/11/2021  10:22:49,780622;9,349804E-1;1,509478E-1;1,581709E-1;9,398438E-1;;
30/11/2021  10:22:49,780722;9,344201E-1;1,025236E-1;1,063580E-1;9,395542E-1;;
30/11/2021  10:22:49,780822;9,346495E-1;1,155854E-1;1,158360E-1;9,392667E-1;;
30/11/2021  10:22:49,780922;9,348641E-1;1,296029E-1;1,249980E-1;9,389821E-1;;
30/11/2021  10:22:49,781022;9,357821E-1;1,429833E-1;1,657532E-1;9,387011E-1;;
30/11/2021  10:22:49,781122;9,362559E-1;5,569236E-2;8,424277E-2;9,384246E-1;;
30/11/2021  10:22:49,781222;9,358864E-1;1,292843E-1;1,363715E-1;9,381534E-1;;
30/11/2021  10:22:49,781322;9,358387E-1;1,863102E-1;1,979783E-1;9,378884E-1;;
30/11/2021  10:22:49,781422;9,344707E-1;-8,979382E-3;6,497092E-2;9,376303E-1;;
30/11/2021  10:22:49,781522;9,352426E-1;1,474434E-1;1,480610E-1;9,373797E-1;;
30/11/2021  10:22:49,781622;9,361129E-1;1,260985E-1;1,240502E-1;9,371369E-1;;
30/11/2021  10:22:49,781722;9,359996E-1;1,254614E-1;1,297370E-1;9,369024E-1;;
30/11/2021  10:22:49,781822;9,366106E-1;1,391603E-1;1,537478E-1;9,366769E-1;;
30/11/2021  10:22:49,781922;9,360205E-1;1,079395E-1;7,476481E-2;9,364606E-1;;
30/11/2021  10:22:49,782022;9,361516E-1;5,059508E-2;6,497092E-2;9,362542E-1;;
30/11/2021  10:22:49,782122;9,353380E-1;1,407532E-1;9,719598E-2;9,360578E-1;;
30/11/2021  10:22:49,782222;9,364258E-1;2,861306E-2;9,372073E-2;9,358717E-1;;
30/11/2021  10:22:49,782322;9,370129E-1;6,110822E-2;6,433905E-2;9,356961E-1;;
30/11/2021  10:22:49,782422;9,374391E-1;8,404598E-2;8,961361E-2;9,355312E-1;;
30/11/2021  10:22:49,782522;9,378951E-1;7,480716E-2;8,582243E-2;9,353775E-1;;
30/11/2021  10:22:49,782622;9,370964E-1;1,260985E-1;1,291051E-1;9,352350E-1;;
30/11/2021  10:22:49,782722;9,374063E-1;-4,657182E-2;8,203124E-2;9,351042E-1;;
30/11/2021  10:22:49,782822;9,370308E-1;1,082581E-1;1,193112E-1;9,349851E-1;;
30/11/2021  10:22:49,782922;9,381097E-1;4,263058E-2;5,865227E-2;9,348777E-1;;
30/11/2021  10:22:49,783022;9,387922E-1;1,181340E-1;1,265777E-1;9,347821E-1;;
30/11/2021  10:22:49,783122;9,390962E-1;5,505520E-2;7,444887E-2;9,346984E-1;;
30/11/2021  10:22:49,783222;9,393018E-1;9,933782E-2;1,031987E-1;9,346269E-1;;
30/11/2021  10:22:49,783322;9,392332E-1;9,551486E-2;1,202590E-1;9,345675E-1;;
30/11/2021  10:22:49,783422;9,391051E-1;8,595746E-2;1,031987E-1;9,345205E-1;;
30/11/2021  10:22:49,783522;9,395164E-1;9,965640E-2;1,107811E-1;9,344859E-1;;
30/11/2021  10:22:49,783622;9,401214E-1;1,095324E-1;1,208909E-1;9,344634E-1;;
30/11/2021  10:22:49,783722;9,409410E-1;6,811698E-2;9,751191E-2;9,344532E-1;;
30/11/2021  10:22:49,783822;9,412450E-1;1,133553E-1;1,249980E-1;9,344553E-1;;
30/11/2021  10:22:49,783922;9,412181E-1;1,276914E-1;1,268936E-1;9,344697E-1;;
30/11/2021  10:22:49,784022;9,407741E-1;1,095324E-1;8,455870E-2;9,344965E-1;;
30/11/2021  10:22:49,784122;9,408724E-1;1,254614E-1;1,528000E-1;9,345354E-1;;
30/11/2021  10:22:49,784222;9,419721E-1;1,910889E-1;1,967146E-1;9,345863E-1;;
30/11/2021  10:22:49,784322;9,423804E-1;1,793014E-1;2,039810E-1;9,346490E-1;;
30/11/2021  10:22:49,784422;9,426636E-1;1,576380E-1;1,578549E-1;9,347233E-1;;
30/11/2021  10:22:49,784522;9,432835E-1;1,576380E-1;1,704922E-1;9,348093E-1;;
30/11/2021  10:22:49,784622;9,431494E-1;1,232313E-1;1,139404E-1;9,349067E-1;;
30/11/2021  10:22:49,784722;9,427619E-1;1,270543E-1;1,174156E-1;9,350155E-1;;
30/11/2021  10:22:49,784822;9,434534E-1;1,397975E-1;1,310007E-1;9,351353E-1;;
30/11/2021  10:22:49,784922;9,440882E-1;8,404598E-2;1,085695E-1;9,352658E-1;;
30/11/2021  10:22:49,785022;9,453607E-1;1,324701E-1;1,164678E-1;9,354069E-1;;
30/11/2021  10:22:49,785122;9,460492E-1;1,404346E-1;1,600664E-1;9,355585E-1;;
30/11/2021  10:22:49,785222;9,461386E-1;1,359745E-1;1,196272E-1;9,357205E-1;;
30/11/2021  10:22:49,785322;9,461982E-1;1,101695E-1;1,054102E-1;9,358929E-1;;
30/11/2021  10:22:49,785422;9,461505E-1;1,248242E-1;1,000394E-1;9,360756E-1;;
30/11/2021  10:22:49,785522;9,467853E-1;9,179678E-3;5,896821E-2;9,362685E-1;;
30/11/2021  10:22:49,785622;9,475244E-1;1,174969E-1;1,035146E-1;9,364713E-1;;
30/11/2021  10:22:49,785722;9,483083E-1;1,159040E-1;1,878685E-1;9,366838E-1;;
30/11/2021  10:22:49,785822;9,485944E-1;1,318330E-1;1,474292E-1;9,369061E-1;;
30/11/2021  10:22:49,785922;9,491457E-1;1,283286E-1;1,335282E-1;9,371379E-1;;
30/11/2021  10:22:49,786022;9,485646E-1;1,079395E-1;1,490088E-1;9,373792E-1;;
30/11/2021  10:22:49,786122;9,476258E-1;1,334259E-1;1,341600E-1;9,376298E-1;;
30/11/2021  10:22:49,786222;9,476079E-1;1,286472E-1;1,325804E-1;9,378891E-1;;
30/11/2021  10:22:49,786322;9,479685E-1;1,350188E-1;1,382671E-1;9,381566E-1;;
30/11/2021  10:22:49,786422;9,482457E-1;9,392196E-2;8,992954E-2;9,384315E-1;;
30/11/2021  10:22:49,786522;9,481414E-1;1,413904E-1;1,392149E-1;9,387133E-1;;
30/11/2021  10:22:49,786622;9,475095E-1;1,292843E-1;1,249980E-1;9,390012E-1;;
30/11/2021  10:22:49,786722;9,464992E-1;1,442576E-1;1,319485E-1;9,392945E-1;;
30/11/2021  10:22:49,786822;9,451700E-1;1,018865E-1;9,119327E-2;9,395921E-1;;
30/11/2021  10:22:49,786922;9,457094E-1;4,358632E-2;1,335282E-1;9,398929E-1;;
30/11/2021  10:22:49,787022;9,453995E-1;1,283286E-1;1,275255E-1;9,401956E-1;;
30/11/2021  10:22:49,787122;9,457989E-1;4,103768E-2;6,181159E-2;9,404991E-1;;
30/11/2021  10:22:49,787222;9,449971E-1;1,120810E-1;1,253139E-1;9,408021E-1;;
30/11/2021  10:22:49,787322;9,436232E-1;1,283286E-1;1,259458E-1;9,411036E-1;;
30/11/2021  10:22:49,787422;9,431583E-1;1,369303E-1;1,310007E-1;9,414023E-1;;
30/11/2021  10:22:49,787522;9,426636E-1;1,397975E-1;1,407946E-1;9,416969E-1;;
30/11/2021  10:22:49,787622;9,424579E-1;1,162226E-1;1,243661E-1;9,419859E-1;;
30/11/2021  10:22:49,787722;9,427500E-1;1,340630E-1;1,360556E-1;9,422680E-1;;
30/11/2021  10:22:49,787822;9,427828E-1;1,203641E-1;1,170997E-1;9,425422E-1;;
30/11/2021  10:22:49,787922;9,419423E-1;1,353374E-1;1,328963E-1;9,428073E-1;;
30/11/2021  10:22:49,788022;9,412986E-1;1,347002E-1;1,259458E-1;9,430624E-1;;
30/11/2021  10:22:49,788122;9,405088E-1;1,372488E-1;1,278414E-1;9,433065E-1;;
30/11/2021  10:22:49,788222;9,400826E-1;1,385232E-1;1,246821E-1;9,435384E-1;;
30/11/2021  10:22:49,788322;9,402793E-1;1,394789E-1;1,297370E-1;9,437573E-1;;
30/11/2021  10:22:49,788422;9,417784E-1;9,392196E-2;1,347919E-1;9,439623E-1;;
30/11/2021  10:22:49,788522;9,413731E-1;1,585937E-1;1,847091E-1;9,441528E-1;;
30/11/2021  10:22:49,788622;9,409112E-1;1,203641E-1;1,246821E-1;9,443286E-1;;
30/11/2021  10:22:49,788722;9,404760E-1;1,203641E-1;1,351078E-1;9,444892E-1;;
30/11/2021  10:22:49,788822;9,401422E-1;1,267357E-1;1,303688E-1;9,446345E-1;;
30/11/2021  10:22:49,788922;9,405029E-1;1,369303E-1;1,332122E-1;9,447642E-1;;
30/11/2021  10:22:49,789022;9,408188E-1;1,359745E-1;1,338441E-1;9,448782E-1;;
30/11/2021  10:22:49,789122;9,412599E-1;1,528593E-1;1,524841E-1;9,449765E-1;;
30/11/2021  10:22:49,789222;9,414327E-1;1,496735E-1;1,777586E-1;9,450594E-1;;
30/11/2021  10:22:49,789322;9,413820E-1;1,289658E-1;1,278414E-1;9,451271E-1;;
30/11/2021  10:22:49,789422;9,407502E-1;1,260985E-1;1,262617E-1;9,451802E-1;;
30/11/2021  10:22:49,789522;9,404492E-1;1,229127E-1;1,196272E-1;9,452189E-1;;
30/11/2021  10:22:49,789622;9,404403E-1;1,305587E-1;1,471132E-1;9,452436E-1;;
30/11/2021  10:22:49,789722;9,408635E-1;1,331073E-1;1,174156E-1;9,452547E-1;;
30/11/2021  10:22:49,789822;9,406966E-1;1,331073E-1;1,243661E-1;9,452526E-1;;
30/11/2021  10:22:49,789922;9,408188E-1;1,146297E-1;1,095173E-1;9,452379E-1;;
30/11/2021  10:22:49,790022;9,404194E-1;1,241871E-1;1,152041E-1;9,452111E-1;;
30/11/2021  10:22:49,790122;9,400022E-1;1,311958E-1;1,480610E-1;9,451728E-1;;
30/11/2021  10:22:49,790222;9,397667E-1;1,286472E-1;1,281573E-1;9,451234E-1;;
30/11/2021  10:22:49,790322;9,404880E-1;1,222756E-1;1,278414E-1;9,450634E-1;;
30/11/2021  10:22:49,790422;9,408098E-1;1,417090E-1;1,212068E-1;9,449933E-1;;
30/11/2021  10:22:49,790522;9,409499E-1;5,887816E-2;1,006712E-1;9,449139E-1;;
30/11/2021  10:22:49,790622;9,402167E-1;1,636910E-1;1,891322E-1;9,448259E-1;;
30/11/2021  10:22:49,790722;9,396326E-1;1,311958E-1;1,240502E-1;9,447299E-1;;
30/11/2021  10:22:49,790822;9,394866E-1;1,382046E-1;1,316326E-1;9,446264E-1;;
30/11/2021  10:22:49,790922;9,392034E-1;1,296029E-1;1,272095E-1;9,445159E-1;;
30/11/2021  10:22:49,791022;9,401661E-1;1,146297E-1;1,227865E-1;9,443989E-1;;
30/11/2021  10:22:49,791122;9,401363E-1;3,625898E-2;6,370719E-2;9,442759E-1;;
30/11/2021  10:22:49,791222;9,403211E-1;1,143111E-1;1,066739E-1;9,441475E-1;;
30/11/2021  10:22:49,791322;9,400767E-1;1,152668E-1;1,202590E-1;9,440144E-1;;
30/11/2021  10:22:49,791422;9,395492E-1;3,126658E-3;5,201770E-2;9,438772E-1;;
30/11/2021  10:22:49,791522;9,391021E-1;-2,108542E-2;1,082536E-1;9,437364E-1;;
30/11/2021  10:22:49,791622;9,398740E-1;9,870066E-2;1,066739E-1;9,435925E-1;;
30/11/2021  10:22:49,791722;9,398472E-1;6,811698E-2;1,066739E-1;9,434460E-1;;
30/11/2021  10:22:49,791822;9,404373E-1;9,742634E-2;1,009872E-1;9,432973E-1;;
30/11/2021  10:22:49,791922;9,395432E-1;-2,235974E-2;1,631739E-2;9,431472E-1;;
30/11/2021  10:22:49,792022;9,390395E-1;1,018865E-1;1,142563E-1;9,429960E-1;;
30/11/2021  10:22:49,792122;9,383779E-1;1,060280E-1;1,117289E-1;9,428442E-1;;
30/11/2021  10:22:49,792222;9,385895E-1;1,219570E-1;1,471132E-1;9,426920E-1;;
30/11/2021  10:22:49,792322;9,382587E-1;1,171783E-1;1,385831E-1;9,425395E-1;;
30/11/2021  10:22:49,792422;9,387147E-1;1,260985E-1;1,212068E-1;9,423871E-1;;
30/11/2021  10:22:49,792522;9,388398E-1;1,337445E-1;1,379512E-1;9,422348E-1;;
30/11/2021  10:22:49,792622;9,382557E-1;1,436204E-1;1,028828E-1;9,420829E-1;;
30/11/2021  10:22:49,792722;9,376209E-1;1,789828E-1;1,894481E-1;9,419318E-1;;
30/11/2021  10:22:49,792822;9,370874E-1;-1,789962E-2;7,413294E-2;9,417813E-1;;
30/11/2021  10:22:49,792922;9,361516E-1;1,570008E-1;1,641736E-1;9,416316E-1;;
30/11/2021  10:22:49,793022;9,369623E-1;1,391603E-1;1,335282E-1;9,414825E-1;;
30/11/2021  10:22:49,793122;9,373080E-1;1,311958E-1;1,474292E-1;9,413338E-1;;
30/11/2021  10:22:49,793222;9,375494E-1;1,292843E-1;1,224705E-1;9,411858E-1;;
30/11/2021  10:22:49,793322;9,373050E-1;1,318330E-1;1,496407E-1;9,410383E-1;;
30/11/2021  10:22:49,793422;9,367834E-1;1,210013E-1;1,442698E-1;9,408917E-1;;
30/11/2021  10:22:49,793522;9,360562E-1;1,082581E-1;1,167838E-1;9,407459E-1;;
30/11/2021  10:22:49,793622;9,368699E-1;1,375674E-1;1,332122E-1;9,406010E-1;;
30/11/2021  10:22:49,793722;9,371232E-1;1,149482E-1;1,237343E-1;9,404570E-1;;
30/11/2021  10:22:49,793822;9,377193E-1;1,174969E-1;1,152041E-1;9,403140E-1;;
30/11/2021  10:22:49,793922;9,380829E-1;1,375674E-1;1,407946E-1;9,401722E-1;;
30/11/2021  10:22:49,794022;9,373437E-1;1,009307E-1;9,087734E-2;9,400320E-1;;
30/11/2021  10:22:49,794122;9,372513E-1;9,487770E-2;1,057261E-1;9,398937E-1;;
30/11/2021  10:22:49,794222;9,375017E-1;1,034794E-1;1,155200E-1;9,397575E-1;;
30/11/2021  10:22:49,794322;9,376835E-1;1,232313E-1;9,245700E-2;9,396235E-1;;
30/11/2021  10:22:49,794422;9,384375E-1;8,882468E-2;7,476481E-2;9,394921E-1;;
30/11/2021  10:22:49,794522;9,383570E-1;1,203641E-1;1,215227E-1;9,393635E-1;;
30/11/2021  10:22:49,794622;9,383839E-1;1,873708E-2;4,791059E-2;9,392381E-1;;
30/11/2021  10:22:49,794722;9,382408E-1;1,053908E-1;1,079377E-1;9,391163E-1;;
30/11/2021  10:22:49,794822;9,374123E-1;2,044692E-1;1,755471E-1;9,389982E-1;;
30/11/2021  10:22:49,794922;9,375643E-1;1,200455E-1;1,275255E-1;9,388841E-1;;
30/11/2021  10:22:49,795022;9,373378E-1;1,264171E-1;1,262617E-1;9,387741E-1;;
30/11/2021  10:22:49,795122;9,376239E-1;1,190898E-1;1,177316E-1;9,386680E-1;;
30/11/2021  10:22:49,795222;9,378027E-1;3,084312E-2;7,160549E-2;9,385660E-1;;
30/11/2021  10:22:49,795322;9,377997E-1;1,178155E-1;1,158360E-1;9,384682E-1;;
30/11/2021  10:22:49,795422;9,370248E-1;7,767438E-2;6,086380E-2;9,383745E-1;;
30/11/2021  10:22:49,795522;9,363960E-1;1,311958E-1;1,183634E-1;9,382849E-1;;
30/11/2021  10:22:49,795622;9,369712E-1;1,178155E-1;1,088855E-1;9,381993E-1;;
30/11/2021  10:22:49,795722;9,374808E-1;1,171783E-1;1,196272E-1;9,381174E-1;;
30/11/2021  10:22:49,795822;9,376000E-1;1,229127E-1;1,310007E-1;9,380393E-1;;
30/11/2021  10:22:49,795922;9,383958E-1;1,216384E-1;9,308886E-2;9,379650E-1;;
30/11/2021  10:22:49,796022;9,376805E-1;8,500172E-2;8,424277E-2;9,378945E-1;;
30/11/2021  10:22:49,796122;9,374033E-1;-7,046532E-2;3,938042E-2;9,378278E-1;;
30/11/2021  10:22:49,796222;9,371321E-1;-2,427122E-2;5,928414E-2;9,377651E-1;;
30/11/2021  10:22:49,796322;9,376239E-1;1,210013E-1;1,287892E-1;9,377061E-1;;
30/11/2021  10:22:49,796422;9,379964E-1;8,086018E-2;1,167838E-1;9,376508E-1;;
30/11/2021  10:22:49,796522;9,381723E-1;1,391603E-1;1,505885E-1;9,375992E-1;;
30/11/2021  10:22:49,796622;9,382080E-1;1,506292E-1;1,689125E-1;9,375513E-1;;
30/11/2021  10:22:49,796722;9,377312E-1;1,085766E-1;1,114129E-1;9,375073E-1;;
30/11/2021  10:22:49,796822;9,377520E-1;1,245056E-1;1,291051E-1;9,374670E-1;;
30/11/2021  10:22:49,796922;9,375881E-1;1,127182E-1;8,487463E-2;9,374303E-1;;
30/11/2021  10:22:49,797022;9,381901E-1;1,066652E-1;8,708615E-2;9,373973E-1;;
30/11/2021  10:22:49,797122;9,399366E-1;1,273729E-1;1,249980E-1;9,373678E-1;;
30/11/2021  10:22:49,797222;9,400379E-1;1,388417E-1;1,534319E-1;9,373421E-1;;
30/11/2021  10:22:49,797322;9,400051E-1;1,343816E-1;1,259458E-1;9,373205E-1;;
30/11/2021  10:22:49,797422;9,400826E-1;1,047537E-1;9,656411E-2;9,373032E-1;;
30/11/2021  10:22:49,797522;9,398561E-1;1,139925E-1;1,249980E-1;9,372905E-1;;
30/11/2021  10:22:49,797622;9,402764E-1;1,245056E-1;1,253139E-1;9,372827E-1;;
30/11/2021  10:22:49,797722;9,411555E-1;8,181592E-2;7,887192E-2;9,372798E-1;;
30/11/2021  10:22:49,797822;9,420735E-1;9,392196E-2;1,155200E-1;9,372821E-1;;
30/11/2021  10:22:49,797922;9,423536E-1;1,292843E-1;1,395309E-1;9,372900E-1;;
30/11/2021  10:22:49,798022;9,430927E-1;1,292843E-1;1,388990E-1;9,373038E-1;;
30/11/2021  10:22:49,798122;9,430361E-1;1,442576E-1;1,328963E-1;9,373242E-1;;
30/11/2021  10:22:49,798222;9,428186E-1;1,260985E-1;1,272095E-1;9,373514E-1;;
30/11/2021  10:22:49,798322;9,438617E-1;1,251428E-1;1,189953E-1;9,373857E-1;;
30/11/2021  10:22:49,798422;9,448690E-1;1,273729E-1;1,281573E-1;9,374276E-1;;
30/11/2021  10:22:49,798522;9,459687E-1;2,256004E-2;6,907803E-2;9,374774E-1;;
30/11/2021  10:22:49,798622;9,464873E-1;1,248242E-1;1,253139E-1;9,375356E-1;;
30/11/2021  10:22:49,798722;9,468569E-1;1,114439E-1;1,082536E-1;9,376029E-1;;
30/11/2021  10:22:49,798822;9,470834E-1;1,133553E-1;8,992954E-2;9,376798E-1;;
30/11/2021  10:22:49,798922;9,471310E-1;9,392196E-2;1,189953E-1;9,377667E-1;;
30/11/2021  10:22:49,799022;9,482606E-1;1,311958E-1;1,821817E-1;9,378641E-1;;
30/11/2021  10:22:49,799122;9,492441E-1;1,222756E-1;1,148882E-1;9,379723E-1;;
30/11/2021  10:22:49,799222;9,498997E-1;1,321516E-1;1,464814E-1;9,380917E-1;;
30/11/2021  10:22:49,799322;9,505614E-1;1,013542E-2;5,738855E-2;9,382228E-1;;
30/11/2021  10:22:49,799422;9,496971E-1;1,047537E-1;1,208909E-1;9,383661E-1;;
30/11/2021  10:22:49,799522;9,504839E-1;1,143111E-1;1,221546E-1;9,385218E-1;;
30/11/2021  10:22:49,799622;9,504898E-1;1,197269E-1;1,430061E-1;9,386899E-1;;
30/11/2021  10:22:49,799722;9,512737E-1;1,037979E-1;1,066739E-1;9,388707E-1;;
30/11/2021  10:22:49,799822;9,517356E-1;1,044351E-1;1,117289E-1;9,390640E-1;;
30/11/2021  10:22:49,799922;9,522363E-1;1,050723E-1;1,142563E-1;9,392699E-1;;
30/11/2021  10:22:49,800022;9,524837E-1;1,022050E-1;1,123607E-1;9,394883E-1;;
30/11/2021  10:22:49,800122;9,523346E-1;9,328480E-2;1,000394E-1;9,397191E-1;;
30/11/2021  10:22:49,800222;9,521081E-1;8,340882E-2;8,139938E-2;9,399622E-1;;
30/11/2021  10:22:49,800322;9,520277E-1;1,063466E-1;1,259458E-1;9,402172E-1;;
30/11/2021  10:22:49,800422;9,522274E-1;1,028422E-1;1,035146E-1;9,404836E-1;;
30/11/2021  10:22:49,800522;9,524211E-1;9,296622E-2;1,013031E-1;9,407607E-1;;
30/11/2021  10:22:49,800622;9,522154E-1;5,441804E-2;5,865227E-2;9,410481E-1;;
30/11/2021  10:22:49,800722;9,520009E-1;1,299215E-1;1,395309E-1;9,413450E-1;;
30/11/2021  10:22:49,800822;9,513899E-1;1,483991E-1;1,543797E-1;9,416506E-1;;
30/11/2021  10:22:49,800922;9,504809E-1;1,675139E-1;1,486929E-1;9,419640E-1;;
30/11/2021  10:22:49,801022;9,505494E-1;1,706997E-1;1,556434E-1;9,422841E-1;;
30/11/2021  10:22:49,801122;9,500726E-1;1,802571E-1;1,685966E-1;9,426096E-1;;
30/11/2021  10:22:49,801222;9,502812E-1;1,280100E-1;1,351078E-1;9,429394E-1;;
30/11/2021  10:22:49,801322;9,492798E-1;1,483991E-1;1,840773E-1;9,432723E-1;;
30/11/2021  10:22:49,801422;9,487046E-1;1,353374E-1;1,357397E-1;9,436069E-1;;
30/11/2021  10:22:49,801522;9,470118E-1;1,366117E-1;1,310007E-1;9,439417E-1;;
30/11/2021  10:22:49,801622;9,469552E-1;1,273729E-1;1,016190E-1;9,442754E-1;;
30/11/2021  10:22:49,801722;9,464098E-1;1,334259E-1;1,445858E-1;9,446062E-1;;
30/11/2021  10:22:49,801822;9,460492E-1;1,375674E-1;1,357397E-1;9,449325E-1;;
30/11/2021  10:22:49,801922;9,465022E-1;1,560451E-1;1,704922E-1;9,452529E-1;;
30/11/2021  10:22:49,802022;9,454740E-1;1,232313E-1;1,104651E-1;9,455658E-1;;
30/11/2021  10:22:49,802122;9,451730E-1;1,088952E-1;1,076217E-1;9,458700E-1;;
30/11/2021  10:22:49,802222;9,440733E-1;1,372488E-1;1,360556E-1;9,461641E-1;;
30/11/2021  10:22:49,802322;9,439511E-1;1,311958E-1;1,328963E-1;9,464469E-1;;
30/11/2021  10:22:49,802422;9,437007E-1;1,273729E-1;1,262617E-1;9,467170E-1;;
30/11/2021  10:22:49,802522;9,438438E-1;1,120810E-1;1,297370E-1;9,469734E-1;;
30/11/2021  10:22:49,802622;9,437484E-1;1,366117E-1;1,366875E-1;9,472150E-1;;
30/11/2021  10:22:49,802722;9,434057E-1;1,308772E-1;1,948190E-1;9,474410E-1;;
30/11/2021  10:22:49,802822;9,430689E-1;1,210013E-1;1,265777E-1;9,476506E-1;;
30/11/2021  10:22:49,802922;9,424699E-1;1,394789E-1;1,332122E-1;9,478433E-1;;
30/11/2021  10:22:49,803022;9,419841E-1;1,245056E-1;1,174156E-1;9,480185E-1;;
30/11/2021  10:22:49,803122;9,421480E-1;1,327887E-1;1,297370E-1;9,481756E-1;;
30/11/2021  10:22:49,803222;9,422135E-1;4,358632E-2;8,708615E-2;9,483141E-1;;
30/11/2021  10:22:49,803322;9,417367E-1;1,353374E-1;1,420583E-1;9,484339E-1;;
30/11/2021  10:22:49,803422;9,414506E-1;1,461691E-1;1,708081E-1;9,485348E-1;;
30/11/2021  10:22:49,803522;9,410244E-1;1,347002E-1;1,385831E-1;9,486166E-1;;
30/11/2021  10:22:49,803622;9,403032E-1;1,980976E-1;2,188298E-1;9,486792E-1;;
30/11/2021  10:22:49,803722;9,400826E-1;1,159040E-1;1,268936E-1;9,487226E-1;;
30/11/2021  10:22:49,803822;9,400975E-1;1,143111E-1;1,208909E-1;9,487468E-1;;
30/11/2021  10:22:49,803922;9,411764E-1;1,210013E-1;1,177316E-1;9,487519E-1;;
30/11/2021  10:22:49,804022;9,407323E-1;1,276914E-1;1,344760E-1;9,487382E-1;;
30/11/2021  10:22:49,804122;9,401452E-1;1,366117E-1;1,291051E-1;9,487062E-1;;
30/11/2021  10:22:49,804222;9,396654E-1;1,461691E-1;1,401627E-1;9,486563E-1;;
30/11/2021  10:22:49,804322;9,401840E-1;1,477620E-1;1,632258E-1;9,485890E-1;;
30/11/2021  10:22:49,804422;9,398233E-1;1,378860E-1;1,471132E-1;9,485048E-1;;
30/11/2021  10:22:49,804522;9,403568E-1;1,327887E-1;1,322644E-1;9,484044E-1;;
30/11/2021  10:22:49,804622;9,404641E-1;1,286472E-1;1,234183E-1;9,482884E-1;;
30/11/2021  10:22:49,804722;9,399247E-1;1,356559E-1;1,215227E-1;9,481578E-1;;
30/11/2021  10:22:49,804822;9,398770E-1;1,439390E-1;1,493248E-1;9,480133E-1;;
30/11/2021  10:22:49,804922;9,393763E-1;1,264171E-1;1,354238E-1;9,478557E-1;;
30/11/2021  10:22:49,805022;9,394747E-1;1,350188E-1;1,297370E-1;9,476858E-1;;
30/11/2021  10:22:49,805122;9,396058E-1;1,235499E-1;1,186794E-1;9,475044E-1;;
30/11/2021  10:22:49,805222;9,395670E-1;1,401161E-1;1,597505E-1;9,473123E-1;;
30/11/2021  10:22:49,805322;9,392899E-1;9,997498E-2;1,139404E-1;9,471104E-1;;
30/11/2021  10:22:49,805422;9,387564E-1;1,292843E-1;1,540637E-1;9,468995E-1;;
30/11/2021  10:22:49,805522;9,380441E-1;1,595494E-1;1,859729E-1;9,466803E-1;;
30/11/2021  10:22:49,805622;9,380024E-1;1,413904E-1;1,332122E-1;9,464535E-1;;
30/11/2021  10:22:49,805722;9,376090E-1;1,417090E-1;1,319485E-1;9,462198E-1;;
30/11/2021  10:22:49,805822;9,373408E-1;1,302401E-1;1,310007E-1;9,459796E-1;;
30/11/2021  10:22:49,805922;9,371739E-1;1,238685E-1;1,063580E-1;9,457335E-1;;
30/11/2021  10:22:49,806022;9,366225E-1;1,331073E-1;1,366875E-1;9,454821E-1;;
30/11/2021  10:22:49,806122;9,355168E-1;7,831154E-2;4,633093E-2;9,452257E-1;;
30/11/2021  10:22:49,806222;9,346048E-1;7,799296E-2;6,054787E-2;9,449646E-1;;
30/11/2021  10:22:49,806322;9,339939E-1;1,311958E-1;1,853410E-1;9,446991E-1;;
30/11/2021  10:22:49,806422;9,335498E-1;1,426647E-1;1,407946E-1;9,444292E-1;;
30/11/2021  10:22:49,806522;9,331713E-1;1,181340E-1;9,056141E-2;9,441549E-1;;
30/11/2021  10:22:49,806622;9,323130E-1;1,190898E-1;1,170997E-1;9,438762E-1;;
30/11/2021  10:22:49,806722;9,319077E-1;1,168597E-1;1,044624E-1;9,435930E-1;;
30/11/2021  10:22:49,806822;9,312073E-1;1,547707E-1;1,641736E-1;9,433053E-1;;
30/11/2021  10:22:49,806922;9,302268E-1;1,716555E-1;1,720719E-1;9,430130E-1;;
30/11/2021  10:22:49,807022;9,299377E-1;1,315144E-1;1,347919E-1;9,427158E-1;;
30/11/2021  10:22:49,807122;9,298423E-1;1,439390E-1;1,420583E-1;9,424136E-1;;
30/11/2021  10:22:49,807222;9,296963E-1;1,719741E-1;2,055607E-1;9,421063E-1;;
30/11/2021  10:22:49,807322;9,292999E-1;1,423461E-1;1,379512E-1;9,417939E-1;;
30/11/2021  10:22:49,807422;9,290347E-1;1,350188E-1;1,234183E-1;9,414763E-1;;
30/11/2021  10:22:49,807522;9,286144E-1;1,143111E-1;1,174156E-1;9,411537E-1;;
30/11/2021  10:22:49,807622;9,279588E-1;1,165411E-1;1,085695E-1;9,408260E-1;;
30/11/2021  10:22:49,807722;9,276607E-1;6,365686E-2;9,214107E-2;9,404934E-1;;
30/11/2021  10:22:49,807822;9,289721E-1;1,057094E-1;1,019350E-1;9,401560E-1;;
30/11/2021  10:22:49,807922;9,286621E-1;1,178155E-1;1,202590E-1;9,398139E-1;;
30/11/2021  10:22:49,808022;9,281704E-1;7,576290E-2;5,422923E-2;9,394678E-1;;
30/11/2021  10:22:49,808122;9,273270E-1;6,716124E-2;8,645429E-2;9,391180E-1;;
30/11/2021  10:22:49,808222;9,272405E-1;1,053908E-1;1,341600E-1;9,387647E-1;;
30/11/2021  10:22:49,808322;9,263226E-1;1,123996E-1;1,613302E-1;9,384085E-1;;
30/11/2021  10:22:49,808422;9,263703E-1;1,012493E-1;1,066739E-1;9,380494E-1;;
30/11/2021  10:22:49,808522;9,268650E-1;1,181340E-1;1,603824E-1;9,376878E-1;;
30/11/2021  10:22:49,808622;9,265103E-1;7,640006E-2;9,751191E-2;9,373239E-1;;
30/11/2021  10:22:49,808722;9,260693E-1;1,037979E-1;1,218387E-1;9,369583E-1;;
30/11/2021  10:22:49,808822;9,258428E-1;1,006121E-1;9,593225E-2;9,365913E-1;;
30/11/2021  10:22:49,808922;9,258964E-1;1,190898E-1;1,186794E-1;9,362234E-1;;
30/11/2021  10:22:49,809022;9,252348E-1;1,308772E-1;1,101492E-1;9,358547E-1;;
30/11/2021  10:22:49,809122;9,255596E-1;1,362931E-1;1,328963E-1;9,354858E-1;;
30/11/2021  10:22:49,809222;9,262332E-1;1,573194E-1;1,398468E-1;9,351171E-1;;
30/11/2021  10:22:49,809322;9,265372E-1;1,168597E-1;1,973464E-1;9,347491E-1;;
30/11/2021  10:22:49,809422;9,261557E-1;1,796200E-1;1,445858E-1;9,343824E-1;;
30/11/2021  10:22:49,809522;9,265014E-1;1,268406E-2;6,686651E-2;9,340176E-1;;
30/11/2021  10:22:49,809622;9,264567E-1;1,162226E-1;1,420583E-1;9,336554E-1;;
30/11/2021  10:22:49,809722;9,274253E-1;1,264171E-1;1,246821E-1;9,332965E-1;;
30/11/2021  10:22:49,809822;9,286860E-1;1,225942E-1;1,294210E-1;9,329417E-1;;
30/11/2021  10:22:49,809922;9,294012E-1;8,659462E-2;1,534319E-1;9,325920E-1;;
30/11/2021  10:22:49,810022;9,307007E-1;1,299215E-1;1,262617E-1;9,322484E-1;;
30/11/2021  10:22:49,810122;9,307930E-1;1,372488E-1;1,493248E-1;9,319122E-1;;
30/11/2021  10:22:49,810222;9,311268E-1;1,181340E-1;1,164678E-1;9,315848E-1;;
30/11/2021  10:22:49,810322;9,312758E-1;1,219570E-1;1,174156E-1;9,312672E-1;;
30/11/2021  10:22:49,810422;9,315798E-1;1,229127E-1;1,208909E-1;9,309607E-1;;
30/11/2021  10:22:49,810522;9,332041E-1;1,213198E-1;1,224705E-1;9,306664E-1;;
30/11/2021  10:22:49,810622;9,332458E-1;1,251428E-1;1,303688E-1;9,303853E-1;;
30/11/2021  10:22:49,810722;9,334008E-1;1,219570E-1;1,215227E-1;9,301185E-1;;
30/11/2021  10:22:49,810822;9,325514E-1;1,216384E-1;1,246821E-1;9,298671E-1;;
30/11/2021  10:22:49,810922;9,322951E-1;1,139925E-1;1,000394E-1;9,296318E-1;;
30/11/2021  10:22:49,811022;9,334634E-1;1,401161E-1;1,622780E-1;9,294130E-1;;
30/11/2021  10:22:49,811122;9,339849E-1;1,222756E-1;1,281573E-1;9,292114E-1;;
30/11/2021  10:22:49,811222;9,339671E-1;5,792242E-2;8,708615E-2;9,290272E-1;;
30/11/2021  10:22:49,811322;9,344737E-1;1,235499E-1;1,531159E-1;9,288610E-1;;
30/11/2021  10:22:49,811422;9,345810E-1;1,155854E-1;1,069899E-1;9,287132E-1;;
30/11/2021  10:22:49,811522;9,335766E-1;1,187712E-1;1,199431E-1;9,285839E-1;;
30/11/2021  10:22:49,811622;9,335200E-1;1,296029E-1;1,212068E-1;9,284731E-1;;
30/11/2021  10:22:49,811722;9,338836E-1;1,276914E-1;1,234183E-1;9,283808E-1;;
30/11/2021  10:22:49,811822;9,347688E-1;1,289658E-1;1,303688E-1;9,283066E-1;;
30/11/2021  10:22:49,811922;9,355198E-1;1,146297E-1;1,193112E-1;9,282505E-1;;
30/11/2021  10:22:49,812022;9,356241E-1;1,232313E-1;1,370034E-1;9,282121E-1;;
30/11/2021  10:22:49,812122;9,355019E-1;1,251428E-1;1,180475E-1;9,281916E-1;;
30/11/2021  10:22:49,812222;9,352426E-1;1,254614E-1;1,189953E-1;9,281885E-1;;
30/11/2021  10:22:49,812322;9,353559E-1;1,111253E-1;9,403666E-2;9,282025E-1;;
30/11/2021  10:22:49,812422;9,358745E-1;1,245056E-1;1,423743E-1;9,282332E-1;;
30/11/2021  10:22:49,812522;9,365599E-1;1,270543E-1;1,208909E-1;9,282801E-1;;
30/11/2021  10:22:49,812622;9,365063E-1;1,076209E-1;1,088855E-1;9,283428E-1;;
30/11/2021  10:22:49,812722;9,370070E-1;-7,386482E-3;5,391329E-2;9,284209E-1;;
30/11/2021  10:22:49,812822;9,371321E-1;1,748413E-1;1,894481E-1;9,285139E-1;;
30/11/2021  10:22:49,812922;9,370129E-1;1,429833E-1;1,521681E-1;9,286214E-1;;
30/11/2021  10:22:49,813022;9,367626E-1;1,267357E-1;1,300529E-1;9,287429E-1;;
30/11/2021  10:22:49,813122;9,371053E-1;1,270543E-1;1,265777E-1;9,288777E-1;;
30/11/2021  10:22:49,813222;9,377520E-1;1,356559E-1;1,338441E-1;9,290251E-1;;
30/11/2021  10:22:49,813322;9,380024E-1;1,413904E-1;1,287892E-1;9,291846E-1;;
30/11/2021  10:22:49,813422;9,379428E-1;1,111253E-1;1,186794E-1;9,293555E-1;;
30/11/2021  10:22:49,813522;9,381395E-1;1,225942E-1;1,227865E-1;9,295373E-1;;
30/11/2021  10:22:49,813622;9,379785E-1;1,187712E-1;1,145722E-1;9,297294E-1;;
30/11/2021  10:22:49,813722;9,378653E-1;1,095324E-1;9,688005E-2;9,299310E-1;;
30/11/2021  10:22:49,813822;9,381931E-1;9,997498E-2;1,515363E-1;9,301415E-1;;
30/11/2021  10:22:49,813922;9,394925E-1;1,232313E-1;1,224705E-1;9,303601E-1;;
30/11/2021  10:22:49,814022;9,396028E-1;1,905566E-2;5,675668E-2;9,305862E-1;;
30/11/2021  10:22:49,814122;9,398949E-1;1,206827E-1;1,054102E-1;9,308194E-1;;
30/11/2021  10:22:49,814222;9,404075E-1;8,627604E-2;8,297904E-2;9,310593E-1;;
30/11/2021  10:22:49,814322;9,405684E-1;1,257800E-1;1,243661E-1;9,313053E-1;;
30/11/2021  10:22:49,814422;9,410274E-1;1,130368E-1;1,237343E-1;9,315572E-1;;
30/11/2021  10:22:49,814522;9,418678E-1;1,213198E-1;1,534319E-1;9,318145E-1;;
30/11/2021  10:22:49,814622;9,423298E-1;9,965640E-2;1,133085E-1;9,320770E-1;;
30/11/2021  10:22:49,814722;9,426815E-1;7,448858E-2;1,164678E-1;9,323445E-1;;
30/11/2021  10:22:49,814822;9,432149E-1;1,413904E-1;1,651214E-1;9,326168E-1;;
30/11/2021  10:22:49,814922;9,433967E-1;1,155854E-1;1,196272E-1;9,328937E-1;;
30/11/2021  10:22:49,815022;9,440047E-1;1,267357E-1;1,218387E-1;9,331752E-1;;
30/11/2021  10:22:49,815122;9,447259E-1;1,206827E-1;1,104651E-1;9,334611E-1;;
30/11/2021  10:22:49,815222;9,453339E-1;1,165411E-1;1,183634E-1;9,337513E-1;;
30/11/2021  10:22:49,815322;9,459359E-1;1,101695E-1;1,148882E-1;9,340458E-1;;
30/11/2021  10:22:49,815422;9,460701E-1;1,168597E-1;9,751191E-2;9,343447E-1;;
30/11/2021  10:22:49,815522;9,457899E-1;1,146297E-1;1,246821E-1;9,346479E-1;;
30/11/2021  10:22:49,815622;9,465767E-1;1,283286E-1;1,249980E-1;9,349554E-1;;
30/11/2021  10:22:49,815722;9,461297E-1;9,392196E-2;1,493248E-1;9,352670E-1;;
30/11/2021  10:22:49,815822;9,467645E-1;1,286472E-1;1,291051E-1;9,355826E-1;;
30/11/2021  10:22:49,815922;9,471877E-1;1,146297E-1;1,107811E-1;9,359019E-1;;
30/11/2021  10:22:49,816022;9,475364E-1;1,232313E-1;1,275255E-1;9,362247E-1;;
30/11/2021  10:22:49,816122;9,473874E-1;7,417000E-2;1,050943E-1;9,365509E-1;;
30/11/2021  10:22:49,816222;9,468598E-1;9,774492E-2;1,038306E-1;9,368802E-1;;
30/11/2021  10:22:49,816322;9,462280E-1;1,015679E-1;1,095173E-1;9,372122E-1;;
30/11/2021  10:22:49,816422;9,464337E-1;2,019206E-1;1,888163E-1;9,375463E-1;;
30/11/2021  10:22:49,816522;9,470387E-1;8,086018E-2;1,047783E-1;9,378819E-1;;
30/11/2021  10:22:49,816622;9,473277E-1;8,946184E-2;8,708615E-2;9,382185E-1;;
30/11/2021  10:22:49,816722;9,474619E-1;8,659462E-2;1,041465E-1;9,385556E-1;;
30/11/2021  10:22:49,816822;9,474827E-1;1,363980E-2;-1,717141E-2;9,388927E-1;;
30/11/2021  10:22:49,816922;9,466155E-1;9,424054E-2;1,006712E-1;9,392294E-1;;
30/11/2021  10:22:49,817022;9,464188E-1;1,006121E-1;1,189953E-1;9,395649E-1;;
30/11/2021  10:22:49,817122;9,463204E-1;1,085766E-1;1,300529E-1;9,398987E-1;;
30/11/2021  10:22:49,817222;9,470774E-1;8,882468E-2;1,000394E-1;9,402301E-1;;
30/11/2021  10:22:49,817322;9,471489E-1;1,264171E-1;1,613302E-1;9,405584E-1;;
30/11/2021  10:22:49,817422;9,466393E-1;1,286472E-1;1,158360E-1;9,408831E-1;;
30/11/2021  10:22:49,817522;9,463055E-1;1,429833E-1;1,616461E-1;9,412036E-1;;
30/11/2021  10:22:49,817622;9,453339E-1;1,694254E-1;1,806020E-1;9,415193E-1;;
30/11/2021  10:22:49,817722;9,450895E-1;1,745227E-1;1,610142E-1;9,418296E-1;;
30/11/2021  10:22:49,817822;9,447826E-1;1,748413E-1;1,483770E-1;9,421334E-1;;
30/11/2021  10:22:49,817922;9,441537E-1;1,433019E-1;1,404787E-1;9,424301E-1;;
30/11/2021  10:22:49,818022;9,443594E-1;1,404346E-1;1,300529E-1;9,427189E-1;;
30/11/2021  10:22:49,818122;9,444041E-1;1,238685E-1;1,249980E-1;9,429988E-1;;
30/11/2021  10:22:49,818222;9,434176E-1;8,850610E-2;1,006712E-1;9,432692E-1;;
30/11/2021  10:22:49,818322;9,425712E-1;-1,343950E-2;5,391329E-2;9,435294E-1;;
30/11/2021  10:22:49,818422;9,424758E-1;-2,427122E-2;6,839427E-3;9,437786E-1;;
30/11/2021  10:22:49,818522;9,424937E-1;1,174969E-1;1,240502E-1;9,440160E-1;;
30/11/2021  10:22:49,818622;9,427709E-1;1,375674E-1;1,496407E-1;9,442409E-1;;
30/11/2021  10:22:49,818722;9,425503E-1;2,415294E-2;9,150920E-2;9,444528E-1;;
30/11/2021  10:22:49,818822;9,423298E-1;1,178155E-1;1,177316E-1;9,446511E-1;;
30/11/2021  10:22:49,818922;9,417069E-1;1,149482E-1;1,114129E-1;9,448357E-1;;
30/11/2021  10:22:49,819022;9,414148E-1;1,710183E-1;2,412610E-1;9,450059E-1;;
30/11/2021  10:22:49,819122;9,413254E-1;1,267357E-1;1,379512E-1;9,451616E-1;;
30/11/2021  10:22:49,819222;9,414476E-1;1,305587E-1;1,351078E-1;9,453024E-1;;
30/11/2021  10:22:49,819322;9,422404E-1;1,350188E-1;1,338441E-1;9,454282E-1;;
30/11/2021  10:22:49,819422;9,417635E-1;1,235499E-1;1,253139E-1;9,455390E-1;;
30/11/2021  10:22:49,819522;9,411615E-1;1,273729E-1;1,183634E-1;9,456348E-1;;
30/11/2021  10:22:49,819622;9,406042E-1;5,855958E-2;3,369365E-2;9,457159E-1;;
30/11/2021  10:22:49,819722;9,404790E-1;1,222756E-1;1,028828E-1;9,457821E-1;;
30/11/2021  10:22:49,819822;9,403389E-1;1,283286E-1;1,253139E-1;9,458335E-1;;
30/11/2021  10:22:49,819922;9,408158E-1;1,229127E-1;1,208909E-1;9,458704E-1;;
30/11/2021  10:22:49,820022;9,411436E-1;1,404346E-1;1,518522E-1;9,458929E-1;;
30/11/2021  10:22:49,820122;9,415013E-1;1,162226E-1;1,129926E-1;9,459014E-1;;
30/11/2021  10:22:49,820222;9,402734E-1;1,238685E-1;1,328963E-1;9,458963E-1;;
30/11/2021  10:22:49,820322;9,404552E-1;1,340630E-1;1,493248E-1;9,458782E-1;;
30/11/2021  10:22:49,820422;9,406042E-1;1,700626E-1;1,935552E-1;9,458475E-1;;
30/11/2021  10:22:49,820522;9,408307E-1;1,257800E-1;1,268936E-1;9,458046E-1;;
30/11/2021  10:22:49,820622;9,413046E-1;1,334259E-1;1,809180E-1;9,457501E-1;;
30/11/2021  10:22:49,820722;9,412658E-1;1,426647E-1;1,382671E-1;9,456848E-1;;
30/11/2021  10:22:49,820822;9,418082E-1;1,700626E-1;1,938712E-1;9,456092E-1;;
30/11/2021  10:22:49,820922;9,418678E-1;1,286472E-1;1,231024E-1;9,455243E-1;;
30/11/2021  10:22:49,821022;9,423953E-1;1,241871E-1;1,240502E-1;9,454309E-1;;
30/11/2021  10:22:49,821122;9,420884E-1;-6,186366E-2;2,416379E-3;9,453299E-1;;
30/11/2021  10:22:49,821222;9,423477E-1;1,308772E-1;1,332122E-1;9,452222E-1;;
30/11/2021  10:22:49,821322;9,433043E-1;3,084312E-2;7,508074E-2;9,451087E-1;;
30/11/2021  10:22:49,821422;9,432984E-1;1,216384E-1;1,202590E-1;9,449904E-1;;
30/11/2021  10:22:49,821522;9,428394E-1;1,229127E-1;1,025668E-1;9,448684E-1;;
30/11/2021  10:22:49,821622;9,428096E-1;1,165411E-1;1,009872E-1;9,447434E-1;;
30/11/2021  10:22:49,821722;9,419006E-1;1,245056E-1;1,303688E-1;9,446164E-1;;
30/11/2021  10:22:49,821822;9,420109E-1;1,487177E-1;1,692285E-1;9,444879E-1;;
30/11/2021  10:22:49,821922;9,420318E-1;2,192288E-2;6,939396E-2;9,443585E-1;;
30/11/2021  10:22:49,822022;9,427977E-1;1,388417E-1;1,433221E-1;9,442287E-1;;
30/11/2021  10:22:49,822122;9,428424E-1;1,410718E-1;1,613302E-1;9,440991E-1;;
30/11/2021  10:22:49,822222;9,424520E-1;1,509478E-1;1,796542E-1;9,439703E-1;;
30/11/2021  10:22:49,822322;9,423834E-1;1,369303E-1;1,189953E-1;9,438429E-1;;
30/11/2021  10:22:49,822422;9,418678E-1;1,356559E-1;1,265777E-1;9,437172E-1;;
30/11/2021  10:22:49,822522;9,423089E-1;1,213198E-1;1,224705E-1;9,435936E-1;;
30/11/2021  10:22:49,822622;9,420198E-1;1,359745E-1;1,322644E-1;9,434725E-1;;
30/11/2021  10:22:49,822722;9,420168E-1;1,213198E-1;1,221546E-1;9,433540E-1;;
30/11/2021  10:22:49,822822;9,421063E-1;1,292843E-1;1,319485E-1;9,432385E-1;;
30/11/2021  10:22:49,822922;9,415668E-1;1,270543E-1;1,212068E-1;9,431262E-1;;
30/11/2021  10:22:49,823022;9,409171E-1;1,085766E-1;1,117289E-1;9,430171E-1;;
30/11/2021  10:22:49,823122;9,407174E-1;1,050723E-1;9,056141E-2;9,429114E-1;;
30/11/2021  10:22:49,823222;9,411168E-1;1,152668E-1;1,031987E-1;9,428088E-1;;
30/11/2021  10:22:49,823322;9,415519E-1;1,120810E-1;9,593225E-2;9,427094E-1;;
30/11/2021  10:22:49,823422;9,409261E-1;1,490363E-1;1,670170E-1;9,426131E-1;;
30/11/2021  10:22:49,823522;9,411645E-1;1,334259E-1;1,467973E-1;9,425201E-1;;
30/11/2021  10:22:49,823622;9,409469E-1;1,331073E-1;1,328963E-1;9,424301E-1;;
30/11/2021  10:22:49,823722;9,412062E-1;1,311958E-1;1,341600E-1;9,423433E-1;;
30/11/2021  10:22:49,823822;9,408843E-1;1,620981E-1;1,780746E-1;9,422595E-1;;
30/11/2021  10:22:49,823922;9,410483E-1;1,573194E-1;1,550115E-1;9,421788E-1;;
30/11/2021  10:22:49,824022;9,413731E-1;1,283286E-1;1,142563E-1;9,421011E-1;;
30/11/2021  10:22:49,824122;9,414089E-1;1,353374E-1;1,395309E-1;9,420264E-1;;
30/11/2021  10:22:49,824222;9,405774E-1;1,442576E-1;1,332122E-1;9,419547E-1;;
30/11/2021  10:22:49,824322;9,399992E-1;1,334259E-1;1,278414E-1;9,418859E-1;;
30/11/2021  10:22:49,824422;9,395521E-1;1,280100E-1;1,259458E-1;9,418199E-1;;
30/11/2021  10:22:49,824522;9,393584E-1;1,216384E-1;1,164678E-1;9,417563E-1;;
30/11/2021  10:22:49,824622;9,397101E-1;1,143111E-1;1,215227E-1;9,416948E-1;;
30/11/2021  10:22:49,824722;9,402018E-1;1,171783E-1;1,452176E-1;9,416351E-1;;
30/11/2021  10:22:49,824822;9,396207E-1;8,723178E-2;8,961361E-2;9,415770E-1;;
30/11/2021  10:22:49,824922;9,390157E-1;1,057094E-1;1,221546E-1;9,415204E-1;;
30/11/2021  10:22:49,825022;9,392273E-1;1,136739E-1;1,256299E-1;9,414649E-1;;
30/11/2021  10:22:49,825122;9,387355E-1;1,101695E-1;1,174156E-1;9,414103E-1;;
30/11/2021  10:22:49,825222;9,394061E-1;1,028422E-1;1,145722E-1;9,413564E-1;;
30/11/2021  10:22:49,825322;9,407413E-1;1,044351E-1;1,126766E-1;9,413030E-1;;
30/11/2021  10:22:49,825422;9,409976E-1;1,057094E-1;9,403666E-2;9,412500E-1;;
30/11/2021  10:22:49,825522;9,411347E-1;1,034794E-1;1,180475E-1;9,411978E-1;;
30/11/2021  10:22:49,825622;9,410095E-1;1,098510E-1;1,142563E-1;9,411466E-1;;
30/11/2021  10:22:49,825722;9,404164E-1;1,187712E-1;1,291051E-1;9,410965E-1;;
30/11/2021  10:22:49,825822;9,405297E-1;4,645354E-2;8,487463E-2;9,410478E-1;;
30/11/2021  10:22:49,825922;9,411883E-1;1,783457E-1;1,471132E-1;9,410005E-1;;
30/11/2021  10:22:49,826022;9,421986E-1;1,847173E-1;1,354238E-1;9,409549E-1;;
30/11/2021  10:22:49,826122;9,424907E-1;1,761156E-1;1,360556E-1;9,409111E-1;;
30/11/2021  10:22:49,826222;9,419036E-1;1,385232E-1;1,057261E-1;9,408696E-1;;
30/11/2021  10:22:49,826322;9,424371E-1;1,560451E-1;1,449017E-1;9,408308E-1;;
30/11/2021  10:22:49,826422;9,414685E-1;1,592309E-1;1,644895E-1;9,407949E-1;;
30/11/2021  10:22:49,826522;9,420824E-1;1,369303E-1;1,388990E-1;9,407621E-1;;
30/11/2021  10:22:49,826622;9,426874E-1;4,613496E-2;7,223735E-2;9,407325E-1;;
30/11/2021  10:22:49,826722;9,429229E-1;1,302401E-1;1,300529E-1;9,407064E-1;;
30/11/2021  10:22:49,826822;9,435636E-1;1,321516E-1;1,357397E-1;9,406841E-1;;
30/11/2021  10:22:49,826922;9,427202E-1;1,340630E-1;1,272095E-1;9,406658E-1;;
30/11/2021  10:22:49,827022;9,429318E-1;1,120810E-1;1,142563E-1;9,406517E-1;;
30/11/2021  10:22:49,827122;9,428007E-1;1,308772E-1;1,294210E-1;9,406420E-1;;
30/11/2021  10:22:49,827222;9,426189E-1;1,270543E-1;1,262617E-1;9,406367E-1;;
30/11/2021  10:22:49,827322;9,432537E-1;1,311958E-1;1,388990E-1;9,406359E-1;;
30/11/2021  10:22:49,827422;9,440822E-1;1,235499E-1;1,104651E-1;9,406396E-1;;
30/11/2021  10:22:49,827522;9,438676E-1;1,429833E-1;1,588027E-1;9,406479E-1;;
30/11/2021  10:22:49,827622;9,439898E-1;1,455319E-1;1,824976E-1;9,406610E-1;;
30/11/2021  10:22:49,827722;9,433729E-1;1,200455E-1;1,189953E-1;9,406790E-1;;
30/11/2021  10:22:49,827822;9,437603E-1;1,315144E-1;1,319485E-1;9,407018E-1;;
30/11/2021  10:22:49,827922;9,440703E-1;1,439390E-1;1,553275E-1;9,407294E-1;;
30/11/2021  10:22:49,828022;9,453727E-1;1,331073E-1;1,512204E-1;9,407619E-1;;
30/11/2021  10:22:49,828122;9,452326E-1;1,474434E-1;1,433221E-1;9,407993E-1;;
30/11/2021  10:22:49,828222;9,453429E-1;9,615202E-2;1,287892E-1;9,408417E-1;;
30/11/2021  10:22:49,828322;9,445799E-1;1,327887E-1;1,294210E-1;9,408894E-1;;
30/11/2021  10:22:49,828422;9,442551E-1;1,350188E-1;1,297370E-1;9,409422E-1;;
30/11/2021  10:22:49,828522;9,445799E-1;1,200455E-1;1,167838E-1;9,410000E-1;;
30/11/2021  10:22:49,828622;9,444696E-1;1,133553E-1;1,205749E-1;9,410627E-1;;
30/11/2021  10:22:49,828722;9,450776E-1;1,359745E-1;1,249980E-1;9,411299E-1;;
30/11/2021  10:22:49,828822;9,446485E-1;1,245056E-1;1,275255E-1;9,412015E-1;;
30/11/2021  10:22:49,828922;9,443117E-1;7,640006E-2;6,623464E-2;9,412773E-1;;
30/11/2021  10:22:49,829022;9,440524E-1;1,525407E-1;1,543797E-1;9,413570E-1;;
30/11/2021  10:22:49,829122;9,432119E-1;8,595746E-2;1,212068E-1;9,414402E-1;;
30/11/2021  10:22:49,829222;9,430719E-1;4,709070E-2;9,372073E-2;9,415264E-1;;
30/11/2021  10:22:49,829322;9,428990E-1;1,082581E-1;1,060421E-1;9,416150E-1;;
30/11/2021  10:22:49,829422;9,428692E-1;1,576380E-1;1,714400E-1;9,417054E-1;;
30/11/2021  10:22:49,829522;9,420616E-1;1,123996E-1;8,424277E-2;9,417969E-1;;
30/11/2021  10:22:49,829622;9,415668E-1;1,257800E-1;1,588027E-1;9,418889E-1;;
30/11/2021  10:22:49,829722;9,405386E-1;1,321516E-1;1,436380E-1;9,419808E-1;;
30/11/2021  10:22:49,829822;9,397131E-1;1,318330E-1;1,351078E-1;9,420715E-1;;
30/11/2021  10:22:49,829922;9,395045E-1;1,372488E-1;1,354238E-1;9,421601E-1;;
30/11/2021  10:22:49,830022;9,392839E-1;1,264171E-1;1,297370E-1;9,422456E-1;;
30/11/2021  10:22:49,830122;9,395104E-1;1,241871E-1;1,152041E-1;9,423272E-1;;
30/11/2021  10:22:49,830222;9,388637E-1;1,283286E-1;1,303688E-1;9,424040E-1;;
30/11/2021  10:22:49,830322;9,375375E-1;1,289658E-1;1,398468E-1;9,424753E-1;;
30/11/2021  10:22:49,830422;9,371560E-1;1,757970E-1;2,074562E-1;9,425401E-1;;
30/11/2021  10:22:49,830522;9,359609E-1;1,232313E-1;1,613302E-1;9,425975E-1;;
30/11/2021  10:22:49,830622;9,356330E-1;1,088952E-1;1,170997E-1;9,426466E-1;;
30/11/2021  10:22:49,830722;9,352426E-1;1,413904E-1;1,490088E-1;9,426865E-1;;
30/11/2021  10:22:49,830822;9,347360E-1;1,066652E-1;1,205749E-1;9,427162E-1;;
30/11/2021  10:22:49,830922;9,338180E-1;4,963934E-2;7,381701E-2;9,427349E-1;;
30/11/2021  10:22:49,831022;9,329091E-1;1,891774E-1;1,439539E-1;9,427418E-1;;
30/11/2021  10:22:49,831122;9,322802E-1;1,413904E-1;1,727037E-1;9,427361E-1;;
30/11/2021  10:22:49,831222;9,309659E-1;1,225942E-1;1,354238E-1;9,427169E-1;;
30/11/2021  10:22:49,831322;9,303698E-1;1,213198E-1;1,262617E-1;9,426833E-1;;
30/11/2021  10:22:49,831422;9,303639E-1;1,347002E-1;1,303688E-1;9,426346E-1;;
30/11/2021  10:22:49,831522;9,295026E-1;1,305587E-1;1,275255E-1;9,425700E-1;;
30/11/2021  10:22:49,831622;9,290943E-1;1,267357E-1;1,183634E-1;9,424889E-1;;
30/11/2021  10:22:49,831722;9,281436E-1;1,162226E-1;1,110970E-1;9,423908E-1;;
30/11/2021  10:22:49,831822;9,274015E-1;1,267357E-1;1,205749E-1;9,422751E-1;;
30/11/2021  10:22:49,831922;9,272733E-1;1,232313E-1;1,253139E-1;9,421415E-1;;
30/11/2021  10:22:49,832022;9,278485E-1;1,184526E-1;1,249980E-1;9,419895E-1;;
30/11/2021  10:22:49,832122;9,272346E-1;1,168597E-1;1,275255E-1;9,418192E-1;;
30/11/2021  10:22:49,832222;9,270796E-1;1,327887E-1;1,366875E-1;9,416306E-1;;
30/11/2021  10:22:49,832322;9,265491E-1;1,146297E-1;1,243661E-1;9,414238E-1;;
30/11/2021  10:22:49,832422;9,260544E-1;7,321426E-2;9,245700E-2;9,411991E-1;;
30/11/2021  10:22:49,832522;9,254672E-1;1,468062E-1;1,701763E-1;9,409567E-1;;
30/11/2021  10:22:49,832622;9,257981E-1;1,448948E-1;1,578549E-1;9,406971E-1;;
30/11/2021  10:22:49,832722;9,260961E-1;8,965980E-4;9,024547E-2;9,404205E-1;;
30/11/2021  10:22:49,832822;9,253033E-1;1,190898E-1;1,208909E-1;9,401278E-1;;
30/11/2021  10:22:49,832922;9,252020E-1;1,251428E-1;1,644895E-1;9,398195E-1;;
30/11/2021  10:22:49,833022;9,249427E-1;1,069837E-1;1,013031E-1;9,394963E-1;;
30/11/2021  10:22:49,833122;9,248265E-1;9,997498E-2;9,372073E-2;9,391590E-1;;
30/11/2021  10:22:49,833222;9,247609E-1;9,009900E-2;8,424277E-2;9,388084E-1;;
30/11/2021  10:22:49,833322;9,249517E-1;1,028422E-1;1,170997E-1;9,384454E-1;;
30/11/2021  10:22:49,833422;9,257802E-1;5,282514E-2;4,727872E-2;9,380709E-1;;
30/11/2021  10:22:49,833522;9,259769E-1;9,392196E-2;1,069899E-1;9,376861E-1;;
30/11/2021  10:22:49,833622;9,253033E-1;-1,184660E-2;2,200416E-2;9,372922E-1;;
30/11/2021  10:22:49,833722;9,254732E-1;1,044351E-1;1,215227E-1;9,368905E-1;;
30/11/2021  10:22:49,833822;9,253778E-1;2,383436E-2;8,961361E-2;9,364821E-1;;
30/11/2021  10:22:49,833922;9,254523E-1;9,678918E-2;1,319485E-1;9,360682E-1;;
30/11/2021  10:22:49,834022;9,256908E-1;1,006121E-1;1,145722E-1;9,356500E-1;;
30/11/2021  10:22:49,834122;9,266474E-1;1,200455E-1;1,265777E-1;9,352288E-1;;
30/11/2021  10:22:49,834222;9,264507E-1;1,340630E-1;1,423743E-1;9,348059E-1;;
30/11/2021  10:22:49,834322;9,270379E-1;1,939561E-1;1,913437E-1;9,343826E-1;;
30/11/2021  10:22:49,834422;9,264001E-1;1,576380E-1;1,382671E-1;9,339602E-1;;
30/11/2021  10:22:49,834522;9,266236E-1;1,620981E-1;1,436380E-1;9,335401E-1;;
30/11/2021  10:22:49,834622;9,269872E-1;1,433019E-1;1,344760E-1;9,331234E-1;;
30/11/2021  10:22:49,834722;9,280929E-1;1,493549E-1;1,430061E-1;9,327113E-1;;
30/11/2021  10:22:49,834822;9,288827E-1;1,101695E-1;1,215227E-1;9,323052E-1;;
30/11/2021  10:22:49,834922;9,292224E-1;1,136739E-1;1,088855E-1;9,319062E-1;;
30/11/2021  10:22:49,835022;9,293953E-1;1,123996E-1;1,114129E-1;9,315159E-1;;
30/11/2021  10:22:49,835122;9,291718E-1;1,123996E-1;1,028828E-1;9,311356E-1;;
30/11/2021  10:22:49,835222;9,297470E-1;1,332122E-2;4,727872E-2;9,307663E-1;;
30/11/2021  10:22:49,835322;9,299079E-1;1,251428E-1;1,183634E-1;9,304092E-1;;
30/11/2021  10:22:49,835422;9,315053E-1;7,863012E-2;8,929768E-2;9,300654E-1;;
30/11/2021  10:22:49,835522;9,315769E-1;1,283286E-1;1,505885E-1;9,297360E-1;;
30/11/2021  10:22:49,835622;9,316126E-1;1,219570E-1;1,341600E-1;9,294220E-1;;
30/11/2021  10:22:49,835722;9,306053E-1;1,108067E-1;1,155200E-1;9,291243E-1;;
30/11/2021  10:22:49,835822;9,315113E-1;1,206827E-1;1,231024E-1;9,288438E-1;;
30/11/2021  10:22:49,835922;9,319822E-1;1,458505E-1;1,398468E-1;9,285810E-1;;
30/11/2021  10:22:49,836022;9,329210E-1;1,401161E-1;1,467973E-1;9,283365E-1;;
30/11/2021  10:22:49,836122;9,336750E-1;1,190898E-1;1,180475E-1;9,281108E-1;;
30/11/2021  10:22:49,836222;9,337823E-1;1,283286E-1;1,477451E-1;9,279046E-1;;
30/11/2021  10:22:49,836322;9,334962E-1;1,200455E-1;1,161519E-1;9,277183E-1;;
30/11/2021  10:22:49,836422;9,333412E-1;1,050723E-1;1,079377E-1;9,275525E-1;;
30/11/2021  10:22:49,836522;9,337018E-1;1,350188E-1;1,262617E-1;9,274072E-1;;
30/11/2021  10:22:49,836622;9,334753E-1;1,254614E-1;1,193112E-1;9,272826E-1;;
30/11/2021  10:22:49,836722;9,347539E-1;1,302401E-1;1,256299E-1;9,271785E-1;;
30/11/2021  10:22:49,836822;9,349625E-1;9,870066E-2;1,196272E-1;9,270950E-1;;
30/11/2021  10:22:49,836922;9,348373E-1;1,251428E-1;1,259458E-1;9,270320E-1;;
30/11/2021  10:22:49,837022;9,348641E-1;1,178155E-1;1,268936E-1;9,269893E-1;;
30/11/2021  10:22:49,837122;9,344916E-1;1,251428E-1;1,332122E-1;9,269668E-1;;
30/11/2021  10:22:49,837222;9,348880E-1;1,225942E-1;1,272095E-1;9,269639E-1;;
30/11/2021  10:22:49,837322;9,349655E-1;1,286472E-1;1,344760E-1;9,269803E-1;;
30/11/2021  10:22:49,837422;9,356927E-1;1,248242E-1;1,227865E-1;9,270154E-1;;
30/11/2021  10:22:49,837522;9,359758E-1;1,245056E-1;1,038306E-1;9,270686E-1;;
30/11/2021  10:22:49,837622;9,363871E-1;1,194084E-1;1,272095E-1;9,271395E-1;;
30/11/2021  10:22:49,837722;9,357284E-1;1,203641E-1;1,259458E-1;9,272275E-1;;
30/11/2021  10:22:49,837822;9,353440E-1;1,311958E-1;1,237343E-1;9,273320E-1;;
30/11/2021  10:22:49,837922;9,348939E-1;1,232313E-1;1,129926E-1;9,274523E-1;;
30/11/2021  10:22:49,838022;9,356599E-1;1,012493E-1;9,372073E-2;9,275874E-1;;
30/11/2021  10:22:49,838122;9,361755E-1;6,461260E-2;7,918786E-2;9,277363E-1;;
30/11/2021  10:22:49,838222;9,360115E-1;1,267357E-1;1,148882E-1;9,278983E-1;;
30/11/2021  10:22:49,838322;9,363781E-1;1,130368E-1;1,205749E-1;9,280725E-1;;
30/11/2021  10:22:49,838422;9,357940E-1;1,143111E-1;1,054102E-1;9,282581E-1;;
30/11/2021  10:22:49,838522;9,357850E-1;1,350188E-1;1,430061E-1;9,284542E-1;;
30/11/2021  10:22:49,838622;9,363513E-1;1,248242E-1;1,316326E-1;9,286599E-1;;
30/11/2021  10:22:49,838722;9,372305E-1;1,264171E-1;1,366875E-1;9,288743E-1;;
30/11/2021  10:22:49,838822;9,380411E-1;1,267357E-1;1,281573E-1;9,290966E-1;;
30/11/2021  10:22:49,838922;9,382140E-1;1,334259E-1;1,347919E-1;9,293263E-1;;
30/11/2021  10:22:49,839022;9,386402E-1;1,337445E-1;1,246821E-1;9,295629E-1;;
30/11/2021  10:22:49,839122;9,389769E-1;1,120810E-1;1,133085E-1;9,298058E-1;;
30/11/2021  10:22:49,839222;9,394150E-1;1,267357E-1;1,294210E-1;9,300548E-1;;
30/11/2021  10:22:49,839322;9,399992E-1;1,229127E-1;1,202590E-1;9,303092E-1;;
30/11/2021  10:22:49,839422;9,407532E-1;1,210013E-1;1,237343E-1;9,305690E-1;;
30/11/2021  10:22:49,839522;9,420973E-1;1,203641E-1;1,085695E-1;9,308338E-1;;
30/11/2021  10:22:49,839622;9,421897E-1;9,583344E-2;5,960007E-2;9,311036E-1;;
30/11/2021  10:22:49,839722;9,420347E-1;1,576380E-1;1,543797E-1;9,313783E-1;;
30/11/2021  10:22:49,839822;9,426576E-1;9,997498E-2;1,092014E-1;9,316579E-1;;
30/11/2021  10:22:49,839922;9,425354E-1;1,340630E-1;1,417424E-1;9,319422E-1;;
30/11/2021  10:22:49,840022;9,431047E-1;1,362931E-1;1,445858E-1;9,322311E-1;;
30/11/2021  10:22:49,840122;9,440584E-1;1,104881E-1;1,499566E-1;9,325245E-1;;
30/11/2021  10:22:49,840222;9,448034E-1;1,283286E-1;1,240502E-1;9,328223E-1;;
30/11/2021  10:22:49,840322;9,448660E-1;1,311958E-1;1,486929E-1;9,331243E-1;;
30/11/2021  10:22:49,840422;9,445531E-1;1,327887E-1;1,351078E-1;9,334308E-1;;
30/11/2021  10:22:49,840522;9,450836E-1;1,471248E-1;1,414265E-1;9,337414E-1;;
30/11/2021  10:22:49,840622;9,463085E-1;1,436204E-1;1,395309E-1;9,340561E-1;;
30/11/2021  10:22:49,840722;9,462459E-1;1,260985E-1;9,024547E-2;9,343748E-1;;
30/11/2021  10:22:49,840822;9,477092E-1;1,401161E-1;1,205749E-1;9,346975E-1;;
30/11/2021  10:22:49,840922;9,487672E-1;1,404346E-1;1,426902E-1;9,350243E-1;;
30/11/2021  10:22:49,841022;9,492471E-1;7,321426E-2;2,453162E-2;9,353553E-1;;
30/11/2021  10:22:49,841122;9,497209E-1;1,605052E-1;2,001898E-1;9,356908E-1;;
30/11/2021  10:22:49,841222;9,503229E-1;1,210013E-1;1,853410E-1;9,360310E-1;;
30/11/2021  10:22:49,841322;9,512975E-1;5,824100E-2;9,593225E-2;9,363761E-1;;
30/11/2021  10:22:49,841422;9,525075E-1;9,392196E-2;1,006712E-1;9,367265E-1;;
30/11/2021  10:22:49,841522;9,537592E-1;1,464877E-1;1,471132E-1;9,370826E-1;;
30/11/2021  10:22:49,841622;9,540304E-1;9,073616E-2;4,443533E-2;9,374446E-1;;
30/11/2021  10:22:49,841722;9,543374E-1;1,534964E-1;1,853410E-1;9,378132E-1;;
30/11/2021  10:22:49,841822;9,545967E-1;1,088952E-1;1,442698E-1;9,381887E-1;;
30/11/2021  10:22:49,841922;9,540751E-1;1,057094E-1;1,177316E-1;9,385712E-1;;
30/11/2021  10:22:49,842022;9,547606E-1;1,069837E-1;1,212068E-1;9,389609E-1;;
30/11/2021  10:22:49,842122;9,551689E-1;1,015679E-1;1,035146E-1;9,393576E-1;;
30/11/2021  10:22:49,842222;9,559587E-1;1,015679E-1;1,025668E-1;9,397614E-1;;
30/11/2021  10:22:49,842322;9,554193E-1;1,111253E-1;1,224705E-1;9,401720E-1;;
30/11/2021  10:22:49,842422;9,556875E-1;1,308772E-1;1,442698E-1;9,405893E-1;;
30/11/2021  10:22:49,842522;9,554610E-1;1,445762E-1;1,401627E-1;9,410129E-1;;
30/11/2021  10:22:49,842622;9,551451E-1;1,506292E-1;1,793383E-1;9,414424E-1;;
30/11/2021  10:22:49,842722;9,553597E-1;1,735670E-1;1,493248E-1;9,418771E-1;;
30/11/2021  10:22:49,842822;9,553179E-1;1,732484E-1;1,853410E-1;9,423165E-1;;
30/11/2021  10:22:49,842922;9,554759E-1;1,369303E-1;1,313166E-1;9,427598E-1;;
30/11/2021  10:22:49,843022;9,550050E-1;8,659462E-2;9,940750E-2;9,432062E-1;;
30/11/2021  10:22:49,843122;9,547159E-1;1,232313E-1;1,199431E-1;9,436548E-1;;
30/11/2021  10:22:49,843222;9,544119E-1;1,251428E-1;1,622780E-1;9,441049E-1;;
30/11/2021  10:22:49,843322;9,541616E-1;1,340630E-1;1,452176E-1;9,445553E-1;;
30/11/2021  10:22:49,843422;9,541497E-1;1,302401E-1;1,382671E-1;9,450050E-1;;
30/11/2021  10:22:49,843522;9,543851E-1;1,366117E-1;1,370034E-1;9,454530E-1;;
30/11/2021  10:22:49,843622;9,538188E-1;1,276914E-1;1,268936E-1;9,458981E-1;;
30/11/2021  10:22:49,843722;9,536490E-1;1,155854E-1;9,719598E-2;9,463395E-1;;
30/11/2021  10:22:49,843822;9,535387E-1;1,378860E-1;1,591187E-1;9,467760E-1;;
30/11/2021  10:22:49,843922;9,527817E-1;1,098510E-1;1,057261E-1;9,472067E-1;;
30/11/2021  10:22:49,844022;9,530350E-1;1,299215E-1;1,208909E-1;9,476304E-1;;
30/11/2021  10:22:49,844122;9,534135E-1;1,378860E-1;1,395309E-1;9,480462E-1;;
30/11/2021  10:22:49,844222;9,534165E-1;1,433019E-1;1,657532E-1;9,484531E-1;;
30/11/2021  10:22:49,844322;9,525820E-1;2,829448E-2;7,697633E-2;9,488504E-1;;
30/11/2021  10:22:49,844422;9,521290E-1;1,299215E-1;1,411105E-1;9,492373E-1;;
30/11/2021  10:22:49,844522;9,519651E-1;1,413904E-1;1,442698E-1;9,496128E-1;;
30/11/2021  10:22:49,844622;9,510025E-1;1,990534E-1;2,216732E-1;9,499762E-1;;
30/11/2021  10:22:49,844722;9,510799E-1;1,442576E-1;1,423743E-1;9,503265E-1;;
30/11/2021  10:22:49,844822;9,509637E-1;9,328480E-2;1,910278E-1;9,506630E-1;;
30/11/2021  10:22:49,844922;9,507432E-1;1,343816E-1;1,300529E-1;9,509850E-1;;
30/11/2021  10:22:49,845022;9,505494E-1;1,375674E-1;1,417424E-1;9,512916E-1;;
30/11/2021  10:22:49,845122;9,498163E-1;1,305587E-1;1,205749E-1;9,515824E-1;;
30/11/2021  10:22:49,845222;9,496047E-1;1,187712E-1;1,183634E-1;9,518568E-1;;
30/11/2021  10:22:49,845322;9,488417E-1;1,624167E-1;1,885003E-1;9,521142E-1;;
30/11/2021  10:22:49,845422;9,491398E-1;1,474434E-1;1,556434E-1;9,523541E-1;;
30/11/2021  10:22:49,845522;9,492441E-1;9,933782E-2;8,740209E-2;9,525759E-1;;
30/11/2021  10:22:49,845622;9,492858E-1;1,299215E-1;1,246821E-1;9,527796E-1;;
30/11/2021  10:22:49,845722;9,485974E-1;1,190898E-1;9,814378E-2;9,529647E-1;;
30/11/2021  10:22:49,845822;9,476437E-1;1,331073E-1;1,357397E-1;9,531313E-1;;
30/11/2021  10:22:49,845922;9,471847E-1;9,742634E-2;1,047783E-1;9,532792E-1;;
30/11/2021  10:22:49,846022;9,467615E-1;1,362931E-1;1,512204E-1;9,534080E-1;;
30/11/2021  10:22:49,846122;9,466780E-1;1,404346E-1;1,341600E-1;9,535177E-1;;
30/11/2021  10:22:49,846222;9,462012E-1;1,251428E-1;1,306848E-1;9,536081E-1;;
30/11/2021  10:22:49,846322;9,455276E-1;1,506292E-1;1,711241E-1;9,536792E-1;;
30/11/2021  10:22:49,846422;9,447408E-1;1,691068E-1;2,125112E-1;9,537308E-1;;
30/11/2021  10:22:49,846522;9,439779E-1;1,311958E-1;1,110970E-1;9,537629E-1;;
30/11/2021  10:22:49,846622;9,434683E-1;1,302401E-1;1,322644E-1;9,537753E-1;;
30/11/2021  10:22:49,846722;9,428603E-1;1,257800E-1;1,310007E-1;9,537681E-1;;
30/11/2021  10:22:49,846822;9,433103E-1;1,334259E-1;1,376353E-1;9,537410E-1;;
30/11/2021  10:22:49,846922;9,425891E-1;1,280100E-1;1,284732E-1;9,536942E-1;;
30/11/2021  10:22:49,847022;9,427351E-1;1,452133E-1;1,382671E-1;9,536277E-1;;
30/11/2021  10:22:49,847122;9,423298E-1;1,104881E-1;1,009872E-1;9,535420E-1;;
30/11/2021  10:22:49,847222;9,418529E-1;2,479010E-2;7,192142E-2;9,534372E-1;;
30/11/2021  10:22:49,847322;9,405952E-1;-2,172258E-2;1,821298E-2;9,533138E-1;;
30/11/2021  10:22:49,847422;9,410959E-1;1,340630E-1;1,133085E-1;9,531719E-1;;
30/11/2021  10:22:49,847522;9,412688E-1;1,187712E-1;1,347919E-1;9,530121E-1;;
30/11/2021  10:22:49,847622;9,405654E-1;1,423461E-1;1,537478E-1;9,528349E-1;;
30/11/2021  10:22:49,847722;9,402883E-1;1,350188E-1;1,499566E-1;9,526407E-1;;
30/11/2021  10:22:49,847822;9,398710E-1;1,257800E-1;1,189953E-1;9,524301E-1;;
30/11/2021  10:22:49,847922;9,388995E-1;1,283286E-1;1,294210E-1;9,522038E-1;;
30/11/2021  10:22:49,848022;9,381514E-1;1,719741E-1;1,840773E-1;9,519622E-1;;
30/11/2021  10:22:49,848122;9,379785E-1;1,448948E-1;1,395309E-1;9,517058E-1;;
30/11/2021  10:22:49,848222;9,376030E-1;1,111253E-1;1,164678E-1;9,514351E-1;;
30/11/2021  10:22:49,848322;9,364675E-1;1,442576E-1;1,524841E-1;9,511505E-1;;
30/11/2021  10:22:49,848422;9,362679E-1;1,356559E-1;1,253139E-1;9,508524E-1;;
30/11/2021  10:22:49,848522;9,356211E-1;1,292843E-1;1,237343E-1;9,505413E-1;;
30/11/2021  10:22:49,848622;9,345512E-1;1,264171E-1;1,189953E-1;9,502175E-1;;
30/11/2021  10:22:49,848722;9,338240E-1;1,267357E-1;1,234183E-1;9,498813E-1;;
30/11/2021  10:22:49,848822;9,340118E-1;1,302401E-1;1,208909E-1;9,495332E-1;;
30/11/2021  10:22:49,848922;9,338210E-1;1,334259E-1;1,594346E-1;9,491733E-1;;
30/11/2021  10:22:49,849022;9,329359E-1;2,351578E-2;5,264957E-2;9,488021E-1;;
30/11/2021  10:22:49,849122;9,328733E-1;1,350188E-1;1,395309E-1;9,484201E-1;;
30/11/2021  10:22:49,849222;9,323577E-1;1,394789E-1;1,392149E-1;9,480277E-1;;
30/11/2021  10:22:49,849322;9,315679E-1;1,260985E-1;1,246821E-1;9,476254E-1;;
30/11/2021  10:22:49,849422;9,319375E-1;1,222756E-1;1,281573E-1;9,472137E-1;;
30/11/2021  10:22:49,849522;9,318570E-1;1,139925E-1;1,183634E-1;9,467932E-1;;
30/11/2021  10:22:49,849622;9,323994E-1;9,551486E-2;7,792413E-2;9,463644E-1;;
30/11/2021  10:22:49,849722;9,323875E-1;9,551486E-2;9,909157E-2;9,459281E-1;;
30/11/2021  10:22:49,849822;9,321014E-1;1,002936E-1;1,120448E-1;9,454853E-1;;
30/11/2021  10:22:49,849922;9,321252E-1;9,838208E-2;1,035146E-1;9,450369E-1;;
30/11/2021  10:22:49,850022;9,321699E-1;9,519628E-2;9,972343E-2;9,445837E-1;;
30/11/2021  10:22:49,850122;9,326706E-1;1,076209E-1;1,306848E-1;9,441269E-1;;
30/11/2021  10:22:49,850222;9,330432E-1;9,137332E-2;9,308886E-2;9,436673E-1;;
30/11/2021  10:22:49,850322;9,330938E-1;2,032998E-2;2,927060E-2;9,432063E-1;;
30/11/2021  10:22:49,850422;9,330998E-1;-1,535098E-2;3,337771E-2;9,427449E-1;;
30/11/2021  10:22:49,850522;9,333680E-1;8,149734E-2;9,688005E-2;9,422843E-1;;
30/11/2021  10:22:49,850622;9,332905E-1;1,353374E-1;1,534319E-1;9,418256E-1;;
30/11/2021  10:22:49,850722;9,330044E-1;1,232313E-1;1,388990E-1;9,413701E-1;;
30/11/2021  10:22:49,850822;9,331594E-1;1,350188E-1;1,357397E-1;9,409187E-1;;
30/11/2021  10:22:49,850922;9,333233E-1;1,448948E-1;1,385831E-1;9,404724E-1;;
30/11/2021  10:22:49,851022;9,336154E-1;1,547707E-1;1,461654E-1;9,400323E-1;;
30/11/2021  10:22:49,851122;9,338985E-1;1,789828E-1;1,603824E-1;9,395992E-1;;
30/11/2021  10:22:49,851222;9,336184E-1;1,570008E-1;1,452176E-1;9,391741E-1;;
30/11/2021  10:22:49,851322;9,336720E-1;1,448948E-1;1,401627E-1;9,387579E-1;;
30/11/2021  10:22:49,851422;9,334306E-1;1,289658E-1;1,300529E-1;9,383515E-1;;
30/11/2021  10:22:49,851522;9,338329E-1;1,222756E-1;1,259458E-1;9,379554E-1;;
30/11/2021  10:22:49,851622;9,343783E-1;8,436456E-2;8,708615E-2;9,375705E-1;;
30/11/2021  10:22:49,851722;9,344230E-1;9,169190E-2;5,833634E-2;9,371973E-1;;
30/11/2021  10:22:49,851822;9,351532E-1;1,452133E-1;1,793383E-1;9,368366E-1;;
30/11/2021  10:22:49,851922;9,349327E-1;1,369303E-1;1,354238E-1;9,364890E-1;;
30/11/2021  10:22:49,852022;9,354840E-1;1,397975E-1;1,467973E-1;9,361552E-1;;
30/11/2021  10:22:49,852122;9,361159E-1;1,232313E-1;1,158360E-1;9,358358E-1;;
30/11/2021  10:22:49,852222;9,365242E-1;9,360338E-2;1,464814E-1;9,355315E-1;;
30/11/2021  10:22:49,852322;9,372186E-1;1,149482E-1;1,133085E-1;9,352427E-1;;
30/11/2021  10:22:49,852422;9,375673E-1;1,404346E-1;1,720719E-1;9,349703E-1;;
30/11/2021  10:22:49,852522;9,377550E-1;1,136739E-1;1,294210E-1;9,347148E-1;;
30/11/2021  10:22:49,852622;9,372871E-1;1,299215E-1;1,297370E-1;9,344767E-1;;
30/11/2021  10:22:49,852722;9,377491E-1;1,254614E-1;1,221546E-1;9,342565E-1;;
30/11/2021  10:22:49,852822;9,379607E-1;1,251428E-1;1,300529E-1;9,340543E-1;;
30/11/2021  10:22:49,852922;9,380322E-1;1,136739E-1;9,624818E-2;9,338705E-1;;
30/11/2021  10:22:49,853022;9,389591E-1;1,337445E-1;1,392149E-1;9,337052E-1;;
30/11/2021  10:22:49,853122;9,385865E-1;1,280100E-1;1,180475E-1;9,335585E-1;;
30/11/2021  10:22:49,853222;9,382468E-1;1,206827E-1;1,221546E-1;9,334305E-1;;
30/11/2021  10:22:49,853322;9,382617E-1;1,280100E-1;1,319485E-1;9,333211E-1;;
30/11/2021  10:22:49,853422;9,380858E-1;1,359745E-1;1,417424E-1;9,332299E-1;;
30/11/2021  10:22:49,853522;9,379398E-1;7,193994E-2;9,119327E-2;9,331568E-1;;
30/11/2021  10:22:49,853622;9,382080E-1;1,159040E-1;1,177316E-1;9,331012E-1;;
30/11/2021  10:22:49,853722;9,376060E-1;1,092138E-1;1,088855E-1;9,330626E-1;;
30/11/2021  10:22:49,853822;9,378802E-1;1,598680E-1;1,948190E-1;9,330405E-1;;
30/11/2021  10:22:49,853922;9,376358E-1;1,343816E-1;1,553275E-1;9,330341E-1;;
30/11/2021  10:22:49,854022;9,364884E-1;1,283286E-1;1,196272E-1;9,330426E-1;;
30/11/2021  10:22:49,854122;9,367596E-1;1,066652E-1;1,180475E-1;9,330653E-1;;
30/11/2021  10:22:49,854222;9,370278E-1;1,235499E-1;1,234183E-1;9,331012E-1;;
30/11/2021  10:22:49,854322;9,372394E-1;7,926728E-2;7,476481E-2;9,331493E-1;;
30/11/2021  10:22:49,854422;9,374004E-1;1,273729E-1;1,354238E-1;9,332087E-1;;
30/11/2021  10:22:49,854522;9,366493E-1;1,200455E-1;1,284732E-1;9,332786E-1;;
30/11/2021  10:22:49,854622;9,365838E-1;1,687883E-1;1,828136E-1;9,333582E-1;;
30/11/2021  10:22:49,854722;9,366136E-1;1,523270E-2;5,549295E-2;9,334464E-1;;
30/11/2021  10:22:49,854822;9,370010E-1;1,194084E-1;1,215227E-1;9,335424E-1;;
30/11/2021  10:22:49,854922;9,380531E-1;1,092138E-1;8,929768E-2;9,336454E-1;;
30/11/2021  10:22:49,855022;9,380560E-1;1,184526E-1;1,281573E-1;9,337546E-1;;
30/11/2021  10:22:49,855122;9,384822E-1;1,060280E-1;1,126766E-1;9,338695E-1;;
30/11/2021  10:22:49,855222;9,381633E-1;2,489498E-3;1,789705E-2;9,339896E-1;;
30/11/2021  10:22:49,855322;9,379934E-1;1,251428E-1;1,357397E-1;9,341144E-1;;
30/11/2021  10:22:49,855422;9,381752E-1;1,238685E-1;1,385831E-1;9,342435E-1;;
30/11/2021  10:22:49,855522;9,388100E-1;1,171783E-1;1,231024E-1;9,343761E-1;;
30/11/2021  10:22:49,855622;9,394598E-1;1,241871E-1;1,174156E-1;9,345121E-1;;
30/11/2021  10:22:49,855722;9,394419E-1;1,210013E-1;1,319485E-1;9,346509E-1;;
30/11/2021  10:22:49,855822;9,396356E-1;8,723178E-2;9,245700E-2;9,347924E-1;;
30/11/2021  10:22:49,855922;9,396565E-1;1,652839E-1;1,474292E-1;9,349363E-1;;
30/11/2021  10:22:49,856022;9,398561E-1;1,420275E-1;1,641736E-1;9,350825E-1;;
30/11/2021  10:22:49,856122;9,395462E-1;1,108067E-1;1,085695E-1;9,352305E-1;;
30/11/2021  10:22:49,856222;9,400975E-1;1,254614E-1;1,262617E-1;9,353803E-1;;
30/11/2021  10:22:49,856322;9,402167E-1;6,811698E-2;1,069899E-1;9,355315E-1;;
30/11/2021  10:22:49,856422;9,406310E-1;1,095324E-1;1,013031E-1;9,356839E-1;;
30/11/2021  10:22:49,856522;9,403538E-1;1,229127E-1;1,272095E-1;9,358374E-1;;
30/11/2021  10:22:49,856622;9,402644E-1;1,643281E-1;1,619620E-1;9,359918E-1;;
30/11/2021  10:22:49,856722;9,397578E-1;1,509478E-1;1,411105E-1;9,361469E-1;;
30/11/2021  10:22:49,856822;9,392541E-1;1,260985E-1;1,291051E-1;9,363023E-1;;
30/11/2021  10:22:49,856922;9,394866E-1;1,257800E-1;1,322644E-1;9,364576E-1;;
30/11/2021  10:22:49,857022;9,400290E-1;1,184526E-1;1,202590E-1;9,366125E-1;;
30/11/2021  10:22:49,857122;9,398323E-1;1,347002E-1;1,414265E-1;9,367665E-1;;
30/11/2021  10:22:49,857222;9,398412E-1;1,130368E-1;7,697633E-2;9,369194E-1;;
30/11/2021  10:22:49,857322;9,394866E-1;6,588692E-2;5,896821E-2;9,370708E-1;;
30/11/2021  10:22:49,857422;9,397369E-1;1,397975E-1;1,452176E-1;9,372205E-1;;
30/11/2021  10:22:49,857522;9,394240E-1;1,073023E-1;1,259458E-1;9,373681E-1;;
30/11/2021  10:22:49,857622;9,406101E-1;8,372740E-2;6,528685E-2;9,375133E-1;;
30/11/2021  10:22:49,857722;9,411943E-1;9,678918E-2;9,688005E-2;9,376559E-1;;
30/11/2021  10:22:49,857822;9,406668E-1;6,270112E-2;2,168823E-2;9,377960E-1;;
30/11/2021  10:22:49,857922;9,409410E-1;1,299215E-1;1,376353E-1;9,379334E-1;;
30/11/2021  10:22:49,858022;9,407174E-1;1,280100E-1;1,509044E-1;9,380683E-1;;
30/11/2021  10:22:49,858122;9,408188E-1;1,210013E-1;1,423743E-1;9,382005E-1;;
30/11/2021  10:22:49,858222;9,418410E-1;7,894870E-2;1,351078E-1;9,383301E-1;;
30/11/2021  10:22:49,858322;9,417665E-1;1,076209E-1;1,155200E-1;9,384571E-1;;
30/11/2021  10:22:49,858422;9,422761E-1;5,409946E-2;7,097362E-2;9,385816E-1;;
30/11/2021  10:22:49,858522;9,425950E-1;1,037979E-1;1,174156E-1;9,387039E-1;;
30/11/2021  10:22:49,858622;9,422642E-1;9,105474E-2;1,006712E-1;9,388241E-1;;
30/11/2021  10:22:49,858722;9,421450E-1;9,997498E-2;1,107811E-1;9,389425E-1;;
30/11/2021  10:22:49,858822;9,421808E-1;8,786894E-2;1,013031E-1;9,390592E-1;;
30/11/2021  10:22:49,858922;9,420526E-1;1,063466E-1;1,202590E-1;9,391742E-1;;
30/11/2021  10:22:49,859022;9,425831E-1;1,174969E-1;1,291051E-1;9,392876E-1;;
30/11/2021  10:22:49,859122;9,424311E-1;1,289658E-1;1,313166E-1;9,393995E-1;;
30/11/2021  10:22:49,859222;9,424132E-1;1,356559E-1;1,231024E-1;9,395099E-1;;
30/11/2021  10:22:49,859322;9,423089E-1;1,187712E-1;8,992954E-2;9,396190E-1;;
30/11/2021  10:22:49,859422;9,415638E-1;9,392196E-2;9,593225E-2;9,397266E-1;;
30/11/2021  10:22:49,859522;9,416354E-1;4,454206E-2;9,972343E-2;9,398326E-1;;
30/11/2021  10:22:49,859622;9,421510E-1;-1,147479E-1;1,378993E-2;9,399371E-1;;
30/11/2021  10:22:49,859722;9,423387E-1;1,347002E-1;1,486929E-1;9,400397E-1;;
30/11/2021  10:22:49,859822;9,417039E-1;1,178155E-1;8,866581E-2;9,401405E-1;;
30/11/2021  10:22:49,859922;9,415668E-1;1,289658E-1;1,221546E-1;9,402394E-1;;
30/11/2021  10:22:49,860022;9,404969E-1;1,044351E-1;1,155200E-1;9,403362E-1;;
30/11/2021  10:22:49,860122;9,408247E-1;1,843987E-1;1,809180E-1;9,404306E-1;;
30/11/2021  10:22:49,860222;9,409708E-1;1,136739E-1;1,196272E-1;9,405223E-1;;
30/11/2021  10:22:49,860322;9,414953E-1;1,213198E-1;1,139404E-1;9,406110E-1;;
30/11/2021  10:22:49,860422;9,413433E-1;1,337445E-1;1,556434E-1;9,406966E-1;;
30/11/2021  10:22:49,860522;9,414804E-1;1,452133E-1;1,310007E-1;9,407790E-1;;
30/11/2021  10:22:49,860622;9,412926E-1;1,044351E-1;1,205749E-1;9,408581E-1;;
30/11/2021  10:22:49,860722;9,407472E-1;1,111253E-1;9,877564E-2;9,409338E-1;;
30/11/2021  10:22:49,860822;9,411734E-1;1,155854E-1;1,019350E-1;9,410060E-1;;
30/11/2021  10:22:49,860922;9,418023E-1;1,340630E-1;1,145722E-1;9,410747E-1;;
30/11/2021  10:22:49,861022;9,421957E-1;1,665582E-1;1,875525E-1;9,411397E-1;;
30/11/2021  10:22:49,861122;9,419125E-1;1,146297E-1;1,234183E-1;9,412013E-1;;
30/11/2021  10:22:49,861222;9,427709E-1;1,305587E-1;1,417424E-1;9,412596E-1;;
30/11/2021  10:22:49,861322;9,420347E-1;1,417090E-1;1,480610E-1;9,413149E-1;;
30/11/2021  10:22:49,861422;9,420914E-1;1,359745E-1;1,344760E-1;9,413672E-1;;
30/11/2021  10:22:49,861522;9,420973E-1;1,321516E-1;1,325804E-1;9,414168E-1;;
30/11/2021  10:22:49,861622;9,423775E-1;1,321516E-1;1,370034E-1;9,414638E-1;;
30/11/2021  10:22:49,861722;9,426129E-1;9,201048E-2;8,550650E-2;9,415083E-1;;
30/11/2021  10:22:49,861822;9,422791E-1;1,331073E-1;1,294210E-1;9,415506E-1;;
30/11/2021  10:22:49,861922;9,418559E-1;1,308772E-1;1,265777E-1;9,415906E-1;;
30/11/2021  10:22:49,862022;9,414297E-1;1,292843E-1;1,256299E-1;9,416287E-1;;
30/11/2021  10:22:49,862122;9,408426E-1;1,171783E-1;9,277293E-2;9,416646E-1;;
30/11/2021  10:22:49,862222;9,407770E-1;1,382046E-1;1,783905E-1;9,416983E-1;;
30/11/2021  10:22:49,862322;9,410304E-1;1,155854E-1;1,224705E-1;9,417296E-1;;
30/11/2021  10:22:49,862422;9,412569E-1;1,359745E-1;1,354238E-1;9,417584E-1;;
30/11/2021  10:22:49,862522;9,411496E-1;7,894870E-2;4,411940E-2;9,417845E-1;;
30/11/2021  10:22:49,862622;9,409410E-1;5,537378E-2;9,150920E-2;9,418081E-1;;
30/11/2021  10:22:49,862722;9,400469E-1;1,375674E-1;1,392149E-1;9,418290E-1;;
30/11/2021  10:22:49,862822;9,401005E-1;1,315144E-1;1,363715E-1;9,418470E-1;;
30/11/2021  10:22:49,862922;9,403240E-1;1,302401E-1;1,328963E-1;9,418621E-1;;
30/11/2021  10:22:49,863022;9,411496E-1;1,254614E-1;1,313166E-1;9,418740E-1;;
30/11/2021  10:22:49,863122;9,418082E-1;1,350188E-1;1,347919E-1;9,418828E-1;;
30/11/2021  10:22:49,863222;9,413165E-1;1,331073E-1;1,316326E-1;9,418887E-1;;
30/11/2021  10:22:49,863322;9,421331E-1;1,267357E-1;1,193112E-1;9,418919E-1;;
30/11/2021  10:22:49,863422;9,418589E-1;1,296029E-1;1,272095E-1;9,418927E-1;;
30/11/2021  10:22:49,863522;9,422642E-1;1,423461E-1;1,360556E-1;9,418913E-1;;
30/11/2021  10:22:49,863622;9,431523E-1;1,343816E-1;1,328963E-1;9,418882E-1;;
30/11/2021  10:22:49,863722;9,441925E-1;4,008194E-2;5,928414E-2;9,418836E-1;;
30/11/2021  10:22:49,863822;9,451670E-1;1,436204E-1;1,768108E-1;9,418784E-1;;
30/11/2021  10:22:49,863922;9,453339E-1;1,372488E-1;1,376353E-1;9,418731E-1;;
30/11/2021  10:22:49,864022;9,450687E-1;1,315144E-1;1,202590E-1;9,418687E-1;;
30/11/2021  10:22:49,864122;9,457869E-1;1,260985E-1;1,231024E-1;9,418657E-1;;
30/11/2021  10:22:49,864222;9,460552E-1;1,305587E-1;1,281573E-1;9,418650E-1;;
30/11/2021  10:22:49,864322;9,468271E-1;1,101695E-1;1,407946E-1;9,418672E-1;;
30/11/2021  10:22:49,864422;9,476407E-1;1,327887E-1;1,306848E-1;9,418731E-1;;
30/11/2021  10:22:49,864522;9,475006E-1;1,675139E-1;1,878685E-1;9,418833E-1;;
30/11/2021  10:22:49,864622;9,473993E-1;1,257800E-1;1,240502E-1;9,418986E-1;;
30/11/2021  10:22:49,864722;9,474648E-1;1,455319E-1;1,395309E-1;9,419196E-1;;
30/11/2021  10:22:49,864822;9,477152E-1;1,474434E-1;1,379512E-1;9,419467E-1;;
30/11/2021  10:22:49,864922;9,479029E-1;1,289658E-1;1,401627E-1;9,419804E-1;;
30/11/2021  10:22:49,865022;9,482785E-1;1,108067E-1;8,803395E-2;9,420209E-1;;
30/11/2021  10:22:49,865122;9,489311E-1;1,490363E-1;1,426902E-1;9,420687E-1;;
30/11/2021  10:22:49,865222;9,491547E-1;4,517922E-2;-3,586329E-3;9,421240E-1;;
30/11/2021  10:22:49,865322;9,486421E-1;1,308772E-1;1,275255E-1;9,421871E-1;;
30/11/2021  10:22:49,865422;9,488596E-1;1,353374E-1;1,417424E-1;9,422582E-1;;
30/11/2021  10:22:49,865522;9,338627E-1;1,716555E-1;1,682807E-1;9,423369E-1;;
30/11/2021  10:22:49,865622;9,341697E-1;1,206827E-1;1,152041E-1;9,424216E-1;;
30/11/2021  10:22:49,865722;9,351353E-1;1,254614E-1;1,237343E-1;9,425093E-1;;
30/11/2021  10:22:49,865822;9,357612E-1;1,219570E-1;1,205749E-1;9,425974E-1;;
30/11/2021  10:22:49,865922;9,363573E-1;1,528593E-1;1,755471E-1;9,426833E-1;;
30/11/2021  10:22:49,866022;9,370099E-1;9,169190E-2;1,044624E-1;9,427653E-1;;
30/11/2021  10:22:49,866122;9,367328E-1;1,254614E-1;1,360556E-1;9,428417E-1;;
30/11/2021  10:22:49,866222;9,366165E-1;1,353374E-1;1,354238E-1;9,429112E-1;;
30/11/2021  10:22:49,866322;9,368520E-1;1,178155E-1;1,208909E-1;9,429727E-1;;
30/11/2021  10:22:49,866422;9,371321E-1;1,305587E-1;1,278414E-1;9,430252E-1;;
30/11/2021  10:22:49,866522;9,376060E-1;1,241871E-1;1,265777E-1;9,430681E-1;;
30/11/2021  10:22:49,866622;9,381127E-1;1,296029E-1;1,284732E-1;9,431007E-1;;
30/11/2021  10:22:49,866722;9,384256E-1;1,464877E-1;1,613302E-1;9,431229E-1;;
30/11/2021  10:22:49,866822;9,382647E-1;1,254614E-1;1,328963E-1;9,431346E-1;;
30/11/2021  10:22:49,866922;9,383243E-1;1,961861E-1;2,128271E-1;9,431358E-1;;
30/11/2021  10:22:49,867022;9,378325E-1;1,050723E-1;9,498445E-2;9,431266E-1;;
30/11/2021  10:22:49,867122;9,384107E-1;1,241871E-1;1,126766E-1;9,431072E-1;;
30/11/2021  10:22:49,867222;9,392362E-1;1,139925E-1;1,095173E-1;9,430777E-1;;
30/11/2021  10:22:49,867322;9,399455E-1;6,747982E-2;9,498445E-2;9,430386E-1;;
30/11/2021  10:22:49,867422;9,397786E-1;1,241871E-1;1,057261E-1;9,429904E-1;;
30/11/2021  10:22:49,867522;9,397429E-1;1,426647E-1;1,411105E-1;9,429339E-1;;
30/11/2021  10:22:49,867622;9,401929E-1;2,102037E-1;1,948190E-1;9,428697E-1;;
30/11/2021  10:22:49,867722;9,407890E-1;1,423461E-1;1,376353E-1;9,427985E-1;;
30/11/2021  10:22:49,867822;9,406340E-1;1,350188E-1;1,319485E-1;9,427212E-1;;
30/11/2021  10:22:49,867922;9,415698E-1;1,350188E-1;1,297370E-1;9,426385E-1;;
30/11/2021  10:22:49,868022;9,423268E-1;1,372488E-1;1,357397E-1;9,425513E-1;;
30/11/2021  10:22:49,868122;9,421718E-1;1,267357E-1;1,139404E-1;9,424608E-1;;
30/11/2021  10:22:49,868222;9,425712E-1;1,276914E-1;1,325804E-1;9,423677E-1;;
30/11/2021  10:22:49,868322;9,425891E-1;8,563888E-2;9,972343E-2;9,422732E-1;;
30/11/2021  10:22:49,868422;9,427440E-1;1,337445E-1;1,341600E-1;9,421782E-1;;
30/11/2021  10:22:49,868522;9,435368E-1;1,292843E-1;1,291051E-1;9,420835E-1;;
30/11/2021  10:22:49,868622;9,438646E-1;9,105474E-2;9,782784E-2;9,419901E-1;;
30/11/2021  10:22:49,868722;9,441448E-1;7,576290E-2;1,041465E-1;9,418988E-1;;
30/11/2021  10:22:49,868822;9,438348E-1;1,423461E-1;1,265777E-1;9,418106E-1;;
30/11/2021  10:22:49,868922;9,435726E-1;2,128572E-2;5,043804E-2;9,417262E-1;;
30/11/2021  10:22:49,869022;9,436232E-1;1,340630E-1;1,565912E-1;9,416463E-1;;
30/11/2021  10:22:49,869122;9,437603E-1;1,404346E-1;1,395309E-1;9,415714E-1;;
30/11/2021  10:22:49,869222;9,445114E-1;1,382046E-1;1,436380E-1;9,415019E-1;;
30/11/2021  10:22:49,869322;9,444875E-1;1,073023E-1;1,139404E-1;9,414384E-1;;
30/11/2021  10:22:49,869422;9,449554E-1;1,155854E-1;1,505885E-1;9,413813E-1;;
30/11/2021  10:22:49,869522;9,445441E-1;1,050723E-1;8,519056E-2;9,413310E-1;;
30/11/2021  10:22:49,869622;9,449554E-1;5,537378E-2;5,233363E-2;9,412879E-1;;
30/11/2021  10:22:49,869722;9,447736E-1;1,041165E-1;1,919756E-1;9,412522E-1;;
30/11/2021  10:22:49,869822;9,453727E-1;8,468314E-2;9,277293E-2;9,412243E-1;;
30/11/2021  10:22:49,869922;9,462995E-1;1,009307E-1;9,150920E-2;9,412043E-1;;
30/11/2021  10:22:49,870022;9,464724E-1;6,556834E-2;1,581709E-1;9,411924E-1;;
30/11/2021  10:22:49,870122;9,463055E-1;8,404598E-2;8,013565E-2;9,411891E-1;;
30/11/2021  10:22:49,870222;9,464158E-1;8,468314E-2;8,708615E-2;9,411945E-1;;
30/11/2021  10:22:49,870322;9,465052E-1;5,569236E-2;6,655058E-2;9,412087E-1;;
30/11/2021  10:22:49,870422;9,467674E-1;1,232313E-1;1,493248E-1;9,412319E-1;;
30/11/2021  10:22:49,870522;9,474529E-1;1,120810E-1;9,719598E-2;9,412641E-1;;
30/11/2021  10:22:49,870622;9,479357E-1;1,754784E-1;1,673329E-1;9,413054E-1;;
30/11/2021  10:22:49,870722;9,477957E-1;1,754784E-1;1,673329E-1;9,413558E-1;;
30/11/2021  10:22:49,870822;9,479208E-1;1,675139E-1;1,720719E-1;9,414155E-1;;
30/11/2021  10:22:49,870922;9,476347E-1;1,579565E-1;1,505885E-1;9,414843E-1;;
30/11/2021  10:22:49,871022;9,472413E-1;1,433019E-1;1,376353E-1;9,415622E-1;;
30/11/2021  10:22:49,871122;9,478702E-1;1,302401E-1;1,310007E-1;9,416489E-1;;
30/11/2021  10:22:49,871222;9,480728E-1;1,267357E-1;1,319485E-1;9,417442E-1;;
30/11/2021  10:22:49,871322;9,485735E-1;1,238685E-1;1,262617E-1;9,418477E-1;;
30/11/2021  10:22:49,871422;9,483410E-1;1,318330E-1;1,313166E-1;9,419593E-1;;
30/11/2021  10:22:49,871522;9,479476E-1;1,397975E-1;1,284732E-1;9,420786E-1;;
30/11/2021  10:22:49,871622;9,469403E-1;1,210013E-1;1,148882E-1;9,422053E-1;;
30/11/2021  10:22:49,871722;9,468867E-1;1,149482E-1;1,073058E-1;9,423388E-1;;
30/11/2021  10:22:49,871822;9,477062E-1;1,120810E-1;1,107811E-1;9,424785E-1;;
30/11/2021  10:22:49,871922;9,474380E-1;4,772786E-2;1,237343E-1;9,426237E-1;;
30/11/2021  10:22:49,872022;9,474261E-1;1,264171E-1;1,392149E-1;9,427738E-1;;
30/11/2021  10:22:49,872122;9,474708E-1;1,241871E-1;1,423743E-1;9,429283E-1;;
30/11/2021  10:22:49,872222;9,469790E-1;1,318330E-1;1,316326E-1;9,430865E-1;;
30/11/2021  10:22:49,872322;9,463889E-1;1,248242E-1;1,237343E-1;9,432478E-1;;
30/11/2021  10:22:49,872422;9,462131E-1;1,174969E-1;1,212068E-1;9,434115E-1;;
30/11/2021  10:22:49,872522;9,463204E-1;1,245056E-1;1,262617E-1;9,435767E-1;;
30/11/2021  10:22:49,872622;9,471757E-1;1,273729E-1;1,231024E-1;9,437428E-1;;
30/11/2021  10:22:49,872722;9,468777E-1;1,197269E-1;1,338441E-1;9,439092E-1;;
30/11/2021  10:22:49,872822;9,466512E-1;1,216384E-1;1,284732E-1;9,440752E-1;;
30/11/2021  10:22:49,872922;9,465797E-1;1,302401E-1;1,221546E-1;9,442403E-1;;
30/11/2021  10:22:49,873022;9,459777E-1;1,318330E-1;1,170997E-1;9,444041E-1;;
30/11/2021  10:22:49,873122;9,462221E-1;1,139925E-1;1,031987E-1;9,445658E-1;;
30/11/2021  10:22:49,873222;9,461744E-1;1,238685E-1;1,237343E-1;9,447249E-1;;
30/11/2021  10:22:49,873322;9,468062E-1;1,139925E-1;1,246821E-1;9,448810E-1;;
30/11/2021  10:22:49,873422;9,467376E-1;1,397975E-1;1,989261E-1;9,450335E-1;;
30/11/2021  10:22:49,873522;9,466780E-1;1,273729E-1;1,294210E-1;9,451823E-1;;
30/11/2021  10:22:49,873622;9,463651E-1;1,340630E-1;1,335282E-1;9,453270E-1;;
30/11/2021  10:22:49,873722;9,456737E-1;1,372488E-1;1,354238E-1;9,454673E-1;;
30/11/2021  10:22:49,873822;9,456379E-1;1,397975E-1;1,388990E-1;9,456028E-1;;
30/11/2021  10:22:49,873922;9,459926E-1;1,327887E-1;1,313166E-1;9,457332E-1;;
30/11/2021  10:22:49,874022;9,455634E-1;1,299215E-1;1,205749E-1;9,458581E-1;;
30/11/2021  10:22:49,874122;9,456081E-1;1,165411E-1;1,667010E-1;9,459772E-1;;
30/11/2021  10:22:49,874222;9,455574E-1;1,296029E-1;1,294210E-1;9,460902E-1;;
30/11/2021  10:22:49,874322;9,444875E-1;1,200455E-1;1,120448E-1;9,461970E-1;;
30/11/2021  10:22:49,874422;9,449465E-1;1,280100E-1;1,262617E-1;9,462971E-1;;
30/11/2021  10:22:49,874522;9,443147E-1;1,337445E-1;1,354238E-1;9,463903E-1;;
30/11/2021  10:22:49,874622;9,445054E-1;1,289658E-1;1,240502E-1;9,464764E-1;;
30/11/2021  10:22:49,874722;9,450091E-1;1,174969E-1;1,167838E-1;9,465550E-1;;
30/11/2021  10:22:49,874822;9,441358E-1;1,002936E-1;8,961361E-2;9,466260E-1;;
30/11/2021  10:22:49,874922;9,436530E-1;1,292843E-1;1,246821E-1;9,466894E-1;;
30/11/2021  10:22:49,875022;9,431732E-1;1,241871E-1;1,385831E-1;9,467448E-1;;
30/11/2021  10:22:49,875122;9,427321E-1;1,292843E-1;1,306848E-1;9,467921E-1;;
30/11/2021  10:22:49,875222;9,429527E-1;1,382046E-1;1,392149E-1;9,468311E-1;;
30/11/2021  10:22:49,875322;9,429586E-1;1,410718E-1;1,354238E-1;9,468614E-1;;
30/11/2021  10:22:49,875422;9,426844E-1;1,283286E-1;1,322644E-1;9,468829E-1;;
30/11/2021  10:22:49,875522;9,424520E-1;1,993719E-1;2,709586E-1;9,468956E-1;;
30/11/2021  10:22:49,875622;9,419572E-1;1,337445E-1;1,357397E-1;9,468995E-1;;
30/11/2021  10:22:49,875722;9,416145E-1;1,296029E-1;1,313166E-1;9,468944E-1;;
30/11/2021  10:22:49,875822;9,412807E-1;1,270543E-1;1,272095E-1;9,468802E-1;;
30/11/2021  10:22:49,875922;9,416503E-1;1,366117E-1;1,385831E-1;9,468569E-1;;
30/11/2021  10:22:49,876022;9,416294E-1;1,324701E-1;1,205749E-1;9,468245E-1;;
30/11/2021  10:22:49,876122;9,417456E-1;1,276914E-1;1,145722E-1;9,467831E-1;;
30/11/2021  10:22:49,876222;9,412986E-1;1,350188E-1;1,319485E-1;9,467328E-1;;
30/11/2021  10:22:49,876322;9,409439E-1;1,340630E-1;1,243661E-1;9,466738E-1;;
30/11/2021  10:22:49,876422;9,400797E-1;1,245056E-1;1,373193E-1;9,466063E-1;;
30/11/2021  10:22:49,876522;9,401154E-1;1,366117E-1;1,546956E-1;9,465304E-1;;
30/11/2021  10:22:49,876622;9,401542E-1;1,356559E-1;1,461654E-1;9,464461E-1;;
30/11/2021  10:22:49,876722;9,405565E-1;1,311958E-1;1,600664E-1;9,463535E-1;;
30/11/2021  10:22:49,876822;9,402495E-1;2,096714E-2;4,411940E-2;9,462531E-1;;
30/11/2021  10:22:49,876922;9,390842E-1;1,260985E-1;1,259458E-1;9,461448E-1;;
30/11/2021  10:22:49,877022;9,382021E-1;1,410718E-1;1,344760E-1;9,460291E-1;;
30/11/2021  10:22:49,877122;9,376567E-1;1,920446E-1;1,951349E-1;9,459058E-1;;
30/11/2021  10:22:49,877222;9,375792E-1;1,289658E-1;1,442698E-1;9,457750E-1;;
30/11/2021  10:22:49,877322;9,375911E-1;1,187712E-1;1,123607E-1;9,456366E-1;;
30/11/2021  10:22:49,877422;9,374510E-1;1,251428E-1;1,310007E-1;9,454907E-1;;
30/11/2021  10:22:49,877522;9,367685E-1;1,028422E-1;8,013565E-2;9,453372E-1;;
30/11/2021  10:22:49,877622;9,359728E-1;1,729298E-1;2,213573E-1;9,451763E-1;;
30/11/2021  10:22:49,877722;9,356479E-1;9,169190E-2;9,119327E-2;9,450080E-1;;
30/11/2021  10:22:49,877822;9,353380E-1;4,390490E-2;8,392683E-2;9,448323E-1;;
30/11/2021  10:22:49,877922;9,354691E-1;1,022050E-1;1,054102E-1;9,446492E-1;;
30/11/2021  10:22:49,878022;9,359698E-1;1,722926E-1;2,333627E-1;9,444587E-1;;
30/11/2021  10:22:49,878122;9,358148E-1;9,264764E-2;9,877564E-2;9,442610E-1;;
30/11/2021  10:22:49,878222;9,352784E-1;1,022050E-1;1,341600E-1;9,440565E-1;;
30/11/2021  10:22:49,878322;9,350251E-1;9,806350E-2;1,183634E-1;9,438455E-1;;
30/11/2021  10:22:49,878422;9,345631E-1;9,997498E-2;1,145722E-1;9,436282E-1;;
30/11/2021  10:22:49,878522;9,350847E-1;1,060280E-1;1,221546E-1;9,434050E-1;;
30/11/2021  10:22:49,878622;9,354691E-1;1,143111E-1;1,256299E-1;9,431763E-1;;
30/11/2021  10:22:49,878722;9,357940E-1;1,235499E-1;1,231024E-1;9,429424E-1;;
30/11/2021  10:22:49,878822;9,357374E-1;2,363272E-1;1,894481E-1;9,427039E-1;;
30/11/2021  10:22:49,878922;9,358297E-1;1,627352E-1;1,524841E-1;9,424617E-1;;
30/11/2021  10:22:49,879022;9,352814E-1;2,038321E-1;1,850251E-1;9,422162E-1;;
30/11/2021  10:22:49,879122;9,353291E-1;8,755036E-2;6,086380E-2;9,419681E-1;;
30/11/2021  10:22:49,879222;9,361874E-1;1,554079E-1;1,442698E-1;9,417180E-1;;
30/11/2021  10:22:49,879322;9,366970E-1;1,139925E-1;1,234183E-1;9,414666E-1;;
30/11/2021  10:22:49,879422;9,372126E-1;8,277166E-2;1,199431E-1;9,412148E-1;;
30/11/2021  10:22:49,879522;9,368371E-1;1,146297E-1;1,139404E-1;9,409633E-1;;
30/11/2021  10:22:49,879622;9,363185E-1;1,270543E-1;1,174156E-1;9,407130E-1;;
30/11/2021  10:22:49,879722;9,366523E-1;1,515849E-1;1,689125E-1;9,404647E-1;;
30/11/2021  10:22:49,879822;9,362559E-1;1,340630E-1;1,414265E-1;9,402190E-1;;
30/11/2021  10:22:49,879922;9,365569E-1;1,152668E-1;1,253139E-1;9,399766E-1;;
30/11/2021  10:22:49,880022;9,376835E-1;1,289658E-1;1,224705E-1;9,397380E-1;;
30/11/2021  10:22:49,880122;9,379636E-1;1,308772E-1;1,306848E-1;9,395039E-1;;
30/11/2021  10:22:49,880222;9,375524E-1;1,241871E-1;1,215227E-1;9,392750E-1;;
30/11/2021  10:22:49,880322;9,378593E-1;1,022050E-1;7,760819E-2;9,390521E-1;;
30/11/2021  10:22:49,880422;9,370994E-1;1,257800E-1;1,161519E-1;9,388358E-1;;
30/11/2021  10:22:49,880522;9,376418E-1;1,254614E-1;1,221546E-1;9,386264E-1;;
30/11/2021  10:22:49,880622;9,387028E-1;1,417090E-1;1,379512E-1;9,384246E-1;;
30/11/2021  10:22:49,880722;9,393197E-1;6,312458E-3;8,013565E-2;9,382309E-1;;
30/11/2021  10:22:49,880822;9,393346E-1;1,439390E-1;9,498445E-2;9,380457E-1;;
30/11/2021  10:22:49,880922;9,391409E-1;1,165411E-1;1,297370E-1;9,378699E-1;;
30/11/2021  10:22:49,881022;9,385657E-1;6,811698E-2;9,688005E-2;9,377038E-1;;
30/11/2021  10:22:49,881122;9,391796E-1;1,053908E-1;1,663851E-1;9,375477E-1;;
30/11/2021  10:22:49,881222;9,388577E-1;1,359745E-1;1,379512E-1;9,374021E-1;;
30/11/2021  10:22:49,881322;9,396535E-1;1,410718E-1;1,689125E-1;9,372670E-1;;
30/11/2021  10:22:49,881422;9,403240E-1;1,286472E-1;1,297370E-1;9,371428E-1;;
30/11/2021  10:22:49,881522;9,400856E-1;1,442576E-1;1,635417E-1;9,370296E-1;;
30/11/2021  10:22:49,881622;9,403240E-1;1,133553E-1;1,095173E-1;9,369278E-1;;
30/11/2021  10:22:49,881722;9,397339E-1;1,092138E-1;1,129926E-1;9,368374E-1;;
30/11/2021  10:22:49,881822;9,399992E-1;1,130368E-1;9,530039E-2;9,367586E-1;;
30/11/2021  10:22:49,881922;9,399992E-1;1,257800E-1;1,297370E-1;9,366913E-1;;
30/11/2021  10:22:49,882022;9,407770E-1;1,057094E-1;9,087734E-2;9,366353E-1;;
30/11/2021  10:22:49,882122;9,409290E-1;1,573194E-1;1,401627E-1;9,365908E-1;;
30/11/2021  10:22:49,882222;9,407055E-1;1,139925E-1;1,019350E-1;9,365575E-1;;
30/11/2021  10:22:49,882322;9,408068E-1;7,130278E-2;9,877564E-2;9,365354E-1;;
30/11/2021  10:22:49,882422;9,405178E-1;7,225852E-2;9,182514E-2;9,365244E-1;;
30/11/2021  10:22:49,882522;9,398233E-1;1,331073E-1;1,524841E-1;9,365241E-1;;
30/11/2021  10:22:49,882622;9,400081E-1;9,009900E-2;7,508074E-2;9,365341E-1;;
30/11/2021  10:22:49,882722;9,407413E-1;1,687883E-1;1,635417E-1;9,365540E-1;;
30/11/2021  10:22:49,882822;9,406727E-1;1,512664E-1;1,663851E-1;9,365833E-1;;
30/11/2021  10:22:49,882922;9,401184E-1;1,429833E-1;1,660692E-1;9,366217E-1;;
30/11/2021  10:22:49,883022;9,403717E-1;1,206827E-1;9,845971E-2;9,366687E-1;;
30/11/2021  10:22:49,883122;9,396535E-1;1,292843E-1;1,234183E-1;9,367237E-1;;
30/11/2021  10:22:49,883222;9,393793E-1;1,305587E-1;1,332122E-1;9,367862E-1;;
30/11/2021  10:22:49,883322;9,395730E-1;1,232313E-1;1,300529E-1;9,368555E-1;;
30/11/2021  10:22:49,883422;9,399783E-1;1,241871E-1;1,275255E-1;9,369308E-1;;
30/11/2021  10:22:49,883522;9,397310E-1;1,292843E-1;1,322644E-1;9,370117E-1;;
30/11/2021  10:22:49,883622;9,394478E-1;1,327887E-1;1,212068E-1;9,370974E-1;;
30/11/2021  10:22:49,883722;9,395581E-1;9,774492E-2;9,403666E-2;9,371874E-1;;
30/11/2021  10:22:49,883822;9,392660E-1;1,159040E-1;1,006712E-1;9,372811E-1;;
30/11/2021  10:22:49,883922;9,389531E-1;1,165411E-1;1,107811E-1;9,373777E-1;;
30/11/2021  10:22:49,884022;9,394031E-1;9,264764E-2;1,164678E-1;9,374768E-1;;
30/11/2021  10:22:49,884122;9,392601E-1;1,315144E-1;1,490088E-1;9,375777E-1;;
30/11/2021  10:22:49,884222;9,392780E-1;1,334259E-1;1,398468E-1;9,376797E-1;;
30/11/2021  10:22:49,884322;9,390723E-1;1,366117E-1;1,205749E-1;9,377825E-1;;
30/11/2021  10:22:49,884422;9,385865E-1;1,448948E-1;1,376353E-1;9,378855E-1;;
30/11/2021  10:22:49,884522;9,384256E-1;1,296029E-1;1,480610E-1;9,379881E-1;;
30/11/2021  10:22:49,884622;9,381901E-1;1,343816E-1;1,338441E-1;9,380898E-1;;
30/11/2021  10:22:49,884722;9,387951E-1;1,267357E-1;1,262617E-1;9,381899E-1;;
30/11/2021  10:22:49,884822;9,387385E-1;1,190898E-1;1,287892E-1;9,382881E-1;;
30/11/2021  10:22:49,884922;9,386938E-1;1,257800E-1;1,202590E-1;9,383839E-1;;
30/11/2021  10:22:49,885022;9,377252E-1;1,302401E-1;1,249980E-1;9,384770E-1;;
30/11/2021  10:22:49,885122;9,375196E-1;1,353374E-1;1,256299E-1;9,385669E-1;;
30/11/2021  10:22:49,885222;9,372007E-1;1,286472E-1;1,205749E-1;9,386531E-1;;
30/11/2021  10:22:49,885322;9,372484E-1;1,302401E-1;1,196272E-1;9,387352E-1;;
30/11/2021  10:22:49,885422;9,373974E-1;9,360338E-2;1,133085E-1;9,388127E-1;;
30/11/2021  10:22:49,885522;9,375404E-1;1,025236E-1;9,245700E-2;9,388853E-1;;
30/11/2021  10:22:49,885622;9,375404E-1;1,452133E-1;2,156705E-1;9,389526E-1;;
30/11/2021  10:22:49,885722;9,375822E-1;1,146297E-1;1,297370E-1;9,390145E-1;;
30/11/2021  10:22:49,885822;9,370189E-1;1,063466E-1;1,098333E-1;9,390708E-1;;
30/11/2021  10:22:49,885922;9,371470E-1;1,260985E-1;1,246821E-1;9,391213E-1;;
30/11/2021  10:22:49,886022;9,376805E-1;9,870066E-2;1,126766E-1;9,391659E-1;;
30/11/2021  10:22:49,886122;9,374749E-1;9,997498E-2;9,909157E-2;9,392046E-1;;
30/11/2021  10:22:49,886222;9,374242E-1;9,838208E-2;9,814378E-2;9,392373E-1;;
30/11/2021  10:22:49,886322;9,380173E-1;9,965640E-2;1,088855E-1;9,392642E-1;;
30/11/2021  10:22:49,886422;9,371888E-1;9,296622E-2;9,624818E-2;9,392854E-1;;
30/11/2021  10:22:49,886522;9,372454E-1;9,901924E-2;1,057261E-1;9,393009E-1;;
30/11/2021  10:22:49,886622;9,375494E-1;8,850610E-2;1,253139E-1;9,393109E-1;;
30/11/2021  10:22:49,886722;9,380262E-1;9,201048E-2;9,372073E-2;9,393155E-1;;
30/11/2021  10:22:49,886822;9,384107E-1;9,551486E-2;8,677022E-2;9,393150E-1;;
30/11/2021  10:22:49,886922;9,378176E-1;9,232906E-2;7,981972E-2;9,393096E-1;;
30/11/2021  10:22:49,887022;9,381276E-1;1,327887E-1;1,306848E-1;9,392998E-1;;
30/11/2021  10:22:49,887122;9,381574E-1;1,483991E-1;1,559593E-1;9,392858E-1;;
30/11/2021  10:22:49,887222;9,380620E-1;1,576380E-1;1,490088E-1;9,392680E-1;;
30/11/2021  10:22:49,887322;9,377580E-1;3,912620E-2;7,697633E-2;9,392466E-1;;
30/11/2021  10:22:49,887422;9,386133E-1;1,738855E-1;1,531159E-1;9,392219E-1;;
30/11/2021  10:22:49,887522;9,381454E-1;1,483991E-1;1,455336E-1;9,391943E-1;;
30/11/2021  10:22:49,887622;9,386163E-1;1,656025E-1;1,698603E-1;9,391641E-1;;
30/11/2021  10:22:49,887722;9,381365E-1;1,254614E-1;1,246821E-1;9,391316E-1;;
30/11/2021  10:22:49,887822;9,377640E-1;1,267357E-1;1,253139E-1;9,390973E-1;;
30/11/2021  10:22:49,887922;9,379160E-1;1,210013E-1;1,218387E-1;9,390611E-1;;
30/11/2021  10:22:49,888022;9,376298E-1;1,308772E-1;1,300529E-1;9,390235E-1;;
30/11/2021  10:22:49,888122;9,381276E-1;1,359745E-1;1,117289E-1;9,389845E-1;;
30/11/2021  10:22:49,888222;9,382945E-1;1,222756E-1;1,442698E-1;9,389444E-1;;
30/11/2021  10:22:49,888322;9,384047E-1;1,165411E-1;1,493248E-1;9,389033E-1;;
30/11/2021  10:22:49,888422;9,378176E-1;8,627604E-2;9,435259E-2;9,388616E-1;;
30/11/2021  10:22:49,888522;9,378564E-1;1,378860E-1;1,493248E-1;9,388194E-1;;
30/11/2021  10:22:49,888622;9,373229E-1;1,366117E-1;1,351078E-1;9,387769E-1;;
30/11/2021  10:22:49,888722;9,378713E-1;-3,510294E-2;6,907803E-2;9,387342E-1;;
30/11/2021  10:22:49,888822;9,379577E-1;1,350188E-1;1,351078E-1;9,386914E-1;;
30/11/2021  10:22:49,888922;9,380411E-1;5,601094E-2;1,009872E-1;9,386485E-1;;
30/11/2021  10:22:49,889022;9,380650E-1;1,229127E-1;1,268936E-1;9,386058E-1;;
30/11/2021  10:22:49,889122;9,376656E-1;1,241871E-1;1,212068E-1;9,385635E-1;;
30/11/2021  10:22:49,889222;9,376537E-1;1,843987E-1;1,701763E-1;9,385215E-1;;
30/11/2021  10:22:49,889322;9,374779E-1;1,251428E-1;1,357397E-1;9,384800E-1;;
30/11/2021  10:22:49,889422;9,377848E-1;1,302401E-1;1,205749E-1;9,384390E-1;;
30/11/2021  10:22:49,889522;9,383183E-1;1,280100E-1;1,316326E-1;9,383987E-1;;
30/11/2021  10:22:49,889622;9,385061E-1;7,034704E-2;7,381701E-2;9,383590E-1;;
30/11/2021  10:22:49,889722;9,379577E-1;1,423461E-1;1,341600E-1;9,383203E-1;;
30/11/2021  10:22:49,889822;9,377163E-1;5,314372E-2;7,602853E-2;9,382826E-1;;
30/11/2021  10:22:49,889922;9,378057E-1;1,260985E-1;1,388990E-1;9,382461E-1;;
30/11/2021  10:22:49,890022;9,380978E-1;1,206827E-1;1,114129E-1;9,382107E-1;;
30/11/2021  10:22:49,890122;9,388100E-1;2,098851E-1;2,276759E-1;9,381766E-1;;
30/11/2021  10:22:49,890222;9,383600E-1;1,407532E-1;1,347919E-1;9,381438E-1;;
30/11/2021  10:22:49,890322;9,383332E-1;1,413904E-1;1,550115E-1;9,381126E-1;;
30/11/2021  10:22:49,890422;9,380680E-1;1,369303E-1;1,528000E-1;9,380830E-1;;
30/11/2021  10:22:49,890522;9,376686E-1;1,283286E-1;1,253139E-1;9,380551E-1;;
30/11/2021  10:22:49,890622;9,375792E-1;1,321516E-1;1,300529E-1;9,380289E-1;;
30/11/2021  10:22:49,890722;9,381723E-1;1,347002E-1;1,344760E-1;9,380042E-1;;
30/11/2021  10:22:49,890822;9,383153E-1;1,257800E-1;1,170997E-1;9,379811E-1;;
30/11/2021  10:22:49,890922;9,381335E-1;1,321516E-1;1,395309E-1;9,379596E-1;;
30/11/2021  10:22:49,891022;9,377103E-1;3,339176E-2;1,758111E-2;9,379397E-1;;
30/11/2021  10:22:49,891122;9,371739E-1;1,413904E-1;1,695444E-1;9,379213E-1;;
30/11/2021  10:22:49,891222;9,370576E-1;4,677212E-2;5,138584E-2;9,379043E-1;;
30/11/2021  10:22:49,891322;9,374987E-1;1,286472E-1;1,272095E-1;9,378884E-1;;
30/11/2021  10:22:49,891422;9,376984E-1;1,257800E-1;1,376353E-1;9,378737E-1;;
30/11/2021  10:22:49,891522;9,378206E-1;1,206827E-1;1,316326E-1;9,378598E-1;;
30/11/2021  10:22:49,891622;9,384673E-1;1,257800E-1;1,189953E-1;9,378469E-1;;
30/11/2021  10:22:49,891722;9,381842E-1;1,206827E-1;1,145722E-1;9,378350E-1;;
30/11/2021  10:22:49,891822;9,379696E-1;1,353374E-1;1,951349E-1;9,378240E-1;;
30/11/2021  10:22:49,891922;9,378057E-1;1,407532E-1;1,407946E-1;9,378142E-1;;
30/11/2021  10:22:49,892022;9,384345E-1;1,318330E-1;1,316326E-1;9,378053E-1;;
30/11/2021  10:22:49,892122;9,381454E-1;1,139925E-1;1,158360E-1;9,377976E-1;;
30/11/2021  10:22:49,892222;9,385597E-1;1,264171E-1;1,284732E-1;9,377909E-1;;
30/11/2021  10:22:49,892322;9,388071E-1;1,248242E-1;1,246821E-1;9,377854E-1;;
30/11/2021  10:22:49,892422;9,388339E-1;1,238685E-1;1,240502E-1;9,377811E-1;;
30/11/2021  10:22:49,892522;9,383302E-1;1,066652E-1;1,117289E-1;9,377782E-1;;
30/11/2021  10:22:49,892622;9,379696E-1;1,302401E-1;1,256299E-1;9,377767E-1;;
30/11/2021  10:22:49,892722;9,383809E-1;1,340630E-1;1,319485E-1;9,377765E-1;;
30/11/2021  10:22:49,892822;9,386074E-1;1,136739E-1;1,303688E-1;9,377777E-1;;
30/11/2021  10:22:49,892922;9,388846E-1;7,799296E-2;8,613836E-2;9,377802E-1;;
30/11/2021  10:22:49,893022;9,388875E-1;1,245056E-1;1,297370E-1;9,377840E-1;;
30/11/2021  10:22:49,893122;9,384852E-1;1,901331E-1;1,771268E-1;9,377892E-1;;
30/11/2021  10:22:49,893222;9,384435E-1;1,022050E-1;1,136244E-1;9,377959E-1;;
30/11/2021  10:22:49,893322;9,381007E-1;1,280100E-1;1,297370E-1;9,378039E-1;;
30/11/2021  10:22:49,893422;9,382438E-1;1,429833E-1;1,704922E-1;9,378131E-1;;
30/11/2021  10:22:49,893522;9,385150E-1;1,499920E-1;1,376353E-1;9,378235E-1;;
30/11/2021  10:22:49,893622;9,394001E-1;1,216384E-1;1,979783E-1;9,378350E-1;;
30/11/2021  10:22:49,893722;9,390336E-1;1,273729E-1;1,177316E-1;9,378475E-1;;
30/11/2021  10:22:49,893822;9,392422E-1;1,276914E-1;1,155200E-1;9,378613E-1;;
30/11/2021  10:22:49,893922;9,392571E-1;1,098510E-1;9,277293E-2;9,378763E-1;;
30/11/2021  10:22:49,894022;9,393167E-1;1,104881E-1;1,177316E-1;9,378926E-1;;
30/11/2021  10:22:49,894122;9,404283E-1;4,963934E-2;5,707262E-2;9,379103E-1;;
30/11/2021  10:22:49,894222;9,405058E-1;1,120810E-1;1,174156E-1;9,379295E-1;;
30/11/2021  10:22:49,894322;9,412450E-1;9,392196E-2;6,307532E-2;9,379506E-1;;
30/11/2021  10:22:49,894422;9,412062E-1;1,143111E-1;1,243661E-1;9,379738E-1;;
30/11/2021  10:22:49,894522;9,407860E-1;7,034704E-2;9,466852E-2;9,379995E-1;;
30/11/2021  10:22:49,894622;9,415519E-1;1,114439E-1;1,471132E-1;9,380278E-1;;
30/11/2021  10:22:49,894722;9,414864E-1;-2,044826E-2;5,296550E-2;9,380590E-1;;
30/11/2021  10:22:49,894822;9,423894E-1;1,222756E-1;1,461654E-1;9,380933E-1;;
30/11/2021  10:22:49,894922;9,425801E-1;1,133553E-1;1,354238E-1;9,381311E-1;;
30/11/2021  10:22:49,895022;9,425116E-1;1,190898E-1;1,565912E-1;9,381726E-1;;
30/11/2021  10:22:49,895122;9,434206E-1;1,101695E-1;1,240502E-1;9,382181E-1;;
30/11/2021  10:22:49,895222;9,429944E-1;1,232313E-1;1,354238E-1;9,382679E-1;;
30/11/2021  10:22:49,895322;9,430182E-1;1,321516E-1;1,347919E-1;9,383223E-1;;
30/11/2021  10:22:49,895422;9,436113E-1;1,490363E-1;1,370034E-1;9,383815E-1;;
30/11/2021  10:22:49,895522;9,442044E-1;1,633724E-1;1,439539E-1;9,384456E-1;;
30/11/2021  10:22:49,895622;9,437961E-1;1,748413E-1;1,581709E-1;9,385148E-1;;
30/11/2021  10:22:49,895722;9,439660E-1;1,624167E-1;1,610142E-1;9,385892E-1;;
30/11/2021  10:22:49,895822;9,436262E-1;1,426647E-1;1,208909E-1;9,386691E-1;;
30/11/2021  10:22:49,895922;9,431911E-1;1,079395E-1;1,196272E-1;9,387542E-1;;
30/11/2021  10:22:49,896022;9,427917E-1;1,088952E-1;9,782784E-2;9,388445E-1;;
30/11/2021  10:22:49,896122;9,435159E-1;9,487770E-2;7,476481E-2;9,389396E-1;;
30/11/2021  10:22:49,896222;9,435726E-1;1,331073E-1;1,505885E-1;9,390394E-1;;
30/11/2021  10:22:49,896322;9,441597E-1;1,053908E-1;1,641736E-1;9,391435E-1;;
30/11/2021  10:22:49,896422;9,436828E-1;1,292843E-1;1,227865E-1;9,392518E-1;;
30/11/2021  10:22:49,896522;9,435040E-1;1,264171E-1;1,205749E-1;9,393641E-1;;
30/11/2021  10:22:49,896622;9,431285E-1;1,251428E-1;1,291051E-1;9,394800E-1;;
30/11/2021  10:22:49,896722;9,426695E-1;1,331073E-1;1,310007E-1;9,395993E-1;;
30/11/2021  10:22:49,896822;9,426457E-1;1,289658E-1;1,249980E-1;9,397213E-1;;
30/11/2021  10:22:49,896922;9,434146E-1;1,276914E-1;1,392149E-1;9,398456E-1;;
30/11/2021  10:22:49,897022;9,433341E-1;1,276914E-1;1,224705E-1;9,399718E-1;;
30/11/2021  10:22:49,897122;9,424341E-1;1,251428E-1;1,243661E-1;9,400994E-1;;
30/11/2021  10:22:49,897222;9,426457E-1;1,404346E-1;1,246821E-1;9,402280E-1;;
30/11/2021  10:22:49,897322;9,425146E-1;1,219570E-1;1,155200E-1;9,403572E-1;;
30/11/2021  10:22:49,897422;9,426844E-1;1,095324E-1;1,060421E-1;9,404864E-1;;
30/11/2021  10:22:49,897522;9,428364E-1;1,210013E-1;1,471132E-1;9,406152E-1;;
30/11/2021  10:22:49,897622;9,429288E-1;8,723178E-2;6,939396E-2;9,407431E-1;;
30/11/2021  10:22:49,897722;9,430838E-1;1,219570E-1;1,284732E-1;9,408699E-1;;
30/11/2021  10:22:49,897822;9,426397E-1;1,159040E-1;1,227865E-1;9,409953E-1;;
30/11/2021  10:22:49,897922;9,419394E-1;1,200455E-1;1,227865E-1;9,411188E-1;;
30/11/2021  10:22:49,898022;9,415460E-1;1,334259E-1;1,344760E-1;9,412402E-1;;
30/11/2021  10:22:49,898122;9,420139E-1;1,197269E-1;1,186794E-1;9,413589E-1;;
30/11/2021  10:22:49,898222;9,419662E-1;1,200455E-1;1,098333E-1;9,414744E-1;;
30/11/2021  10:22:49,898322;9,420079E-1;1,276914E-1;1,265777E-1;9,415865E-1;;
30/11/2021  10:22:49,898422;9,412926E-1;1,200455E-1;1,256299E-1;9,416947E-1;;
30/11/2021  10:22:49,898522;9,409439E-1;1,232313E-1;1,227865E-1;9,417988E-1;;
30/11/2021  10:22:49,898622;9,410632E-1;1,235499E-1;1,114129E-1;9,418983E-1;;
30/11/2021  10:22:49,898722;9,409112E-1;7,512574E-2;9,403666E-2;9,419928E-1;;
30/11/2021  10:22:49,898822;9,413284E-1;1,104881E-1;7,666040E-2;9,420820E-1;;
30/11/2021  10:22:49,898922;9,411228E-1;8,563888E-2;8,803395E-2;9,421656E-1;;
30/11/2021  10:22:49,899022;9,407592E-1;7,034704E-2;8,203124E-2;9,422435E-1;;
30/11/2021  10:22:49,899122;9,402644E-1;1,139925E-1;1,076217E-1;9,423155E-1;;
30/11/2021  10:22:49,899222;9,402466E-1;1,296029E-1;1,430061E-1;9,423812E-1;;
30/11/2021  10:22:49,899322;9,397280E-1;1,251428E-1;1,256299E-1;9,424406E-1;;
30/11/2021  10:22:49,899422;9,397995E-1;2,319720E-2;7,729226E-2;9,424932E-1;;
30/11/2021  10:22:49,899522;9,405148E-1;1,337445E-1;1,366875E-1;9,425390E-1;;
30/11/2021  10:22:49,899622;9,405327E-1;1,174969E-1;1,193112E-1;9,425779E-1;;
30/11/2021  10:22:49,899722;9,408873E-1;1,273729E-1;1,265777E-1;9,426098E-1;;
30/11/2021  10:22:49,899822;9,408009E-1;1,324701E-1;1,297370E-1;9,426350E-1;;
30/11/2021  10:22:49,899922;9,404492E-1;1,292843E-1;1,294210E-1;9,426536E-1;;
30/11/2021  10:22:49,900022;9,401452E-1;1,015679E-1;1,123607E-1;9,426657E-1;;
30/11/2021  10:22:49,900122;9,408098E-1;1,308772E-1;1,363715E-1;9,426716E-1;;
30/11/2021  10:22:49,900222;9,416294E-1;1,254614E-1;1,088855E-1;9,426714E-1;;
30/11/2021  10:22:49,900322;9,417009E-1;1,359745E-1;1,104651E-1;9,426655E-1;;
30/11/2021  10:22:49,900422;9,419036E-1;1,582751E-1;1,499566E-1;9,426544E-1;;
30/11/2021  10:22:49,900522;9,417367E-1;8,818752E-2;8,645429E-2;9,426386E-1;;
30/11/2021  10:22:49,900622;9,415877E-1;1,401161E-1;1,496407E-1;9,426184E-1;;
30/11/2021  10:22:49,900722;9,414893E-1;1,130368E-1;1,600664E-1;9,425945E-1;;
30/11/2021  10:22:49,900822;9,418559E-1;1,311958E-1;1,376353E-1;9,425671E-1;;
30/11/2021  10:22:49,900922;9,417397E-1;1,334259E-1;1,332122E-1;9,425367E-1;;
30/11/2021  10:22:49,901022;9,421212E-1;1,499920E-1;1,606983E-1;9,425036E-1;;
30/11/2021  10:22:49,901122;9,420735E-1;1,302401E-1;1,262617E-1;9,424683E-1;;
30/11/2021  10:22:49,901222;9,406549E-1;1,292843E-1;1,259458E-1;9,424312E-1;;
30/11/2021  10:22:49,901322;9,399604E-1;1,598680E-1;1,411105E-1;9,423925E-1;;
30/11/2021  10:22:49,901422;9,403687E-1;1,155854E-1;1,073058E-1;9,423522E-1;;
30/11/2021  10:22:49,901522;9,400499E-1;1,213198E-1;1,098333E-1;9,423103E-1;;
30/11/2021  10:22:49,901622;9,396088E-1;1,095324E-1;1,268936E-1;9,422668E-1;;
30/11/2021  10:22:49,901722;9,394598E-1;1,200455E-1;8,013565E-2;9,422217E-1;;
30/11/2021  10:22:49,901822;9,390306E-1;2,283627E-1;2,516867E-1;9,421747E-1;;
30/11/2021  10:22:49,901922;9,385746E-1;1,746276E-2;6,528685E-2;9,421259E-1;;
30/11/2021  10:22:49,902022;9,376805E-1;1,417090E-1;1,430061E-1;9,420750E-1;;
30/11/2021  10:22:49,902122;9,382676E-1;1,267357E-1;1,167838E-1;9,420216E-1;;
30/11/2021  10:22:49,902222;9,378057E-1;1,722926E-1;1,660692E-1;9,419656E-1;;
30/11/2021  10:22:49,902322;9,374630E-1;8,850610E-2;8,834988E-2;9,419068E-1;;
30/11/2021  10:22:49,902422;9,370278E-1;1,123996E-1;1,344760E-1;9,418449E-1;;
30/11/2021  10:22:49,902522;9,368758E-1;1,206827E-1;1,430061E-1;9,417796E-1;;
30/11/2021  10:22:49,902622;9,359847E-1;1,238685E-1;1,256299E-1;9,417107E-1;;
30/11/2021  10:22:49,902722;9,366434E-1;9,583344E-2;1,101492E-1;9,416380E-1;;
30/11/2021  10:22:49,902822;9,362470E-1;1,082581E-1;1,227865E-1;9,415611E-1;;
30/11/2021  10:22:49,902922;9,368132E-1;9,997498E-2;9,972343E-2;9,414799E-1;;
30/11/2021  10:22:49,903022;9,360354E-1;1,085766E-1;1,139404E-1;9,413944E-1;;
30/11/2021  10:22:49,903122;9,359996E-1;1,009307E-1;1,202590E-1;9,413045E-1;;
30/11/2021  10:22:49,903222;9,353261E-1;9,424054E-2;1,133085E-1;9,412102E-1;;
30/11/2021  10:22:49,903322;9,352069E-1;1,477620E-1;1,622780E-1;9,411114E-1;;
30/11/2021  10:22:49,903422;9,349982E-1;8,404598E-2;8,203124E-2;9,410079E-1;;
30/11/2021  10:22:49,903522;9,347300E-1;1,028422E-1;1,319485E-1;9,408998E-1;;
30/11/2021  10:22:49,903622;9,346436E-1;5,250656E-2;8,076751E-2;9,407869E-1;;
30/11/2021  10:22:49,903722;9,346525E-1;1,276914E-1;1,284732E-1;9,406692E-1;;
30/11/2021  10:22:49,903822;9,350310E-1;1,576380E-1;1,385831E-1;9,405468E-1;;
30/11/2021  10:22:49,903922;9,341727E-1;1,793014E-1;1,806020E-1;9,404197E-1;;
30/11/2021  10:22:49,904022;9,333621E-1;1,732484E-1;1,619620E-1;9,402881E-1;;
30/11/2021  10:22:49,904122;9,341429E-1;1,681511E-1;1,603824E-1;9,401519E-1;;
30/11/2021  10:22:49,904222;9,342055E-1;1,232313E-1;1,344760E-1;9,400113E-1;;
30/11/2021  10:22:49,904322;9,343009E-1;1,331073E-1;1,249980E-1;9,398663E-1;;
30/11/2021  10:22:49,904422;9,344827E-1;1,232313E-1;1,117289E-1;9,397174E-1;;
30/11/2021  10:22:49,904522;9,331952E-1;1,289658E-1;1,486929E-1;9,395646E-1;;
30/11/2021  10:22:49,904622;9,338329E-1;5,027650E-2;6,244346E-2;9,394084E-1;;
30/11/2021  10:22:49,904722;9,340833E-1;1,334259E-1;1,294210E-1;9,392489E-1;;
30/11/2021  10:22:49,904822;9,345989E-1;1,308772E-1;1,287892E-1;9,390864E-1;;
30/11/2021  10:22:49,904922;9,353708E-1;1,353374E-1;1,474292E-1;9,389213E-1;;
30/11/2021  10:22:49,905022;9,351741E-1;1,155854E-1;1,139404E-1;9,387543E-1;;
30/11/2021  10:22:49,905122;9,357135E-1;1,337445E-1;1,404787E-1;9,385860E-1;;
30/11/2021  10:22:49,905222;9,358804E-1;1,487177E-1;1,679647E-1;9,384170E-1;;
30/11/2021  10:22:49,905322;9,355436E-1;3,944478E-2;1,278414E-1;9,382480E-1;;
30/11/2021  10:22:49,905422;9,359817E-1;1,254614E-1;1,275255E-1;9,380797E-1;;
30/11/2021  10:22:49,905522;9,369205E-1;1,162226E-1;1,455336E-1;9,379127E-1;;
30/11/2021  10:22:49,905622;9,366553E-1;1,292843E-1;1,224705E-1;9,377477E-1;;
30/11/2021  10:22:49,905722;9,371917E-1;1,047537E-1;1,720719E-1;9,375854E-1;;
30/11/2021  10:22:49,905822;9,371560E-1;1,076209E-1;1,006712E-1;9,374266E-1;;
30/11/2021  10:22:49,905922;9,367358E-1;5,441804E-2;8,424277E-2;9,372720E-1;;
30/11/2021  10:22:49,906022;9,364169E-1;1,802571E-1;1,291051E-1;9,371220E-1;;
30/11/2021  10:22:49,906122;9,365331E-1;1,257800E-1;1,310007E-1;9,369771E-1;;
30/11/2021  10:22:49,906222;9,370278E-1;1,190898E-1;1,000394E-1;9,368377E-1;;
30/11/2021  10:22:49,906322;9,368758E-1;1,251428E-1;1,145722E-1;9,367041E-1;;
30/11/2021  10:22:49,906422;9,371917E-1;1,146297E-1;8,740209E-2;9,365767E-1;;
30/11/2021  10:22:49,906522;9,366881E-1;1,168597E-1;1,167838E-1;9,364557E-1;;
30/11/2021  10:22:49,906622;9,364288E-1;5,983390E-2;9,372073E-2;9,363414E-1;;
30/11/2021  10:22:49,906722;9,364526E-1;1,471248E-1;1,745993E-1;9,362339E-1;;
30/11/2021  10:22:49,906822;9,363185E-1;1,264171E-1;1,183634E-1;9,361333E-1;;
30/11/2021  10:22:49,906922;9,367656E-1;1,347002E-1;1,335282E-1;9,360394E-1;;
30/11/2021  10:22:49,907022;9,365361E-1;1,280100E-1;1,875525E-1;9,359524E-1;;
30/11/2021  10:22:49,907122;9,366672E-1;1,738855E-1;1,948190E-1;9,358722E-1;;
30/11/2021  10:22:49,907222;9,358595E-1;1,225942E-1;1,076217E-1;9,357987E-1;;
30/11/2021  10:22:49,907322;9,357642E-1;1,334259E-1;1,281573E-1;9,357318E-1;;
30/11/2021  10:22:49,907422;9,355526E-1;1,302401E-1;1,278414E-1;9,356712E-1;;
30/11/2021  10:22:49,907522;9,359341E-1;1,114439E-1;1,243661E-1;9,356167E-1;;
30/11/2021  10:22:49,907622;9,362619E-1;1,289658E-1;1,278414E-1;9,355679E-1;;
30/11/2021  10:22:49,907722;9,362321E-1;1,292843E-1;1,227865E-1;9,355247E-1;;
30/11/2021  10:22:49,907822;9,366195E-1;1,283286E-1;1,164678E-1;9,354869E-1;;
30/11/2021  10:22:49,907922;9,370845E-1;1,079395E-1;9,024547E-2;9,354543E-1;;
30/11/2021  10:22:49,908022;9,365748E-1;2,319720E-2;8,834988E-2;9,354269E-1;;
30/11/2021  10:22:49,908122;9,372484E-1;1,334259E-1;1,471132E-1;9,354046E-1;;
30/11/2021  10:22:49,908222;9,377967E-1;1,254614E-1;1,313166E-1;9,353873E-1;;
30/11/2021  10:22:49,908322;9,384375E-1;1,401161E-1;1,606983E-1;9,353751E-1;;
30/11/2021  10:22:49,908422;9,384822E-1;9,455912E-2;1,407946E-1;9,353681E-1;;
30/11/2021  10:22:49,908522;9,383272E-1;1,299215E-1;1,275255E-1;9,353663E-1;;
30/11/2021  10:22:49,908622;9,385567E-1;1,382046E-1;1,303688E-1;9,353701E-1;;
30/11/2021  10:22:49,908722;9,383123E-1;1,340630E-1;1,411105E-1;9,353792E-1;;
30/11/2021  10:22:49,908822;9,392601E-1;1,385232E-1;1,373193E-1;9,353939E-1;;
30/11/2021  10:22:49,908922;9,396416E-1;1,267357E-1;1,237343E-1;9,354141E-1;;
30/11/2021  10:22:49,909022;9,402018E-1;1,391603E-1;1,474292E-1;9,354400E-1;;
30/11/2021  10:22:49,909122;9,402346E-1;1,267357E-1;1,234183E-1;9,354717E-1;;
30/11/2021  10:22:49,909222;9,406549E-1;1,324701E-1;1,243661E-1;9,355094E-1;;
30/11/2021  10:22:49,909322;9,405684E-1;1,324701E-1;1,174156E-1;9,355533E-1;;
30/11/2021  10:22:49,909422;9,409648E-1;1,149482E-1;1,044624E-1;9,356036E-1;;
30/11/2021  10:22:49,909522;9,413910E-1;1,305587E-1;1,253139E-1;9,356602E-1;;
30/11/2021  10:22:49,909622;9,429229E-1;1,404346E-1;1,660692E-1;9,357234E-1;;
30/11/2021  10:22:49,909722;9,428871E-1;1,684697E-1;1,768108E-1;9,357935E-1;;
30/11/2021  10:22:49,909822;9,434981E-1;1,350188E-1;1,430061E-1;9,358706E-1;;
30/11/2021  10:22:49,909922;9,436471E-1;1,585937E-1;1,509044E-1;9,359552E-1;;
30/11/2021  10:22:49,910022;9,428603E-1;1,248242E-1;1,199431E-1;9,360475E-1;;
30/11/2021  10:22:49,910122;9,438259E-1;1,340630E-1;1,275255E-1;9,361476E-1;;
30/11/2021  10:22:49,910222;9,448928E-1;1,331073E-1;1,284732E-1;9,362556E-1;;
30/11/2021  10:22:49,910322;9,456528E-1;1,257800E-1;1,009872E-1;9,363716E-1;;
30/11/2021  10:22:49,910422;9,454561E-1;1,327887E-1;1,338441E-1;9,364959E-1;;
30/11/2021  10:22:49,910522;9,464039E-1;1,302401E-1;1,224705E-1;9,366287E-1;;
30/11/2021  10:22:49,910622;9,462608E-1;1,270543E-1;1,205749E-1;9,367702E-1;;
30/11/2021  10:22:49,910722;9,468986E-1;1,162226E-1;1,031987E-1;9,369206E-1;;
30/11/2021  10:22:49,910822;9,474678E-1;1,031608E-1;8,171531E-2;9,370800E-1;;
30/11/2021  10:22:49,910922;9,475751E-1;1,222756E-1;1,224705E-1;9,372485E-1;;
30/11/2021  10:22:49,911022;9,488894E-1;9,455912E-2;1,158360E-1;9,374262E-1;;
30/11/2021  10:22:49,911122;9,494020E-1;2,192288E-2;4,475127E-2;9,376133E-1;;
30/11/2021  10:22:49,911222;9,496703E-1;1,146297E-1;1,193112E-1;9,378099E-1;;
30/11/2021  10:22:49,911322;9,491457E-1;1,069837E-1;1,202590E-1;9,380163E-1;;
30/11/2021  10:22:49,911422;9,496047E-1;9,997498E-2;1,164678E-1;9,382323E-1;;
30/11/2021  10:22:49,911522;9,500309E-1;1,034794E-1;1,145722E-1;9,384579E-1;;
30/11/2021  10:22:49,911622;9,508266E-1;1,085766E-1;1,158360E-1;9,386930E-1;;
30/11/2021  10:22:49,911722;9,508981E-1;-1,917394E-2;9,150920E-2;9,389375E-1;;
30/11/2021  10:22:49,911822;9,508505E-1;1,299215E-1;1,524841E-1;9,391912E-1;;
30/11/2021  10:22:49,911922;9,512170E-1;1,162226E-1;1,265777E-1;9,394540E-1;;
30/11/2021  10:22:49,912022;9,503736E-1;1,264171E-1;1,278414E-1;9,397254E-1;;
30/11/2021  10:22:49,912122;9,502544E-1;1,340630E-1;1,224705E-1;9,400052E-1;;
30/11/2021  10:22:49,912222;9,500041E-1;1,579565E-1;1,449017E-1;9,402926E-1;;
30/11/2021  10:22:49,912322;9,503796E-1;1,726112E-1;1,578549E-1;9,405869E-1;;
30/11/2021  10:22:49,912422;9,503796E-1;1,018865E-1;1,376353E-1;9,408876E-1;;
30/11/2021  10:22:49,912522;9,507789E-1;1,483991E-1;1,670170E-1;9,411937E-1;;
30/11/2021  10:22:49,912622;9,498103E-1;1,397975E-1;1,433221E-1;9,415047E-1;;
30/11/2021  10:22:49,912722;9,492709E-1;1,251428E-1;1,300529E-1;9,418196E-1;;
30/11/2021  10:22:49,912822;9,493126E-1;1,219570E-1;1,272095E-1;9,421376E-1;;
30/11/2021  10:22:49,912922;9,500577E-1;1,216384E-1;1,467973E-1;9,424576E-1;;
30/11/2021  10:22:49,913022;9,499653E-1;3,084312E-2;8,203124E-2;9,427789E-1;;
30/11/2021  10:22:49,913122;9,501262E-1;1,347002E-1;1,597505E-1;9,431004E-1;;
30/11/2021  10:22:49,913222;9,496017E-1;1,305587E-1;1,325804E-1;9,434216E-1;;
30/11/2021  10:22:49,913322;9,495034E-1;1,260985E-1;1,316326E-1;9,437415E-1;;
30/11/2021  10:22:49,913422;9,489133E-1;8,627604E-2;8,834988E-2;9,440593E-1;;
30/11/2021  10:22:49,913522;9,487583E-1;1,111253E-1;8,519056E-2;9,443742E-1;;
30/11/2021  10:22:49,913622;9,490563E-1;1,012493E-1;8,329497E-2;9,446853E-1;;
30/11/2021  10:22:49,913722;9,488447E-1;1,302401E-1;1,278414E-1;9,449917E-1;;
30/11/2021  10:22:49,913822;9,485735E-1;1,210013E-1;1,019350E-1;9,452926E-1;;
30/11/2021  10:22:49,913922;9,478195E-1;1,394789E-1;1,313166E-1;9,455873E-1;;
30/11/2021  10:22:49,914022;9,477390E-1;1,270543E-1;1,344760E-1;9,458750E-1;;
30/11/2021  10:22:49,914122;9,475274E-1;1,219570E-1;1,253139E-1;9,461549E-1;;
30/11/2021  10:22:49,914222;9,480430E-1;5,855958E-2;8,424277E-2;9,464262E-1;;
30/11/2021  10:22:49,914322;9,475990E-1;1,270543E-1;1,256299E-1;9,466882E-1;;
30/11/2021  10:22:49,914422;9,474917E-1;1,117624E-1;1,063580E-1;9,469404E-1;;
30/11/2021  10:22:49,914522;9,471310E-1;1,340630E-1;1,644895E-1;9,471822E-1;;
30/11/2021  10:22:49,914622;9,465171E-1;1,254614E-1;1,249980E-1;9,474132E-1;;
30/11/2021  10:22:49,914722;9,461446E-1;1,337445E-1;1,316326E-1;9,476327E-1;;
30/11/2021  10:22:49,914822;9,449763E-1;1,241871E-1;1,268936E-1;9,478402E-1;;
30/11/2021  10:22:49,914922;9,453160E-1;1,280100E-1;1,297370E-1;9,480351E-1;;
30/11/2021  10:22:49,915022;9,449793E-1;1,088952E-1;1,104651E-1;9,482168E-1;;
30/11/2021  10:22:49,915122;9,441537E-1;1,273729E-1;1,363715E-1;9,483848E-1;;
30/11/2021  10:22:49,915222;9,434355E-1;1,238685E-1;1,357397E-1;9,485386E-1;;
30/11/2021  10:22:49,915322;9,427887E-1;1,487177E-1;1,834454E-1;9,486776E-1;;
30/11/2021  10:22:49,915422;9,422612E-1;1,550893E-1;2,049288E-1;9,488013E-1;;
30/11/2021  10:22:49,915522;9,416354E-1;1,496735E-1;1,957668E-1;9,489091E-1;;
30/11/2021  10:22:49,915622;9,416771E-1;1,077258E-2;8,076751E-2;9,490005E-1;;
30/11/2021  10:22:49,915722;9,411287E-1;1,302401E-1;1,291051E-1;9,490751E-1;;
30/11/2021  10:22:49,915822;9,404969E-1;4,900218E-2;5,138584E-2;9,491325E-1;;
30/11/2021  10:22:49,915922;9,400171E-1;1,241871E-1;1,265777E-1;9,491723E-1;;
30/11/2021  10:22:49,916022;9,394419E-1;1,311958E-1;1,303688E-1;9,491943E-1;;
30/11/2021  10:22:49,916122;9,383928E-1;1,369303E-1;1,483770E-1;9,491982E-1;;
30/11/2021  10:22:49,916222;9,377520E-1;1,194084E-1;1,101492E-1;9,491837E-1;;
30/11/2021  10:22:49,916322;9,382647E-1;1,292843E-1;1,265777E-1;9,491505E-1;;
30/11/2021  10:22:49,916422;9,377252E-1;1,292843E-1;1,275255E-1;9,490985E-1;;
30/11/2021  10:22:49,916522;9,374808E-1;1,308772E-1;1,193112E-1;9,490277E-1;;
30/11/2021  10:22:49,916622;9,370725E-1;1,334259E-1;1,518522E-1;9,489382E-1;;
30/11/2021  10:22:49,916722;9,365689E-1;1,321516E-1;1,351078E-1;9,488300E-1;;
30/11/2021  10:22:49,916822;9,360980E-1;1,289658E-1;1,404787E-1;9,487035E-1;;
30/11/2021  10:22:49,916922;9,363275E-1;1,331073E-1;1,275255E-1;9,485587E-1;;
30/11/2021  10:22:49,917022;9,365778E-1;1,455319E-1;1,502726E-1;9,483961E-1;;
30/11/2021  10:22:49,917122;9,361546E-1;1,391603E-1;1,253139E-1;9,482162E-1;;
30/11/2021  10:22:49,917222;9,357880E-1;1,350188E-1;1,426902E-1;9,480195E-1;;
30/11/2021  10:22:49,917322;9,355436E-1;1,302401E-1;1,382671E-1;9,478067E-1;;
30/11/2021  10:22:49,917422;9,354989E-1;1,519035E-1;1,739675E-1;9,475784E-1;;
30/11/2021  10:22:49,917522;9,351860E-1;1,321516E-1;1,376353E-1;9,473352E-1;;
30/11/2021  10:22:49,917622;9,355138E-1;1,280100E-1;1,322644E-1;9,470780E-1;;
30/11/2021  10:22:49,917722;9,357552E-1;1,302401E-1;1,278414E-1;9,468075E-1;;
30/11/2021  10:22:49,917822;9,359907E-1;1,283286E-1;1,360556E-1;9,465246E-1;;
30/11/2021  10:22:49,917922;9,361725E-1;1,327887E-1;1,145722E-1;9,462305E-1;;
30/11/2021  10:22:49,918022;9,358625E-1;1,171783E-1;9,972343E-2;9,459262E-1;;
30/11/2021  10:22:49,918122;9,361844E-1;7,576290E-2;5,675668E-2;9,456128E-1;;
30/11/2021  10:22:49,918222;9,374063E-1;1,350188E-1;1,366875E-1;9,452915E-1;;
30/11/2021  10:22:49,918322;9,372513E-1;1,206827E-1;1,035146E-1;9,449636E-1;;
30/11/2021  10:22:49,918422;9,380590E-1;1,260985E-1;1,272095E-1;9,446305E-1;;
30/11/2021  10:22:49,918522;9,389114E-1;1,280100E-1;1,009872E-1;9,442936E-1;;
30/11/2021  10:22:49,918622;9,396535E-1;1,174969E-1;1,142563E-1;9,439544E-1;;
30/11/2021  10:22:49,918722;9,394538E-1;1,735670E-1;1,954508E-1;9,436147E-1;;
30/11/2021  10:22:49,918822;9,400200E-1;1,238685E-1;1,272095E-1;9,432759E-1;;
30/11/2021  10:22:49,918922;9,412092E-1;1,088952E-1;1,284732E-1;9,429397E-1;;
30/11/2021  10:22:49,919022;9,418201E-1;1,168597E-1;1,202590E-1;9,426077E-1;;
30/11/2021  10:22:49,919122;9,425503E-1;2,606442E-2;4,348754E-2;9,422815E-1;;
30/11/2021  10:22:49,919222;9,423924E-1;1,525407E-1;1,847091E-1;9,419628E-1;;
30/11/2021  10:22:49,919322;9,426368E-1;8,659462E-2;1,013031E-1;9,416531E-1;;
30/11/2021  10:22:49,919422;9,428186E-1;1,101695E-1;1,145722E-1;9,413539E-1;;
30/11/2021  10:22:49,919522;9,433461E-1;1,063466E-1;1,142563E-1;9,410664E-1;;
30/11/2021  10:22:49,919622;9,437991E-1;1,079395E-1;1,180475E-1;9,407918E-1;;
30/11/2021  10:22:49,919722;9,445233E-1;9,455912E-2;1,082536E-1;9,405313E-1;;
30/11/2021  10:22:49,919822;9,447826E-1;9,615202E-2;1,073058E-1;9,402859E-1;;
30/11/2021  10:22:49,919922;9,445203E-1;7,544432E-2;9,214107E-2;9,400566E-1;;
30/11/2021  10:22:49,920022;9,438736E-1;-6,112162E-3;6,497092E-2;9,398443E-1;;
30/11/2021  10:22:49,920122;9,435130E-1;2,153009E-1;2,156705E-1;9,396494E-1;;
30/11/2021  10:22:49,920222;9,432030E-1;1,002936E-1;1,152041E-1;9,394724E-1;;
30/11/2021  10:22:49,920322;9,437901E-1;1,824872E-1;1,790224E-1;9,393133E-1;;
30/11/2021  10:22:49,920422;9,439719E-1;1,194084E-1;1,218387E-1;9,391722E-1;;
30/11/2021  10:22:49,920522;9,432149E-1;1,213198E-1;1,436380E-1;9,390490E-1;;
30/11/2021  10:22:49,920622;9,427828E-1;1,388417E-1;1,291051E-1;9,389436E-1;;
30/11/2021  10:22:49,920722;9,423834E-1;1,678325E-1;1,496407E-1;9,388555E-1;;
30/11/2021  10:22:49,920822;9,421688E-1;2,054250E-1;1,837613E-1;9,387844E-1;;
30/11/2021  10:22:49,920922;9,421897E-1;1,519035E-1;1,632258E-1;9,387294E-1;;
30/11/2021  10:22:49,921022;9,426517E-1;1,503106E-1;1,423743E-1;9,386899E-1;;
30/11/2021  10:22:49,921122;9,421152E-1;1,382046E-1;1,546956E-1;9,386653E-1;;
30/11/2021  10:22:49,921222;9,419513E-1;1,216384E-1;1,221546E-1;9,386547E-1;;
30/11/2021  10:22:49,921322;9,419006E-1;1,136739E-1;1,076217E-1;9,386575E-1;;
30/11/2021  10:22:49,921422;9,414893E-1;1,324701E-1;1,347919E-1;9,386728E-1;;
30/11/2021  10:22:49,921522;9,411019E-1;1,483991E-1;1,663851E-1;9,386997E-1;;
30/11/2021  10:22:49,921622;9,411138E-1;1,149482E-1;1,009872E-1;9,387372E-1;;
30/11/2021  10:22:49,921722;9,412420E-1;1,197269E-1;1,117289E-1;9,387843E-1;;
30/11/2021  10:22:49,921822;9,409559E-1;1,225942E-1;9,530039E-2;9,388403E-1;;
30/11/2021  10:22:49,921922;9,410483E-1;1,276914E-1;1,310007E-1;9,389040E-1;;
30/11/2021  10:22:49,922022;9,403717E-1;1,299215E-1;1,284732E-1;9,389747E-1;;
30/11/2021  10:22:49,922122;9,404194E-1;1,286472E-1;1,278414E-1;9,390513E-1;;
30/11/2021  10:22:49,922222;9,401273E-1;1,324701E-1;1,319485E-1;9,391330E-1;;
30/11/2021  10:22:49,922322;9,399664E-1;1,378860E-1;1,404787E-1;9,392188E-1;;
30/11/2021  10:22:49,922422;9,403538E-1;1,088952E-1;9,119327E-2;9,393078E-1;;
30/11/2021  10:22:49,922522;9,404582E-1;1,216384E-1;1,275255E-1;9,393992E-1;;
30/11/2021  10:22:49,922622;9,397369E-1;1,238685E-1;1,246821E-1;9,394922E-1;;
30/11/2021  10:22:49,922722;9,394538E-1;1,235499E-1;1,152041E-1;9,395862E-1;;
30/11/2021  10:22:49,922822;9,387653E-1;1,149482E-1;1,205749E-1;9,396802E-1;;
30/11/2021  10:22:49,922922;9,397548E-1;1,340630E-1;1,632258E-1;9,397736E-1;;
30/11/2021  10:22:49,923022;9,403598E-1;1,359745E-1;1,234183E-1;9,398656E-1;;
30/11/2021  10:22:49,923122;9,404105E-1;1,327887E-1;1,313166E-1;9,399557E-1;;
30/11/2021  10:22:49,923222;9,409290E-1;1,076209E-1;9,751191E-2;9,400436E-1;;
30/11/2021  10:22:49,923322;9,407592E-1;1,296029E-1;1,338441E-1;9,401291E-1;;
30/11/2021  10:22:49,923422;9,410423E-1;1,315144E-1;1,313166E-1;9,402120E-1;;
30/11/2021  10:22:49,923522;9,411883E-1;1,299215E-1;1,328963E-1;9,402921E-1;;
30/11/2021  10:22:49,923622;9,420168E-1;1,248242E-1;1,297370E-1;9,403694E-1;;
30/11/2021  10:22:49,923722;9,428275E-1;1,369303E-1;1,363715E-1;9,404440E-1;;
30/11/2021  10:22:49,923822;9,438885E-1;9,965640E-2;1,202590E-1;9,405161E-1;;
30/11/2021  10:22:49,923922;9,439630E-1;1,229127E-1;1,265777E-1;9,405861E-1;;
30/11/2021  10:22:49,924022;9,441567E-1;1,296029E-1;1,246821E-1;9,406545E-1;;
30/11/2021  10:22:49,924122;9,438348E-1;1,241871E-1;1,158360E-1;9,407219E-1;;
30/11/2021  10:22:49,924222;9,446395E-1;9,742634E-2;8,961361E-2;9,407885E-1;;
30/11/2021  10:22:49,924322;9,453190E-1;1,194084E-1;1,085695E-1;9,408549E-1;;
30/11/2021  10:22:49,924422;9,465529E-1;1,200455E-1;1,300529E-1;9,409215E-1;;
30/11/2021  10:22:49,924522;9,461237E-1;1,675139E-1;1,035146E-1;9,409890E-1;;
30/11/2021  10:22:49,924622;9,461714E-1;1,286472E-1;1,246821E-1;9,410580E-1;;
30/11/2021  10:22:49,924722;9,461982E-1;1,184526E-1;1,259458E-1;9,411290E-1;;
30/11/2021  10:22:49,924822;9,465469E-1;1,238685E-1;1,234183E-1;9,412024E-1;;
30/11/2021  10:22:49,924922;9,468390E-1;1,280100E-1;1,256299E-1;9,412787E-1;;
30/11/2021  10:22:49,925022;9,475930E-1;1,165411E-1;1,202590E-1;9,413582E-1;;
30/11/2021  10:22:49,925122;9,482248E-1;1,203641E-1;1,328963E-1;9,414413E-1;;
30/11/2021  10:22:49,925222;9,476615E-1;1,292843E-1;1,537478E-1;9,415284E-1;;
30/11/2021  10:22:49,925322;9,477122E-1;1,257800E-1;1,212068E-1;9,416201E-1;;
30/11/2021  10:22:49,925422;9,478046E-1;1,139925E-1;1,139404E-1;9,417163E-1;;
30/11/2021  10:22:49,925522;9,479596E-1;1,356559E-1;1,243661E-1;9,418174E-1;;
30/11/2021  10:22:49,925622;9,475632E-1;1,245056E-1;1,313166E-1;9,419234E-1;;
30/11/2021  10:22:49,925722;9,484334E-1;1,343816E-1;1,338441E-1;9,420344E-1;;
30/11/2021  10:22:49,925822;9,482367E-1;1,210013E-1;1,287892E-1;9,421503E-1;;
30/11/2021  10:22:49,925922;9,480520E-1;1,181340E-1;9,214107E-2;9,422711E-1;;
30/11/2021  10:22:49,926022;9,478076E-1;1,375674E-1;1,594346E-1;9,423968E-1;;
30/11/2021  10:22:49,926122;9,474589E-1;2,210354E-1;2,617966E-1;9,425271E-1;;
30/11/2021  10:22:49,926222;9,466214E-1;1,127182E-1;1,031987E-1;9,426617E-1;;
30/11/2021  10:22:49,926322;9,467823E-1;1,194084E-1;1,180475E-1;9,428001E-1;;
30/11/2021  10:22:49,926422;9,465380E-1;1,034794E-1;9,751191E-2;9,429419E-1;;
30/11/2021  10:22:49,926522;9,458525E-1;7,417000E-2;7,729226E-2;9,430864E-1;;
30/11/2021  10:22:49,926622;9,457035E-1;1,589123E-1;2,163023E-1;9,432329E-1;;
30/11/2021  10:22:49,926722;9,440941E-1;1,289658E-1;1,278414E-1;9,433808E-1;;
30/11/2021  10:22:49,926822;9,437693E-1;1,194084E-1;1,294210E-1;9,435291E-1;;
30/11/2021  10:22:49,926922;9,427291E-1;1,203641E-1;1,199431E-1;9,436769E-1;;
30/11/2021  10:22:49,927022;9,423715E-1;1,347002E-1;1,347919E-1;9,438229E-1;;
30/11/2021  10:22:49,927122;9,417427E-1;1,206827E-1;1,139404E-1;9,439661E-1;;
30/11/2021  10:22:49,927222;9,417874E-1;1,413904E-1;1,278414E-1;9,441053E-1;;
30/11/2021  10:22:49,927322;9,401303E-1;1,359745E-1;1,392149E-1;9,442394E-1;;
30/11/2021  10:22:49,927422;9,396863E-1;8,340882E-2;9,340479E-2;9,443672E-1;;
30/11/2021  10:22:49,927522;9,387445E-1;1,053908E-1;1,221546E-1;9,444876E-1;;
30/11/2021  10:22:49,927622;9,385359E-1;1,375674E-1;1,411105E-1;9,445992E-1;;
30/11/2021  10:22:49,927722;9,386849E-1;1,101695E-1;1,180475E-1;9,447010E-1;;
30/11/2021  10:22:49,927822;9,383302E-1;1,229127E-1;1,202590E-1;9,447920E-1;;
30/11/2021  10:22:49,927922;9,376686E-1;8,659462E-2;9,214107E-2;9,448712E-1;;
30/11/2021  10:22:49,928022;9,371560E-1;1,276914E-1;1,670170E-1;9,449380E-1;;
30/11/2021  10:22:49,928122;9,363096E-1;1,139925E-1;1,136244E-1;9,449914E-1;;
30/11/2021  10:22:49,928222;9,359728E-1;1,120810E-1;1,328963E-1;9,450308E-1;;
30/11/2021  10:22:49,928322;9,357344E-1;1,009307E-1;1,110970E-1;9,450555E-1;;
30/11/2021  10:22:49,928422;9,356837E-1;9,009900E-2;1,041465E-1;9,450649E-1;;
30/11/2021  10:22:49,928522;9,356152E-1;1,015679E-1;1,155200E-1;9,450585E-1;;
30/11/2021  10:22:49,928622;9,346585E-1;1,044351E-1;1,060421E-1;9,450361E-1;;
30/11/2021  10:22:49,928722;9,341071E-1;6,524976E-2;9,340479E-2;9,449974E-1;;
30/11/2021  10:22:49,928822;9,329240E-1;1,053908E-1;1,013031E-1;9,449421E-1;;
30/11/2021  10:22:49,928922;9,323398E-1;1,464877E-1;1,537478E-1;9,448699E-1;;
30/11/2021  10:22:49,929022;9,323696E-1;1,506292E-1;1,332122E-1;9,447806E-1;;
30/11/2021  10:22:49,929122;9,325544E-1;1,620981E-1;1,423743E-1;9,446738E-1;;
30/11/2021  10:22:49,929222;9,326587E-1;4,400978E-3;6,876210E-2;9,445497E-1;;
30/11/2021  10:22:49,929322;9,316216E-1;1,589123E-1;1,603824E-1;9,444083E-1;;
30/11/2021  10:22:49,929422;9,312907E-1;1,483991E-1;1,616461E-1;9,442498E-1;;
30/11/2021  10:22:49,929522;9,307632E-1;1,614609E-1;1,565912E-1;9,440745E-1;;
30/11/2021  10:22:49,929622;9,311507E-1;1,238685E-1;1,237343E-1;9,438827E-1;;
30/11/2021  10:22:49,929722;9,313593E-1;1,245056E-1;1,265777E-1;9,436745E-1;;
30/11/2021  10:22:49,929822;9,313086E-1;1,321516E-1;1,458495E-1;9,434507E-1;;
30/11/2021  10:22:49,929922;9,312580E-1;1,426647E-1;1,505885E-1;9,432118E-1;;
30/11/2021  10:22:49,930022;9,314994E-1;1,245056E-1;1,246821E-1;9,429586E-1;;
30/11/2021  10:22:49,930122;9,313742E-1;1,678325E-1;1,575390E-1;9,426920E-1;;
30/11/2021  10:22:49,930222;9,310911E-1;4,517922E-2;1,123607E-1;9,424128E-1;;
30/11/2021  10:22:49,930322;9,314040E-1;8,850610E-2;1,155200E-1;9,421220E-1;;
30/11/2021  10:22:49,930422;9,314874E-1;1,280100E-1;1,208909E-1;9,418205E-1;;
30/11/2021  10:22:49,930522;9,320001E-1;1,324701E-1;1,240502E-1;9,415094E-1;;
30/11/2021  10:22:49,930622;9,313325E-1;1,187712E-1;9,308886E-2;9,411897E-1;;
30/11/2021  10:22:49,930722;9,305606E-1;1,015679E-1;9,530039E-2;9,408627E-1;;
30/11/2021  10:22:49,930822;9,305338E-1;1,229127E-1;1,569071E-1;9,405292E-1;;
30/11/2021  10:22:49,930922;9,298781E-1;1,241871E-1;1,303688E-1;9,401901E-1;;
30/11/2021  10:22:49,931022;9,299943E-1;1,652839E-1;1,717559E-1;9,398462E-1;;
30/11/2021  10:22:49,931122;9,305427E-1;1,012493E-1;1,815498E-1;9,394984E-1;;
30/11/2021  10:22:49,931222;9,304503E-1;-8,342222E-3;5,106991E-2;9,391475E-1;;
30/11/2021  10:22:49,931322;9,295652E-1;1,350188E-1;1,483770E-1;9,387943E-1;;
30/11/2021  10:22:49,931422;9,287962E-1;1,222756E-1;9,719598E-2;9,384396E-1;;
30/11/2021  10:22:49,931522;9,283134E-1;1,108067E-1;1,016190E-1;9,380841E-1;;
30/11/2021  10:22:49,931622;9,293089E-1;1,159040E-1;1,120448E-1;9,377283E-1;;
30/11/2021  10:22:49,931722;9,294459E-1;1,324701E-1;1,341600E-1;9,373727E-1;;
30/11/2021  10:22:49,931822;9,301612E-1;1,241871E-1;1,291051E-1;9,370181E-1;;
30/11/2021  10:22:49,931922;9,298989E-1;1,311958E-1;1,234183E-1;9,366652E-1;;
30/11/2021  10:22:49,932022;9,293416E-1;8,850610E-2;9,214107E-2;9,363148E-1;;
30/11/2021  10:22:49,932122;9,292135E-1;1,401161E-1;1,499566E-1;9,359676E-1;;
30/11/2021  10:22:49,932222;9,288618E-1;9,965640E-2;1,970305E-1;9,356242E-1;;
30/11/2021  10:22:49,932322;9,288737E-1;1,280100E-1;1,322644E-1;9,352852E-1;;
30/11/2021  10:22:49,932422;9,295562E-1;2,606442E-2;6,370719E-2;9,349511E-1;;
30/11/2021  10:22:49,932522;9,290883E-1;1,050723E-1;9,024547E-2;9,346223E-1;;
30/11/2021  10:22:49,932622;9,287605E-1;1,235499E-1;1,461654E-1;9,342993E-1;;
30/11/2021  10:22:49,932722;9,289244E-1;1,025236E-1;1,183634E-1;9,339827E-1;;
30/11/2021  10:22:49,932822;9,283254E-1;1,257800E-1;1,237343E-1;9,336727E-1;;
30/11/2021  10:22:49,932922;9,281406E-1;1,598680E-1;1,670170E-1;9,333697E-1;;
30/11/2021  10:22:49,933022;9,288201E-1;8,372740E-2;1,120448E-1;9,330738E-1;;
30/11/2021  10:22:49,933122;9,288707E-1;1,280100E-1;1,240502E-1;9,327854E-1;;
30/11/2021  10:22:49,933222;9,285280E-1;1,366117E-1;1,480610E-1;9,325046E-1;;
30/11/2021  10:22:49,933322;9,280988E-1;1,229127E-1;1,246821E-1;9,322319E-1;;
30/11/2021  10:22:49,933422;9,275654E-1;1,213198E-1;1,120448E-1;9,319672E-1;;
30/11/2021  10:22:49,933522;9,273329E-1;1,251428E-1;1,303688E-1;9,317106E-1;;
30/11/2021  10:22:49,933622;9,276131E-1;1,471248E-1;1,471132E-1;9,314620E-1;;
30/11/2021  10:22:49,933722;9,283850E-1;1,168597E-1;9,814378E-2;9,312215E-1;;
30/11/2021  10:22:49,933822;9,286949E-1;1,149482E-1;1,104651E-1;9,309890E-1;;
30/11/2021  10:22:49,933922;9,290883E-1;5,983390E-2;8,234717E-2;9,307648E-1;;
30/11/2021  10:22:49,934022;9,290317E-1;1,280100E-1;1,338441E-1;9,305490E-1;;
30/11/2021  10:22:49,934122;9,289840E-1;1,292843E-1;1,259458E-1;9,303419E-1;;
30/11/2021  10:22:49,934222;9,298483E-1;1,276914E-1;1,294210E-1;9,301437E-1;;
30/11/2021  10:22:49,934322;9,301284E-1;1,194084E-1;1,129926E-1;9,299546E-1;;
30/11/2021  10:22:49,934422;9,313325E-1;1,327887E-1;1,272095E-1;9,297749E-1;;
30/11/2021  10:22:49,934522;9,317944E-1;8,786894E-2;7,918786E-2;9,296051E-1;;
30/11/2021  10:22:49,934622;9,317318E-1;1,264171E-1;1,278414E-1;9,294456E-1;;
30/11/2021  10:22:49,934722;9,317825E-1;1,321516E-1;1,306848E-1;9,292970E-1;;
30/11/2021  10:22:49,934822;9,320358E-1;1,270543E-1;1,120448E-1;9,291596E-1;;
30/11/2021  10:22:49,934922;9,330491E-1;1,270543E-1;1,268936E-1;9,290337E-1;;
30/11/2021  10:22:49,935022;9,331296E-1;3,817046E-2;9,940750E-2;9,289198E-1;;
30/11/2021  10:22:49,935122;9,337257E-1;6,461260E-2;4,791059E-2;9,288182E-1;;
30/11/2021  10:22:49,935222;9,346436E-1;1,337445E-1;1,272095E-1;9,287293E-1;;
30/11/2021  10:22:49,935322;9,351562E-1;1,117624E-1;1,079377E-1;9,286535E-1;;
30/11/2021  10:22:49,935422;9,351502E-1;1,324701E-1;1,300529E-1;9,285912E-1;;
30/11/2021  10:22:49,935522;9,354572E-1;1,308772E-1;1,284732E-1;9,285429E-1;;
30/11/2021  10:22:49,935622;9,361248E-1;1,366117E-1;1,404787E-1;9,285089E-1;;
30/11/2021  10:22:49,935722;9,369205E-1;1,296029E-1;1,354238E-1;9,284893E-1;;
30/11/2021  10:22:49,935822;9,375404E-1;1,369303E-1;1,351078E-1;9,284846E-1;;
30/11/2021  10:22:49,935922;9,380978E-1;1,372488E-1;1,287892E-1;9,284950E-1;;
30/11/2021  10:22:49,936022;9,376686E-1;1,184526E-1;1,145722E-1;9,285208E-1;;
30/11/2021  10:22:49,936122;9,380650E-1;1,092138E-1;1,189953E-1;9,285621E-1;;
30/11/2021  10:22:49,936222;9,381454E-1;1,009307E-1;9,340479E-2;9,286191E-1;;
30/11/2021  10:22:49,936322;9,388935E-1;9,678918E-2;9,466852E-2;9,286917E-1;;
30/11/2021  10:22:49,936422;9,398114E-1;1,050723E-1;1,120448E-1;9,287799E-1;;
30/11/2021  10:22:49,936522;9,397876E-1;1,101695E-1;1,354238E-1;9,288835E-1;;
30/11/2021  10:22:49,936622;9,400886E-1;2,702016E-2;2,389975E-2;9,290025E-1;;
30/11/2021  10:22:49,936722;9,409410E-1;1,863102E-1;2,393654E-1;9,291369E-1;;
30/11/2021  10:22:49,936822;9,405654E-1;8,563888E-2;1,038306E-1;9,292864E-1;;
30/11/2021  10:22:49,936922;9,409320E-1;9,838208E-2;1,088855E-1;9,294509E-1;;
30/11/2021  10:22:49,937022;9,420318E-1;1,012493E-1;1,202590E-1;9,296300E-1;;
30/11/2021  10:22:49,937122;9,426815E-1;1,216384E-1;1,502726E-1;9,298235E-1;;
30/11/2021  10:22:49,937222;9,434176E-1;1,210013E-1;1,291051E-1;9,300312E-1;;
30/11/2021  10:22:49,937322;9,436471E-1;1,547707E-1;1,758630E-1;9,302529E-1;;
30/11/2021  10:22:49,937422;9,435666E-1;1,624167E-1;1,505885E-1;9,304884E-1;;
30/11/2021  10:22:49,937522;9,429437E-1;1,649653E-1;1,486929E-1;9,307374E-1;;
30/11/2021  10:22:49,937622;9,433937E-1;1,675139E-1;1,411105E-1;9,309994E-1;;
30/11/2021  10:22:49,937722;9,432805E-1;1,646467E-1;1,546956E-1;9,312739E-1;;
30/11/2021  10:22:49,937822;9,436322E-1;1,063466E-1;8,961361E-2;9,315601E-1;;
30/11/2021  10:22:49,937922;9,438825E-1;1,512664E-1;1,452176E-1;9,318574E-1;;
30/11/2021  10:22:49,938022;9,439630E-1;6,684266E-2;6,970989E-2;9,321650E-1;;
30/11/2021  10:22:49,938122;9,440405E-1;1,318330E-1;1,202590E-1;9,324822E-1;;
30/11/2021  10:22:49,938222;9,438676E-1;1,359745E-1;1,430061E-1;9,328083E-1;;
30/11/2021  10:22:49,938322;9,439093E-1;1,232313E-1;1,278414E-1;9,331424E-1;;
30/11/2021  10:22:49,938422;9,449077E-1;7,130278E-2;8,645429E-2;9,334837E-1;;
30/11/2021  10:22:49,938522;9,450061E-1;1,273729E-1;1,313166E-1;9,338313E-1;;
30/11/2021  10:22:49,938622;9,452058E-1;5,378088E-2;7,065769E-2;9,341846E-1;;
30/11/2021  10:22:49,938722;9,454353E-1;1,439390E-1;1,853410E-1;9,345429E-1;;
30/11/2021  10:22:49,938822;9,447617E-1;1,174969E-1;1,215227E-1;9,349054E-1;;
30/11/2021  10:22:49,938922;9,448332E-1;1,362931E-1;1,344760E-1;9,352714E-1;;
30/11/2021  10:22:49,939022;9,454651E-1;1,184526E-1;1,224705E-1;9,356400E-1;;
30/11/2021  10:22:49,939122;9,457959E-1;1,235499E-1;1,268936E-1;9,360105E-1;;
30/11/2021  10:22:49,939222;9,465767E-1;9,774492E-2;8,582243E-2;9,363822E-1;;
30/11/2021  10:22:49,939322;9,465618E-1;1,302401E-1;1,379512E-1;9,367545E-1;;
30/11/2021  10:22:49,939422;9,460522E-1;1,165411E-1;1,338441E-1;9,371268E-1;;
30/11/2021  10:22:49,939522;9,455336E-1;1,840801E-1;1,869207E-1;9,374987E-1;;
30/11/2021  10:22:49,939622;9,456618E-1;1,133553E-1;1,477451E-1;9,378693E-1;;
30/11/2021  10:22:49,939722;9,457005E-1;1,436204E-1;1,483770E-1;9,382379E-1;;
30/11/2021  10:22:49,939822;9,462995E-1;7,608148E-2;8,708615E-2;9,386038E-1;;
30/11/2021  10:22:49,939922;9,464128E-1;1,397975E-1;1,524841E-1;9,389664E-1;;
30/11/2021  10:22:49,940022;9,468658E-1;8,755036E-2;1,351078E-1;9,393252E-1;;
30/11/2021  10:22:49,940122;9,462548E-1;1,321516E-1;1,322644E-1;9,396796E-1;;
30/11/2021  10:22:49,940222;9,462966E-1;1,127182E-1;1,221546E-1;9,400292E-1;;
30/11/2021  10:22:49,940322;9,462280E-1;1,417090E-1;1,515363E-1;9,403735E-1;;
30/11/2021  10:22:49,940422;9,476705E-1;1,385232E-1;1,436380E-1;9,407120E-1;;
30/11/2021  10:22:49,940522;9,482963E-1;1,321516E-1;1,259458E-1;9,410444E-1;;
30/11/2021  10:22:49,940622;9,486063E-1;1,197269E-1;1,215227E-1;9,413706E-1;;
30/11/2021  10:22:49,940722;9,491457E-1;1,286472E-1;1,193112E-1;9,416905E-1;;
30/11/2021  10:22:49,940822;9,484841E-1;1,280100E-1;1,414265E-1;9,420042E-1;;
30/11/2021  10:22:49,940922;9,485735E-1;8,595746E-2;1,038306E-1;9,423118E-1;;
30/11/2021  10:22:49,941022;9,491398E-1;1,101695E-1;1,110970E-1;9,426131E-1;;
30/11/2021  10:22:49,941122;9,492202E-1;1,264171E-1;1,231024E-1;9,429083E-1;;
30/11/2021  10:22:49,941222;9,492590E-1;1,423461E-1;1,657532E-1;9,431972E-1;;
30/11/2021  10:22:49,941322;9,489609E-1;9,933782E-2;1,047783E-1;9,434800E-1;;
30/11/2021  10:22:49,941422;9,485377E-1;1,238685E-1;1,360556E-1;9,437566E-1;;
30/11/2021  10:22:49,941522;9,476615E-1;1,646467E-1;1,635417E-1;9,440268E-1;;
30/11/2021  10:22:49,941622;9,475811E-1;6,556834E-2;1,546956E-1;9,442904E-1;;
30/11/2021  10:22:49,941722;9,477331E-1;1,283286E-1;1,284732E-1;9,445471E-1;;
30/11/2021  10:22:49,941822;9,475244E-1;1,165411E-1;1,265777E-1;9,447965E-1;;
30/11/2021  10:22:49,941922;9,477837E-1;1,302401E-1;1,240502E-1;9,450383E-1;;
30/11/2021  10:22:49,942022;9,475393E-1;1,519035E-1;1,673329E-1;9,452723E-1;;
30/11/2021  10:22:49,942122;9,467853E-1;9,583344E-2;6,907803E-2;9,454982E-1;;
30/11/2021  10:22:49,942222;9,459538E-1;7,002846E-2;5,865227E-2;9,457156E-1;;
30/11/2021  10:22:49,942322;9,457899E-1;1,350188E-1;1,790224E-1;9,459242E-1;;
30/11/2021  10:22:49,942422;9,459240E-1;1,190898E-1;1,038306E-1;9,461235E-1;;
30/11/2021  10:22:49,942522;9,452147E-1;7,130278E-2;3,590517E-2;9,463131E-1;;
30/11/2021  10:22:49,942622;9,453518E-1;9,201048E-2;1,060421E-1;9,464925E-1;;
30/11/2021  10:22:49,942722;9,447319E-1;1,053908E-1;1,098333E-1;9,466614E-1;;
30/11/2021  10:22:49,942822;9,439093E-1;1,299215E-1;1,344760E-1;9,468194E-1;;
30/11/2021  10:22:49,942922;9,432090E-1;-2,904992E-2;7,034176E-2;9,469659E-1;;
30/11/2021  10:22:49,943022;9,423655E-1;1,292843E-1;1,303688E-1;9,471006E-1;;
30/11/2021  10:22:49,943122;9,426815E-1;2,861306E-2;7,286922E-2;9,472228E-1;;
30/11/2021  10:22:49,943222;9,429258E-1;1,318330E-1;1,316326E-1;9,473321E-1;;
30/11/2021  10:22:49,943322;9,426189E-1;9,551486E-2;1,028828E-1;9,474281E-1;;
30/11/2021  10:22:49,943422;9,420198E-1;1,378860E-1;1,335282E-1;9,475105E-1;;
30/11/2021  10:22:49,943522;9,410602E-1;1,286472E-1;1,221546E-1;9,475792E-1;;
30/11/2021  10:22:49,943622;9,411049E-1;1,181340E-1;1,243661E-1;9,476339E-1;;
30/11/2021  10:22:49,943722;9,406012E-1;1,308772E-1;1,325804E-1;9,476743E-1;;
30/11/2021  10:22:49,943822;9,403866E-1;1,318330E-1;1,300529E-1;9,477002E-1;;
30/11/2021  10:22:49,943922;9,404969E-1;1,190898E-1;1,136244E-1;9,477114E-1;;
30/11/2021  10:22:49,944022;9,398204E-1;1,222756E-1;1,139404E-1;9,477080E-1;;
30/11/2021  10:22:49,944122;9,386223E-1;7,448858E-2;8,171531E-2;9,476899E-1;;
30/11/2021  10:22:49,944222;9,382527E-1;1,289658E-1;1,281573E-1;9,476569E-1;;
30/11/2021  10:22:49,944322;9,370755E-1;1,579565E-1;1,695444E-1;9,476089E-1;;
30/11/2021  10:22:49,944422;9,368371E-1;1,200455E-1;1,373193E-1;9,475458E-1;;
30/11/2021  10:22:49,944522;9,372335E-1;9,487770E-2;1,215227E-1;9,474673E-1;;
30/11/2021  10:22:49,944622;9,368699E-1;1,120810E-1;1,183634E-1;9,473734E-1;;
30/11/2021  10:22:49,944722;9,358536E-1;1,022050E-1;1,325804E-1;9,472642E-1;;
30/11/2021  10:22:49,944822;9,356807E-1;1,037979E-1;1,073058E-1;9,471397E-1;;
30/11/2021  10:22:49,944922;9,355496E-1;1,073023E-1;1,057261E-1;9,470000E-1;;
30/11/2021  10:22:49,945022;9,351383E-1;3,084312E-2;7,444887E-2;9,468453E-1;;
30/11/2021  10:22:49,945122;9,352635E-1;2,797590E-2;6,655058E-2;9,466758E-1;;
30/11/2021  10:22:49,945222;9,354840E-1;9,455912E-2;9,466852E-2;9,464918E-1;;
30/11/2021  10:22:49,945322;9,362470E-1;8,404598E-2;1,322644E-1;9,462939E-1;;
30/11/2021  10:22:49,945422;9,359549E-1;1,015679E-1;9,845971E-2;9,460826E-1;;
30/11/2021  10:22:49,945522;9,357970E-1;1,053908E-1;1,041465E-1;9,458587E-1;;
30/11/2021  10:22:49,945622;9,361844E-1;1,206827E-1;1,104651E-1;9,456230E-1;;
30/11/2021  10:22:49,945722;9,357791E-1;1,216384E-1;1,031987E-1;9,453765E-1;;
30/11/2021  10:22:49,945822;9,366404E-1;1,544522E-1;1,224705E-1;9,451200E-1;;
30/11/2021  10:22:49,945922;9,371083E-1;1,063466E-1;1,932393E-1;9,448544E-1;;
30/11/2021  10:22:49,946022;9,374928E-1;7,799296E-2;9,182514E-2;9,445810E-1;;
30/11/2021  10:22:49,946122;9,369712E-1;1,525407E-1;1,727037E-1;9,443009E-1;;
30/11/2021  10:22:49,946222;9,365867E-1;1,401161E-1;1,423743E-1;9,440154E-1;;
30/11/2021  10:22:49,946322;9,370040E-1;1,197269E-1;1,256299E-1;9,437254E-1;;
30/11/2021  10:22:49,946422;9,369474E-1;1,206827E-1;1,205749E-1;9,434320E-1;;
30/11/2021  10:22:49,946522;9,376924E-1;1,340630E-1;1,328963E-1;9,431362E-1;;
30/11/2021  10:22:49,946622;9,373557E-1;7,321426E-2;8,929768E-2;9,428392E-1;;
30/11/2021  10:22:49,946722;9,373467E-1;1,225942E-1;1,199431E-1;9,425420E-1;;
30/11/2021  10:22:49,946822;9,372513E-1;1,267357E-1;1,183634E-1;9,422455E-1;;
30/11/2021  10:22:49,946922;9,367864E-1;1,219570E-1;1,120448E-1;9,419507E-1;;
30/11/2021  10:22:49,947022;9,368669E-1;1,283286E-1;1,224705E-1;9,416585E-1;;
30/11/2021  10:22:49,947122;9,376060E-1;1,235499E-1;1,145722E-1;9,413694E-1;;
30/11/2021  10:22:49,947222;9,381335E-1;9,965640E-2;1,155200E-1;9,410844E-1;;
30/11/2021  10:22:49,947322;9,379666E-1;1,031608E-1;1,436380E-1;9,408042E-1;;
30/11/2021  10:22:49,947422;9,381127E-1;1,123996E-1;1,240502E-1;9,405297E-1;;
30/11/2021  10:22:49,947522;9,382885E-1;9,816838E-3;6,339125E-2;9,402617E-1;;
30/11/2021  10:22:49,947622;9,381752E-1;1,200455E-1;1,215227E-1;9,400008E-1;;
30/11/2021  10:22:49,947722;9,383928E-1;1,178155E-1;1,240502E-1;9,397476E-1;;
30/11/2021  10:22:49,947822;9,386819E-1;1,267357E-1;1,272095E-1;9,395029E-1;;
30/11/2021  10:22:49,947922;9,393912E-1;1,318330E-1;1,319485E-1;9,392671E-1;;
30/11/2021  10:22:49,948022;9,400111E-1;1,254614E-1;1,351078E-1;9,390410E-1;;
30/11/2021  10:22:49,948122;9,399485E-1;1,385232E-1;1,205749E-1;9,388251E-1;;
30/11/2021  10:22:49,948222;9,391587E-1;1,273729E-1;1,234183E-1;9,386200E-1;;
30/11/2021  10:22:49,948322;9,392690E-1;1,305587E-1;1,246821E-1;9,384262E-1;;
30/11/2021  10:22:49,948422;9,400022E-1;1,270543E-1;1,259458E-1;9,382440E-1;;
30/11/2021  10:22:49,948522;9,402108E-1;1,302401E-1;1,306848E-1;9,380737E-1;;
30/11/2021  10:22:49,948622;9,400588E-1;1,286472E-1;1,471132E-1;9,379155E-1;;
30/11/2021  10:22:49,948722;9,406578E-1;1,761156E-1;2,033491E-1;9,377698E-1;;
30/11/2021  10:22:49,948822;9,405863E-1;1,480806E-1;1,502726E-1;9,376366E-1;;
30/11/2021  10:22:49,948922;9,405982E-1;1,194084E-1;1,259458E-1;9,375163E-1;;
30/11/2021  10:22:49,949022;9,404582E-1;1,235499E-1;1,284732E-1;9,374088E-1;;
30/11/2021  10:22:49,949122;9,403270E-1;1,280100E-1;1,262617E-1;9,373142E-1;;
30/11/2021  10:22:49,949222;9,411764E-1;9,615202E-2;1,249980E-1;9,372324E-1;;
30/11/2021  10:22:49,949322;9,410840E-1;1,232313E-1;1,193112E-1;9,371632E-1;;
30/11/2021  10:22:49,949422;9,412002E-1;1,560451E-1;2,077722E-1;9,371066E-1;;
30/11/2021  10:22:49,949522;9,404343E-1;1,308772E-1;1,319485E-1;9,370625E-1;;
30/11/2021  10:22:49,949622;9,397608E-1;1,286472E-1;1,272095E-1;9,370305E-1;;
30/11/2021  10:22:49,949722;9,397399E-1;1,318330E-1;1,224705E-1;9,370102E-1;;
30/11/2021  10:22:49,949822;9,400111E-1;1,337445E-1;1,392149E-1;9,370011E-1;;
30/11/2021  10:22:49,949922;9,398919E-1;8,309024E-2;6,718244E-2;9,370024E-1;;
30/11/2021  10:22:49,950022;9,401869E-1;1,582751E-1;1,411105E-1;9,370137E-1;;
30/11/2021  10:22:49,950122;9,400469E-1;2,031949E-1;1,916596E-1;9,370345E-1;;
30/11/2021  10:22:49,950222;9,393286E-1;1,401161E-1;1,284732E-1;9,370641E-1;;
30/11/2021  10:22:49,950322;9,398144E-1;1,420275E-1;1,461654E-1;9,371019E-1;;
30/11/2021  10:22:49,950422;9,389024E-1;1,203641E-1;1,407946E-1;9,371472E-1;;
30/11/2021  10:22:49,950522;9,402257E-1;1,362931E-1;1,351078E-1;9,371994E-1;;
30/11/2021  10:22:49,950622;9,401691E-1;1,334259E-1;1,281573E-1;9,372579E-1;;
30/11/2021  10:22:49,950722;9,395194E-1;1,480806E-1;1,569071E-1;9,373220E-1;;
30/11/2021  10:22:49,950822;9,395670E-1;1,468062E-1;1,986102E-1;9,373913E-1;;
30/11/2021  10:22:49,950922;9,380411E-1;1,391603E-1;1,382671E-1;9,374651E-1;;
30/11/2021  10:22:49,951022;9,386998E-1;1,331073E-1;1,294210E-1;9,375427E-1;;
30/11/2021  10:22:49,951122;9,386730E-1;1,382046E-1;1,360556E-1;9,376233E-1;;
30/11/2021  10:22:49,951222;9,379607E-1;1,283286E-1;1,306848E-1;9,377061E-1;;
30/11/2021  10:22:49,951322;9,381007E-1;1,324701E-1;1,227865E-1;9,377905E-1;;
30/11/2021  10:22:49,951422;9,379130E-1;1,305587E-1;1,158360E-1;9,378757E-1;;
30/11/2021  10:22:49,951522;9,373199E-1;1,260985E-1;1,268936E-1;9,379610E-1;;
30/11/2021  10:22:49,951622;9,369861E-1;1,576380E-1;1,499566E-1;9,380456E-1;;
30/11/2021  10:22:49,951722;9,364407E-1;1,433019E-1;1,379512E-1;9,381289E-1;;
30/11/2021  10:22:49,951822;9,371888E-1;1,241871E-1;1,256299E-1;9,382101E-1;;
30/11/2021  10:22:49,951922;9,373259E-1;1,085766E-1;1,148882E-1;9,382886E-1;;
30/11/2021  10:22:49,952022;9,372573E-1;1,194084E-1;1,411105E-1;9,383637E-1;;
30/11/2021  10:22:49,952122;9,371530E-1;1,311958E-1;1,606983E-1;9,384352E-1;;
30/11/2021  10:22:49,952222;9,371679E-1;1,378860E-1;1,344760E-1;9,385026E-1;;
30/11/2021  10:22:49,952322;9,359996E-1;1,318330E-1;1,341600E-1;9,385656E-1;;
30/11/2021  10:22:49,952422;9,363304E-1;1,496735E-1;1,546956E-1;9,386237E-1;;
30/11/2021  10:22:49,952522;9,364705E-1;1,276914E-1;1,310007E-1;9,386767E-1;;
30/11/2021  10:22:49,952622;9,368609E-1;1,283286E-1;1,221546E-1;9,387242E-1;;
30/11/2021  10:22:49,952722;9,370815E-1;9,997498E-2;1,177316E-1;9,387659E-1;;
30/11/2021  10:22:49,952822;9,361516E-1;1,076209E-1;9,403666E-2;9,388020E-1;;
30/11/2021  10:22:49,952922;9,356062E-1;1,149482E-1;1,407946E-1;9,388321E-1;;
30/11/2021  10:22:49,953022;9,350668E-1;5,664810E-2;6,212753E-2;9,388561E-1;;
30/11/2021  10:22:49,953122;9,353171E-1;9,519628E-2;1,041465E-1;9,388738E-1;;
30/11/2021  10:22:49,953222;9,348910E-1;1,092138E-1;1,145722E-1;9,388850E-1;;
30/11/2021  10:22:49,953322;9,357523E-1;1,130368E-1;1,512204E-1;9,388894E-1;;
30/11/2021  10:22:49,953422;9,357254E-1;9,201048E-2;9,150920E-2;9,388870E-1;;
30/11/2021  10:22:49,953522;9,350280E-1;1,006121E-1;1,281573E-1;9,388778E-1;;
30/11/2021  10:22:49,953622;9,351175E-1;8,340882E-2;1,161519E-1;9,388619E-1;;
30/11/2021  10:22:49,953722;9,353946E-1;1,015679E-1;1,193112E-1;9,388394E-1;;
30/11/2021  10:22:49,953822;9,354304E-1;1,222756E-1;1,366875E-1;9,388103E-1;;
30/11/2021  10:22:49,953922;9,364020E-1;1,296029E-1;1,347919E-1;9,387749E-1;;
30/11/2021  10:22:49,954022;9,367387E-1;1,483991E-1;1,354238E-1;9,387335E-1;;
30/11/2021  10:22:49,954122;9,370397E-1;1,802571E-1;1,588027E-1;9,386867E-1;;
30/11/2021  10:22:49,954222;9,370636E-1;9,965640E-2;1,177316E-1;9,386349E-1;;
30/11/2021  10:22:49,954322;9,371709E-1;1,656025E-1;1,521681E-1;9,385787E-1;;
30/11/2021  10:22:49,954422;9,374928E-1;1,691068E-1;2,030332E-1;9,385188E-1;;
30/11/2021  10:22:49,954522;9,381991E-1;1,136739E-1;9,593225E-2;9,384558E-1;;
30/11/2021  10:22:49,954622;9,385061E-1;6,684266E-2;9,435259E-2;9,383903E-1;;
30/11/2021  10:22:49,954722;9,389293E-1;1,063466E-1;1,060421E-1;9,383231E-1;;
30/11/2021  10:22:49,954822;9,384166E-1;7,066562E-2;9,498445E-2;9,382550E-1;;
30/11/2021  10:22:49,954922;9,385120E-1;1,525407E-1;1,540637E-1;9,381866E-1;;
30/11/2021  10:22:49,955022;9,381991E-1;1,108067E-1;1,278414E-1;9,381186E-1;;
30/11/2021  10:22:49,955122;9,383511E-1;1,241871E-1;1,739675E-1;9,380515E-1;;
30/11/2021  10:22:49,955222;9,387773E-1;1,139925E-1;1,291051E-1;9,379857E-1;;
30/11/2021  10:22:49,955322;9,392392E-1;1,187712E-1;1,218387E-1;9,379217E-1;;
30/11/2021  10:22:49,955422;9,393942E-1;7,417000E-2;9,182514E-2;9,378600E-1;;
30/11/2021  10:22:49,955522;9,384614E-1;1,286472E-1;1,268936E-1;9,378011E-1;;
30/11/2021  10:22:49,955622;9,386104E-1;1,347002E-1;1,240502E-1;9,377453E-1;;
30/11/2021  10:22:49,955722;9,385120E-1;1,299215E-1;1,287892E-1;9,376929E-1;;
30/11/2021  10:22:49,955822;9,385895E-1;1,331073E-1;1,344760E-1;9,376441E-1;;
30/11/2021  10:22:49,955922;9,391736E-1;1,235499E-1;1,265777E-1;9,375990E-1;;
30/11/2021  10:22:49,956022;9,396296E-1;1,200455E-1;1,221546E-1;9,375578E-1;;
30/11/2021  10:22:49,956122;9,389710E-1;1,222756E-1;1,079377E-1;9,375208E-1;;
30/11/2021  10:22:49,956222;9,385448E-1;4,645354E-2;5,960007E-2;9,374882E-1;;
30/11/2021  10:22:49,956322;9,384166E-1;1,417090E-1;1,268936E-1;9,374599E-1;;
30/11/2021  10:22:49,956422;9,378623E-1;3,976336E-2;1,199431E-1;9,374359E-1;;
30/11/2021  10:22:49,956522;9,384315E-1;7,586778E-3;6,212753E-2;9,374160E-1;;
30/11/2021  10:22:49,956622;9,386253E-1;8,500172E-2;8,297904E-2;9,374002E-1;;
30/11/2021  10:22:49,956722;9,380739E-1;1,547707E-1;1,486929E-1;9,373882E-1;;
30/11/2021  10:22:49,956822;9,379547E-1;1,270543E-1;1,319485E-1;9,373799E-1;;
30/11/2021  10:22:49,956922;9,373139E-1;1,241871E-1;1,205749E-1;9,373751E-1;;
30/11/2021  10:22:49,957022;9,362470E-1;1,337445E-1;1,297370E-1;9,373734E-1;;
30/11/2021  10:22:49,957122;9,357850E-1;1,487177E-1;1,771268E-1;9,373744E-1;;
30/11/2021  10:22:49,957222;9,366195E-1;1,229127E-1;1,050943E-1;9,373775E-1;;
30/11/2021  10:22:49,957322;9,367119E-1;1,219570E-1;1,057261E-1;9,373821E-1;;
30/11/2021  10:22:49,957422;9,357135E-1;1,311958E-1;1,407946E-1;9,373878E-1;;
30/11/2021  10:22:49,957522;9,350012E-1;1,267357E-1;1,202590E-1;9,373941E-1;;
30/11/2021  10:22:49,957622;9,345125E-1;1,149482E-1;1,098333E-1;9,374005E-1;;
30/11/2021  10:22:49,957722;9,335200E-1;1,111253E-1;9,656411E-2;9,374063E-1;;
30/11/2021  10:22:49,957822;9,328465E-1;1,101695E-1;1,016190E-1;9,374107E-1;;
30/11/2021  10:22:49,957922;9,327362E-1;1,114439E-1;1,022509E-1;9,374129E-1;;
30/11/2021  10:22:49,958022;9,321133E-1;1,216384E-1;1,878685E-1;9,374120E-1;;
30/11/2021  10:22:49,958122;9,321282E-1;1,219570E-1;8,013565E-2;9,374073E-1;;
30/11/2021  10:22:49,958222;9,313325E-1;1,203641E-1;1,467973E-1;9,373979E-1;;
30/11/2021  10:22:49,958322;9,301582E-1;1,519035E-1;1,531159E-1;9,373833E-1;;
30/11/2021  10:22:49,958422;9,301910E-1;1,296029E-1;1,284732E-1;9,373625E-1;;
30/11/2021  10:22:49,958522;9,308169E-1;1,305587E-1;1,366875E-1;9,373349E-1;;
30/11/2021  10:22:49,958622;9,314576E-1;1,311958E-1;1,325804E-1;9,372998E-1;;
30/11/2021  10:22:49,958722;9,314129E-1;1,327887E-1;1,354238E-1;9,372570E-1;;
30/11/2021  10:22:49,958822;9,313951E-1;1,178155E-1;1,167838E-1;9,372063E-1;;
30/11/2021  10:22:49,958922;9,316424E-1;1,270543E-1;1,158360E-1;9,371476E-1;;
30/11/2021  10:22:49,959022;9,314696E-1;1,181340E-1;1,088855E-1;9,370810E-1;;
30/11/2021  10:22:49,959122;9,316931E-1;1,276914E-1;1,265777E-1;9,370067E-1;;
30/11/2021  10:22:49,959222;9,324978E-1;1,267357E-1;1,246821E-1;9,369249E-1;;
30/11/2021  10:22:49,959322;9,327988E-1;9,901924E-2;1,098333E-1;9,368358E-1;;
30/11/2021  10:22:49,959422;9,331743E-1;1,302401E-1;1,420583E-1;9,367401E-1;;
30/11/2021  10:22:49,959522;9,333621E-1;-1,280234E-2;5,517702E-2;9,366383E-1;;
30/11/2021  10:22:49,959622;9,323726E-1;1,276914E-1;1,281573E-1;9,365311E-1;;
30/11/2021  10:22:49,959722;9,329389E-1;1,397975E-1;1,370034E-1;9,364191E-1;;
30/11/2021  10:22:49,959822;9,325574E-1;1,270543E-1;1,310007E-1;9,363027E-1;;
30/11/2021  10:22:49,959922;9,332726E-1;1,334259E-1;1,370034E-1;9,361826E-1;;
30/11/2021  10:22:49,960022;9,335826E-1;1,254614E-1;1,183634E-1;9,360592E-1;;
30/11/2021  10:22:49,960122;9,339373E-1;1,311958E-1;1,388990E-1;9,359334E-1;;
30/11/2021  10:22:49,960222;9,330372E-1;1,331073E-1;1,313166E-1;9,358056E-1;;
30/11/2021  10:22:49,960322;9,337674E-1;1,162226E-1;1,183634E-1;9,356766E-1;;
30/11/2021  10:22:49,960422;9,336780E-1;1,337445E-1;1,291051E-1;9,355470E-1;;
30/11/2021  10:22:49,960522;9,339224E-1;1,327887E-1;1,243661E-1;9,354172E-1;;
30/11/2021  10:22:49,960622;9,347747E-1;1,372488E-1;1,310007E-1;9,352881E-1;;
30/11/2021  10:22:49,960722;9,361099E-1;1,296029E-1;1,328963E-1;9,351601E-1;;
30/11/2021  10:22:49,960822;9,363573E-1;5,664810E-2;1,758111E-2;9,350342E-1;;
30/11/2021  10:22:49,960922;9,364258E-1;1,506292E-1;1,960827E-1;9,349113E-1;;
30/11/2021  10:22:49,961022;9,372275E-1;1,238685E-1;1,306848E-1;9,347922E-1;;
30/11/2021  10:22:49,961122;9,378981E-1;1,181340E-1;1,253139E-1;9,346780E-1;;
30/11/2021  10:22:49,961222;9,388190E-1;1,111253E-1;1,180475E-1;9,345695E-1;;
30/11/2021  10:22:49,961322;9,393256E-1;7,512574E-2;1,433221E-1;9,344677E-1;;
30/11/2021  10:22:49,961422;9,403062E-1;1,057094E-1;1,054102E-1;9,343737E-1;;
30/11/2021  10:22:49,961522;9,396147E-1;1,037979E-1;1,133085E-1;9,342884E-1;;
30/11/2021  10:22:49,961622;9,399724E-1;1,053908E-1;1,107811E-1;9,342128E-1;;
30/11/2021  10:22:49,961722;9,404105E-1;1,060280E-1;1,092014E-1;9,341476E-1;;
30/11/2021  10:22:49,961822;9,402764E-1;-1,535098E-2;4,411940E-2;9,340934E-1;;
30/11/2021  10:22:49,961922;9,409767E-1;1,002936E-1;1,199431E-1;9,340508E-1;;
30/11/2021  10:22:49,962022;9,422285E-1;-2,618270E-2;3,274585E-2;9,340203E-1;;
30/11/2021  10:22:49,962122;9,426666E-1;9,392196E-2;1,268936E-1;9,340025E-1;;
30/11/2021  10:22:49,962222;9,430033E-1;5,919674E-2;6,844617E-2;9,339980E-1;;
30/11/2021  10:22:49,962322;9,422404E-1;1,311958E-1;1,376353E-1;9,340071E-1;;
30/11/2021  10:22:49,962422;9,424997E-1;1,327887E-1;1,347919E-1;9,340304E-1;;
30/11/2021  10:22:49,962522;9,423804E-1;1,751599E-1;1,597505E-1;9,340678E-1;;
30/11/2021  10:22:49,962622;9,424460E-1;1,732484E-1;1,442698E-1;9,341194E-1;;
30/11/2021  10:22:49,962722;9,432000E-1;1,742041E-1;1,572231E-1;9,341851E-1;;
30/11/2021  10:22:49,962822;9,432567E-1;1,703812E-1;1,815498E-1;9,342647E-1;;
30/11/2021  10:22:49,962922;9,429020E-1;2,041506E-1;2,390494E-1;9,343582E-1;;
30/11/2021  10:22:49,963022;9,429318E-1;1,232313E-1;1,287892E-1;9,344651E-1;;
30/11/2021  10:22:49,963122;9,427530E-1;1,286472E-1;1,297370E-1;9,345852E-1;;
30/11/2021  10:22:49,963222;9,431076E-1;1,334259E-1;1,294210E-1;9,347178E-1;;
30/11/2021  10:22:49,963322;9,442729E-1;1,181340E-1;1,246821E-1;9,348626E-1;;
30/11/2021  10:22:49,963422;9,447438E-1;1,216384E-1;1,183634E-1;9,350191E-1;;
30/11/2021  10:22:49,963522;9,451283E-1;1,260985E-1;1,294210E-1;9,351870E-1;;
30/11/2021  10:22:49,963622;9,455664E-1;1,378860E-1;1,692285E-1;9,353659E-1;;
30/11/2021  10:22:49,963722;9,459032E-1;1,206827E-1;1,158360E-1;9,355555E-1;;
30/11/2021  10:22:49,963822;9,461654E-1;-1,853678E-2;7,034176E-2;9,357557E-1;;
30/11/2021  10:22:49,963922;9,462340E-1;1,200455E-1;1,199431E-1;9,359660E-1;;
30/11/2021  10:22:49,964022;9,470059E-1;1,155854E-1;1,294210E-1;9,361862E-1;;
30/11/2021  10:22:49,964122;9,478821E-1;1,203641E-1;1,328963E-1;9,364159E-1;;
30/11/2021  10:22:49,964222;9,475304E-1;1,557265E-1;1,619620E-1;9,366548E-1;;
30/11/2021  10:22:49,964322;9,477807E-1;1,229127E-1;1,129926E-1;9,369027E-1;;
30/11/2021  10:22:49,964422;9,468896E-1;1,216384E-1;1,253139E-1;9,371593E-1;;
30/11/2021  10:22:49,964522;9,474738E-1;1,605052E-1;1,641736E-1;9,374239E-1;;
30/11/2021  10:22:49,964622;9,472026E-1;1,378860E-1;1,414265E-1;9,376960E-1;;
30/11/2021  10:22:49,964722;9,477062E-1;1,296029E-1;1,243661E-1;9,379750E-1;;
30/11/2021  10:22:49,964822;9,479178E-1;1,267357E-1;1,284732E-1;9,382602E-1;;
30/11/2021  10:22:49,964922;9,480073E-1;1,187712E-1;9,814378E-2;9,385511E-1;;
30/11/2021  10:22:49,965022;9,483023E-1;1,464877E-1;1,505885E-1;9,388470E-1;;
30/11/2021  10:22:49,965122;9,480609E-1;1,544522E-1;1,452176E-1;9,391474E-1;;
30/11/2021  10:22:49,965222;9,477271E-1;1,162226E-1;1,155200E-1;9,394516E-1;;
30/11/2021  10:22:49,965322;9,483679E-1;1,229127E-1;1,155200E-1;9,397589E-1;;
30/11/2021  10:22:49,965422;9,484066E-1;1,257800E-1;1,483770E-1;9,400687E-1;;
30/11/2021  10:22:49,965522;9,435517E-1;1,184526E-1;1,177316E-1;9,403802E-1;;
30/11/2021  10:22:49,965622;9,443504E-1;1,260985E-1;1,237343E-1;9,406923E-1;;
30/11/2021  10:22:49,965722;9,447617E-1;9,264764E-2;1,297370E-1;9,410034E-1;;
30/11/2021  10:22:49,965822;9,453160E-1;9,615202E-2;1,016190E-1;9,413124E-1;;
30/11/2021  10:22:49,965922;9,440762E-1;1,324701E-1;1,423743E-1;9,416179E-1;;
30/11/2021  10:22:49,966022;9,446246E-1;1,334259E-1;1,319485E-1;9,419189E-1;;
30/11/2021  10:22:49,966122;9,433520E-1;7,576290E-2;1,231024E-1;9,422143E-1;;
30/11/2021  10:22:49,966222;9,435547E-1;1,350188E-1;1,328963E-1;9,425030E-1;;
30/11/2021  10:22:49,966322;9,439123E-1;1,104881E-1;1,278414E-1;9,427840E-1;;
30/11/2021  10:22:49,966422;9,439451E-1;1,219570E-1;1,101492E-1;9,430562E-1;;
30/11/2021  10:22:49,966522;9,440882E-1;1,404346E-1;1,505885E-1;9,433191E-1;;
30/11/2021  10:22:49,966622;9,441656E-1;1,178155E-1;8,487463E-2;9,435718E-1;;
30/11/2021  10:22:49,966722;9,435904E-1;8,755036E-2;7,602853E-2;9,438140E-1;;
30/11/2021  10:22:49,966822;9,433252E-1;1,168597E-1;1,486929E-1;9,440450E-1;;
30/11/2021  10:22:49,966922;9,441299E-1;-2,331548E-2;6,655058E-2;9,442644E-1;;
30/11/2021  10:22:49,967022;9,447379E-1;8,213450E-2;6,876210E-2;9,444718E-1;;
30/11/2021  10:22:49,967122;9,452058E-1;1,101695E-1;1,076217E-1;9,446672E-1;;
30/11/2021  10:22:49,967222;9,446157E-1;-1,758104E-2;3,464144E-2;9,448506E-1;;
30/11/2021  10:22:49,967322;9,452207E-1;1,343816E-1;1,430061E-1;9,450221E-1;;
30/11/2021  10:22:49,967422;9,448422E-1;2,289999E-1;2,260962E-1;9,451817E-1;;
30/11/2021  10:22:49,967522;9,451968E-1;1,216384E-1;1,799702E-1;9,453298E-1;;
30/11/2021  10:22:49,967622;9,460015E-1;7,703722E-2;7,539667E-2;9,454665E-1;;
30/11/2021  10:22:49,967722;9,467585E-1;1,181340E-1;1,234183E-1;9,455922E-1;;
30/11/2021  10:22:49,967822;9,467615E-1;9,360338E-2;9,782784E-2;9,457075E-1;;
30/11/2021  10:22:49,967922;9,472473E-1;1,194084E-1;1,246821E-1;9,458130E-1;;
30/11/2021  10:22:49,968022;9,471668E-1;5,728526E-2;9,119327E-2;9,459094E-1;;
30/11/2021  10:22:49,968122;9,467019E-1;1,178155E-1;1,161519E-1;9,459973E-1;;
30/11/2021  10:22:49,968222;9,466095E-1;1,305587E-1;1,335282E-1;9,460772E-1;;
30/11/2021  10:22:49,968322;9,471608E-1;1,299215E-1;1,262617E-1;9,461498E-1;;
30/11/2021  10:22:49,968422;9,477241E-1;1,079395E-1;1,085695E-1;9,462155E-1;;
30/11/2021  10:22:49,968522;9,476466E-1;1,251428E-1;1,224705E-1;9,462750E-1;;
30/11/2021  10:22:49,968622;9,476884E-1;6,970988E-2;8,234717E-2;9,463288E-1;;
30/11/2021  10:22:49,968722;9,466780E-1;1,296029E-1;1,379512E-1;9,463775E-1;;
30/11/2021  10:22:49,968822;9,461624E-1;1,726112E-1;1,606983E-1;9,464215E-1;;
30/11/2021  10:22:49,968922;9,457422E-1;7,767438E-2;1,092014E-1;9,464611E-1;;
30/11/2021  10:22:49,969022;9,461833E-1;1,101695E-1;1,243661E-1;9,464965E-1;;
30/11/2021  10:22:49,969122;9,467138E-1;1,353374E-1;1,360556E-1;9,465277E-1;;
30/11/2021  10:22:49,969222;9,471102E-1;1,101695E-1;1,025668E-1;9,465550E-1;;
30/11/2021  10:22:49,969322;9,465439E-1;1,267357E-1;1,202590E-1;9,465788E-1;;
30/11/2021  10:22:49,969422;9,459389E-1;1,347002E-1;1,259458E-1;9,465992E-1;;
30/11/2021  10:22:49,969522;9,456498E-1;1,965047E-1;1,837613E-1;9,466165E-1;;
30/11/2021  10:22:49,969622;9,462459E-1;-6,759810E-2;4,759465E-2;9,466308E-1;;
30/11/2021  10:22:49,969722;9,465707E-1;1,353374E-1;1,253139E-1;9,466421E-1;;
30/11/2021  10:22:49,969822;9,469254E-1;1,445762E-1;1,651214E-1;9,466507E-1;;
30/11/2021  10:22:49,969922;9,463174E-1;1,302401E-1;1,202590E-1;9,466568E-1;;
30/11/2021  10:22:49,970022;9,459598E-1;5,632952E-2;6,844617E-2;9,466607E-1;;
30/11/2021  10:22:49,970122;9,459508E-1;1,178155E-1;1,060421E-1;9,466624E-1;;
30/11/2021  10:22:49,970222;9,461684E-1;1,229127E-1;1,035146E-1;9,466621E-1;;
30/11/2021  10:22:49,970322;9,464128E-1;1,241871E-1;1,107811E-1;9,466599E-1;;
30/11/2021  10:22:49,970422;9,471310E-1;1,557265E-1;1,815498E-1;9,466559E-1;;
30/11/2021  10:22:49,970522;9,472771E-1;1,108067E-1;1,505885E-1;9,466505E-1;;
30/11/2021  10:22:49,970622;9,470625E-1;1,203641E-1;1,404787E-1;9,466438E-1;;
30/11/2021  10:22:49,970722;9,466214E-1;1,394789E-1;1,420583E-1;9,466363E-1;;
30/11/2021  10:22:49,970822;9,457243E-1;1,340630E-1;1,291051E-1;9,466281E-1;;
30/11/2021  10:22:49,970922;9,459359E-1;1,350188E-1;1,284732E-1;9,466193E-1;;
30/11/2021  10:22:49,971022;9,463770E-1;1,318330E-1;1,332122E-1;9,466098E-1;;
30/11/2021  10:22:49,971122;9,466661E-1;9,806350E-2;8,550650E-2;9,465997E-1;;
30/11/2021  10:22:49,971222;9,463502E-1;1,238685E-1;1,240502E-1;9,465891E-1;;
30/11/2021  10:22:49,971322;9,457661E-1;1,168597E-1;1,101492E-1;9,465781E-1;;
30/11/2021  10:22:49,971422;9,449524E-1;9,583344E-2;1,013031E-1;9,465667E-1;;
30/11/2021  10:22:49,971522;9,445263E-1;1,085766E-1;1,177316E-1;9,465547E-1;;
30/11/2021  10:22:49,971622;9,439123E-1;8,595746E-2;1,392149E-1;9,465419E-1;;
30/11/2021  10:22:49,971722;9,442580E-1;7,289568E-2;9,782784E-2;9,465280E-1;;
30/11/2021  10:22:49,971822;9,437365E-1;9,870066E-2;1,031987E-1;9,465125E-1;;
30/11/2021  10:22:49,971922;9,433371E-1;3,116170E-2;6,655058E-2;9,464953E-1;;
30/11/2021  10:22:49,972022;9,434027E-1;6,015248E-2;8,139938E-2;9,464759E-1;;
30/11/2021  10:22:49,972122;9,426993E-1;9,806350E-2;1,050943E-1;9,464541E-1;;
30/11/2021  10:22:49,972222;9,416920E-1;7,640006E-2;1,066739E-1;9,464294E-1;;
30/11/2021  10:22:49,972322;9,418619E-1;1,002936E-1;1,142563E-1;9,464014E-1;;
30/11/2021  10:22:49,972422;9,418708E-1;1,076209E-1;1,199431E-1;9,463697E-1;;
30/11/2021  10:22:49,972522;9,416950E-1;1,146297E-1;1,392149E-1;9,463339E-1;;
30/11/2021  10:22:49,972622;9,413671E-1;1,318330E-1;1,316326E-1;9,462936E-1;;
30/11/2021  10:22:49,972722;9,409261E-1;1,477620E-1;1,385831E-1;9,462485E-1;;
30/11/2021  10:22:49,972822;9,397935E-1;1,662396E-1;1,430061E-1;9,461983E-1;;
30/11/2021  10:22:49,972922;9,400051E-1;1,528593E-1;1,373193E-1;9,461428E-1;;
30/11/2021  10:22:49,973022;9,395819E-1;1,716555E-1;1,578549E-1;9,460813E-1;;
30/11/2021  10:22:49,973122;9,399575E-1;1,573194E-1;1,644895E-1;9,460137E-1;;
30/11/2021  10:22:49,973222;9,398561E-1;1,649653E-1;1,891322E-1;9,459398E-1;;
30/11/2021  10:22:49,973322;9,395164E-1;1,299215E-1;1,322644E-1;9,458593E-1;;
30/11/2021  10:22:49,973422;9,386253E-1;1,241871E-1;1,297370E-1;9,457722E-1;;
30/11/2021  10:22:49,973522;9,379070E-1;1,299215E-1;1,351078E-1;9,456783E-1;;
30/11/2021  10:22:49,973622;9,382825E-1;1,378860E-1;1,370034E-1;9,455774E-1;;
30/11/2021  10:22:49,973722;9,383928E-1;1,841850E-2;1,177316E-1;9,454694E-1;;
30/11/2021  10:22:49,973822;9,385597E-1;1,187712E-1;1,224705E-1;9,453541E-1;;
30/11/2021  10:22:49,973922;9,383988E-1;1,127182E-1;1,922915E-1;9,452318E-1;;
30/11/2021  10:22:49,974022;9,384971E-1;1,238685E-1;1,287892E-1;9,451026E-1;;
30/11/2021  10:22:49,974122;9,376865E-1;1,257800E-1;1,281573E-1;9,449666E-1;;
30/11/2021  10:22:49,974222;9,375553E-1;1,296029E-1;1,272095E-1;9,448240E-1;;
30/11/2021  10:22:49,974322;9,379368E-1;1,394789E-1;1,467973E-1;9,446750E-1;;
30/11/2021  10:22:49,974422;9,377342E-1;8,946184E-2;7,602853E-2;9,445199E-1;;
30/11/2021  10:22:49,974522;9,374451E-1;1,426647E-1;1,281573E-1;9,443589E-1;;
30/11/2021  10:22:49,974622;9,372961E-1;2,702016E-2;6,207563E-3;9,441922E-1;;
30/11/2021  10:22:49,974722;9,374093E-1;1,248242E-1;1,193112E-1;9,440203E-1;;
30/11/2021  10:22:49,974822;9,369772E-1;1,280100E-1;1,338441E-1;9,438434E-1;;
30/11/2021  10:22:49,974922;9,369623E-1;1,076209E-1;1,689125E-1;9,436619E-1;;
30/11/2021  10:22:49,975022;9,369652E-1;9,424054E-2;9,688005E-2;9,434760E-1;;
30/11/2021  10:22:49,975122;9,376865E-1;1,448948E-1;1,351078E-1;9,432862E-1;;
30/11/2021  10:22:49,975222;9,377282E-1;9,870066E-2;1,101492E-1;9,430928E-1;;
30/11/2021  10:22:49,975322;9,373110E-1;2,350529E-1;2,605328E-1;9,428966E-1;;
30/11/2021  10:22:49,975422;9,375524E-1;1,509478E-1;1,872366E-1;9,426979E-1;;
30/11/2021  10:22:49,975522;9,373706E-1;1,216384E-1;1,221546E-1;9,424973E-1;;
30/11/2021  10:22:49,975622;9,374033E-1;1,178155E-1;1,196272E-1;9,422953E-1;;
30/11/2021  10:22:49,975722;9,376239E-1;1,254614E-1;1,272095E-1;9,420924E-1;;
30/11/2021  10:22:49,975822;9,380471E-1;6,811698E-2;9,024547E-2;9,418892E-1;;
30/11/2021  10:22:49,975922;9,381186E-1;1,254614E-1;1,129926E-1;9,416862E-1;;
30/11/2021  10:22:49,976022;9,379964E-1;1,184526E-1;1,243661E-1;9,414840E-1;;
30/11/2021  10:22:49,976122;9,378087E-1;1,251428E-1;1,139404E-1;9,412832E-1;;
30/11/2021  10:22:49,976222;9,373974E-1;1,219570E-1;2,024013E-1;9,410843E-1;;
30/11/2021  10:22:49,976322;9,377789E-1;9,264764E-2;1,129926E-1;9,408877E-1;;
30/11/2021  10:22:49,976422;9,384971E-1;6,949618E-3;2,674314E-2;9,406939E-1;;
30/11/2021  10:22:49,976522;9,386491E-1;1,375674E-1;1,534319E-1;9,405033E-1;;
30/11/2021  10:22:49,976622;9,382229E-1;6,078964E-2;9,340479E-2;9,403165E-1;;
30/11/2021  10:22:49,976722;9,382408E-1;1,251428E-1;1,281573E-1;9,401339E-1;;
30/11/2021  10:22:49,976822;9,373050E-1;1,347002E-1;1,347919E-1;9,399560E-1;;
30/11/2021  10:22:49,976922;9,376954E-1;1,557265E-1;1,625939E-1;9,397829E-1;;
30/11/2021  10:22:49,977022;9,377401E-1;1,359745E-1;1,347919E-1;9,396149E-1;;
30/11/2021  10:22:49,977122;9,372156E-1;1,280100E-1;1,202590E-1;9,394521E-1;;
30/11/2021  10:22:49,977222;9,370904E-1;1,286472E-1;1,319485E-1;9,392947E-1;;
30/11/2021  10:22:49,977322;9,367656E-1;1,308772E-1;1,101492E-1;9,391426E-1;;
30/11/2021  10:22:49,977422;9,364735E-1;1,436204E-1;1,613302E-1;9,389958E-1;;
30/11/2021  10:22:49,977522;9,360920E-1;8,755036E-2;6,749837E-2;9,388542E-1;;
30/11/2021  10:22:49,977622;9,360741E-1;1,181340E-1;1,117289E-1;9,387176E-1;;
30/11/2021  10:22:49,977722;9,356897E-1;1,235499E-1;1,170997E-1;9,385859E-1;;
30/11/2021  10:22:49,977822;9,368699E-1;1,394789E-1;1,821817E-1;9,384587E-1;;
30/11/2021  10:22:49,977922;9,364646E-1;5,792242E-2;6,844617E-2;9,383361E-1;;
30/11/2021  10:22:49,978022;9,363394E-1;1,369303E-1;1,499566E-1;9,382179E-1;;
30/11/2021  10:22:49,978122;9,360264E-1;1,108067E-1;1,310007E-1;9,381040E-1;;
30/11/2021  10:22:49,978222;9,353738E-1;7,066562E-2;1,284732E-1;9,379943E-1;;
30/11/2021  10:22:49,978322;9,358983E-1;1,241871E-1;1,155200E-1;9,378887E-1;;
30/11/2021  10:22:49,978422;9,362023E-1;1,404346E-1;1,373193E-1;9,377868E-1;;
30/11/2021  10:22:49,978522;9,367954E-1;1,324701E-1;1,218387E-1;9,376886E-1;;
30/11/2021  10:22:49,978622;9,367715E-1;1,519035E-1;1,521681E-1;9,375941E-1;;
30/11/2021  10:22:49,978722;9,365778E-1;6,301970E-2;9,972343E-2;9,375034E-1;;
30/11/2021  10:22:49,978822;9,361963E-1;6,078964E-2;1,085695E-1;9,374164E-1;;
30/11/2021  10:22:49,978922;9,366136E-1;1,174969E-1;6,749837E-2;9,373330E-1;;
30/11/2021  10:22:49,979022;9,362589E-1;1,178155E-1;1,461654E-1;9,372534E-1;;
30/11/2021  10:22:49,979122;9,367626E-1;-2,172258E-2;4,696279E-2;9,371774E-1;;
30/11/2021  10:22:49,979222;9,368758E-1;8,340882E-2;9,719598E-2;9,371050E-1;;
30/11/2021  10:22:49,979322;9,373318E-1;1,206827E-1;1,155200E-1;9,370363E-1;;
30/11/2021  10:22:49,979422;9,368699E-1;1,423461E-1;1,395309E-1;9,369713E-1;;
30/11/2021  10:22:49,979522;9,361993E-1;8,022302E-2;1,240502E-1;9,369100E-1;;
30/11/2021  10:22:49,979622;9,358119E-1;1,327887E-1;1,379512E-1;9,368524E-1;;
30/11/2021  10:22:49,979722;9,362410E-1;1,031608E-1;1,177316E-1;9,367983E-1;;
30/11/2021  10:22:49,979822;9,363960E-1;1,165411E-1;1,174156E-1;9,367475E-1;;
30/11/2021  10:22:49,979922;9,368550E-1;4,804644E-2;7,571260E-2;9,367000E-1;;
30/11/2021  10:22:49,980022;9,364586E-1;1,088952E-1;1,107811E-1;9,366555E-1;;
30/11/2021  10:22:49,980122;9,364407E-1;9,105474E-2;7,729226E-2;9,366141E-1;;
30/11/2021  10:22:49,980222;9,363483E-1;1,057094E-1;1,009872E-1;9,365757E-1;;
30/11/2021  10:22:49,980322;9,365331E-1;1,006121E-1;1,079377E-1;9,365401E-1;;
30/11/2021  10:22:49,980422;9,371470E-1;1,139925E-1;1,186794E-1;9,365074E-1;;
30/11/2021  10:22:49,980522;9,377073E-1;6,588692E-2;9,056141E-2;9,364774E-1;;
30/11/2021  10:22:49,980622;9,380322E-1;1,047537E-1;1,079377E-1;9,364503E-1;;
30/11/2021  10:22:49,980722;9,382557E-1;1,022050E-1;1,009872E-1;9,364263E-1;;
30/11/2021  10:22:49,980822;9,381872E-1;7,576290E-2;7,350108E-2;9,364056E-1;;
30/11/2021  10:22:49,980922;9,378325E-1;1,210013E-1;1,606983E-1;9,363883E-1;;
30/11/2021  10:22:49,981022;9,386730E-1;1,480806E-1;1,727037E-1;9,363746E-1;;
30/11/2021  10:22:49,981122;9,392899E-1;1,499920E-1;1,417424E-1;9,363646E-1;;
30/11/2021  10:22:49,981222;9,400499E-1;1,557265E-1;1,344760E-1;9,363585E-1;;
30/11/2021  10:22:49,981322;9,401780E-1;1,601866E-1;1,606983E-1;9,363567E-1;;
30/11/2021  10:22:49,981422;9,405148E-1;1,722926E-1;1,534319E-1;9,363596E-1;;
30/11/2021  10:22:49,981522;9,404433E-1;1,566822E-1;1,499566E-1;9,363675E-1;;
30/11/2021  10:22:49,981622;9,400290E-1;6,206396E-2;1,284213E-2;9,363807E-1;;
30/11/2021  10:22:49,981722;9,407174E-1;1,614609E-1;1,619620E-1;9,363994E-1;;
30/11/2021  10:22:49,981822;9,405535E-1;1,210013E-1;1,076217E-1;9,364238E-1;;
30/11/2021  10:22:49,981922;9,412002E-1;1,455319E-1;1,546956E-1;9,364539E-1;;
30/11/2021  10:22:49,982022;9,411496E-1;1,117624E-1;1,063580E-1;9,364899E-1;;
30/11/2021  10:22:49,982122;9,406400E-1;1,088952E-1;9,751191E-2;9,365320E-1;;
30/11/2021  10:22:49,982222;9,405297E-1;1,079395E-1;9,087734E-2;9,365801E-1;;
30/11/2021  10:22:49,982322;9,407323E-1;9,519628E-2;1,133085E-1;9,366340E-1;;
30/11/2021  10:22:49,982422;9,403836E-1;1,101695E-1;1,019350E-1;9,366937E-1;;
30/11/2021  10:22:49,982522;9,414297E-1;1,554079E-1;1,651214E-1;9,367590E-1;;
30/11/2021  10:22:49,982622;9,408009E-1;1,302401E-1;1,388990E-1;9,368296E-1;;
30/11/2021  10:22:49,982722;9,410781E-1;1,318330E-1;1,537478E-1;9,369054E-1;;
30/11/2021  10:22:49,982822;9,411913E-1;1,503106E-1;1,471132E-1;9,369862E-1;;
30/11/2021  10:22:49,982922;9,404015E-1;1,254614E-1;1,268936E-1;9,370718E-1;;
30/11/2021  10:22:49,983022;9,409410E-1;1,197269E-1;1,262617E-1;9,371618E-1;;
30/11/2021  10:22:49,983122;9,410155E-1;1,296029E-1;1,316326E-1;9,372560E-1;;
30/11/2021  10:22:49,983222;9,409827E-1;1,219570E-1;1,240502E-1;9,373539E-1;;
30/11/2021  10:22:49,983322;9,410632E-1;1,375674E-1;1,357397E-1;9,374553E-1;;
30/11/2021  10:22:49,983422;9,411079E-1;1,375674E-1;1,281573E-1;9,375598E-1;;
30/11/2021  10:22:49,983522;9,408098E-1;1,241871E-1;1,193112E-1;9,376672E-1;;
30/11/2021  10:22:49,983622;9,402525E-1;-2,204116E-2;2,295196E-2;9,377771E-1;;
30/11/2021  10:22:49,983722;9,401154E-1;6,556834E-2;9,277293E-2;9,378889E-1;;
30/11/2021  10:22:49,983822;9,410512E-1;7,735580E-2;1,025668E-1;9,380023E-1;;
30/11/2021  10:22:49,983922;9,406817E-1;1,082581E-1;9,435259E-2;9,381168E-1;;
30/11/2021  10:22:49,984022;9,412241E-1;1,114439E-1;1,287892E-1;9,382322E-1;;
30/11/2021  10:22:49,984122;9,410661E-1;1,248242E-1;1,246821E-1;9,383480E-1;;
30/11/2021  10:22:49,984222;9,408307E-1;1,378860E-1;1,392149E-1;9,384640E-1;;
30/11/2021  10:22:49,984322;9,405863E-1;1,225942E-1;1,411105E-1;9,385799E-1;;
30/11/2021  10:22:49,984422;9,401571E-1;1,216384E-1;1,310007E-1;9,386954E-1;;
30/11/2021  10:22:49,984522;9,408754E-1;1,280100E-1;1,189953E-1;9,388102E-1;;
30/11/2021  10:22:49,984622;9,400618E-1;1,283286E-1;1,322644E-1;9,389237E-1;;
30/11/2021  10:22:49,984722;9,406429E-1;1,225942E-1;1,243661E-1;9,390358E-1;;
30/11/2021  10:22:49,984822;9,397757E-1;1,292843E-1;1,316326E-1;9,391460E-1;;
30/11/2021  10:22:49,984922;9,391856E-1;1,372488E-1;1,335282E-1;9,392541E-1;;
30/11/2021  10:22:49,985022;9,391707E-1;1,321516E-1;1,215227E-1;9,393594E-1;;
30/11/2021  10:22:49,985122;9,390544E-1;1,343816E-1;1,310007E-1;9,394617E-1;;
30/11/2021  10:22:49,985222;9,391051E-1;1,232313E-1;1,155200E-1;9,395603E-1;;
30/11/2021  10:22:49,985322;9,385657E-1;1,085766E-1;6,433905E-2;9,396549E-1;;
30/11/2021  10:22:49,985422;9,379905E-1;1,241871E-1;1,335282E-1;9,397451E-1;;
30/11/2021  10:22:49,985522;9,379011E-1;1,324701E-1;1,357397E-1;9,398304E-1;;
30/11/2021  10:22:49,985622;9,372126E-1;1,165411E-1;1,237343E-1;9,399103E-1;;
30/11/2021  10:22:49,985722;9,369205E-1;1,305587E-1;1,297370E-1;9,399843E-1;;
30/11/2021  10:22:49,985822;9,372245E-1;1,579565E-1;1,881844E-1;9,400519E-1;;
30/11/2021  10:22:49,985922;9,371798E-1;1,331073E-1;1,272095E-1;9,401127E-1;;
30/11/2021  10:22:49,986022;9,371590E-1;1,397975E-1;1,796542E-1;9,401663E-1;;
30/11/2021  10:22:49,986122;9,366165E-1;1,321516E-1;1,291051E-1;9,402126E-1;;
30/11/2021  10:22:49,986222;9,360235E-1;1,305587E-1;1,297370E-1;9,402512E-1;;
30/11/2021  10:22:49,986322;9,354542E-1;1,382046E-1;1,382671E-1;9,402818E-1;;
30/11/2021  10:22:49,986422;9,358446E-1;1,321516E-1;1,303688E-1;9,403042E-1;;
30/11/2021  10:22:49,986522;9,361755E-1;1,260985E-1;1,294210E-1;9,403180E-1;;
30/11/2021  10:22:49,986622;9,360920E-1;1,703812E-1;1,452176E-1;9,403232E-1;;
30/11/2021  10:22:49,986722;9,366583E-1;1,264171E-1;1,082536E-1;9,403198E-1;;
30/11/2021  10:22:49,986822;9,363424E-1;1,356559E-1;1,284732E-1;9,403079E-1;;
30/11/2021  10:22:49,986922;9,360026E-1;1,308772E-1;1,351078E-1;9,402877E-1;;
30/11/2021  10:22:49,987022;9,356748E-1;1,245056E-1;1,272095E-1;9,402593E-1;;
30/11/2021  10:22:49,987122;9,359877E-1;1,334259E-1;1,347919E-1;9,402230E-1;;
30/11/2021  10:22:49,987222;9,360861E-1;1,347002E-1;1,325804E-1;9,401788E-1;;
30/11/2021  10:22:49,987322;9,364526E-1;1,152668E-1;1,262617E-1;9,401271E-1;;
30/11/2021  10:22:49,987422;9,367268E-1;2,028763E-1;2,207254E-1;9,400683E-1;;
30/11/2021  10:22:49,987522;9,361159E-1;1,343816E-1;1,297370E-1;9,400027E-1;;
30/11/2021  10:22:49,987622;9,352039E-1;1,372488E-1;1,262617E-1;9,399309E-1;;
30/11/2021  10:22:49,987722;9,354274E-1;1,296029E-1;1,268936E-1;9,398530E-1;;
30/11/2021  10:22:49,987822;9,353767E-1;1,324701E-1;1,275255E-1;9,397694E-1;;
30/11/2021  10:22:49,987922;9,355556E-1;1,305587E-1;1,208909E-1;9,396803E-1;;
30/11/2021  10:22:49,988022;9,359341E-1;1,152668E-1;1,265777E-1;9,395860E-1;;
30/11/2021  10:22:49,988122;9,357046E-1;1,002936E-1;1,300529E-1;9,394869E-1;;
30/11/2021  10:22:49,988222;9,355585E-1;9,710776E-2;9,656411E-2;9,393835E-1;;
30/11/2021  10:22:49,988322;9,354006E-1;1,656025E-1;2,305193E-1;9,392761E-1;;
30/11/2021  10:22:49,988422;9,361516E-1;1,139925E-1;1,344760E-1;9,391651E-1;;
30/11/2021  10:22:49,988522;9,358238E-1;9,424054E-2;1,114129E-1;9,390511E-1;;
30/11/2021  10:22:49,988622;9,358238E-1;1,238685E-1;1,449017E-1;9,389343E-1;;
30/11/2021  10:22:49,988722;9,370278E-1;6,684266E-2;1,297370E-1;9,388154E-1;;
30/11/2021  10:22:49,988822;9,370040E-1;9,742634E-2;1,120448E-1;9,386949E-1;;
30/11/2021  10:22:49,988922;9,367745E-1;1,002936E-1;1,123607E-1;9,385734E-1;;
30/11/2021  10:22:49,989022;9,369354E-1;1,280100E-1;1,480610E-1;9,384515E-1;;
30/11/2021  10:22:49,989122;9,372633E-1;1,082581E-1;1,256299E-1;9,383299E-1;;
30/11/2021  10:22:49,989222;9,368788E-1;1,139925E-1;1,231024E-1;9,382090E-1;;
30/11/2021  10:22:49,989322;9,377818E-1;1,222756E-1;1,341600E-1;9,380895E-1;;
30/11/2021  10:22:49,989422;9,376209E-1;1,417090E-1;1,300529E-1;9,379718E-1;;
30/11/2021  10:22:49,989522;9,379368E-1;1,681511E-1;1,644895E-1;9,378565E-1;;
30/11/2021  10:22:49,989622;9,373139E-1;9,137332E-2;1,050943E-1;9,377442E-1;;
30/11/2021  10:22:49,989722;9,370964E-1;1,448948E-1;1,382671E-1;9,376353E-1;;
30/11/2021  10:22:49,989822;9,379458E-1;1,585937E-1;1,417424E-1;9,375301E-1;;
30/11/2021  10:22:49,989922;9,381335E-1;1,566822E-1;1,932393E-1;9,374290E-1;;
30/11/2021  10:22:49,990022;9,388488E-1;1,493549E-1;1,493248E-1;9,373323E-1;;
30/11/2021  10:22:49,990122;9,380948E-1;1,216384E-1;1,411105E-1;9,372405E-1;;
30/11/2021  10:22:49,990222;9,378265E-1;1,311958E-1;1,385831E-1;9,371539E-1;;
30/11/2021  10:22:49,990322;9,375315E-1;1,401161E-1;1,543797E-1;9,370727E-1;;
30/11/2021  10:22:49,990422;9,373259E-1;1,241871E-1;1,234183E-1;9,369971E-1;;
30/11/2021  10:22:49,990522;9,372663E-1;1,219570E-1;1,262617E-1;9,369271E-1;;
30/11/2021  10:22:49,990622;9,372633E-1;1,225942E-1;1,218387E-1;9,368625E-1;;
30/11/2021  10:22:49,990722;9,377252E-1;1,448948E-1;1,591187E-1;9,368034E-1;;
30/11/2021  10:22:49,990822;9,371351E-1;6,747982E-2;4,348754E-2;9,367496E-1;;
30/11/2021  10:22:49,990922;9,372722E-1;-1,694388E-2;5,675668E-2;9,367011E-1;;
30/11/2021  10:22:49,991022;9,365480E-1;1,012493E-1;9,498445E-2;9,366577E-1;;
30/11/2021  10:22:49,991122;9,370904E-1;1,109116E-2;7,824006E-2;9,366192E-1;;
30/11/2021  10:22:49,991222;9,375464E-1;1,280100E-1;1,319485E-1;9,365853E-1;;
30/11/2021  10:22:49,991322;9,381454E-1;1,280100E-1;1,354238E-1;9,365561E-1;;
30/11/2021  10:22:49,991422;9,381454E-1;9,424054E-2;7,887192E-2;9,365313E-1;;
30/11/2021  10:22:49,991522;9,378146E-1;1,522221E-1;1,521681E-1;9,365111E-1;;
30/11/2021  10:22:49,991622;9,383094E-1;1,601866E-1;1,723878E-1;9,364953E-1;;
30/11/2021  10:22:49,991722;9,379934E-1;1,270543E-1;1,322644E-1;9,364840E-1;;
30/11/2021  10:22:49,991822;9,378265E-1;1,286472E-1;1,287892E-1;9,364770E-1;;
30/11/2021  10:22:49,991922;9,387504E-1;1,194084E-1;1,208909E-1;9,364743E-1;;
30/11/2021  10:22:49,992022;9,391945E-1;1,270543E-1;1,300529E-1;9,364758E-1;;
30/11/2021  10:22:49,992122;9,394121E-1;1,225942E-1;1,205749E-1;9,364816E-1;;
30/11/2021  10:22:49,992222;9,398830E-1;1,187712E-1;1,148882E-1;9,364918E-1;;
30/11/2021  10:22:49,992322;9,396714E-1;1,219570E-1;1,221546E-1;9,365065E-1;;
30/11/2021  10:22:49,992422;9,392154E-1;1,353374E-1;1,338441E-1;9,365258E-1;;
30/11/2021  10:22:49,992522;9,400111E-1;1,347002E-1;1,335282E-1;9,365498E-1;;
30/11/2021  10:22:49,992622;9,405952E-1;3,625898E-2;7,981972E-2;9,365784E-1;;
30/11/2021  10:22:49,992722;9,409648E-1;7,448858E-2;8,013565E-2;9,366117E-1;;
30/11/2021  10:22:49,992822;9,414268E-1;1,073023E-1;1,019350E-1;9,366500E-1;;
30/11/2021  10:22:49,992922;9,407174E-1;-1,333462E-3;7,887192E-2;9,366934E-1;;
30/11/2021  10:22:49,993022;9,411913E-1;1,601866E-1;1,967146E-1;9,367419E-1;;
30/11/2021  10:22:49,993122;9,407234E-1;1,213198E-1;1,243661E-1;9,367957E-1;;
30/11/2021  10:22:49,993222;9,414089E-1;8,978042E-2;1,648054E-1;9,368547E-1;;
30/11/2021  10:22:49,993322;9,418976E-1;1,397975E-1;1,385831E-1;9,369188E-1;;
30/11/2021  10:22:49,993422;9,416682E-1;1,356559E-1;1,717559E-1;9,369880E-1;;
30/11/2021  10:22:49,993522;9,420228E-1;1,273729E-1;1,136244E-1;9,370624E-1;;
30/11/2021  10:22:49,993622;9,419453E-1;1,260985E-1;1,117289E-1;9,371419E-1;;
30/11/2021  10:22:49,993722;9,413880E-1;1,331073E-1;1,281573E-1;9,372265E-1;;
30/11/2021  10:22:49,993822;9,416085E-1;1,013542E-2;7,666040E-2;9,373159E-1;;
30/11/2021  10:22:49,993922;9,428096E-1;1,111253E-1;1,022509E-1;9,374100E-1;;
30/11/2021  10:22:49,994022;9,430093E-1;1,391603E-1;1,398468E-1;9,375086E-1;;
30/11/2021  10:22:49,994122;9,434891E-1;1,270543E-1;1,126766E-1;9,376118E-1;;
30/11/2021  10:22:49,994222;9,435159E-1;5,983390E-2;7,160549E-2;9,377195E-1;;
30/11/2021  10:22:49,994322;9,435279E-1;1,184526E-1;1,221546E-1;9,378317E-1;;
30/11/2021  10:22:49,994422;9,436530E-1;1,423461E-1;1,695444E-1;9,379485E-1;;
30/11/2021  10:22:49,994522;9,440882E-1;1,092138E-1;8,582243E-2;9,380698E-1;;
30/11/2021  10:22:49,994622;9,449048E-1;1,490363E-1;1,524841E-1;9,381955E-1;;
30/11/2021  10:22:49,994722;9,451223E-1;1,382046E-1;1,452176E-1;9,383256E-1;;
30/11/2021  10:22:49,994822;9,459926E-1;1,391603E-1;1,569071E-1;9,384603E-1;;
30/11/2021  10:22:49,994922;9,455187E-1;1,200455E-1;1,297370E-1;9,385996E-1;;
30/11/2021  10:22:49,995022;9,450150E-1;1,260985E-1;1,243661E-1;9,387437E-1;;
30/11/2021  10:22:49,995122;9,450180E-1;1,315144E-1;1,284732E-1;9,388924E-1;;
30/11/2021  10:22:49,995222;9,455634E-1;1,289658E-1;1,249980E-1;9,390455E-1;;
30/11/2021  10:22:49,995322;9,460432E-1;1,276914E-1;1,259458E-1;9,392030E-1;;
30/11/2021  10:22:49,995422;9,463234E-1;1,299215E-1;1,322644E-1;9,393646E-1;;
30/11/2021  10:22:49,995522;9,462966E-1;1,302401E-1;1,272095E-1;9,395302E-1;;
30/11/2021  10:22:49,995622;9,459419E-1;1,210013E-1;1,085695E-1;9,396998E-1;;
30/11/2021  10:22:49,995722;9,455187E-1;8,786894E-2;6,591871E-2;9,398732E-1;;
30/11/2021  10:22:49,995822;9,455843E-1;8,786894E-2;9,340479E-2;9,400499E-1;;
30/11/2021  10:22:49,995922;9,452892E-1;-1,093321E-1;-6,429717E-3;9,402296E-1;;
30/11/2021  10:22:49,996022;9,456320E-1;1,426647E-1;1,518522E-1;9,404119E-1;;
30/11/2021  10:22:49,996122;9,456528E-1;1,324701E-1;1,430061E-1;9,405962E-1;;
30/11/2021  10:22:49,996222;9,452117E-1;1,238685E-1;1,234183E-1;9,407822E-1;;
30/11/2021  10:22:49,996322;9,454621E-1;1,299215E-1;1,278414E-1;9,409694E-1;;
30/11/2021  10:22:49,996422;9,444756E-1;1,111253E-1;1,136244E-1;9,411573E-1;;
30/11/2021  10:22:49,996522;9,451342E-1;9,710776E-2;1,050943E-1;9,413454E-1;;
30/11/2021  10:22:49,996622;9,448720E-1;1,088952E-1;1,129926E-1;9,415330E-1;;
30/11/2021  10:22:49,996722;9,453786E-1;1,060280E-1;1,234183E-1;9,417196E-1;;
30/11/2021  10:22:49,996822;9,450866E-1;9,997498E-2;1,076217E-1;9,419049E-1;;
30/11/2021  10:22:49,996922;9,446037E-1;1,009307E-1;1,013031E-1;9,420884E-1;;
30/11/2021  10:22:49,997022;9,448183E-1;1,108067E-1;1,028828E-1;9,422695E-1;;
30/11/2021  10:22:49,997122;9,448541E-1;1,066652E-1;1,047783E-1;9,424478E-1;;
30/11/2021  10:22:49,997222;9,451730E-1;8,277166E-2;9,719598E-2;9,426230E-1;;
30/11/2021  10:22:49,997322;9,448750E-1;1,480806E-1;1,812339E-1;9,427946E-1;;
30/11/2021  10:22:49,997422;9,453876E-1;7,385142E-2;8,234717E-2;9,429624E-1;;
30/11/2021  10:22:49,997522;9,453548E-1;1,200455E-1;1,344760E-1;9,431261E-1;;
30/11/2021  10:22:49,997622;9,454740E-1;1,311958E-1;1,449017E-1;9,432854E-1;;
30/11/2021  10:22:49,997722;9,448452E-1;1,452133E-1;1,449017E-1;9,434403E-1;;
30/11/2021  10:22:49,997822;9,443385E-1;1,681511E-1;1,512204E-1;9,435905E-1;;
30/11/2021  10:22:49,997922;9,448541E-1;1,582751E-1;1,363715E-1;9,437357E-1;;
30/11/2021  10:22:49,998022;9,443623E-1;1,754784E-1;1,461654E-1;9,438757E-1;;
30/11/2021  10:22:49,998122;9,446097E-1;1,671954E-1;1,591187E-1;9,440101E-1;;
30/11/2021  10:22:49,998222;9,446395E-1;1,477620E-1;1,442698E-1;9,441389E-1;;
30/11/2021  10:22:49,998322;9,437901E-1;1,311958E-1;1,205749E-1;9,442618E-1;;
30/11/2021  10:22:49,998422;9,429407E-1;1,276914E-1;1,167838E-1;9,443786E-1;;
30/11/2021  10:22:49,998522;9,427977E-1;1,260985E-1;1,606983E-1;9,444889E-1;;
30/11/2021  10:22:49,998622;9,433341E-1;1,334259E-1;1,212068E-1;9,445923E-1;;
30/11/2021  10:22:49,998722;9,432179E-1;1,092138E-1;1,050943E-1;9,446887E-1;;
30/11/2021  10:22:49,998822;9,432090E-1;1,018865E-1;7,760819E-2;9,447776E-1;;
30/11/2021  10:22:49,998922;9,426248E-1;1,318330E-1;1,231024E-1;9,448591E-1;;
30/11/2021  10:22:49,999022;9,424341E-1;1,331073E-1;1,430061E-1;9,449328E-1;;
30/11/2021  10:22:49,999122;9,418827E-1;1,340630E-1;1,328963E-1;9,449987E-1;;
30/11/2021  10:22:49,999222;9,420765E-1;1,200455E-1;1,227865E-1;9,450566E-1;;
30/11/2021  10:22:49,999322;9,422642E-1;1,334259E-1;1,306848E-1;9,451062E-1;;
30/11/2021  10:22:49,999422;9,420675E-1;1,334259E-1;1,325804E-1;9,451474E-1;;
30/11/2021  10:22:49,999522;9,427023E-1;1,331073E-1;1,363715E-1;9,451804E-1;;
30/11/2021  10:22:49,999622;9,420318E-1;1,248242E-1;1,259458E-1;9,452051E-1;;
30/11/2021  10:22:49,999722;9,417993E-1;1,327887E-1;1,354238E-1;9,452216E-1;;
30/11/2021  10:22:49,999822;9,418589E-1;1,340630E-1;1,300529E-1;9,452302E-1;;
30/11/2021  10:22:49,999922;9,424937E-1;1,213198E-1;1,205749E-1;9,452307E-1;;
30/11/2021  10:22:50,000022;9,429050E-1;1,165411E-1;1,047783E-1;9,452236E-1;;
30/11/2021  10:22:50,000122;9,429705E-1;1,219570E-1;1,123607E-1;9,452092E-1;;
30/11/2021  10:22:50,000222;9,435308E-1;1,197269E-1;1,306848E-1;9,451878E-1;;
30/11/2021  10:22:50,000322;9,426785E-1;1,117624E-1;1,085695E-1;9,451601E-1;;
30/11/2021  10:22:50,000422;9,422344E-1;1,748413E-1;1,565912E-1;9,451264E-1;;
30/11/2021  10:22:50,000522;9,424848E-1;1,436204E-1;1,509044E-1;9,450871E-1;;
30/11/2021  10:22:50,000622;9,430749E-1;-3,563522E-3;9,119327E-2;9,450425E-1;;
30/11/2021  10:22:50,000722;9,430361E-1;1,299215E-1;1,237343E-1;9,449931E-1;;
30/11/2021  10:22:50,000822;9,436053E-1;1,162226E-1;1,363715E-1;9,449394E-1;;
30/11/2021  10:22:50,000922;9,426308E-1;1,219570E-1;1,234183E-1;9,448817E-1;;
30/11/2021  10:22:50,001022;9,423417E-1;1,311958E-1;1,294210E-1;9,448207E-1;;
30/11/2021  10:22:50,001122;9,419304E-1;1,898145E-1;1,932393E-1;9,447566E-1;;
30/11/2021  10:22:50,001222;9,421420E-1;1,286472E-1;1,370034E-1;9,446896E-1;;
30/11/2021  10:22:50,001322;9,422493E-1;1,241871E-1;1,167838E-1;9,446200E-1;;
30/11/2021  10:22:50,001422;9,419334E-1;1,260985E-1;1,310007E-1;9,445479E-1;;
30/11/2021  10:22:50,001522;9,416354E-1;1,229127E-1;8,961361E-2;9,444738E-1;;
30/11/2021  10:22:50,001622;9,418440E-1;1,671954E-1;1,941871E-1;9,443976E-1;;
30/11/2021  10:22:50,001722;9,408814E-1;1,315144E-1;1,866047E-1;9,443196E-1;;
30/11/2021  10:22:50,001822;9,407890E-1;1,245056E-1;1,338441E-1;9,442398E-1;;
30/11/2021  10:22:50,001922;9,410393E-1;1,216384E-1;1,199431E-1;9,441583E-1;;
30/11/2021  10:22:50,002022;9,410959E-1;1,509478E-1;1,625939E-1;9,440752E-1;;
30/11/2021  10:22:50,002122;9,405952E-1;1,060280E-1;7,792413E-2;9,439904E-1;;
30/11/2021  10:22:50,002222;9,407323E-1;1,353374E-1;1,622780E-1;9,439042E-1;;
30/11/2021  10:22:50,002322;9,404492E-1;1,251428E-1;1,417424E-1;9,438165E-1;;
30/11/2021  10:22:50,002422;9,399634E-1;1,248242E-1;1,272095E-1;9,437274E-1;;
30/11/2021  10:22:50,002522;9,400707E-1;1,206827E-1;1,218387E-1;9,436369E-1;;
30/11/2021  10:22:50,002622;9,399634E-1;1,254614E-1;1,167838E-1;9,435449E-1;;
30/11/2021  10:22:50,002722;9,400439E-1;1,267357E-1;1,139404E-1;9,434516E-1;;
30/11/2021  10:22:50,002822;9,401989E-1;1,264171E-1;1,268936E-1;9,433569E-1;;
30/11/2021  10:22:50,002922;9,400379E-1;1,037979E-1;1,076217E-1;9,432610E-1;;
30/11/2021  10:22:50,003022;9,398710E-1;6,270112E-2;9,466852E-2;9,431639E-1;;
30/11/2021  10:22:50,003122;9,396684E-1;1,114439E-1;5,012211E-2;9,430658E-1;;
30/11/2021  10:22:50,003222;9,391587E-1;1,385232E-1;1,240502E-1;9,429667E-1;;
30/11/2021  10:22:50,003322;9,392571E-1;1,257800E-1;1,357397E-1;9,428666E-1;;
30/11/2021  10:22:50,003422;9,394508E-1;1,127182E-1;1,388990E-1;9,427655E-1;;
30/11/2021  10:22:50,003522;9,389114E-1;1,283286E-1;1,259458E-1;9,426636E-1;;
30/11/2021  10:22:50,003622;9,385716E-1;1,276914E-1;1,212068E-1;9,425607E-1;;
30/11/2021  10:22:50,003722;9,382796E-1;1,232313E-1;1,736515E-1;9,424569E-1;;
30/11/2021  10:22:50,003822;9,377163E-1;1,350188E-1;1,385831E-1;9,423521E-1;;
30/11/2021  10:22:50,003922;9,378474E-1;1,382046E-1;1,404787E-1;9,422462E-1;;
30/11/2021  10:22:50,004022;9,377282E-1;1,235499E-1;1,284732E-1;9,421390E-1;;
30/11/2021  10:22:50,004122;9,382796E-1;1,311958E-1;1,272095E-1;9,420306E-1;;
30/11/2021  10:22:50,004222;9,374808E-1;1,369303E-1;1,243661E-1;9,419208E-1;;
30/11/2021  10:22:50,004322;9,367000E-1;1,187712E-1;8,487463E-2;9,418096E-1;;
30/11/2021  10:22:50,004422;9,372305E-1;1,219570E-1;1,126766E-1;9,416971E-1;;
30/11/2021  10:22:50,004522;9,368967E-1;1,216384E-1;1,107811E-1;9,415829E-1;;
30/11/2021  10:22:50,004622;9,371143E-1;1,225942E-1;1,240502E-1;9,414672E-1;;
30/11/2021  10:22:50,004722;9,370487E-1;1,050723E-1;1,234183E-1;9,413499E-1;;
30/11/2021  10:22:50,004822;9,371172E-1;-5,358058E-2;1,473773E-2;9,412311E-1;;
30/11/2021  10:22:50,004922;9,373884E-1;1,028422E-1;1,249980E-1;9,411108E-1;;
30/11/2021  10:22:50,005022;9,372573E-1;2,594380E-4;5,580889E-2;9,409892E-1;;
30/11/2021  10:22:50,005122;9,365271E-1;1,171783E-1;1,730197E-1;9,408665E-1;;
30/11/2021  10:22:50,005222;9,369027E-1;1,079395E-1;1,205749E-1;9,407427E-1;;
30/11/2021  10:22:50,005322;9,375702E-1;1,098510E-1;1,382671E-1;9,406181E-1;;
30/11/2021  10:22:50,005422;9,373020E-1;1,057094E-1;1,123607E-1;9,404927E-1;;
30/11/2021  10:22:50,005522;9,379934E-1;1,108067E-1;1,505885E-1;9,403670E-1;;
30/11/2021  10:22:50,005622;9,380471E-1;9,933782E-2;1,013031E-1;9,402411E-1;;
30/11/2021  10:22:50,005722;9,371768E-1;8,723178E-2;1,013031E-1;9,401156E-1;;
30/11/2021  10:22:50,005822;9,378683E-1;1,404346E-1;1,821817E-1;9,399907E-1;;
30/11/2021  10:22:50,005922;9,382617E-1;1,292843E-1;1,388990E-1;9,398667E-1;;
30/11/2021  10:22:50,006022;9,387028E-1;8,659462E-2;9,435259E-2;9,397440E-1;;
30/11/2021  10:22:50,006122;9,390604E-1;1,483991E-1;1,373193E-1;9,396230E-1;;
30/11/2021  10:22:50,006222;9,394866E-1;1,499920E-1;1,136244E-1;9,395043E-1;;
30/11/2021  10:22:50,006322;9,388398E-1;7,767438E-2;1,000394E-1;9,393883E-1;;
30/11/2021  10:22:50,006422;9,389173E-1;1,620981E-1;1,436380E-1;9,392756E-1;;
30/11/2021  10:22:50,006522;9,384017E-1;1,738855E-1;1,793383E-1;9,391664E-1;;
30/11/2021  10:22:50,006622;9,387355E-1;1,018865E-1;8,961361E-2;9,390610E-1;;
30/11/2021  10:22:50,006722;9,397101E-1;1,283286E-1;1,711241E-1;9,389598E-1;;
30/11/2021  10:22:50,006822;9,394210E-1;1,474434E-1;1,701763E-1;9,388629E-1;;
30/11/2021  10:22:50,006922;9,398502E-1;1,471248E-1;1,682807E-1;9,387707E-1;;
30/11/2021  10:22:50,007022;9,386014E-1;1,219570E-1;1,170997E-1;9,386836E-1;;
30/11/2021  10:22:50,007122;9,389740E-1;1,178155E-1;1,186794E-1;9,386016E-1;;
30/11/2021  10:22:50,007222;9,385448E-1;1,286472E-1;1,300529E-1;9,385249E-1;;
30/11/2021  10:22:50,007322;9,389591E-1;1,248242E-1;1,297370E-1;9,384534E-1;;
30/11/2021  10:22:50,007422;9,395641E-1;1,232313E-1;1,246821E-1;9,383871E-1;;
30/11/2021  10:22:50,007522;9,398323E-1;1,276914E-1;1,237343E-1;9,383261E-1;;
30/11/2021  10:22:50,007622;9,387892E-1;1,108067E-1;1,158360E-1;9,382706E-1;;
30/11/2021  10:22:50,007722;9,387355E-1;1,085766E-1;1,009872E-1;9,382204E-1;;
30/11/2021  10:22:50,007822;9,382259E-1;-2,076684E-2;1,315807E-2;9,381755E-1;;
30/11/2021  10:22:50,007922;9,380083E-1;1,108067E-1;9,877564E-2;9,381356E-1;;
30/11/2021  10:22:50,008022;9,386759E-1;1,519035E-1;1,654373E-1;9,381005E-1;;
30/11/2021  10:22:50,008122;9,385210E-1;1,289658E-1;1,449017E-1;9,380699E-1;;
30/11/2021  10:22:50,008222;9,380650E-1;1,235499E-1;1,430061E-1;9,380436E-1;;
30/11/2021  10:22:50,008322;9,378683E-1;1,248242E-1;1,202590E-1;9,380213E-1;;
30/11/2021  10:22:50,008422;9,378713E-1;1,270543E-1;1,275255E-1;9,380028E-1;;
30/11/2021  10:22:50,008522;9,372275E-1;1,280100E-1;1,420583E-1;9,379876E-1;;
30/11/2021  10:22:50,008622;9,376418E-1;1,254614E-1;1,306848E-1;9,379754E-1;;
30/11/2021  10:22:50,008722;9,380620E-1;1,187712E-1;1,180475E-1;9,379659E-1;;
30/11/2021  10:22:50,008822;9,384554E-1;1,203641E-1;1,341600E-1;9,379588E-1;;
30/11/2021  10:22:50,008922;9,380620E-1;1,232313E-1;1,224705E-1;9,379538E-1;;
30/11/2021  10:22:50,009022;9,376507E-1;1,257800E-1;1,246821E-1;9,379508E-1;;
30/11/2021  10:22:50,009122;9,365003E-1;1,276914E-1;1,205749E-1;9,379496E-1;;
30/11/2021  10:22:50,009222;9,366523E-1;1,162226E-1;1,231024E-1;9,379498E-1;;
30/11/2021  10:22:50,009322;9,367209E-1;1,120810E-1;1,155200E-1;9,379509E-1;;
30/11/2021  10:22:50,009422;9,375255E-1;1,280100E-1;1,546956E-1;9,379525E-1;;
30/11/2021  10:22:50,009522;9,369027E-1;9,742634E-2;9,150920E-2;9,379543E-1;;
30/11/2021  10:22:50,009622;9,369354E-1;1,165411E-1;1,262617E-1;9,379562E-1;;
30/11/2021  10:22:50,009722;9,363900E-1;1,168597E-1;1,284732E-1;9,379578E-1;;
30/11/2021  10:22:50,009822;9,362768E-1;1,254614E-1;1,275255E-1;9,379588E-1;;
30/11/2021  10:22:50,009922;9,364765E-1;1,372488E-1;1,376353E-1;9,379591E-1;;
30/11/2021  10:22:50,010022;9,369056E-1;1,302401E-1;1,316326E-1;9,379582E-1;;
30/11/2021  10:22:50,010122;9,366762E-1;1,235499E-1;1,092014E-1;9,379560E-1;;
30/11/2021  10:22:50,010222;9,371590E-1;1,375674E-1;1,319485E-1;9,379525E-1;;
30/11/2021  10:22:50,010322;9,367507E-1;1,311958E-1;1,275255E-1;9,379476E-1;;
30/11/2021  10:22:50,010422;9,363513E-1;1,257800E-1;1,234183E-1;9,379411E-1;;
30/11/2021  10:22:50,010522;9,360473E-1;1,315144E-1;1,205749E-1;9,379331E-1;;
30/11/2021  10:22:50,010622;9,367507E-1;-4,519262E-3;6,528685E-2;9,379234E-1;;
30/11/2021  10:22:50,010722;9,372722E-1;1,777085E-1;1,531159E-1;9,379119E-1;;
30/11/2021  10:22:50,010822;9,372901E-1;8,149734E-2;8,550650E-2;9,378987E-1;;
30/11/2021  10:22:50,010922;9,376656E-1;8,786894E-2;7,255328E-2;9,378840E-1;;
30/11/2021  10:22:50,011022;9,376447E-1;1,203641E-1;1,145722E-1;9,378679E-1;;
30/11/2021  10:22:50,011122;9,368162E-1;1,343816E-1;1,480610E-1;9,378506E-1;;
30/11/2021  10:22:50,011222;9,367238E-1;1,264171E-1;1,253139E-1;9,378323E-1;;
30/11/2021  10:22:50,011322;9,374153E-1;1,006121E-1;9,119327E-2;9,378129E-1;;
30/11/2021  10:22:50,011422;9,375136E-1;1,273729E-1;1,291051E-1;9,377927E-1;;
30/11/2021  10:22:50,011522;9,379487E-1;1,203641E-1;1,278414E-1;9,377718E-1;;
30/11/2021  10:22:50,011622;9,376090E-1;1,222756E-1;1,253139E-1;9,377503E-1;;
30/11/2021  10:22:50,011722;9,371739E-1;1,308772E-1;1,284732E-1;9,377285E-1;;
30/11/2021  10:22:50,011822;9,366553E-1;1,343816E-1;1,275255E-1;9,377065E-1;;
30/11/2021  10:22:50,011922;9,362440E-1;1,257800E-1;1,275255E-1;9,376843E-1;;
30/11/2021  10:22:50,012022;9,365182E-1;1,276914E-1;1,313166E-1;9,376618E-1;;
30/11/2021  10:22:50,012122;9,365987E-1;1,254614E-1;1,136244E-1;9,376390E-1;;
30/11/2021  10:22:50,012222;9,367566E-1;1,347002E-1;1,398468E-1;9,376157E-1;;
30/11/2021  10:22:50,012322;9,362380E-1;1,197269E-1;1,518522E-1;9,375920E-1;;
30/11/2021  10:22:50,012422;9,358685E-1;7,671864E-2;8,613836E-2;9,375679E-1;;
30/11/2021  10:22:50,012522;9,353618E-1;2,092479E-1;2,055607E-1;9,375431E-1;;
30/11/2021  10:22:50,012622;9,351383E-1;1,458505E-1;1,272095E-1;9,375175E-1;;
30/11/2021  10:22:50,012722;9,359341E-1;1,433019E-1;1,284732E-1;9,374910E-1;;
30/11/2021  10:22:50,012822;9,356211E-1;1,378860E-1;1,310007E-1;9,374633E-1;;
30/11/2021  10:22:50,012922;9,355347E-1;1,433019E-1;1,606983E-1;9,374343E-1;;
30/11/2021  10:22:50,013022;9,356509E-1;1,356559E-1;1,385831E-1;9,374041E-1;;
30/11/2021  10:22:50,013122;9,348254E-1;1,098510E-1;1,155200E-1;9,373725E-1;;
30/11/2021  10:22:50,013222;9,347151E-1;1,595494E-1;1,303688E-1;9,373394E-1;;
30/11/2021  10:22:50,013322;9,352337E-1;-3,255430E-2;4,475127E-2;9,373047E-1;;
30/11/2021  10:22:50,013422;9,357701E-1;1,088952E-1;1,050943E-1;9,372683E-1;;
30/11/2021  10:22:50,013522;9,354274E-1;8,691320E-2;1,158360E-1;9,372303E-1;;
30/11/2021  10:22:50,013622;9,355764E-1;8,149734E-2;8,234717E-2;9,371906E-1;;
30/11/2021  10:22:50,013722;9,351294E-1;1,605052E-1;1,420583E-1;9,371495E-1;;
30/11/2021  10:22:50,013822;9,348075E-1;8,404598E-2;9,435259E-2;9,371069E-1;;
30/11/2021  10:22:50,013922;9,347241E-1;1,057094E-1;1,265777E-1;9,370628E-1;;
30/11/2021  10:22:50,014022;9,350668E-1;1,009307E-1;1,044624E-1;9,370172E-1;;
30/11/2021  10:22:50,014122;9,358208E-1;1,531778E-1;1,986102E-1;9,369702E-1;;
30/11/2021  10:22:50,014222;9,358208E-1;1,044351E-1;1,136244E-1;9,369219E-1;;
30/11/2021  10:22:50,014322;9,357433E-1;1,143111E-1;1,445858E-1;9,368725E-1;;
30/11/2021  10:22:50,014422;9,346197E-1;1,353374E-1;1,588027E-1;9,368222E-1;;
30/11/2021  10:22:50,014522;9,343783E-1;1,391603E-1;1,272095E-1;9,367712E-1;;
30/11/2021  10:22:50,014622;9,343128E-1;1,321516E-1;1,262617E-1;9,367193E-1;;
30/11/2021  10:22:50,014722;9,352873E-1;1,589123E-1;1,420583E-1;9,366666E-1;;
30/11/2021  10:22:50,014822;9,356539E-1;1,687883E-1;1,363715E-1;9,366130E-1;;
30/11/2021  10:22:50,014922;9,357403E-1;1,614609E-1;1,556434E-1;9,365589E-1;;
30/11/2021  10:22:50,015022;9,352337E-1;1,493549E-1;1,521681E-1;9,365043E-1;;
30/11/2021  10:22:50,015122;9,354304E-1;1,840801E-1;2,096678E-1;9,364497E-1;;
30/11/2021  10:22:50,015222;9,349893E-1;-1,542519E-1;-3,802292E-2;9,363950E-1;;
30/11/2021  10:22:50,015322;9,357105E-1;1,088952E-1;1,189953E-1;9,363405E-1;;
30/11/2021  10:22:50,015422;9,364467E-1;1,229127E-1;1,294210E-1;9,362862E-1;;
30/11/2021  10:22:50,015522;9,370755E-1;1,031608E-1;1,016190E-1;9,362327E-1;;
30/11/2021  10:22:50,015622;9,371739E-1;8,468314E-2;7,381701E-2;9,361801E-1;;
30/11/2021  10:22:50,015722;9,373110E-1;1,366117E-1;1,354238E-1;9,361291E-1;;
30/11/2021  10:22:50,015822;9,371023E-1;1,187712E-1;1,205749E-1;9,360801E-1;;
30/11/2021  10:22:50,015922;9,364526E-1;1,289658E-1;1,366875E-1;9,360333E-1;;
30/11/2021  10:22:50,016022;9,373646E-1;1,362931E-1;1,262617E-1;9,359892E-1;;
30/11/2021  10:22:50,016122;9,376447E-1;1,229127E-1;1,272095E-1;9,359479E-1;;
30/11/2021  10:22:50,016222;9,385478E-1;1,238685E-1;1,262617E-1;9,359099E-1;;
30/11/2021  10:22:50,016322;9,384643E-1;1,139925E-1;1,152041E-1;9,358754E-1;;
30/11/2021  10:22:50,016422;9,386044E-1;5,696668E-2;8,455870E-2;9,358449E-1;;
30/11/2021  10:22:50,016522;9,377818E-1;1,187712E-1;1,126766E-1;9,358187E-1;;
30/11/2021  10:22:50,016622;9,376656E-1;1,280100E-1;1,202590E-1;9,357972E-1;;
30/11/2021  10:22:50,016722;9,383004E-1;1,216384E-1;1,231024E-1;9,357803E-1;;
30/11/2021  10:22:50,016822;9,386998E-1;1,063466E-1;1,426902E-1;9,357682E-1;;
30/11/2021  10:22:50,016922;9,390187E-1;1,464877E-1;1,287892E-1;9,357611E-1;;
30/11/2021  10:22:50,017022;9,387177E-1;1,273729E-1;1,297370E-1;9,357591E-1;;
30/11/2021  10:22:50,017122;9,382825E-1;1,471248E-1;1,572231E-1;9,357623E-1;;
30/11/2021  10:22:50,017222;9,381067E-1;7,608148E-2;1,158360E-1;9,357707E-1;;
30/11/2021  10:22:50,017322;9,385627E-1;1,203641E-1;1,253139E-1;9,357842E-1;;
30/11/2021  10:22:50,017422;9,386759E-1;7,193994E-2;1,199431E-1;9,358028E-1;;
30/11/2021  10:22:50,017522;9,389114E-1;1,267357E-1;1,205749E-1;9,358264E-1;;
30/11/2021  10:22:50,017622;9,392750E-1;1,181340E-1;1,284732E-1;9,358548E-1;;
30/11/2021  10:22:50,017722;9,389263E-1;1,251428E-1;1,069899E-1;9,358881E-1;;
30/11/2021  10:22:50,017822;9,383958E-1;1,190898E-1;1,063580E-1;9,359262E-1;;
30/11/2021  10:22:50,017922;9,386223E-1;1,359745E-1;1,145722E-1;9,359688E-1;;
30/11/2021  10:22:50,018022;9,395074E-1;1,321516E-1;1,281573E-1;9,360158E-1;;
30/11/2021  10:22:50,018122;9,397727E-1;1,204690E-2;5,391329E-2;9,360669E-1;;
30/11/2021  10:22:50,018222;9,399396E-1;1,337445E-1;1,281573E-1;9,361223E-1;;
30/11/2021  10:22:50,018322;9,404671E-1;1,171783E-1;7,918786E-2;9,361817E-1;;
30/11/2021  10:22:50,018422;9,401780E-1;1,280100E-1;1,354238E-1;9,362453E-1;;
30/11/2021  10:22:50,018522;9,397161E-1;5,792242E-2;9,435259E-2;9,363130E-1;;
30/11/2021  10:22:50,018622;9,401691E-1;1,410718E-1;1,657532E-1;9,363847E-1;;
30/11/2021  10:22:50,018722;9,405029E-1;1,353374E-1;1,404787E-1;9,364603E-1;;
30/11/2021  10:22:50,018822;9,410334E-1;1,009307E-1;1,426902E-1;9,365396E-1;;
30/11/2021  10:22:50,018922;9,418589E-1;1,684697E-1;1,644895E-1;9,366226E-1;;
30/11/2021  10:22:50,019022;9,414059E-1;1,675139E-1;1,850251E-1;9,367094E-1;;
30/11/2021  10:22:50,019122;9,415221E-1;1,308772E-1;1,294210E-1;9,368001E-1;;
30/11/2021  10:22:50,019222;9,413016E-1;1,321516E-1;1,300529E-1;9,368945E-1;;
30/11/2021  10:22:50,019322;9,412151E-1;1,302401E-1;1,227865E-1;9,369927E-1;;
30/11/2021  10:22:50,019422;9,416413E-1;1,187712E-1;1,278414E-1;9,370944E-1;;
30/11/2021  10:22:50,019522;9,426666E-1;1,343816E-1;1,275255E-1;9,371996E-1;;
30/11/2021  10:22:50,019622;9,426636E-1;1,283286E-1;1,224705E-1;9,373082E-1;;
30/11/2021  10:22:50,019722;9,423208E-1;1,302401E-1;1,221546E-1;9,374202E-1;;
30/11/2021  10:22:50,019822;9,419692E-1;1,334259E-1;1,177316E-1;9,375356E-1;;
30/11/2021  10:22:50,019922;9,416562E-1;8,786894E-2;1,126766E-1;9,376542E-1;;
30/11/2021  10:22:50,020022;9,419721E-1;1,308772E-1;1,455336E-1;9,377758E-1;;
30/11/2021  10:22:50,020122;9,422046E-1;1,031608E-1;1,221546E-1;9,379001E-1;;
30/11/2021  10:22:50,020222;9,430182E-1;1,455319E-1;1,641736E-1;9,380267E-1;;
30/11/2021  10:22:50,020322;9,434355E-1;1,225942E-1;1,218387E-1;9,381557E-1;;
30/11/2021  10:22:50,020422;9,427530E-1;1,407532E-1;1,316326E-1;9,382870E-1;;
30/11/2021  10:22:50,020522;9,426964E-1;1,375674E-1;1,316326E-1;9,384203E-1;;
30/11/2021  10:22:50,020622;9,426219E-1;1,471248E-1;1,486929E-1;9,385556E-1;;
30/11/2021  10:22:50,020722;9,433282E-1;1,276914E-1;1,208909E-1;9,386925E-1;;
30/11/2021  10:22:50,020822;9,437365E-1;1,321516E-1;1,231024E-1;9,388309E-1;;
30/11/2021  10:22:50,020922;9,442580E-1;1,347002E-1;1,426902E-1;9,389708E-1;;
30/11/2021  10:22:50,021022;9,446753E-1;1,229127E-1;1,227865E-1;9,391120E-1;;
30/11/2021  10:22:50,021122;9,442193E-1;1,302401E-1;1,237343E-1;9,392546E-1;;
30/11/2021  10:22:50,021222;9,442402E-1;1,385232E-1;1,231024E-1;9,393986E-1;;
30/11/2021  10:22:50,021322;9,439719E-1;1,296029E-1;1,076217E-1;9,395439E-1;;
30/11/2021  10:22:50,021422;9,447289E-1;1,076209E-1;1,044624E-1;9,396904E-1;;
30/11/2021  10:22:50,021522;9,452862E-1;1,146297E-1;1,407946E-1;9,398380E-1;;
30/11/2021  10:22:50,021622;9,452296E-1;1,044351E-1;1,332122E-1;9,399867E-1;;
30/11/2021  10:22:50,021722;9,452594E-1;1,060280E-1;1,205749E-1;9,401364E-1;;
30/11/2021  10:22:50,021822;9,446932E-1;1,143111E-1;1,262617E-1;9,402871E-1;;
30/11/2021  10:22:50,021922;9,440375E-1;1,152668E-1;1,253139E-1;9,404387E-1;;
30/11/2021  10:22:50,022022;9,444994E-1;1,159040E-1;1,262617E-1;9,405909E-1;;
30/11/2021  10:22:50,022122;9,442640E-1;1,050723E-1;1,145722E-1;9,407434E-1;;
30/11/2021  10:22:50,022222;9,447766E-1;9,105474E-2;9,119327E-2;9,408959E-1;;
30/11/2021  10:22:50,022322;9,447051E-1;9,742634E-2;1,101492E-1;9,410482E-1;;
30/11/2021  10:22:50,022422;9,443236E-1;9,615202E-2;1,069899E-1;9,411999E-1;;
30/11/2021  10:22:50,022522;9,437722E-1;9,519628E-2;1,079377E-1;9,413508E-1;;
30/11/2021  10:22:50,022622;9,435755E-1;9,201048E-2;9,277293E-2;9,415006E-1;;
30/11/2021  10:22:50,022722;9,429258E-1;2,159381E-1;1,837613E-1;9,416487E-1;;
30/11/2021  10:22:50,022822;9,435189E-1;9,519628E-2;1,016190E-1;9,417947E-1;;
30/11/2021  10:22:50,022922;9,437275E-1;9,137332E-2;1,006712E-1;9,419381E-1;;
30/11/2021  10:22:50,023022;9,437722E-1;1,761156E-1;1,148882E-1;9,420786E-1;;
30/11/2021  10:22:50,023122;9,434981E-1;1,503106E-1;1,174156E-1;9,422158E-1;;
30/11/2021  10:22:50,023222;9,430480E-1;1,248242E-1;1,742834E-1;9,423495E-1;;
30/11/2021  10:22:50,023322;9,434355E-1;1,579565E-1;1,493248E-1;9,424793E-1;;
30/11/2021  10:22:50,023422;9,433610E-1;1,407532E-1;1,426902E-1;9,426050E-1;;
30/11/2021  10:22:50,023522;9,440584E-1;1,315144E-1;1,347919E-1;9,427262E-1;;
30/11/2021  10:22:50,023622;9,447408E-1;1,334259E-1;1,370034E-1;9,428429E-1;;
30/11/2021  10:22:50,023722;9,445769E-1;1,155854E-1;1,196272E-1;9,429551E-1;;
30/11/2021  10:22:50,023822;9,443921E-1;1,260985E-1;1,272095E-1;9,430630E-1;;
30/11/2021  10:22:50,023922;9,440435E-1;1,238685E-1;1,268936E-1;9,431664E-1;;
30/11/2021  10:22:50,024022;9,444756E-1;1,315144E-1;1,306848E-1;9,432655E-1;;
30/11/2021  10:22:50,024122;9,449375E-1;1,267357E-1;1,265777E-1;9,433604E-1;;
30/11/2021  10:22:50,024222;9,451551E-1;1,139925E-1;1,057261E-1;9,434510E-1;;
30/11/2021  10:22:50,024322;9,457184E-1;1,245056E-1;9,782784E-2;9,435377E-1;;
30/11/2021  10:22:50,024422;9,456618E-1;1,888588E-1;1,790224E-1;9,436207E-1;;
30/11/2021  10:22:50,024522;9,456230E-1;8,723178E-2;9,024547E-2;9,437003E-1;;
30/11/2021  10:22:50,024622;9,445859E-1;1,585937E-1;1,711241E-1;9,437768E-1;;
30/11/2021  10:22:50,024722;9,446634E-1;1,366117E-1;1,370034E-1;9,438502E-1;;
30/11/2021  10:22:50,024822;9,450955E-1;1,257800E-1;1,546956E-1;9,439207E-1;;
30/11/2021  10:22:50,024922;9,454978E-1;1,257800E-1;1,306848E-1;9,439882E-1;;
30/11/2021  10:22:50,025022;9,453309E-1;1,397975E-1;1,584868E-1;9,440530E-1;;
30/11/2021  10:22:50,025122;9,444637E-1;1,356559E-1;1,332122E-1;9,441151E-1;;
30/11/2021  10:22:50,025222;9,445382E-1;1,187712E-1;1,256299E-1;9,441746E-1;;
30/11/2021  10:22:50,025322;9,434683E-1;1,222756E-1;1,287892E-1;9,442315E-1;;
30/11/2021  10:22:50,025422;9,435785E-1;1,359745E-1;1,426902E-1;9,442856E-1;;
30/11/2021  10:22:50,025522;9,432924E-1;1,165411E-1;1,057261E-1;9,443366E-1;;
30/11/2021  10:22:50,025622;9,432239E-1;1,311958E-1;1,351078E-1;9,443844E-1;;
30/11/2021  10:22:50,025722;9,428960E-1;1,034794E-1;6,244346E-2;9,444287E-1;;
30/11/2021  10:22:50,025822;9,427798E-1;2,006463E-1;2,175661E-1;9,444693E-1;;
30/11/2021  10:22:50,025922;9,419543E-1;1,139925E-1;1,253139E-1;9,445060E-1;;
30/11/2021  10:22:50,026022;9,418857E-1;1,404346E-1;1,505885E-1;9,445384E-1;;
30/11/2021  10:22:50,026122;9,421301E-1;1,123996E-1;1,092014E-1;9,445662E-1;;
30/11/2021  10:22:50,026222;9,414357E-1;1,337445E-1;1,319485E-1;9,445891E-1;;
30/11/2021  10:22:50,026322;9,420377E-1;1,241871E-1;1,167838E-1;9,446069E-1;;
30/11/2021  10:22:50,026422;9,415549E-1;1,420275E-1;1,708081E-1;9,446195E-1;;
30/11/2021  10:22:50,026522;9,408456E-1;1,385232E-1;1,581709E-1;9,446266E-1;;
30/11/2021  10:22:50,026622;9,400171E-1;1,410718E-1;1,335282E-1;9,446281E-1;;
30/11/2021  10:22:50,026722;9,401363E-1;1,225942E-1;1,253139E-1;9,446236E-1;;
30/11/2021  10:22:50,026822;9,401542E-1;1,219570E-1;1,268936E-1;9,446128E-1;;
30/11/2021  10:22:50,026922;9,402346E-1;9,870066E-2;1,088855E-1;9,445955E-1;;
30/11/2021  10:22:50,027022;9,400677E-1;1,296029E-1;1,243661E-1;9,445717E-1;;
30/11/2021  10:22:50,027122;9,395730E-1;1,267357E-1;1,347919E-1;9,445411E-1;;
30/11/2021  10:22:50,027222;9,389859E-1;1,308772E-1;1,268936E-1;9,445037E-1;;
30/11/2021  10:22:50,027322;9,384941E-1;1,321516E-1;1,847091E-1;9,444593E-1;;
30/11/2021  10:22:50,027422;9,376328E-1;5,696668E-2;7,065769E-2;9,444078E-1;;
30/11/2021  10:22:50,027522;9,378981E-1;1,117624E-1;1,297370E-1;9,443489E-1;;
30/11/2021  10:22:50,027622;9,381544E-1;1,251428E-1;1,379512E-1;9,442824E-1;;
30/11/2021  10:22:50,027722;9,375851E-1;1,267357E-1;1,253139E-1;9,442083E-1;;
30/11/2021  10:22:50,027822;9,371053E-1;8,468314E-2;1,003553E-1;9,441264E-1;;
30/11/2021  10:22:50,027922;9,363960E-1;1,490363E-1;1,310007E-1;9,440367E-1;;
30/11/2021  10:22:50,028022;9,367358E-1;1,241871E-1;1,376353E-1;9,439390E-1;;
30/11/2021  10:22:50,028122;9,359460E-1;1,302401E-1;1,300529E-1;9,438334E-1;;
30/11/2021  10:22:50,028222;9,362887E-1;1,155854E-1;1,243661E-1;9,437198E-1;;
30/11/2021  10:22:50,028322;9,360473E-1;1,155854E-1;1,139404E-1;9,435982E-1;;
30/11/2021  10:22:50,028422;9,356956E-1;1,280100E-1;1,101492E-1;9,434687E-1;;
30/11/2021  10:22:50,028522;9,358387E-1;1,117624E-1;1,407946E-1;9,433313E-1;;
30/11/2021  10:22:50,028622;9,359460E-1;1,025236E-1;8,834988E-2;9,431864E-1;;
30/11/2021  10:22:50,028722;9,359937E-1;1,174969E-1;1,167838E-1;9,430341E-1;;
30/11/2021  10:22:50,028822;9,362917E-1;1,372488E-1;1,278414E-1;9,428747E-1;;
30/11/2021  10:22:50,028922;9,374153E-1;1,388417E-1;1,524841E-1;9,427088E-1;;
30/11/2021  10:22:50,029022;9,373110E-1;7,990444E-2;9,403666E-2;9,425370E-1;;
30/11/2021  10:22:50,029122;9,379100E-1;1,245056E-1;1,370034E-1;9,423599E-1;;
30/11/2021  10:22:50,029222;9,375702E-1;1,159040E-1;1,303688E-1;9,421783E-1;;
30/11/2021  10:22:50,029322;9,377282E-1;1,296029E-1;1,474292E-1;9,419932E-1;;
30/11/2021  10:22:50,029422;9,384554E-1;1,280100E-1;1,281573E-1;9,418052E-1;;
30/11/2021  10:22:50,029522;9,387057E-1;1,232313E-1;1,979783E-1;9,416153E-1;;
30/11/2021  10:22:50,029622;9,396147E-1;1,429833E-1;1,370034E-1;9,414242E-1;;
30/11/2021  10:22:50,029722;9,399008E-1;1,347002E-1;1,404787E-1;9,412331E-1;;
30/11/2021  10:22:50,029822;9,399396E-1;1,210013E-1;1,183634E-1;9,410430E-1;;
30/11/2021  10:22:50,029922;9,394568E-1;1,241871E-1;1,249980E-1;9,408548E-1;;
30/11/2021  10:22:50,030022;9,399485E-1;1,178155E-1;1,401627E-1;9,406695E-1;;
30/11/2021  10:22:50,030122;9,406161E-1;1,143111E-1;1,322644E-1;9,404878E-1;;
30/11/2021  10:22:50,030222;9,409410E-1;1,149482E-1;1,082536E-1;9,403107E-1;;
30/11/2021  10:22:50,030322;9,416115E-1;8,914326E-2;9,751191E-2;9,401389E-1;;
30/11/2021  10:22:50,030422;9,416085E-1;1,088952E-1;1,016190E-1;9,399734E-1;;
30/11/2021  10:22:50,030522;9,418112E-1;9,424054E-2;1,110970E-1;9,398149E-1;;
30/11/2021  10:22:50,030622;9,418857E-1;9,328480E-2;1,158360E-1;9,396644E-1;;
30/11/2021  10:22:50,030722;9,420973E-1;9,455912E-2;9,972343E-2;9,395223E-1;;
30/11/2021  10:22:50,030822;9,427917E-1;1,063466E-1;1,126766E-1;9,393894E-1;;
30/11/2021  10:22:50,030922;9,431434E-1;9,583344E-2;1,069899E-1;9,392663E-1;;
30/11/2021  10:22:50,031022;9,438825E-1;9,742634E-2;1,031987E-1;9,391536E-1;;
30/11/2021  10:22:50,031122;9,432537E-1;1,098510E-1;1,957668E-1;9,390518E-1;;
30/11/2021  10:22:50,031222;9,435219E-1;1,057094E-1;1,041465E-1;9,389615E-1;;
30/11/2021  10:22:50,031322;9,435219E-1;1,254614E-1;1,284732E-1;9,388829E-1;;
30/11/2021  10:22:50,031422;9,436053E-1;1,318330E-1;1,297370E-1;9,388165E-1;;
30/11/2021  10:22:50,031522;9,442074E-1;1,455319E-1;1,354238E-1;9,387622E-1;;
30/11/2021  10:22:50,031622;9,449554E-1;1,554079E-1;1,341600E-1;9,387204E-1;;
30/11/2021  10:22:50,031722;9,447557E-1;1,700626E-1;1,483770E-1;9,386912E-1;;
30/11/2021  10:22:50,031822;9,451402E-1;1,044351E-1;1,031987E-1;9,386748E-1;;
30/11/2021  10:22:50,031922;9,448630E-1;1,579565E-1;1,458495E-1;9,386712E-1;;
30/11/2021  10:22:50,032022;9,444220E-1;1,289658E-1;1,654373E-1;9,386803E-1;;
30/11/2021  10:22:50,032122;9,450836E-1;1,378860E-1;1,632258E-1;9,387021E-1;;
30/11/2021  10:22:50,032222;9,454025E-1;1,152668E-1;1,360556E-1;9,387363E-1;;
30/11/2021  10:22:50,032322;9,456886E-1;1,509478E-1;1,796542E-1;9,387827E-1;;
30/11/2021  10:22:50,032422;9,456051E-1;3,817046E-2;7,097362E-2;9,388411E-1;;
30/11/2021  10:22:50,032522;9,453488E-1;1,280100E-1;1,325804E-1;9,389112E-1;;
30/11/2021  10:22:50,032622;9,445382E-1;1,340630E-1;1,243661E-1;9,389926E-1;;
30/11/2021  10:22:50,032722;9,445650E-1;1,464877E-1;1,663851E-1;9,390849E-1;;
30/11/2021  10:22:50,032822;9,446425E-1;1,028422E-1;1,237343E-1;9,391872E-1;;
30/11/2021  10:22:50,032922;9,449614E-1;1,245056E-1;1,268936E-1;9,392991E-1;;
30/11/2021  10:22:50,033022;9,444369E-1;1,264171E-1;1,439539E-1;9,394197E-1;;
30/11/2021  10:22:50,033122;9,444428E-1;1,280100E-1;1,243661E-1;9,395485E-1;;
30/11/2021  10:22:50,033222;9,444071E-1;1,229127E-1;1,145722E-1;9,396846E-1;;
30/11/2021  10:22:50,033322;9,433192E-1;8,340882E-2;8,171531E-2;9,398273E-1;;
30/11/2021  10:22:50,033422;9,433312E-1;1,327887E-1;1,509044E-1;9,399756E-1;;
30/11/2021  10:22:50,033522;9,439153E-1;1,190898E-1;1,167838E-1;9,401288E-1;;
30/11/2021  10:22:50,033622;9,437752E-1;1,429833E-1;1,824976E-1;9,402858E-1;;
30/11/2021  10:22:50,033722;9,435487E-1;1,289658E-1;1,430061E-1;9,404459E-1;;
30/11/2021  10:22:50,033822;9,433431E-1;1,283286E-1;1,370034E-1;9,406084E-1;;
30/11/2021  10:22:50,033922;9,429497E-1;1,458505E-1;1,638576E-1;9,407723E-1;;
30/11/2021  10:22:50,034022;9,427560E-1;1,245056E-1;1,284732E-1;9,409370E-1;;
30/11/2021  10:22:50,034122;9,426219E-1;1,311958E-1;1,310007E-1;9,411015E-1;;
30/11/2021  10:22:50,034222;9,437067E-1;1,311958E-1;1,335282E-1;9,412650E-1;;
30/11/2021  10:22:50,034322;9,434236E-1;1,120810E-1;9,972343E-2;9,414270E-1;;
30/11/2021  10:22:50,034422;9,437633E-1;1,159040E-1;1,275255E-1;9,415870E-1;;
30/11/2021  10:22:50,034522;9,431166E-1;1,206827E-1;1,123607E-1;9,417443E-1;;
30/11/2021  10:22:50,034622;9,427053E-1;1,267357E-1;1,170997E-1;9,418986E-1;;
30/11/2021  10:22:50,034722;9,427321E-1;9,105474E-2;8,329497E-2;9,420494E-1;;
30/11/2021  10:22:50,034822;9,430272E-1;3,562182E-2;7,981972E-2;9,421962E-1;;
30/11/2021  10:22:50,034922;9,437991E-1;1,260985E-1;1,047783E-1;9,423385E-1;;
30/11/2021  10:22:50,035022;9,435875E-1;1,257800E-1;1,193112E-1;9,424760E-1;;
30/11/2021  10:22:50,035122;9,438140E-1;1,197269E-1;1,139404E-1;9,426087E-1;;
30/11/2021  10:22:50,035222;9,432596E-1;1,302401E-1;1,332122E-1;9,427362E-1;;
30/11/2021  10:22:50,035322;9,431792E-1;1,260985E-1;1,253139E-1;9,428586E-1;;
30/11/2021  10:22:50,035422;9,427858E-1;1,280100E-1;1,363715E-1;9,429756E-1;;
30/11/2021  10:22:50,035522;9,431613E-1;1,216384E-1;1,246821E-1;9,430869E-1;;
30/11/2021  10:22:50,035622;9,428126E-1;1,337445E-1;1,344760E-1;9,431925E-1;;
30/11/2021  10:22:50,035722;9,430629E-1;1,525407E-1;1,603824E-1;9,432921E-1;;
30/11/2021  10:22:50,035822;9,429080E-1;1,066652E-1;1,054102E-1;9,433858E-1;;
30/11/2021  10:22:50,035922;9,418708E-1;1,257800E-1;1,262617E-1;9,434733E-1;;
30/11/2021  10:22:50,036022;9,422553E-1;1,149482E-1;1,107811E-1;9,435545E-1;;
30/11/2021  10:22:50,036122;9,417576E-1;1,127182E-1;1,003553E-1;9,436293E-1;;
30/11/2021  10:22:50,036222;9,419245E-1;1,254614E-1;1,202590E-1;9,436974E-1;;
30/11/2021  10:22:50,036322;9,424371E-1;1,324701E-1;1,259458E-1;9,437587E-1;;
30/11/2021  10:22:50,036422;9,418380E-1;1,088952E-1;1,303688E-1;9,438133E-1;;
30/11/2021  10:22:50,036522;9,421510E-1;1,474434E-1;1,777586E-1;9,438611E-1;;
30/11/2021  10:22:50,036622;9,419811E-1;1,273729E-1;1,306848E-1;9,439022E-1;;
30/11/2021  10:22:50,036722;9,412151E-1;1,382046E-1;1,360556E-1;9,439365E-1;;
30/11/2021  10:22:50,036822;9,417248E-1;1,216384E-1;1,291051E-1;9,439641E-1;;
30/11/2021  10:22:50,036922;9,426606E-1;1,369303E-1;1,310007E-1;9,439851E-1;;
30/11/2021  10:22:50,037022;9,421480E-1;8,309024E-2;1,035146E-1;9,439997E-1;;
30/11/2021  10:22:50,037122;9,428007E-1;1,423461E-1;1,540637E-1;9,440080E-1;;
30/11/2021  10:22:50,037222;9,425235E-1;1,350188E-1;1,265777E-1;9,440105E-1;;
30/11/2021  10:22:50,037322;9,419423E-1;1,229127E-1;1,183634E-1;9,440074E-1;;
30/11/2021  10:22:50,037422;9,423298E-1;1,356559E-1;1,196272E-1;9,439991E-1;;
30/11/2021  10:22:50,037522;9,425950E-1;3,402892E-2;7,318515E-2;9,439858E-1;;
30/11/2021  10:22:50,037622;9,429974E-1;1,315144E-1;1,294210E-1;9,439679E-1;;
30/11/2021  10:22:50,037722;9,431732E-1;1,200455E-1;1,092014E-1;9,439457E-1;;
30/11/2021  10:22:50,037822;9,427232E-1;1,280100E-1;1,189953E-1;9,439197E-1;;
30/11/2021  10:22:50,037922;9,426040E-1;1,455319E-1;1,426902E-1;9,438902E-1;;
30/11/2021  10:22:50,038022;9,418738E-1;1,742041E-1;1,742834E-1;9,438577E-1;;
30/11/2021  10:22:50,038122;9,418768E-1;1,216384E-1;1,196272E-1;9,438224E-1;;
30/11/2021  10:22:50,038222;9,417307E-1;1,270543E-1;1,281573E-1;9,437843E-1;;
30/11/2021  10:22:50,038322;9,423059E-1;8,946184E-2;1,594346E-1;9,437437E-1;;
30/11/2021  10:22:50,038422;9,419483E-1;1,410718E-1;1,256299E-1;9,437008E-1;;
30/11/2021  10:22:50,038522;9,419394E-1;1,388417E-1;1,559593E-1;9,436557E-1;;
30/11/2021  10:22:50,038622;9,408903E-1;1,146297E-1;1,199431E-1;9,436086E-1;;
30/11/2021  10:22:50,038722;9,405297E-1;1,066652E-1;1,227865E-1;9,435596E-1;;
30/11/2021  10:22:50,038822;9,401750E-1;1,028422E-1;1,019350E-1;9,435086E-1;;
30/11/2021  10:22:50,038922;9,401929E-1;1,050723E-1;1,120448E-1;9,434555E-1;;
30/11/2021  10:22:50,039022;9,402883E-1;9,965640E-2;1,013031E-1;9,434001E-1;;
30/11/2021  10:22:50,039122;9,401571E-1;1,101695E-1;1,218387E-1;9,433425E-1;;
30/11/2021  10:22:50,039222;9,397995E-1;1,050723E-1;1,262617E-1;9,432826E-1;;
30/11/2021  10:22:50,039322;9,390276E-1;1,060280E-1;1,272095E-1;9,432202E-1;;
30/11/2021  10:22:50,039422;9,389471E-1;2,057435E-1;2,725382E-1;9,431552E-1;;
30/11/2021  10:22:50,039522;9,396147E-1;1,149482E-1;1,265777E-1;9,430876E-1;;
30/11/2021  10:22:50,039622;9,397488E-1;1,104881E-1;1,253139E-1;9,430172E-1;;
30/11/2021  10:22:50,039722;9,396982E-1;1,375674E-1;1,471132E-1;9,429440E-1;;
30/11/2021  10:22:50,039822;9,397101E-1;1,493549E-1;1,196272E-1;9,428683E-1;;
30/11/2021  10:22:50,039922;9,387922E-1;1,984162E-1;2,049288E-1;9,427899E-1;;
30/11/2021  10:22:50,040022;9,379934E-1;1,522221E-1;1,385831E-1;9,427091E-1;;
30/11/2021  10:22:50,040122;9,382587E-1;1,764342E-1;1,673329E-1;9,426257E-1;;
30/11/2021  10:22:50,040222;9,380054E-1;1,738855E-1;1,575390E-1;9,425396E-1;;
30/11/2021  10:22:50,040322;9,379040E-1;1,378860E-1;1,430061E-1;9,424507E-1;;
30/11/2021  10:22:50,040422;9,383898E-1;1,429833E-1;1,392149E-1;9,423589E-1;;
30/11/2021  10:22:50,040522;9,377610E-1;1,286472E-1;1,265777E-1;9,422643E-1;;
30/11/2021  10:22:50,040622;9,367685E-1;6,588692E-2;1,022509E-1;9,421668E-1;;
30/11/2021  10:22:50,040722;9,363573E-1;1,203641E-1;1,145722E-1;9,420665E-1;;
30/11/2021  10:22:50,040822;9,366762E-1;1,375674E-1;1,281573E-1;9,419630E-1;;
30/11/2021  10:22:50,040922;9,368430E-1;1,292843E-1;1,231024E-1;9,418564E-1;;
30/11/2021  10:22:50,041022;9,367834E-1;1,340630E-1;1,354238E-1;9,417464E-1;;
30/11/2021  10:22:50,041122;9,367894E-1;6,206396E-2;1,126766E-1;9,416333E-1;;
30/11/2021  10:22:50,041222;9,368609E-1;1,248242E-1;1,344760E-1;9,415170E-1;;
30/11/2021  10:22:50,041322;9,357493E-1;1,378860E-1;1,496407E-1;9,413976E-1;;
30/11/2021  10:22:50,041422;9,354811E-1;6,238254E-2;1,057261E-1;9,412752E-1;;
30/11/2021  10:22:50,041522;9,356241E-1;1,267357E-1;1,275255E-1;9,411498E-1;;
30/11/2021  10:22:50,041622;9,358834E-1;1,292843E-1;1,385831E-1;9,410213E-1;;
30/11/2021  10:22:50,041722;9,359430E-1;1,015679E-1;1,556434E-1;9,408898E-1;;
30/11/2021  10:22:50,041822;9,361755E-1;1,315144E-1;1,414265E-1;9,407555E-1;;
30/11/2021  10:22:50,041922;9,356360E-1;9,583344E-2;7,381701E-2;9,406185E-1;;
30/11/2021  10:22:50,042022;9,356181E-1;1,006121E-1;8,013565E-2;9,404791E-1;;
30/11/2021  10:22:50,042122;9,354721E-1;2,001140E-2;8,266311E-2;9,403374E-1;;
30/11/2021  10:22:50,042222;9,358387E-1;1,066652E-1;1,221546E-1;9,401937E-1;;
30/11/2021  10:22:50,042322;9,362917E-1;1,206827E-1;1,095173E-1;9,400482E-1;;
30/11/2021  10:22:50,042422;9,361635E-1;8,691320E-2;8,045158E-2;9,399013E-1;;
30/11/2021  10:22:50,042522;9,364586E-1;1,190898E-1;8,582243E-2;9,397532E-1;;
30/11/2021  10:22:50,042622;9,364198E-1;1,057094E-1;9,182514E-2;9,396045E-1;;
30/11/2021  10:22:50,042722;9,360741E-1;1,512664E-1;1,629098E-1;9,394555E-1;;
30/11/2021  10:22:50,042822;9,361039E-1;1,229127E-1;1,275255E-1;9,393066E-1;;
30/11/2021  10:22:50,042922;9,363036E-1;1,149482E-1;1,212068E-1;9,391581E-1;;
30/11/2021  10:22:50,043022;9,371232E-1;1,369303E-1;1,565912E-1;9,390105E-1;;
30/11/2021  10:22:50,043122;9,372066E-1;1,111253E-1;1,063580E-1;9,388642E-1;;
30/11/2021  10:22:50,043222;9,373169E-1;1,267357E-1;1,648054E-1;9,387195E-1;;
30/11/2021  10:22:50,043322;9,366732E-1;1,407532E-1;1,354238E-1;9,385772E-1;;
30/11/2021  10:22:50,043422;9,365331E-1;1,149482E-1;1,145722E-1;9,384375E-1;;
30/11/2021  10:22:50,043522;9,370397E-1;1,136739E-1;1,170997E-1;9,383007E-1;;
30/11/2021  10:22:50,043622;9,381127E-1;1,257800E-1;1,246821E-1;9,381672E-1;;
30/11/2021  10:22:50,043722;9,383988E-1;1,225942E-1;1,262617E-1;9,380375E-1;;
30/11/2021  10:22:50,043822;9,386789E-1;1,149482E-1;1,120448E-1;9,379120E-1;;
30/11/2021  10:22:50,043922;9,387683E-1;8,054160E-2;8,582243E-2;9,377914E-1;;
30/11/2021  10:22:50,044022;9,389203E-1;1,442576E-1;1,528000E-1;9,376761E-1;;
30/11/2021  10:22:50,044122;9,388726E-1;1,439390E-1;1,388990E-1;9,375666E-1;;
30/11/2021  10:22:50,044222;9,386551E-1;1,213198E-1;1,227865E-1;9,374634E-1;;
30/11/2021  10:22:50,044322;9,398591E-1;7,958586E-2;1,044624E-1;9,373667E-1;;
30/11/2021  10:22:50,044422;9,399217E-1;8,245308E-2;8,487463E-2;9,372770E-1;;
30/11/2021  10:22:50,044522;9,404462E-1;1,229127E-1;1,442698E-1;9,371947E-1;;
30/11/2021  10:22:50,044622;9,397816E-1;1,082581E-1;1,186794E-1;9,371202E-1;;
30/11/2021  10:22:50,044722;9,394329E-1;1,245056E-1;1,237343E-1;9,370538E-1;;
30/11/2021  10:22:50,044822;9,402287E-1;1,101695E-1;1,303688E-1;9,369957E-1;;
30/11/2021  10:22:50,044922;9,395968E-1;1,130368E-1;1,313166E-1;9,369459E-1;;
30/11/2021  10:22:50,045022;9,400707E-1;1,343816E-1;1,310007E-1;9,369045E-1;;
30/11/2021  10:22:50,045122;9,402078E-1;1,327887E-1;1,509044E-1;9,368716E-1;;
30/11/2021  10:22:50,045222;9,393674E-1;1,280100E-1;1,246821E-1;9,368470E-1;;
30/11/2021  10:22:50,045322;9,386074E-1;1,267357E-1;1,202590E-1;9,368307E-1;;
30/11/2021  10:22:50,045422;9,390038E-1;1,308772E-1;1,407946E-1;9,368224E-1;;
30/11/2021  10:22:50,045522;9,379338E-1;1,544522E-1;1,711241E-1;9,368215E-1;;
30/11/2021  10:22:50,045622;9,383779E-1;1,254614E-1;1,000394E-1;9,368277E-1;;
30/11/2021  10:22:50,045722;9,382408E-1;1,136739E-1;1,066739E-1;9,368403E-1;;
30/11/2021  10:22:50,045822;9,381127E-1;9,201048E-2;1,028828E-1;9,368589E-1;;
30/11/2021  10:22:50,045922;9,381484E-1;1,318330E-1;1,439539E-1;9,368829E-1;;
30/11/2021  10:22:50,046022;9,380918E-1;1,267357E-1;1,291051E-1;9,369118E-1;;
30/11/2021  10:22:50,046122;9,374808E-1;1,308772E-1;1,322644E-1;9,369451E-1;;
30/11/2021  10:22:50,046222;9,377789E-1;1,289658E-1;1,373193E-1;9,369822E-1;;
30/11/2021  10:22:50,046322;9,381901E-1;1,429833E-1;1,360556E-1;9,370225E-1;;
30/11/2021  10:22:50,046422;9,394627E-1;1,114439E-1;9,466852E-2;9,370657E-1;;
30/11/2021  10:22:50,046522;9,391915E-1;1,347002E-1;1,275255E-1;9,371115E-1;;
30/11/2021  10:22:50,046622;9,390425E-1;1,327887E-1;1,278414E-1;9,371598E-1;;
30/11/2021  10:22:50,046722;9,387981E-1;1,270543E-1;1,186794E-1;9,372102E-1;;
30/11/2021  10:22:50,046822;9,380113E-1;1,213198E-1;1,316326E-1;9,372627E-1;;
30/11/2021  10:22:50,046922;9,382110E-1;1,184526E-1;1,458495E-1;9,373168E-1;;
30/11/2021  10:22:50,047022;9,387355E-1;3,371034E-2;5,264957E-2;9,373722E-1;;
30/11/2021  10:22:50,047122;9,391170E-1;1,184526E-1;1,202590E-1;9,374285E-1;;
30/11/2021  10:22:50,047222;9,386908E-1;9,328480E-2;8,076751E-2;9,374857E-1;;
30/11/2021  10:22:50,047322;9,383928E-1;1,092138E-1;1,224705E-1;9,375434E-1;;
30/11/2021  10:22:50,047422;9,376030E-1;1,063466E-1;1,145722E-1;9,376015E-1;;
30/11/2021  10:22:50,047522;9,377044E-1;1,034794E-1;1,117289E-1;9,376595E-1;;
30/11/2021  10:22:50,047622;9,381067E-1;1,015679E-1;1,164678E-1;9,377171E-1;;
30/11/2021  10:22:50,047722;9,380113E-1;1,050723E-1;1,186794E-1;9,377739E-1;;
30/11/2021  10:22:50,047822;9,384017E-1;6,556834E-2;1,044624E-1;9,378297E-1;;
30/11/2021  10:22:50,047922;9,381693E-1;9,455912E-2;1,028828E-1;9,378843E-1;;
30/11/2021  10:22:50,048022;9,388130E-1;8,850610E-2;1,016190E-1;9,379375E-1;;
30/11/2021  10:22:50,048122;9,381305E-1;1,009307E-1;1,013031E-1;9,379892E-1;;
30/11/2021  10:22:50,048222;9,386908E-1;1,069837E-1;1,028828E-1;9,380394E-1;;
30/11/2021  10:22:50,048322;9,391349E-1;1,359745E-1;1,313166E-1;9,380879E-1;;
30/11/2021  10:22:50,048422;9,401333E-1;1,397975E-1;1,316326E-1;9,381348E-1;;
30/11/2021  10:22:50,048522;9,412151E-1;-1,014882E-3;6,244346E-2;9,381803E-1;;
30/11/2021  10:22:50,048622;9,414089E-1;2,044692E-1;1,866047E-1;9,382248E-1;;
30/11/2021  10:22:50,048722;9,413433E-1;1,579565E-1;1,588027E-1;9,382689E-1;;
30/11/2021  10:22:50,048822;9,415638E-1;1,506292E-1;1,414265E-1;9,383129E-1;;
30/11/2021  10:22:50,048922;9,424311E-1;1,305587E-1;1,351078E-1;9,383572E-1;;
30/11/2021  10:22:50,049022;9,428841E-1;1,270543E-1;1,224705E-1;9,384025E-1;;
30/11/2021  10:22:50,049122;9,437722E-1;1,665582E-1;1,676488E-1;9,384492E-1;;
30/11/2021  10:22:50,049222;9,442789E-1;1,799386E-1;2,039810E-1;9,384979E-1;;
30/11/2021  10:22:50,049322;9,439183E-1;1,353374E-1;1,344760E-1;9,385494E-1;;
30/11/2021  10:22:50,049422;9,432298E-1;1,200455E-1;1,224705E-1;9,386042E-1;;
30/11/2021  10:22:50,049522;9,436888E-1;1,197269E-1;1,189953E-1;9,386626E-1;;
30/11/2021  10:22:50,049622;9,436322E-1;1,283286E-1;1,411105E-1;9,387250E-1;;
30/11/2021  10:22:50,049722;9,443355E-1;1,369303E-1;1,344760E-1;9,387916E-1;;
30/11/2021  10:22:50,049822;9,440405E-1;1,257800E-1;1,341600E-1;9,388626E-1;;
30/11/2021  10:22:50,049922;9,439749E-1;1,232313E-1;1,212068E-1;9,389381E-1;;
30/11/2021  10:22:50,050022;9,437633E-1;1,171783E-1;1,057261E-1;9,390184E-1;;
30/11/2021  10:22:50,050122;9,429765E-1;1,490363E-1;1,591187E-1;9,391033E-1;;
30/11/2021  10:22:50,050222;9,432000E-1;1,139925E-1;1,193112E-1;9,391927E-1;;
30/11/2021  10:22:50,050322;9,432954E-1;1,225942E-1;1,262617E-1;9,392863E-1;;
30/11/2021  10:22:50,050422;9,434504E-1;-1,598814E-2;7,444887E-2;9,393840E-1;;
30/11/2021  10:22:50,050522;9,438915E-1;3,594040E-2;4,601499E-2;9,394853E-1;;
30/11/2021  10:22:50,050622;9,432835E-1;2,656366E-1;2,700108E-1;9,395902E-1;;
30/11/2021  10:22:50,050722;9,426636E-1;1,216384E-1;1,152041E-1;9,396983E-1;;
30/11/2021  10:22:50,050822;9,424073E-1;1,315144E-1;1,316326E-1;9,398092E-1;;
30/11/2021  10:22:50,050922;9,424937E-1;1,260985E-1;1,202590E-1;9,399225E-1;;
30/11/2021  10:22:50,051022;9,430570E-1;1,292843E-1;1,284732E-1;9,400376E-1;;
30/11/2021  10:22:50,051122;9,428245E-1;1,117624E-1;1,117289E-1;9,401541E-1;;
30/11/2021  10:22:50,051222;9,425950E-1;1,232313E-1;1,177316E-1;9,402717E-1;;
30/11/2021  10:22:50,051322;9,415907E-1;1,219570E-1;1,272095E-1;9,403899E-1;;
30/11/2021  10:22:50,051422;9,412986E-1;1,461691E-1;1,344760E-1;9,405081E-1;;
30/11/2021  10:22:50,051522;9,403389E-1;1,875845E-1;2,112474E-1;9,406257E-1;;
30/11/2021  10:22:50,051622;9,403360E-1;1,350188E-1;1,338441E-1;9,407420E-1;;
30/11/2021  10:22:50,051722;9,399724E-1;1,139925E-1;1,148882E-1;9,408562E-1;;
30/11/2021  10:22:50,051822;9,395641E-1;1,270543E-1;1,218387E-1;9,409676E-1;;
30/11/2021  10:22:50,051922;9,388786E-1;1,133553E-1;8,487463E-2;9,410753E-1;;
30/11/2021  10:22:50,052022;9,378474E-1;1,382046E-1;1,398468E-1;9,411786E-1;;
30/11/2021  10:22:50,052122;9,368401E-1;1,066652E-1;1,240502E-1;9,412765E-1;;
30/11/2021  10:22:50,052222;9,362410E-1;1,426647E-1;1,553275E-1;9,413682E-1;;
30/11/2021  10:22:50,052322;9,361010E-1;1,337445E-1;1,376353E-1;9,414525E-1;;
30/11/2021  10:22:50,052422;9,362380E-1;1,375674E-1;1,388990E-1;9,415285E-1;;
30/11/2021  10:22:50,052522;9,363543E-1;1,165411E-1;1,240502E-1;9,415954E-1;;
30/11/2021  10:22:50,052622;9,363483E-1;1,280100E-1;9,782784E-2;9,416525E-1;;
30/11/2021  10:22:50,052722;9,358536E-1;1,324701E-1;1,540637E-1;9,416993E-1;;
30/11/2021  10:22:50,052822;9,356271E-1;7,448858E-2;8,139938E-2;9,417354E-1;;
30/11/2021  10:22:50,052922;9,360026E-1;1,464877E-1;1,736515E-1;9,417604E-1;;
30/11/2021  10:22:50,053022;9,363096E-1;1,296029E-1;1,268936E-1;9,417740E-1;;
30/11/2021  10:22:50,053122;9,369265E-1;1,143111E-1;1,224705E-1;9,417763E-1;;
30/11/2021  10:22:50,053222;9,372186E-1;1,292843E-1;1,199431E-1;9,417673E-1;;
30/11/2021  10:22:50,053322;9,374421E-1;1,273729E-1;1,385831E-1;9,417473E-1;;
30/11/2021  10:22:50,053422;9,369742E-1;1,394789E-1;1,603824E-1;9,417167E-1;;
30/11/2021  10:22:50,053522;9,369265E-1;1,241871E-1;1,736515E-1;9,416759E-1;;
30/11/2021  10:22:50,053622;9,373735E-1;1,334259E-1;1,316326E-1;9,416254E-1;;
30/11/2021  10:22:50,053722;9,375464E-1;1,127182E-1;1,231024E-1;9,415656E-1;;
30/11/2021  10:22:50,053822;9,379100E-1;1,347002E-1;1,275255E-1;9,414971E-1;;
30/11/2021  10:22:50,053922;9,380709E-1;1,483991E-1;1,543797E-1;9,414206E-1;;
30/11/2021  10:22:50,054022;9,378265E-1;1,159040E-1;1,180475E-1;9,413367E-1;;
30/11/2021  10:22:50,054122;9,375881E-1;1,123996E-1;1,073058E-1;9,412461E-1;;
30/11/2021  10:22:50,054222;9,371619E-1;5,760384E-2;7,192142E-2;9,411495E-1;;
30/11/2021  10:22:50,054322;9,379785E-1;-6,441230E-2;5,517702E-2;9,410474E-1;;
30/11/2021  10:22:50,054422;9,380888E-1;1,222756E-1;1,117289E-1;9,409404E-1;;
30/11/2021  10:22:50,054522;9,379607E-1;1,308772E-1;1,256299E-1;9,408292E-1;;
30/11/2021  10:22:50,054622;9,375971E-1;8,882468E-2;7,097362E-2;9,407143E-1;;
30/11/2021  10:22:50,054722;9,368103E-1;1,031608E-1;9,308886E-2;9,405965E-1;;
30/11/2021  10:22:50,054822;9,363334E-1;9,073616E-2;1,006712E-1;9,404760E-1;;
30/11/2021  10:22:50,054922;9,359788E-1;1,318330E-1;1,335282E-1;9,403533E-1;;
30/11/2021  10:22:50,055022;9,366851E-1;1,331073E-1;8,013565E-2;9,402284E-1;;
30/11/2021  10:22:50,055122;9,364765E-1;4,613496E-2;9,593225E-2;9,401017E-1;;
30/11/2021  10:22:50,055222;9,369086E-1;8,054160E-2;8,108345E-2;9,399735E-1;;
30/11/2021  10:22:50,055322;9,366821E-1;1,289658E-1;1,581709E-1;9,398441E-1;;
30/11/2021  10:22:50,055422;9,361755E-1;1,101695E-1;8,582243E-2;9,397139E-1;;
30/11/2021  10:22:50,055522;9,362768E-1;9,742634E-2;9,087734E-2;9,395831E-1;;
30/11/2021  10:22:50,055622;9,359937E-1;9,009900E-2;9,182514E-2;9,394520E-1;;
30/11/2021  10:22:50,055722;9,364556E-1;1,057094E-1;1,098333E-1;9,393209E-1;;
30/11/2021  10:22:50,055822;9,359370E-1;1,098510E-1;1,170997E-1;9,391900E-1;;
30/11/2021  10:22:50,055922;9,356897E-1;1,031608E-1;1,031987E-1;9,390594E-1;;
30/11/2021  10:22:50,056022;9,354363E-1;7,225852E-2;7,634447E-2;9,389294E-1;;
30/11/2021  10:22:50,056122;9,347032E-1;1,363980E-2;5,928414E-2;9,388001E-1;;
30/11/2021  10:22:50,056222;9,335707E-1;7,385142E-2;8,866581E-2;9,386713E-1;;
30/11/2021  10:22:50,056322;9,328435E-1;9,647060E-2;1,079377E-1;9,385430E-1;;
30/11/2021  10:22:50,056422;9,339134E-1;6,206396E-2;1,208909E-1;9,384147E-1;;
30/11/2021  10:22:50,056522;9,332339E-1;6,875414E-2;9,466852E-2;9,382864E-1;;
30/11/2021  10:22:50,056622;9,330551E-1;1,286472E-1;1,606983E-1;9,381578E-1;;
30/11/2021  10:22:50,056722;9,324441E-1;1,315144E-1;1,357397E-1;9,380286E-1;;
30/11/2021  10:22:50,056822;9,316692E-1;1,382046E-1;1,306848E-1;9,378987E-1;;
30/11/2021  10:22:50,056922;9,312520E-1;1,410718E-1;1,493248E-1;9,377678E-1;;
30/11/2021  10:22:50,057022;9,313116E-1;-4,306744E-2;4,601499E-2;9,376354E-1;;
30/11/2021  10:22:50,057122;9,317438E-1;1,656025E-1;1,480610E-1;9,375012E-1;;
30/11/2021  10:22:50,057222;9,318749E-1;1,614609E-1;1,723878E-1;9,373651E-1;;
30/11/2021  10:22:50,057322;9,315202E-1;1,442576E-1;1,354238E-1;9,372270E-1;;
30/11/2021  10:22:50,057422;9,314308E-1;1,216384E-1;1,136244E-1;9,370868E-1;;
30/11/2021  10:22:50,057522;9,307215E-1;1,260985E-1;1,303688E-1;9,369444E-1;;
30/11/2021  10:22:50,057622;9,314249E-1;1,671954E-1;1,843932E-1;9,367998E-1;;
30/11/2021  10:22:50,057722;9,322653E-1;1,299215E-1;1,139404E-1;9,366531E-1;;
30/11/2021  10:22:50,057822;9,326587E-1;1,251428E-1;1,417424E-1;9,365044E-1;;
30/11/2021  10:22:50,057922;9,327422E-1;1,547707E-1;1,758630E-1;9,363541E-1;;
30/11/2021  10:22:50,058022;9,327451E-1;1,127182E-1;1,420583E-1;9,362026E-1;;
30/11/2021  10:22:50,058122;9,322564E-1;1,267357E-1;1,234183E-1;9,360503E-1;;
30/11/2021  10:22:50,058222;9,323756E-1;1,229127E-1;1,243661E-1;9,358976E-1;;
30/11/2021  10:22:50,058322;9,328792E-1;1,318330E-1;1,272095E-1;9,357449E-1;;
30/11/2021  10:22:50,058422;9,336690E-1;1,347002E-1;1,332122E-1;9,355926E-1;;
30/11/2021  10:22:50,058522;9,340654E-1;2,383436E-2;3,969635E-2;9,354411E-1;;
30/11/2021  10:22:50,058622;9,341518E-1;1,257800E-1;1,253139E-1;9,352912E-1;;
30/11/2021  10:22:50,058722;9,340952E-1;1,260985E-1;1,256299E-1;9,351435E-1;;
30/11/2021  10:22:50,058822;9,337346E-1;1,289658E-1;1,114129E-1;9,349984E-1;;
30/11/2021  10:22:50,058922;9,343009E-1;2,594380E-4;2,547941E-2;9,348566E-1;;
30/11/2021  10:22:50,059022;9,351860E-1;9,710776E-2;1,095173E-1;9,347185E-1;;
30/11/2021  10:22:50,059122;9,365212E-1;1,165411E-1;1,189953E-1;9,345847E-1;;
30/11/2021  10:22:50,059222;9,369712E-1;9,392196E-2;1,101492E-1;9,344559E-1;;
30/11/2021  10:22:50,059322;9,380441E-1;1,280100E-1;1,335282E-1;9,343331E-1;;
30/11/2021  10:22:50,059422;9,376418E-1;1,267357E-1;1,231024E-1;9,342172E-1;;
30/11/2021  10:22:50,059522;9,380590E-1;1,213198E-1;1,205749E-1;9,341089E-1;;
30/11/2021  10:22:50,059622;9,391379E-1;1,108067E-1;1,316326E-1;9,340092E-1;;
30/11/2021  10:22:50,059722;9,395432E-1;1,264171E-1;1,344760E-1;9,339187E-1;;
30/11/2021  10:22:50,059822;9,406042E-1;1,311958E-1;1,297370E-1;9,338384E-1;;
30/11/2021  10:22:50,059922;9,407770E-1;1,378860E-1;1,376353E-1;9,337690E-1;;
30/11/2021  10:22:50,060022;9,414297E-1;1,280100E-1;1,205749E-1;9,337115E-1;;
30/11/2021  10:22:50,060122;9,408873E-1;1,216384E-1;1,183634E-1;9,336664E-1;;
30/11/2021  10:22:50,060222;9,407145E-1;1,350188E-1;1,300529E-1;9,336344E-1;;
30/11/2021  10:22:50,060322;9,407562E-1;1,222756E-1;1,152041E-1;9,336159E-1;;
30/11/2021  10:22:50,060422;9,412062E-1;1,280100E-1;1,268936E-1;9,336110E-1;;
30/11/2021  10:22:50,060522;9,414864E-1;9,965640E-2;1,215227E-1;9,336200E-1;;
30/11/2021  10:22:50,060622;9,416085E-1;1,245056E-1;7,160549E-2;9,336429E-1;;
30/11/2021  10:22:50,060722;9,410125E-1;1,245056E-1;1,117289E-1;9,336797E-1;;
30/11/2021  10:22:50,060822;9,405267E-1;1,200455E-1;1,278414E-1;9,337304E-1;;
30/11/2021  10:22:50,060922;9,404283E-1;1,235499E-1;1,243661E-1;9,337944E-1;;
30/11/2021  10:22:50,061022;9,407443E-1;1,289658E-1;1,328963E-1;9,338714E-1;;
30/11/2021  10:22:50,061122;9,413850E-1;1,194084E-1;1,291051E-1;9,339609E-1;;
30/11/2021  10:22:50,061222;9,415668E-1;1,174969E-1;1,164678E-1;9,340623E-1;;
30/11/2021  10:22:50,061322;9,410304E-1;1,340630E-1;1,629098E-1;9,341753E-1;;
30/11/2021  10:22:50,061422;9,409141E-1;1,340630E-1;1,328963E-1;9,342992E-1;;
30/11/2021  10:22:50,061522;9,410602E-1;1,372488E-1;1,382671E-1;9,344335E-1;;
30/11/2021  10:22:50,061622;9,402972E-1;1,095324E-1;1,016190E-1;9,345775E-1;;
30/11/2021  10:22:50,061722;9,410274E-1;1,468062E-1;1,439539E-1;9,347304E-1;;
30/11/2021  10:22:50,061822;9,408456E-1;5,601094E-2;8,234717E-2;9,348915E-1;;
30/11/2021  10:22:50,061922;9,408396E-1;1,324701E-1;1,338441E-1;9,350599E-1;;
30/11/2021  10:22:50,062022;9,409886E-1;7,353284E-2;7,192142E-2;9,352350E-1;;
30/11/2021  10:22:50,062122;9,403360E-1;1,292843E-1;1,300529E-1;9,354159E-1;;
30/11/2021  10:22:50,062222;9,402167E-1;1,356559E-1;1,433221E-1;9,356020E-1;;
30/11/2021  10:22:50,062322;9,399068E-1;1,292843E-1;1,325804E-1;9,357923E-1;;
30/11/2021  10:22:50,062422;9,406131E-1;1,257800E-1;1,227865E-1;9,359859E-1;;
30/11/2021  10:22:50,062522;9,403449E-1;1,302401E-1;1,313166E-1;9,361821E-1;;
30/11/2021  10:22:50,062622;9,400141E-1;1,174969E-1;1,054102E-1;9,363801E-1;;
30/11/2021  10:22:50,062722;9,401303E-1;1,748413E-1;2,118793E-1;9,365791E-1;;
30/11/2021  10:22:50,062822;9,391379E-1;1,299215E-1;1,464814E-1;9,367783E-1;;
30/11/2021  10:22:50,062922;9,383451E-1;1,289658E-1;1,291051E-1;9,369770E-1;;
30/11/2021  10:22:50,063022;9,386521E-1;1,420275E-1;1,388990E-1;9,371741E-1;;
30/11/2021  10:22:50,063122;9,387028E-1;1,194084E-1;1,253139E-1;9,373688E-1;;
30/11/2021  10:22:50,063222;9,384971E-1;1,073023E-1;9,814378E-2;9,375601E-1;;
30/11/2021  10:22:50,063322;9,386491E-1;1,385232E-1;1,366875E-1;9,377474E-1;;
30/11/2021  10:22:50,063422;9,378683E-1;1,331073E-1;1,483770E-1;9,379300E-1;;
30/11/2021  10:22:50,063522;9,378742E-1;1,194084E-1;1,167838E-1;9,381070E-1;;
30/11/2021  10:22:50,063622;9,379458E-1;1,697440E-1;2,617966E-1;9,382779E-1;;
30/11/2021  10:22:50,063722;9,379875E-1;1,296029E-1;1,411105E-1;9,384421E-1;;
30/11/2021  10:22:50,063822;9,386253E-1;2,096714E-2;7,855599E-2;9,385990E-1;;
30/11/2021  10:22:50,063922;9,387266E-1;1,101695E-1;1,347919E-1;9,387483E-1;;
30/11/2021  10:22:50,064022;9,394329E-1;-8,097846E-2;3,527331E-2;9,388898E-1;;
30/11/2021  10:22:50,064122;9,396714E-1;1,079395E-1;1,164678E-1;9,390234E-1;;
30/11/2021  10:22:50,064222;9,391289E-1;1,082581E-1;1,183634E-1;9,391492E-1;;
30/11/2021  10:22:50,064322;9,400350E-1;1,229127E-1;1,436380E-1;9,392672E-1;;
30/11/2021  10:22:50,064422;9,401214E-1;1,002936E-1;1,167838E-1;9,393777E-1;;
30/11/2021  10:22:50,064522;9,412092E-1;9,838208E-2;9,498445E-2;9,394808E-1;;
30/11/2021  10:22:50,064622;9,419394E-1;8,786894E-2;1,050943E-1;9,395769E-1;;
30/11/2021  10:22:50,064722;9,420109E-1;9,264764E-2;1,031987E-1;9,396667E-1;;
30/11/2021  10:22:50,064822;9,416026E-1;1,044351E-1;1,294210E-1;9,397507E-1;;
30/11/2021  10:22:50,064922;9,416205E-1;1,006121E-1;1,123607E-1;9,398295E-1;;
30/11/2021  10:22:50,065022;9,417665E-1;1,088952E-1;1,164678E-1;9,399035E-1;;
30/11/2021  10:22:50,065122;9,424401E-1;1,286472E-1;1,268936E-1;9,399732E-1;;
30/11/2021  10:22:50,065222;9,427381E-1;1,780271E-1;1,894481E-1;9,400391E-1;;
30/11/2021  10:22:50,065322;9,427113E-1;4,135626E-2;9,087734E-2;9,401017E-1;;
30/11/2021  10:22:50,065422;9,426695E-1;1,668768E-1;1,701763E-1;9,401616E-1;;
30/11/2021  10:22:50,065522;9,376954E-1;1,206827E-1;1,240502E-1;9,402192E-1;;
30/11/2021  10:22:50,065622;9,380262E-1;1,028422E-1;1,085695E-1;9,402742E-1;;
30/11/2021  10:22:50,065722;9,376746E-1;1,149482E-1;1,069899E-1;9,403261E-1;;
30/11/2021  10:22:50,065822;9,375613E-1;1,187712E-1;1,114129E-1;9,403743E-1;;
30/11/2021  10:22:50,065922;9,375524E-1;1,382046E-1;1,742834E-1;9,404184E-1;;
30/11/2021  10:22:50,066022;9,370576E-1;1,133553E-1;1,098333E-1;9,404577E-1;;
30/11/2021  10:22:50,066122;9,366851E-1;1,324701E-1;1,385831E-1;9,404918E-1;;
30/11/2021  10:22:50,066222;9,366642E-1;9,498258E-3;8,013565E-2;9,405202E-1;;
30/11/2021  10:22:50,066322;9,374898E-1;1,120810E-1;1,325804E-1;9,405426E-1;;
30/11/2021  10:22:50,066422;9,369444E-1;9,933782E-2;1,417424E-1;9,405586E-1;;
30/11/2021  10:22:50,066522;9,365212E-1;1,194084E-1;1,373193E-1;9,405682E-1;;
30/11/2021  10:22:50,066622;9,361635E-1;1,133553E-1;1,155200E-1;9,405710E-1;;
30/11/2021  10:22:50,066722;9,354662E-1;1,229127E-1;1,243661E-1;9,405669E-1;;
30/11/2021  10:22:50,066822;9,351473E-1;2,245398E-1;2,267281E-1;9,405556E-1;;
30/11/2021  10:22:50,066922;9,353738E-1;9,774492E-2;1,079377E-1;9,405368E-1;;
30/11/2021  10:22:50,067022;9,355287E-1;1,391603E-1;1,275255E-1;9,405104E-1;;
30/11/2021  10:22:50,067122;9,357254E-1;1,178155E-1;1,284732E-1;9,404763E-1;;
30/11/2021  10:22:50,067222;9,357910E-1;1,130368E-1;9,624818E-2;9,404344E-1;;
30/11/2021  10:22:50,067322;9,357374E-1;1,289658E-1;1,313166E-1;9,403850E-1;;
30/11/2021  10:22:50,067422;9,358595E-1;1,241871E-1;1,189953E-1;9,403281E-1;;
30/11/2021  10:22:50,067522;9,355734E-1;9,105474E-2;9,530039E-2;9,402641E-1;;
30/11/2021  10:22:50,067622;9,368878E-1;1,238685E-1;1,167838E-1;9,401932E-1;;
30/11/2021  10:22:50,067722;9,372096E-1;1,687883E-1;1,872366E-1;9,401158E-1;;
30/11/2021  10:22:50,067822;9,376507E-1;1,439390E-1;1,079377E-1;9,400325E-1;;
30/11/2021  10:22:50,067922;9,377669E-1;1,168597E-1;1,505885E-1;9,399441E-1;;
30/11/2021  10:22:50,068022;9,372573E-1;1,289658E-1;1,449017E-1;9,398511E-1;;
30/11/2021  10:22:50,068122;9,376984E-1;1,254614E-1;1,249980E-1;9,397544E-1;;
30/11/2021  10:22:50,068222;9,378265E-1;1,311958E-1;1,313166E-1;9,396545E-1;;
30/11/2021  10:22:50,068322;9,381097E-1;1,334259E-1;1,360556E-1;9,395521E-1;;
30/11/2021  10:22:50,068422;9,389412E-1;1,286472E-1;1,104651E-1;9,394479E-1;;
30/11/2021  10:22:50,068522;9,390157E-1;1,366117E-1;1,420583E-1;9,393426E-1;;
30/11/2021  10:22:50,068622;9,392362E-1;1,283286E-1;1,328963E-1;9,392371E-1;;
30/11/2021  10:22:50,068722;9,394657E-1;2,391944E-1;2,561098E-1;9,391321E-1;;
30/11/2021  10:22:50,068822;9,399634E-1;1,076209E-1;1,328963E-1;9,390283E-1;;
30/11/2021  10:22:50,068922;9,397548E-1;1,238685E-1;1,000394E-1;9,389266E-1;;
30/11/2021  10:22:50,069022;9,410363E-1;1,270543E-1;1,237343E-1;9,388277E-1;;
30/11/2021  10:22:50,069122;9,415817E-1;1,101695E-1;1,420583E-1;9,387323E-1;;
30/11/2021  10:22:50,069222;9,419781E-1;9,965640E-2;9,751191E-2;9,386414E-1;;
30/11/2021  10:22:50,069322;9,419721E-1;1,589123E-1;1,411105E-1;9,385557E-1;;
30/11/2021  10:22:50,069422;9,423149E-1;9,232906E-2;1,660692E-1;9,384761E-1;;
30/11/2021  10:22:50,069522;9,429825E-1;1,305587E-1;1,382671E-1;9,384033E-1;;
30/11/2021  10:22:50,069622;9,434623E-1;1,130368E-1;1,272095E-1;9,383380E-1;;
30/11/2021  10:22:50,069722;9,449852E-1;1,324701E-1;1,303688E-1;9,382810E-1;;
30/11/2021  10:22:50,069822;9,449703E-1;1,353374E-1;1,341600E-1;9,382331E-1;;
30/11/2021  10:22:50,069922;9,446872E-1;1,359745E-1;1,202590E-1;9,381950E-1;;
30/11/2021  10:22:50,070022;9,452058E-1;1,483991E-1;1,512204E-1;9,381676E-1;;
30/11/2021  10:22:50,070122;9,455306E-1;1,544522E-1;1,496407E-1;9,381512E-1;;
30/11/2021  10:22:50,070222;9,453637E-1;1,146297E-1;1,183634E-1;9,381464E-1;;
30/11/2021  10:22:50,070322;9,457303E-1;1,210013E-1;1,237343E-1;9,381536E-1;;
30/11/2021  10:22:50,070422;9,456051E-1;1,181340E-1;1,319485E-1;9,381730E-1;;
30/11/2021  10:22:50,070522;9,459389E-1;1,464877E-1;1,360556E-1;9,382048E-1;;
30/11/2021  10:22:50,070622;9,451044E-1;3,466608E-2;7,476481E-2;9,382490E-1;;
30/11/2021  10:22:50,070722;9,453667E-1;1,280100E-1;1,499566E-1;9,383055E-1;;
30/11/2021  10:22:50,070822;9,446395E-1;1,127182E-1;1,395309E-1;9,383741E-1;;
30/11/2021  10:22:50,070922;9,439421E-1;9,455912E-2;1,079377E-1;9,384544E-1;;
30/11/2021  10:22:50,071022;9,445322E-1;3,126658E-3;8,708615E-2;9,385457E-1;;
30/11/2021  10:22:50,071122;9,446514E-1;9,742634E-2;1,066739E-1;9,386476E-1;;
30/11/2021  10:22:50,071222;9,443147E-1;9,519628E-2;1,543797E-1;9,387593E-1;;
30/11/2021  10:22:50,071322;9,441925E-1;8,213450E-2;6,781430E-2;9,388802E-1;;
30/11/2021  10:22:50,071422;9,440196E-1;5,696668E-2;5,675668E-2;9,390096E-1;;
30/11/2021  10:22:50,071522;9,435040E-1;1,515849E-1;1,903959E-1;9,391467E-1;;
30/11/2021  10:22:50,071622;9,446961E-1;1,413904E-1;1,505885E-1;9,392907E-1;;
30/11/2021  10:22:50,071722;9,445531E-1;8,277166E-2;6,212753E-2;9,394409E-1;;
30/11/2021  10:22:50,071822;9,453518E-1;1,474434E-1;1,272095E-1;9,395967E-1;;
30/11/2021  10:22:50,071922;9,453190E-1;1,544522E-1;1,117289E-1;9,397575E-1;;
30/11/2021  10:22:50,072022;9,454233E-1;1,241871E-1;1,088855E-1;9,399228E-1;;
30/11/2021  10:22:50,072122;9,457720E-1;1,509478E-1;1,483770E-1;9,400922E-1;;
30/11/2021  10:22:50,072222;9,458376E-1;1,636910E-1;1,821817E-1;9,402652E-1;;
30/11/2021  10:22:50,072322;9,472711E-1;1,442576E-1;1,480610E-1;9,404415E-1;;
30/11/2021  10:22:50,072422;9,479000E-1;1,299215E-1;1,275255E-1;9,406208E-1;;
30/11/2021  10:22:50,072522;9,478821E-1;1,397975E-1;1,474292E-1;9,408030E-1;;
30/11/2021  10:22:50,072622;9,482218E-1;1,700626E-1;1,900800E-1;9,409882E-1;;
30/11/2021  10:22:50,072722;9,484901E-1;1,076209E-1;9,877564E-2;9,411762E-1;;
30/11/2021  10:22:50,072822;9,486361E-1;1,133553E-1;1,177316E-1;9,413671E-1;;
30/11/2021  10:22:50,072922;9,486808E-1;1,264171E-1;1,281573E-1;9,415607E-1;;
30/11/2021  10:22:50,073022;9,489431E-1;1,350188E-1;1,322644E-1;9,417571E-1;;
30/11/2021  10:22:50,073122;9,497865E-1;1,372488E-1;1,328963E-1;9,419560E-1;;
30/11/2021  10:22:50,073222;9,498699E-1;1,232313E-1;1,256299E-1;9,421575E-1;;
30/11/2021  10:22:50,073322;9,494259E-1;1,283286E-1;1,212068E-1;9,423615E-1;;
30/11/2021  10:22:50,073422;9,490563E-1;1,254614E-1;1,117289E-1;9,425680E-1;;
30/11/2021  10:22:50,073522;9,488924E-1;1,082581E-1;1,038306E-1;9,427767E-1;;
30/11/2021  10:22:50,073622;9,488537E-1;1,210013E-1;1,170997E-1;9,429872E-1;;
30/11/2021  10:22:50,073722;9,489759E-1;1,136739E-1;1,281573E-1;9,431993E-1;;
30/11/2021  10:22:50,073822;9,493692E-1;1,439390E-1;1,679647E-1;9,434124E-1;;
30/11/2021  10:22:50,073922;9,487970E-1;1,069837E-1;1,490088E-1;9,436264E-1;;
30/11/2021  10:22:50,074022;9,487106E-1;1,270543E-1;1,243661E-1;9,438406E-1;;
30/11/2021  10:22:50,074122;9,486421E-1;1,276914E-1;1,227865E-1;9,440548E-1;;
30/11/2021  10:22:50,074222;9,484722E-1;1,375674E-1;1,322644E-1;9,442685E-1;;
30/11/2021  10:22:50,074322;9,489729E-1;1,334259E-1;1,313166E-1;9,444811E-1;;
30/11/2021  10:22:50,074422;9,494885E-1;1,216384E-1;1,208909E-1;9,446922E-1;;
30/11/2021  10:22:50,074522;9,506180E-1;1,248242E-1;1,430061E-1;9,449015E-1;;
30/11/2021  10:22:50,074622;9,500458E-1;1,308772E-1;1,129926E-1;9,451090E-1;;
30/11/2021  10:22:50,074722;9,497060E-1;1,200455E-1;1,180475E-1;9,453144E-1;;
30/11/2021  10:22:50,074822;9,498461E-1;1,241871E-1;1,155200E-1;9,455177E-1;;
30/11/2021  10:22:50,074922;9,492560E-1;1,280100E-1;1,145722E-1;9,457185E-1;;
30/11/2021  10:22:50,075022;9,492411E-1;1,248242E-1;1,212068E-1;9,459165E-1;;
30/11/2021  10:22:50,075122;9,493812E-1;1,280100E-1;1,458495E-1;9,461115E-1;;
30/11/2021  10:22:50,075222;9,488775E-1;1,092138E-1;9,751191E-2;9,463032E-1;;
30/11/2021  10:22:50,075322;9,483053E-1;1,347002E-1;1,401627E-1;9,464911E-1;;
30/11/2021  10:22:50,075422;9,474857E-1;1,197269E-1;1,234183E-1;9,466747E-1;;
30/11/2021  10:22:50,075522;9,465111E-1;1,022050E-1;1,155200E-1;9,468537E-1;;
30/11/2021  10:22:50,075622;9,456290E-1;1,251428E-1;1,262617E-1;9,470271E-1;;
30/11/2021  10:22:50,075722;9,451998E-1;1,296029E-1;1,272095E-1;9,471942E-1;;
30/11/2021  10:22:50,075822;9,453041E-1;1,219570E-1;1,063580E-1;9,473542E-1;;
30/11/2021  10:22:50,075922;9,442044E-1;1,404346E-1;1,411105E-1;9,475061E-1;;
30/11/2021  10:22:50,076022;9,434683E-1;1,327887E-1;1,265777E-1;9,476493E-1;;
30/11/2021  10:22:50,076122;9,417069E-1;1,404346E-1;1,284732E-1;9,477827E-1;;
30/11/2021  10:22:50,076222;9,411198E-1;1,139925E-1;1,047783E-1;9,479053E-1;;
30/11/2021  10:22:50,076322;9,402764E-1;1,216384E-1;9,624818E-2;9,480160E-1;;
30/11/2021  10:22:50,076422;9,400618E-1;1,130368E-1;1,139404E-1;9,481137E-1;;
30/11/2021  10:22:50,076522;9,402018E-1;9,360338E-2;8,550650E-2;9,481975E-1;;
30/11/2021  10:22:50,076622;9,394866E-1;6,875414E-2;5,170177E-2;9,482664E-1;;
30/11/2021  10:22:50,076722;9,391230E-1;1,238685E-1;1,114129E-1;9,483198E-1;;
30/11/2021  10:22:50,076822;9,381633E-1;1,436204E-1;1,477451E-1;9,483569E-1;;
30/11/2021  10:22:50,076922;9,375702E-1;1,264171E-1;1,284732E-1;9,483771E-1;;
30/11/2021  10:22:50,077022;9,368818E-1;1,210013E-1;1,183634E-1;9,483800E-1;;
30/11/2021  10:22:50,077122;9,376418E-1;1,092138E-1;1,202590E-1;9,483648E-1;;
30/11/2021  10:22:50,077222;9,376149E-1;1,187712E-1;1,224705E-1;9,483313E-1;;
30/11/2021  10:22:50,077322;9,362380E-1;1,283286E-1;1,272095E-1;9,482793E-1;;
30/11/2021  10:22:50,077422;9,368788E-1;1,241871E-1;1,246821E-1;9,482089E-1;;
30/11/2021  10:22:50,077522;9,357761E-1;1,359745E-1;1,278414E-1;9,481198E-1;;
30/11/2021  10:22:50,077622;9,355734E-1;1,455319E-1;1,325804E-1;9,480124E-1;;
30/11/2021  10:22:50,077722;9,358059E-1;1,203641E-1;1,215227E-1;9,478865E-1;;
30/11/2021  10:22:50,077822;9,359251E-1;1,146297E-1;1,069899E-1;9,477426E-1;;
30/11/2021  10:22:50,077922;9,359758E-1;1,123996E-1;9,087734E-2;9,475810E-1;;
30/11/2021  10:22:50,078022;9,359490E-1;1,251428E-1;1,237343E-1;9,474023E-1;;
30/11/2021  10:22:50,078122;9,354214E-1;6,939130E-2;8,645429E-2;9,472071E-1;;
30/11/2021  10:22:50,078222;9,346794E-1;1,519035E-1;1,534319E-1;9,469961E-1;;
30/11/2021  10:22:50,078322;9,347449E-1;1,429833E-1;1,306848E-1;9,467698E-1;;
30/11/2021  10:22:50,078422;9,349446E-1;1,614609E-1;1,493248E-1;9,465291E-1;;
30/11/2021  10:22:50,078522;9,351353E-1;1,127182E-1;1,092014E-1;9,462746E-1;;
30/11/2021  10:22:50,078622;9,351085E-1;1,423461E-1;1,616461E-1;9,460073E-1;;
30/11/2021  10:22:50,078722;9,354900E-1;1,123996E-1;1,199431E-1;9,457279E-1;;
30/11/2021  10:22:50,078822;9,345423E-1;1,194084E-1;1,265777E-1;9,454376E-1;;
30/11/2021  10:22:50,078922;9,343545E-1;1,076209E-1;1,104651E-1;9,451373E-1;;
30/11/2021  10:22:50,079022;9,346108E-1;5,887816E-2;5,707262E-2;9,448279E-1;;
30/11/2021  10:22:50,079122;9,345512E-1;1,104881E-1;1,022509E-1;9,445103E-1;;
30/11/2021  10:22:50,079222;9,347002E-1;1,101695E-1;1,205749E-1;9,441856E-1;;
30/11/2021  10:22:50,079322;9,346853E-1;8,277166E-2;5,486109E-2;9,438546E-1;;
30/11/2021  10:22:50,079422;9,348462E-1;1,509478E-1;1,689125E-1;9,435185E-1;;
30/11/2021  10:22:50,079522;9,343217E-1;9,806350E-2;1,152041E-1;9,431782E-1;;
30/11/2021  10:22:50,079622;9,340893E-1;1,088952E-1;1,300529E-1;9,428346E-1;;
30/11/2021  10:22:50,079722;9,346048E-1;8,627604E-2;9,593225E-2;9,424888E-1;;
30/11/2021  10:22:50,079822;9,348462E-1;1,117624E-1;1,253139E-1;9,421416E-1;;
30/11/2021  10:22:50,079922;9,350906E-1;1,098510E-1;1,066739E-1;9,417939E-1;;
30/11/2021  10:22:50,080022;9,357225E-1;1,267357E-1;1,831295E-1;9,414468E-1;;
30/11/2021  10:22:50,080122;9,357344E-1;1,337445E-1;1,651214E-1;9,411014E-1;;
30/11/2021  10:22:50,080222;9,356956E-1;1,417090E-1;1,398468E-1;9,407586E-1;;
30/11/2021  10:22:50,080322;9,355734E-1;1,585937E-1;1,430061E-1;9,404196E-1;;
30/11/2021  10:22:50,080422;9,361457E-1;1,636910E-1;1,471132E-1;9,400852E-1;;
30/11/2021  10:22:50,080522;9,371023E-1;1,614609E-1;1,382671E-1;9,397563E-1;;
30/11/2021  10:22:50,080622;9,371292E-1;1,636910E-1;1,502726E-1;9,394341E-1;;
30/11/2021  10:22:50,080722;9,376597E-1;1,452133E-1;1,474292E-1;9,391194E-1;;
30/11/2021  10:22:50,080822;9,378474E-1;1,203641E-1;1,082536E-1;9,388133E-1;;
30/11/2021  10:22:50,080922;9,371649E-1;7,576290E-2;1,092014E-1;9,385168E-1;;
30/11/2021  10:22:50,081022;9,371828E-1;1,139925E-1;1,129926E-1;9,382306E-1;;
30/11/2021  10:22:50,081122;9,379905E-1;6,333828E-2;1,224705E-1;9,379554E-1;;
30/11/2021  10:22:50,081222;9,385090E-1;1,267357E-1;1,433221E-1;9,376918E-1;;
30/11/2021  10:22:50,081322;9,388726E-1;1,190898E-1;1,145722E-1;9,374406E-1;;
30/11/2021  10:22:50,081422;9,388935E-1;1,022050E-1;1,392149E-1;9,372023E-1;;
30/11/2021  10:22:50,081522;9,381097E-1;1,350188E-1;1,382671E-1;9,369776E-1;;
30/11/2021  10:22:50,081622;9,373139E-1;1,254614E-1;1,404787E-1;9,367667E-1;;
30/11/2021  10:22:50,081722;9,376537E-1;1,270543E-1;1,373193E-1;9,365700E-1;;
30/11/2021  10:22:50,081822;9,379636E-1;1,241871E-1;1,231024E-1;9,363873E-1;;
30/11/2021  10:22:50,081922;9,382140E-1;1,254614E-1;1,281573E-1;9,362187E-1;;
30/11/2021  10:22:50,082022;9,383332E-1;1,273729E-1;1,246821E-1;9,360641E-1;;
30/11/2021  10:22:50,082122;9,377222E-1;8,914326E-2;6,939396E-2;9,359236E-1;;
30/11/2021  10:22:50,082222;9,373020E-1;1,190898E-1;1,079377E-1;9,357970E-1;;
30/11/2021  10:22:50,082322;9,371441E-1;1,130368E-1;1,104651E-1;9,356840E-1;;
30/11/2021  10:22:50,082422;9,378623E-1;1,238685E-1;1,234183E-1;9,355841E-1;;
30/11/2021  10:22:50,082522;9,383809E-1;1,232313E-1;1,376353E-1;9,354971E-1;;
30/11/2021  10:22:50,082622;9,388875E-1;1,069837E-1;1,189953E-1;9,354226E-1;;
30/11/2021  10:22:50,082722;9,389829E-1;1,159040E-1;1,246821E-1;9,353605E-1;;
30/11/2021  10:22:50,082822;9,389978E-1;1,206827E-1;1,284732E-1;9,353105E-1;;
30/11/2021  10:22:50,082922;9,386014E-1;2,513005E-1;2,276759E-1;9,352725E-1;;
30/11/2021  10:22:50,083022;9,393078E-1;9,424054E-2;1,145722E-1;9,352462E-1;;
30/11/2021  10:22:50,083122;9,398323E-1;1,200455E-1;1,543797E-1;9,352312E-1;;
30/11/2021  10:22:50,083222;9,404462E-1;1,210013E-1;1,227865E-1;9,352273E-1;;
30/11/2021  10:22:50,083322;9,410900E-1;9,615202E-2;1,866047E-1;9,352344E-1;;
30/11/2021  10:22:50,083422;9,412956E-1;6,684266E-2;8,234717E-2;9,352525E-1;;
30/11/2021  10:22:50,083522;9,411853E-1;8,149734E-2;1,076217E-1;9,352814E-1;;
30/11/2021  10:22:50,083622;9,410840E-1;6,875414E-2;7,760819E-2;9,353211E-1;;
30/11/2021  10:22:50,083722;9,417248E-1;1,184526E-1;1,344760E-1;9,353713E-1;;
30/11/2021  10:22:50,083822;9,420109E-1;8,532030E-2;8,834988E-2;9,354319E-1;;
30/11/2021  10:22:50,083922;9,423298E-1;1,254614E-1;1,215227E-1;9,355027E-1;;
30/11/2021  10:22:50,084022;9,425950E-1;9,169190E-2;6,655058E-2;9,355836E-1;;
30/11/2021  10:22:50,084122;9,426099E-1;1,254614E-1;1,332122E-1;9,356742E-1;;
30/11/2021  10:22:50,084222;9,416771E-1;6,333828E-2;9,403666E-2;9,357745E-1;;
30/11/2021  10:22:50,084322;9,416831E-1;1,388417E-1;1,543797E-1;9,358840E-1;;
30/11/2021  10:22:50,084422;9,420496E-1;1,117624E-1;1,215227E-1;9,360023E-1;;
30/11/2021  10:22:50,084522;9,423089E-1;1,260985E-1;1,240502E-1;9,361287E-1;;
30/11/2021  10:22:50,084622;9,423715E-1;9,933782E-2;1,158360E-1;9,362628E-1;;
30/11/2021  10:22:50,084722;9,422076E-1;1,085766E-1;2,099837E-1;9,364042E-1;;
30/11/2021  10:22:50,084822;9,417218E-1;1,238685E-1;1,152041E-1;9,365523E-1;;
30/11/2021  10:22:50,084922;9,417516E-1;1,254614E-1;1,253139E-1;9,367064E-1;;
30/11/2021  10:22:50,085022;9,416771E-1;1,216384E-1;1,265777E-1;9,368660E-1;;
30/11/2021  10:22:50,085122;9,425175E-1;1,302401E-1;1,231024E-1;9,370304E-1;;
30/11/2021  10:22:50,085222;9,441954E-1;1,302401E-1;1,246821E-1;9,371990E-1;;
30/11/2021  10:22:50,085322;9,439421E-1;1,225942E-1;1,215227E-1;9,373716E-1;;
30/11/2021  10:22:50,085422;9,437186E-1;1,210013E-1;1,139404E-1;9,375478E-1;;
30/11/2021  10:22:50,085522;9,442163E-1;9,678918E-2;9,119327E-2;9,377275E-1;;
30/11/2021  10:22:50,085622;9,443951E-1;4,486064E-2;9,372073E-2;9,379104E-1;;
30/11/2021  10:22:50,085722;9,451611E-1;8,436456E-2;7,729226E-2;9,380963E-1;;
30/11/2021  10:22:50,085822;9,459508E-1;1,241871E-1;1,316326E-1;9,382851E-1;;
30/11/2021  10:22:50,085922;9,470714E-1;1,522221E-1;1,695444E-1;9,384767E-1;;
30/11/2021  10:22:50,086022;9,478076E-1;1,267357E-1;1,524841E-1;9,386713E-1;;
30/11/2021  10:22:50,086122;9,484394E-1;1,296029E-1;1,246821E-1;9,388692E-1;;
30/11/2021  10:22:50,086222;9,481443E-1;1,273729E-1;1,278414E-1;9,390705E-1;;
30/11/2021  10:22:50,086322;9,480907E-1;1,433019E-1;1,553275E-1;9,392757E-1;;
30/11/2021  10:22:50,086422;9,490802E-1;1,095324E-1;1,186794E-1;9,394848E-1;;
30/11/2021  10:22:50,086522;9,492918E-1;1,362931E-1;1,253139E-1;9,396980E-1;;
30/11/2021  10:22:50,086622;9,499504E-1;1,433019E-1;1,509044E-1;9,399154E-1;;
30/11/2021  10:22:50,086722;9,497656E-1;1,429833E-1;1,253139E-1;9,401372E-1;;
30/11/2021  10:22:50,086822;9,498699E-1;1,194084E-1;1,107811E-1;9,403635E-1;;
30/11/2021  10:22:50,086922;9,493216E-1;1,407532E-1;1,268936E-1;9,405943E-1;;
30/11/2021  10:22:50,087022;9,496226E-1;1,302401E-1;1,145722E-1;9,408296E-1;;
30/11/2021  10:22:50,087122;9,492620E-1;1,276914E-1;1,189953E-1;9,410690E-1;;
30/11/2021  10:22:50,087222;9,502067E-1;1,286472E-1;1,622780E-1;9,413124E-1;;
30/11/2021  10:22:50,087322;9,505793E-1;7,703722E-2;1,028828E-1;9,415594E-1;;
30/11/2021  10:22:50,087422;9,504541E-1;1,139925E-1;1,373193E-1;9,418098E-1;;
30/11/2021  10:22:50,087522;9,504451E-1;1,213198E-1;1,392149E-1;9,420635E-1;;
30/11/2021  10:22:50,087622;9,503408E-1;9,455912E-2;1,038306E-1;9,423202E-1;;
30/11/2021  10:22:50,087722;9,502842E-1;1,022050E-1;1,136244E-1;9,425795E-1;;
30/11/2021  10:22:50,087822;9,507968E-1;1,120810E-1;1,212068E-1;9,428410E-1;;
30/11/2021  10:22:50,087922;9,511544E-1;6,365686E-2;5,517702E-2;9,431043E-1;;
30/11/2021  10:22:50,088022;9,513541E-1;9,997498E-2;1,114129E-1;9,433693E-1;;
30/11/2021  10:22:50,088122;9,513064E-1;1,028422E-1;1,123607E-1;9,436354E-1;;
30/11/2021  10:22:50,088222;9,509279E-1;1,073023E-1;1,120448E-1;9,439026E-1;;
30/11/2021  10:22:50,088322;9,506836E-1;5,601094E-2;1,028828E-1;9,441702E-1;;
30/11/2021  10:22:50,088422;9,507312E-1;1,378860E-1;1,543797E-1;9,444380E-1;;
30/11/2021  10:22:50,088522;9,513064E-1;1,133553E-1;1,208909E-1;9,447054E-1;;
30/11/2021  10:22:50,088622;9,512141E-1;8,723178E-2;1,129926E-1;9,449720E-1;;
30/11/2021  10:22:50,088722;9,512528E-1;1,856730E-1;1,755471E-1;9,452373E-1;;
30/11/2021  10:22:50,088822;9,507551E-1;1,509478E-1;1,335282E-1;9,455010E-1;;
30/11/2021  10:22:50,088922;9,502544E-1;1,123996E-1;1,708081E-1;9,457626E-1;;
30/11/2021  10:22:50,089022;9,495004E-1;1,620981E-1;1,610142E-1;9,460216E-1;;
30/11/2021  10:22:50,089122;9,494676E-1;1,391603E-1;1,423743E-1;9,462772E-1;;
30/11/2021  10:22:50,089222;9,494706E-1;1,238685E-1;1,275255E-1;9,465288E-1;;
30/11/2021  10:22:50,089322;9,494020E-1;1,219570E-1;1,316326E-1;9,467757E-1;;
30/11/2021  10:22:50,089422;9,487195E-1;1,308772E-1;1,294210E-1;9,470173E-1;;
30/11/2021  10:22:50,089522;9,483202E-1;1,254614E-1;1,240502E-1;9,472528E-1;;
30/11/2021  10:22:50,089622;9,479238E-1;1,289658E-1;1,300529E-1;9,474816E-1;;
30/11/2021  10:22:50,089722;9,469463E-1;1,321516E-1;1,297370E-1;9,477029E-1;;
30/11/2021  10:22:50,089822;9,468420E-1;1,264171E-1;1,297370E-1;9,479160E-1;;
30/11/2021  10:22:50,089922;9,467257E-1;9,551486E-2;8,455870E-2;9,481200E-1;;
30/11/2021  10:22:50,090022;9,469463E-1;1,296029E-1;1,505885E-1;9,483143E-1;;
30/11/2021  10:22:50,090122;9,463979E-1;1,458505E-1;1,834454E-1;9,484981E-1;;
30/11/2021  10:22:50,090222;9,460790E-1;1,299215E-1;1,366875E-1;9,486710E-1;;
30/11/2021  10:22:50,090322;9,451581E-1;1,407532E-1;1,363715E-1;9,488324E-1;;
30/11/2021  10:22:50,090422;9,443683E-1;1,318330E-1;1,275255E-1;9,489818E-1;;
30/11/2021  10:22:50,090522;9,447051E-1;6,811698E-2;1,212068E-1;9,491184E-1;;
30/11/2021  10:22:50,090622;9,445322E-1;1,251428E-1;1,262617E-1;9,492418E-1;;
30/11/2021  10:22:50,090722;9,443266E-1;1,579565E-1;1,957668E-1;9,493515E-1;;
30/11/2021  10:22:50,090822;9,441478E-1;1,222756E-1;1,148882E-1;9,494472E-1;;
30/11/2021  10:22:50,090922;9,432209E-1;1,318330E-1;1,300529E-1;9,495286E-1;;
30/11/2021  10:22:50,091022;9,428036E-1;1,248242E-1;1,129926E-1;9,495955E-1;;
30/11/2021  10:22:50,091122;9,426666E-1;1,362931E-1;1,385831E-1;9,496475E-1;;
30/11/2021  10:22:50,091222;9,435368E-1;1,101695E-1;9,245700E-2;9,496844E-1;;
30/11/2021  10:22:50,091322;9,432090E-1;1,299215E-1;1,310007E-1;9,497063E-1;;
30/11/2021  10:22:50,091422;9,425444E-1;9,073616E-2;8,171531E-2;9,497132E-1;;
30/11/2021  10:22:50,091522;9,421450E-1;2,073364E-1;2,058766E-1;9,497053E-1;;
30/11/2021  10:22:50,091622;9,411377E-1;1,184526E-1;1,281573E-1;9,496826E-1;;
30/11/2021  10:22:50,091722;9,408188E-1;1,442576E-1;1,591187E-1;9,496451E-1;;
30/11/2021  10:22:50,091822;9,415728E-1;9,105474E-2;9,877564E-2;9,495930E-1;;
30/11/2021  10:22:50,091922;9,413493E-1;1,324701E-1;1,297370E-1;9,495263E-1;;
30/11/2021  10:22:50,092022;9,413493E-1;1,267357E-1;1,193112E-1;9,494454E-1;;
30/11/2021  10:22:50,092122;9,410542E-1;1,267357E-1;1,651214E-1;9,493507E-1;;
30/11/2021  10:22:50,092222;9,399575E-1;1,496735E-1;1,663851E-1;9,492425E-1;;
30/11/2021  10:22:50,092322;9,402734E-1;1,213198E-1;1,234183E-1;9,491212E-1;;
30/11/2021  10:22:50,092422;9,391826E-1;1,327887E-1;1,297370E-1;9,489871E-1;;
30/11/2021  10:22:50,092522;9,396177E-1;1,318330E-1;1,300529E-1;9,488406E-1;;
30/11/2021  10:22:50,092622;9,395998E-1;1,034794E-1;1,088855E-1;9,486821E-1;;
30/11/2021  10:22:50,092722;9,393763E-1;1,382046E-1;1,300529E-1;9,485120E-1;;
30/11/2021  10:22:50,092822;9,383034E-1;1,369303E-1;1,458495E-1;9,483307E-1;;
30/11/2021  10:22:50,092922;9,382766E-1;1,442576E-1;1,313166E-1;9,481387E-1;;
30/11/2021  10:22:50,093022;9,380620E-1;8,861098E-3;5,106991E-2;9,479364E-1;;
30/11/2021  10:22:50,093122;9,377938E-1;1,229127E-1;1,221546E-1;9,477242E-1;;
30/11/2021  10:22:50,093222;9,381633E-1;1,146297E-1;1,082536E-1;9,475025E-1;;
30/11/2021  10:22:50,093322;9,375851E-1;1,305587E-1;1,404787E-1;9,472720E-1;;
30/11/2021  10:22:50,093422;9,377550E-1;1,350188E-1;1,420583E-1;9,470330E-1;;
30/11/2021  10:22:50,093522;9,370248E-1;1,053908E-1;1,092014E-1;9,467862E-1;;
30/11/2021  10:22:50,093622;9,364198E-1;1,283286E-1;1,310007E-1;9,465320E-1;;
30/11/2021  10:22:50,093722;9,363841E-1;1,350188E-1;1,370034E-1;9,462709E-1;;
30/11/2021  10:22:50,093822;9,365659E-1;1,251428E-1;1,262617E-1;9,460035E-1;;
30/11/2021  10:22:50,093922;9,365957E-1;1,296029E-1;1,262617E-1;9,457300E-1;;
30/11/2021  10:22:50,094022;9,367328E-1;1,251428E-1;1,287892E-1;9,454512E-1;;
30/11/2021  10:22:50,094122;9,364646E-1;1,289658E-1;1,246821E-1;9,451677E-1;;
30/11/2021  10:22:50,094222;9,360413E-1;5,537378E-2;8,866581E-2;9,448800E-1;;
30/11/2021  10:22:50,094322;9,356837E-1;1,350188E-1;1,256299E-1;9,445887E-1;;
30/11/2021  10:22:50,094422;9,356509E-1;1,245056E-1;1,227865E-1;9,442944E-1;;
30/11/2021  10:22:50,094522;9,361159E-1;1,362931E-1;1,332122E-1;9,439975E-1;;
30/11/2021  10:22:50,094622;9,361278E-1;2,224146E-2;8,045158E-2;9,436987E-1;;
30/11/2021  10:22:50,094722;9,355973E-1;8,914326E-2;8,203124E-2;9,433986E-1;;
30/11/2021  10:22:50,094822;9,349059E-1;1,015679E-1;1,281573E-1;9,430977E-1;;
30/11/2021  10:22:50,094922;9,347092E-1;1,318330E-1;1,385831E-1;9,427965E-1;;
30/11/2021  10:22:50,095022;9,341816E-1;2,510868E-2;1,253139E-1;9,424954E-1;;
30/11/2021  10:22:50,095122;9,336035E-1;1,270543E-1;1,284732E-1;9,421947E-1;;
30/11/2021  10:22:50,095222;9,337286E-1;1,270543E-1;1,224705E-1;9,418946E-1;;
30/11/2021  10:22:50,095322;9,341489E-1;1,385232E-1;1,287892E-1;9,415954E-1;;
30/11/2021  10:22:50,095422;9,333233E-1;1,506292E-1;1,550115E-1;9,412973E-1;;
30/11/2021  10:22:50,095522;9,330134E-1;1,216384E-1;9,498445E-2;9,410005E-1;;
30/11/2021  10:22:50,095622;9,324590E-1;1,203641E-1;1,009872E-1;9,407053E-1;;
30/11/2021  10:22:50,095722;9,325186E-1;1,308772E-1;1,136244E-1;9,404118E-1;;
30/11/2021  10:22:50,095822;9,322772E-1;5,409946E-2;1,079377E-1;9,401202E-1;;
30/11/2021  10:22:50,095922;9,323249E-1;6,843556E-2;5,012211E-2;9,398304E-1;;
30/11/2021  10:22:50,096022;9,325991E-1;9,455912E-2;1,013031E-1;9,395427E-1;;
30/11/2021  10:22:50,096122;9,323935E-1;3,625898E-2;1,758111E-2;9,392572E-1;;
30/11/2021  10:22:50,096222;9,320567E-1;1,095324E-1;1,183634E-1;9,389742E-1;;
30/11/2021  10:22:50,096322;9,321699E-1;5,601094E-2;9,466852E-2;9,386939E-1;;
30/11/2021  10:22:50,096422;9,318153E-1;1,152668E-1;1,771268E-1;9,384165E-1;;
30/11/2021  10:22:50,096522;9,323100E-1;1,216384E-1;1,218387E-1;9,381422E-1;;
30/11/2021  10:22:50,096622;9,326736E-1;1,111253E-1;1,161519E-1;9,378713E-1;;
30/11/2021  10:22:50,096722;9,336392E-1;6,875414E-2;7,666040E-2;9,376040E-1;;
30/11/2021  10:22:50,096822;9,339641E-1;1,037979E-1;1,126766E-1;9,373408E-1;;
30/11/2021  10:22:50,096922;9,335826E-1;1,063466E-1;1,114129E-1;9,370824E-1;;
30/11/2021  10:22:50,097022;9,328345E-1;1,152668E-1;1,215227E-1;9,368292E-1;;
30/11/2021  10:22:50,097122;9,337078E-1;1,149482E-1;1,265777E-1;9,365817E-1;;
30/11/2021  10:22:50,097222;9,341071E-1;1,391603E-1;1,388990E-1;9,363402E-1;;
30/11/2021  10:22:50,097322;9,337942E-1;1,401161E-1;1,227865E-1;9,361053E-1;;
30/11/2021  10:22:50,097422;9,345184E-1;1,499920E-1;1,347919E-1;9,358773E-1;;
30/11/2021  10:22:50,097522;9,342830E-1;1,706997E-1;1,382671E-1;9,356568E-1;;
30/11/2021  10:22:50,097622;9,338598E-1;1,503106E-1;1,237343E-1;9,354440E-1;;
30/11/2021  10:22:50,097722;9,332309E-1;-3,244942E-3;1,066739E-1;9,352394E-1;;
30/11/2021  10:22:50,097822;9,340177E-1;1,394789E-1;1,584868E-1;9,350431E-1;;
30/11/2021  10:22:50,097922;9,347181E-1;1,037979E-1;1,183634E-1;9,348552E-1;;
30/11/2021  10:22:50,098022;9,352277E-1;1,452133E-1;1,455336E-1;9,346760E-1;;
30/11/2021  10:22:50,098122;9,351324E-1;2,670158E-2;7,381701E-2;9,345059E-1;;
30/11/2021  10:22:50,098222;9,349148E-1;1,047537E-1;1,006712E-1;9,343451E-1;;
30/11/2021  10:22:50,098322;9,351353E-1;1,235499E-1;1,208909E-1;9,341939E-1;;
30/11/2021  10:22:50,098422;9,349923E-1;1,216384E-1;1,215227E-1;9,340524E-1;;
30/11/2021  10:22:50,098522;9,364496E-1;1,778134E-2;9,561632E-2;9,339209E-1;;
30/11/2021  10:22:50,098622;9,369801E-1;1,225942E-1;1,133085E-1;9,337995E-1;;
30/11/2021  10:22:50,098722;9,378683E-1;1,388417E-1;1,679647E-1;9,336885E-1;;
30/11/2021  10:22:50,098822;9,377967E-1;1,410718E-1;1,325804E-1;9,335885E-1;;
30/11/2021  10:22:50,098922;9,381454E-1;1,216384E-1;1,054102E-1;9,334999E-1;;
30/11/2021  10:22:50,099022;9,379577E-1;1,232313E-1;1,057261E-1;9,334228E-1;;
30/11/2021  10:22:50,099122;9,386521E-1;9,583344E-2;8,740209E-2;9,333578E-1;;
30/11/2021  10:22:50,099222;9,390753E-1;1,194084E-1;1,066739E-1;9,333049E-1;;
30/11/2021  10:22:50,099322;9,391409E-1;1,448948E-1;1,723878E-1;9,332644E-1;;
30/11/2021  10:22:50,099422;9,400886E-1;1,445762E-1;1,534319E-1;9,332366E-1;;
30/11/2021  10:22:50,099522;9,403389E-1;1,315144E-1;1,430061E-1;9,332216E-1;;
30/11/2021  10:22:50,099622;9,399485E-1;1,570008E-1;1,594346E-1;9,332196E-1;;
30/11/2021  10:22:50,099722;9,406340E-1;1,181340E-1;1,284732E-1;9,332307E-1;;
30/11/2021  10:22:50,099822;9,404194E-1;1,206827E-1;1,272095E-1;9,332549E-1;;
30/11/2021  10:22:50,099922;9,411853E-1;1,213198E-1;1,234183E-1;9,332922E-1;;
30/11/2021  10:22:50,100022;9,413046E-1;9,169190E-2;7,286922E-2;9,333426E-1;;
30/11/2021  10:22:50,100122;9,413433E-1;1,254614E-1;1,284732E-1;9,334060E-1;;
30/11/2021  10:22:50,100222;9,411436E-1;1,229127E-1;1,268936E-1;9,334821E-1;;
30/11/2021  10:22:50,100322;9,407204E-1;1,353374E-1;1,319485E-1;9,335708E-1;;
30/11/2021  10:22:50,100422;9,410781E-1;1,037979E-1;9,087734E-2;9,336716E-1;;
30/11/2021  10:22:50,100522;9,405088E-1;1,522221E-1;1,616461E-1;9,337841E-1;;
30/11/2021  10:22:50,100622;9,410900E-1;1,159040E-1;1,221546E-1;9,339077E-1;;
30/11/2021  10:22:50,100722;9,413612E-1;9,965640E-2;1,300529E-1;9,340417E-1;;
30/11/2021  10:22:50,100822;9,415489E-1;1,459554E-2;4,917431E-2;9,341857E-1;;
30/11/2021  10:22:50,100922;9,413075E-1;1,332122E-2;6,465498E-2;9,343392E-1;;
30/11/2021  10:22:50,101022;9,406608E-1;1,267357E-1;1,243661E-1;9,345014E-1;;
30/11/2021  10:22:50,101122;9,409916E-1;1,324701E-1;1,306848E-1;9,346717E-1;;
30/11/2021  10:22:50,101222;9,416950E-1;1,190898E-1;1,291051E-1;9,348494E-1;;
30/11/2021  10:22:50,101322;9,424579E-1;1,219570E-1;1,221546E-1;9,350339E-1;;
30/11/2021  10:22:50,101422;9,432269E-1;1,260985E-1;1,328963E-1;9,352246E-1;;
30/11/2021  10:22:50,101522;9,426725E-1;1,241871E-1;1,243661E-1;9,354211E-1;;
30/11/2021  10:22:50,101622;9,421808E-1;1,270543E-1;1,265777E-1;9,356231E-1;;
30/11/2021  10:22:50,101722;9,420735E-1;1,280100E-1;1,278414E-1;9,358300E-1;;
30/11/2021  10:22:50,101822;9,419274E-1;1,276914E-1;1,275255E-1;9,360412E-1;;
30/11/2021  10:22:50,101922;9,424788E-1;1,225942E-1;1,221546E-1;9,362561E-1;;
30/11/2021  10:22:50,102022;9,429527E-1;1,149482E-1;1,310007E-1;9,364740E-1;;
30/11/2021  10:22:50,102122;9,433997E-1;-5,326200E-2;1,157841E-2;9,366945E-1;;
30/11/2021  10:22:50,102222;9,427023E-1;1,353374E-1;1,449017E-1;9,369172E-1;;
30/11/2021  10:22:50,102322;9,419990E-1;1,104881E-1;1,231024E-1;9,371415E-1;;
30/11/2021  10:22:50,102422;9,415758E-1;1,232313E-1;1,272095E-1;9,373668E-1;;
30/11/2021  10:22:50,102522;9,419364E-1;1,257800E-1;1,300529E-1;9,375924E-1;;
30/11/2021  10:22:50,102622;9,426129E-1;5,155082E-2;1,414265E-1;9,378178E-1;;
30/11/2021  10:22:50,102722;9,423983E-1;1,159040E-1;1,063580E-1;9,380421E-1;;
30/11/2021  10:22:50,102822;9,426040E-1;1,757970E-1;1,960827E-1;9,382651E-1;;
30/11/2021  10:22:50,102922;9,422851E-1;1,302401E-1;1,294210E-1;9,384861E-1;;
30/11/2021  10:22:50,103022;9,416264E-1;1,276914E-1;1,284732E-1;9,387047E-1;;
30/11/2021  10:22:50,103122;9,412420E-1;1,264171E-1;1,265777E-1;9,389204E-1;;
30/11/2021  10:22:50,103222;9,418738E-1;1,347002E-1;1,404787E-1;9,391325E-1;;
30/11/2021  10:22:50,103322;9,414089E-1;9,997498E-2;8,424277E-2;9,393405E-1;;
30/11/2021  10:22:50,103422;9,419364E-1;1,433019E-1;1,401627E-1;9,395439E-1;;
30/11/2021  10:22:50,103522;9,416473E-1;1,101695E-1;9,719598E-2;9,397422E-1;;
30/11/2021  10:22:50,103622;9,410035E-1;1,203641E-1;1,212068E-1;9,399350E-1;;
30/11/2021  10:22:50,103722;9,404433E-1;1,273729E-1;1,310007E-1;9,401219E-1;;
30/11/2021  10:22:50,103822;9,400767E-1;1,573194E-1;1,689125E-1;9,403024E-1;;
30/11/2021  10:22:50,103922;9,401482E-1;1,650702E-2;8,171531E-2;9,404759E-1;;
30/11/2021  10:22:50,104022;9,400946E-1;1,340630E-1;1,351078E-1;9,406420E-1;;
30/11/2021  10:22:50,104122;9,409022E-1;1,487177E-1;1,534319E-1;9,408000E-1;;
30/11/2021  10:22:50,104222;9,403300E-1;1,649653E-1;2,068244E-1;9,409499E-1;;
30/11/2021  10:22:50,104322;9,395492E-1;1,069837E-1;2,020854E-1;9,410913E-1;;
30/11/2021  10:22:50,104422;9,393346E-1;1,082581E-1;1,133085E-1;9,412239E-1;;
30/11/2021  10:22:50,104522;9,390067E-1;1,082581E-1;1,189953E-1;9,413474E-1;;
30/11/2021  10:22:50,104622;9,404641E-1;1,057094E-1;1,060421E-1;9,414615E-1;;
30/11/2021  10:22:50,104722;9,399873E-1;-1,025370E-2;4,538313E-2;9,415661E-1;;
30/11/2021  10:22:50,104822;9,403240E-1;1,028422E-1;1,057261E-1;9,416612E-1;;
30/11/2021  10:22:50,104922;9,401333E-1;1,171783E-1;1,306848E-1;9,417469E-1;;
30/11/2021  10:22:50,105022;9,390008E-1;1,034794E-1;1,183634E-1;9,418233E-1;;
30/11/2021  10:22:50,105122;9,383362E-1;6,970988E-2;9,814378E-2;9,418903E-1;;
30/11/2021  10:22:50,105222;9,387951E-1;4,963934E-2;7,539667E-2;9,419479E-1;;
30/11/2021  10:22:50,105322;9,391051E-1;3,211744E-2;6,275939E-2;9,419960E-1;;
30/11/2021  10:22:50,105422;9,393644E-1;1,085766E-1;1,328963E-1;9,420347E-1;;
30/11/2021  10:22:50,105522;9,390455E-1;4,071910E-2;9,530039E-2;9,420641E-1;;
30/11/2021  10:22:50,105622;9,384852E-1;1,280100E-1;1,363715E-1;9,420845E-1;;
30/11/2021  10:22:50,105722;9,374212E-1;1,359745E-1;1,335282E-1;9,420958E-1;;
30/11/2021  10:22:50,105822;9,371977E-1;1,598680E-1;1,597505E-1;9,420983E-1;;
30/11/2021  10:22:50,105922;9,375732E-1;1,601866E-1;1,474292E-1;9,420917E-1;;
30/11/2021  10:22:50,106022;9,378683E-1;1,697440E-1;1,477451E-1;9,420763E-1;;
30/11/2021  10:22:50,106122;9,376388E-1;1,490363E-1;1,464814E-1;9,420520E-1;;
30/11/2021  10:22:50,106222;9,370666E-1;1,397975E-1;1,145722E-1;9,420191E-1;;
30/11/2021  10:22:50,106322;9,370457E-1;1,439390E-1;1,717559E-1;9,419777E-1;;
30/11/2021  10:22:50,106422;9,365540E-1;5,675298E-3;8,866581E-2;9,419281E-1;;
30/11/2021  10:22:50,106522;9,357403E-1;1,092138E-1;1,104651E-1;9,418703E-1;;
30/11/2021  10:22:50,106622;9,363692E-1;1,130368E-1;1,240502E-1;9,418044E-1;;
30/11/2021  10:22:50,106722;9,373020E-1;1,420275E-1;1,755471E-1;9,417305E-1;;
30/11/2021  10:22:50,106822;9,371113E-1;8,532030E-2;8,740209E-2;9,416491E-1;;
30/11/2021  10:22:50,106922;9,365271E-1;1,260985E-1;1,452176E-1;9,415604E-1;;
30/11/2021  10:22:50,107022;9,366762E-1;1,331073E-1;1,392149E-1;9,414649E-1;;
30/11/2021  10:22:50,107122;9,360264E-1;1,706997E-1;1,802861E-1;9,413630E-1;;
30/11/2021  10:22:50,107222;9,364169E-1;1,289658E-1;1,297370E-1;9,412550E-1;;
30/11/2021  10:22:50,107322;9,374510E-1;1,257800E-1;1,275255E-1;9,411413E-1;;
30/11/2021  10:22:50,107422;9,381782E-1;1,273729E-1;1,259458E-1;9,410224E-1;;
30/11/2021  10:22:50,107522;9,384494E-1;1,471248E-1;1,556434E-1;9,408990E-1;;
30/11/2021  10:22:50,107622;9,383809E-1;1,350188E-1;1,240502E-1;9,407720E-1;;
30/11/2021  10:22:50,107722;9,378891E-1;1,152668E-1;1,164678E-1;9,406421E-1;;
30/11/2021  10:22:50,107822;9,375494E-1;1,483991E-1;1,796542E-1;9,405100E-1;;
30/11/2021  10:22:50,107922;9,382796E-1;1,318330E-1;1,085695E-1;9,403763E-1;;
30/11/2021  10:22:50,108022;9,391975E-1;3,371034E-2;6,244346E-2;9,402417E-1;;
30/11/2021  10:22:50,108122;9,393316E-1;7,926728E-2;9,056141E-2;9,401068E-1;;
30/11/2021  10:22:50,108222;9,389948E-1;8,691320E-2;1,079377E-1;9,399725E-1;;
30/11/2021  10:22:50,108322;9,385746E-1;1,245056E-1;1,265777E-1;9,398395E-1;;
30/11/2021  10:22:50,108422;9,378862E-1;9,264764E-2;1,161519E-1;9,397083E-1;;
30/11/2021  10:22:50,108522;9,378444E-1;1,305587E-1;1,347919E-1;9,395794E-1;;
30/11/2021  10:22:50,108622;9,382289E-1;4,454206E-2;7,792413E-2;9,394530E-1;;
30/11/2021  10:22:50,108722;9,385865E-1;1,270543E-1;1,234183E-1;9,393294E-1;;
30/11/2021  10:22:50,108822;9,385925E-1;2,956880E-2;8,645429E-2;9,392091E-1;;
30/11/2021  10:22:50,108922;9,384345E-1;1,229127E-1;1,155200E-1;9,390923E-1;;
30/11/2021  10:22:50,109022;9,377818E-1;1,190898E-1;9,972343E-2;9,389793E-1;;
30/11/2021  10:22:50,109122;9,377759E-1;1,311958E-1;1,259458E-1;9,388703E-1;;
30/11/2021  10:22:50,109222;9,377252E-1;1,340630E-1;1,354238E-1;9,387653E-1;;
30/11/2021  10:22:50,109322;9,379815E-1;1,315144E-1;1,351078E-1;9,386645E-1;;
30/11/2021  10:22:50,109422;9,391707E-1;1,194084E-1;1,193112E-1;9,385680E-1;;
30/11/2021  10:22:50,109522;9,391498E-1;1,235499E-1;1,170997E-1;9,384758E-1;;
30/11/2021  10:22:50,109622;9,389680E-1;8,404598E-2;8,582243E-2;9,383884E-1;;
30/11/2021  10:22:50,109722;9,387296E-1;9,551486E-2;9,403666E-2;9,383059E-1;;
30/11/2021  10:22:50,109822;9,382289E-1;1,222756E-1;1,572231E-1;9,382284E-1;;
30/11/2021  10:22:50,109922;9,397518E-1;1,366117E-1;1,584868E-1;9,381561E-1;;
30/11/2021  10:22:50,110022;9,399932E-1;4,294916E-2;7,824006E-2;9,380891E-1;;
30/11/2021  10:22:50,110122;9,405118E-1;1,315144E-1;1,294210E-1;9,380276E-1;;
30/11/2021  10:22:50,110222;9,410721E-1;1,407532E-1;1,591187E-1;9,379720E-1;;
30/11/2021  10:22:50,110322;9,412956E-1;1,168597E-1;1,164678E-1;9,379226E-1;;
30/11/2021  10:22:50,110422;9,415072E-1;1,146297E-1;1,152041E-1;9,378798E-1;;
30/11/2021  10:22:50,110522;9,403628E-1;1,347002E-1;1,524841E-1;9,378439E-1;;
30/11/2021  10:22:50,110622;9,418142E-1;1,245056E-1;1,177316E-1;9,378152E-1;;
30/11/2021  10:22:50,110722;9,422046E-1;1,232313E-1;1,139404E-1;9,377937E-1;;
30/11/2021  10:22:50,110822;9,433610E-1;1,471248E-1;1,490088E-1;9,377798E-1;;
30/11/2021  10:22:50,110922;9,430540E-1;1,305587E-1;1,180475E-1;9,377738E-1;;
30/11/2021  10:22:50,111022;9,425920E-1;1,194084E-1;1,104651E-1;9,377760E-1;;
30/11/2021  10:22:50,111122;9,419096E-1;1,095324E-1;9,340479E-2;9,377867E-1;;
30/11/2021  10:22:50,111222;9,420765E-1;9,105474E-2;1,104651E-1;9,378058E-1;;
30/11/2021  10:22:50,111322;9,425920E-1;1,171783E-1;1,016190E-1;9,378331E-1;;
30/11/2021  10:22:50,111422;9,431672E-1;1,592309E-1;1,600664E-1;9,378687E-1;;
30/11/2021  10:22:50,111522;9,438587E-1;1,273729E-1;1,357397E-1;9,379123E-1;;
30/11/2021  10:22:50,111622;9,434027E-1;1,321516E-1;1,467973E-1;9,379641E-1;;
30/11/2021  10:22:50,111722;9,426248E-1;1,592309E-1;1,471132E-1;9,380239E-1;;
30/11/2021  10:22:50,111822;9,429229E-1;1,257800E-1;1,272095E-1;9,380916E-1;;
30/11/2021  10:22:50,111922;9,433788E-1;1,292843E-1;1,287892E-1;9,381668E-1;;
30/11/2021  10:22:50,112022;9,442163E-1;1,299215E-1;1,303688E-1;9,382494E-1;;
30/11/2021  10:22:50,112122;9,450329E-1;1,321516E-1;1,303688E-1;9,383390E-1;;
30/11/2021  10:22:50,112222;9,449763E-1;1,350188E-1;1,303688E-1;9,384358E-1;;
30/11/2021  10:22:50,112322;9,448928E-1;1,391603E-1;1,259458E-1;9,385396E-1;;
30/11/2021  10:22:50,112422;9,445769E-1;1,442576E-1;1,262617E-1;9,386503E-1;;
30/11/2021  10:22:50,112522;9,443772E-1;3,880762E-2;4,854245E-2;9,387678E-1;;
30/11/2021  10:22:50,112622;9,452386E-1;7,735580E-2;7,444887E-2;9,388917E-1;;
30/11/2021  10:22:50,112722;9,459330E-1;8,563888E-2;8,234717E-2;9,390217E-1;;
30/11/2021  10:22:50,112822;9,460820E-1;1,229127E-1;1,445858E-1;9,391578E-1;;
30/11/2021  10:22:50,112922;9,462757E-1;1,108067E-1;1,199431E-1;9,392998E-1;;
30/11/2021  10:22:50,113022;9,460313E-1;1,076209E-1;1,167838E-1;9,394475E-1;;
30/11/2021  10:22:50,113122;9,458316E-1;1,171783E-1;1,262617E-1;9,396007E-1;;
30/11/2021  10:22:50,113222;9,448154E-1;1,178155E-1;1,253139E-1;9,397592E-1;;
30/11/2021  10:22:50,113322;9,458108E-1;9,583344E-2;1,088855E-1;9,399224E-1;;
30/11/2021  10:22:50,113422;9,463144E-1;1,152668E-1;1,202590E-1;9,400900E-1;;
30/11/2021  10:22:50,113522;9,458376E-1;1,069837E-1;1,193112E-1;9,402615E-1;;
30/11/2021  10:22:50,113622;9,457243E-1;9,360338E-2;1,076217E-1;9,404366E-1;;
30/11/2021  10:22:50,113722;9,451670E-1;1,069837E-1;1,104651E-1;9,406148E-1;;
30/11/2021  10:22:50,113822;9,441358E-1;1,031608E-1;1,088855E-1;9,407955E-1;;
30/11/2021  10:22:50,113922;9,443564E-1;1,162226E-1;1,234183E-1;9,409780E-1;;
30/11/2021  10:22:50,114022;9,441507E-1;1,257800E-1;1,335282E-1;9,411617E-1;;
30/11/2021  10:22:50,114122;9,442372E-1;1,108067E-1;1,287892E-1;9,413456E-1;;
30/11/2021  10:22:50,114222;9,443713E-1;1,308772E-1;7,855599E-2;9,415292E-1;;
30/11/2021  10:22:50,114322;9,441269E-1;1,920446E-1;2,156705E-1;9,417117E-1;;
30/11/2021  10:22:50,114422;9,422016E-1;1,640096E-1;1,509044E-1;9,418925E-1;;
30/11/2021  10:22:50,114522;9,422434E-1;1,745227E-1;1,606983E-1;9,420708E-1;;
30/11/2021  10:22:50,114622;9,421390E-1;1,726112E-1;1,524841E-1;9,422456E-1;;
30/11/2021  10:22:50,114722;9,423417E-1;1,114439E-1;1,360556E-1;9,424161E-1;;
30/11/2021  10:22:50,114822;9,426785E-1;1,181340E-1;1,161519E-1;9,425815E-1;;
30/11/2021  10:22:50,114922;9,426099E-1;2,159381E-1;2,039810E-1;9,427412E-1;;
30/11/2021  10:22:50,115022;9,422285E-1;1,280100E-1;1,291051E-1;9,428947E-1;;
30/11/2021  10:22:50,115122;9,419721E-1;1,318330E-1;1,268936E-1;9,430414E-1;;
30/11/2021  10:22:50,115222;9,409171E-1;1,101695E-1;9,814378E-2;9,431808E-1;;
30/11/2021  10:22:50,115322;9,410989E-1;1,331073E-1;1,379512E-1;9,433124E-1;;
30/11/2021  10:22:50,115422;9,421271E-1;7,289568E-2;9,056141E-2;9,434357E-1;;
30/11/2021  10:22:50,115522;9,425831E-1;1,509478E-1;1,575390E-1;9,435503E-1;;
30/11/2021  10:22:50,115622;9,422374E-1;8,500172E-2;7,002583E-2;9,436561E-1;;
30/11/2021  10:22:50,115722;9,417158E-1;1,799386E-1;1,540637E-1;9,437531E-1;;
30/11/2021  10:22:50,115822;9,406817E-1;1,318330E-1;1,392149E-1;9,438411E-1;;
30/11/2021  10:22:50,115922;9,406817E-1;1,187712E-1;1,215227E-1;9,439200E-1;;
30/11/2021  10:22:50,116022;9,410959E-1;1,251428E-1;1,256299E-1;9,439895E-1;;
30/11/2021  10:22:50,116122;9,415609E-1;1,254614E-1;1,237343E-1;9,440496E-1;;
30/11/2021  10:22:50,116222;9,419692E-1;1,378860E-1;1,347919E-1;9,441003E-1;;
30/11/2021  10:22:50,116322;9,416384E-1;1,659210E-1;1,932393E-1;9,441417E-1;;
30/11/2021  10:22:50,116422;9,412688E-1;1,292843E-1;1,306848E-1;9,441741E-1;;
30/11/2021  10:22:50,116522;9,403091E-1;1,276914E-1;1,240502E-1;9,441977E-1;;
30/11/2021  10:22:50,116622;9,396952E-1;1,296029E-1;1,275255E-1;9,442124E-1;;
30/11/2021  10:22:50,116722;9,403747E-1;1,289658E-1;1,284732E-1;9,442185E-1;;
30/11/2021  10:22:50,116822;9,407174E-1;1,168597E-1;1,148882E-1;9,442157E-1;;
30/11/2021  10:22:50,116922;9,401750E-1;1,311958E-1;1,376353E-1;9,442044E-1;;
30/11/2021  10:22:50,117022;9,397250E-1;1,378860E-1;1,521681E-1;9,441848E-1;;
30/11/2021  10:22:50,117122;9,387028E-1;1,047537E-1;1,079377E-1;9,441569E-1;;
30/11/2021  10:22:50,117222;9,379607E-1;-1,970622E-3;1,063580E-1;9,441207E-1;;
30/11/2021  10:22:50,117322;9,380888E-1;1,474434E-1;1,565912E-1;9,440763E-1;;
30/11/2021  10:22:50,117422;9,381782E-1;1,331073E-1;1,442698E-1;9,440234E-1;;
30/11/2021  10:22:50,117522;9,385001E-1;1,461691E-1;1,474292E-1;9,439622E-1;;
30/11/2021  10:22:50,117622;9,379487E-1;1,401161E-1;1,512204E-1;9,438927E-1;;
30/11/2021  10:22:50,117722;9,368460E-1;1,280100E-1;1,237343E-1;9,438150E-1;;
30/11/2021  10:22:50,117822;9,363602E-1;1,302401E-1;1,294210E-1;9,437293E-1;;
30/11/2021  10:22:50,117922;9,354989E-1;1,417090E-1;1,496407E-1;9,436353E-1;;
30/11/2021  10:22:50,118022;9,353261E-1;1,331073E-1;1,294210E-1;9,435330E-1;;
30/11/2021  10:22:50,118122;9,365093E-1;1,267357E-1;1,196272E-1;9,434223E-1;;
30/11/2021  10:22:50,118222;9,369325E-1;1,165411E-1;1,208909E-1;9,433033E-1;;
30/11/2021  10:22:50,118322;9,362559E-1;1,229127E-1;1,152041E-1;9,431761E-1;;
30/11/2021  10:22:50,118422;9,360533E-1;1,146297E-1;1,338441E-1;9,430412E-1;;
30/11/2021  10:22:50,118522;9,352337E-1;1,098510E-1;1,031987E-1;9,428988E-1;;
30/11/2021  10:22:50,118622;9,352069E-1;-2,289202E-3;6,749837E-2;9,427492E-1;;
30/11/2021  10:22:50,118722;9,359728E-1;1,178155E-1;1,148882E-1;9,425927E-1;;
30/11/2021  10:22:50,118822;9,366255E-1;1,477620E-1;1,821817E-1;9,424294E-1;;
30/11/2021  10:22:50,118922;9,363751E-1;1,184526E-1;1,136244E-1;9,422601E-1;;
30/11/2021  10:22:50,119022;9,360831E-1;1,181340E-1;1,325804E-1;9,420852E-1;;
30/11/2021  10:22:50,119122;9,358476E-1;1,289658E-1;1,404787E-1;9,419054E-1;;
30/11/2021  10:22:50,119222;9,342651E-1;1,194084E-1;1,518522E-1;9,417210E-1;;
30/11/2021  10:22:50,119322;9,349863E-1;1,410718E-1;1,388990E-1;9,415326E-1;;
30/11/2021  10:22:50,119422;9,349208E-1;1,197269E-1;1,205749E-1;9,413403E-1;;
30/11/2021  10:22:50,119522;9,349476E-1;1,289658E-1;1,212068E-1;9,411445E-1;;
30/11/2021  10:22:50,119622;9,345601E-1;1,490363E-1;1,512204E-1;9,409456E-1;;
30/11/2021  10:22:50,119722;9,340296E-1;-4,519262E-3;1,063061E-2;9,407439E-1;;
30/11/2021  10:22:50,119822;9,334455E-1;1,334259E-1;1,695444E-1;9,405398E-1;;
30/11/2021  10:22:50,119922;9,329299E-1;1,327887E-1;1,215227E-1;9,403334E-1;;
30/11/2021  10:22:50,120022;9,328912E-1;6,620550E-2;8,045158E-2;9,401249E-1;;
30/11/2021  10:22:50,120122;9,332816E-1;1,229127E-1;1,256299E-1;9,399144E-1;;
30/11/2021  10:22:50,120222;9,335409E-1;1,302401E-1;1,328963E-1;9,397020E-1;;
30/11/2021  10:22:50,120322;9,340714E-1;9,519628E-2;6,970989E-2;9,394881E-1;;
30/11/2021  10:22:50,120422;9,328882E-1;1,671954E-1;1,505885E-1;9,392731E-1;;
30/11/2021  10:22:50,120522;9,324084E-1;1,474434E-1;1,613302E-1;9,390572E-1;;
30/11/2021  10:22:50,120622;9,325961E-1;1,264171E-1;1,300529E-1;9,388408E-1;;
30/11/2021  10:22:50,120722;9,330968E-1;1,318330E-1;1,319485E-1;9,386239E-1;;
30/11/2021  10:22:50,120822;9,330789E-1;1,327887E-1;1,221546E-1;9,384070E-1;;
30/11/2021  10:22:50,120922;9,332399E-1;1,162226E-1;1,205749E-1;9,381902E-1;;
30/11/2021  10:22:50,121022;9,333203E-1;1,401161E-1;1,335282E-1;9,379741E-1;;
30/11/2021  10:22:50,121122;9,327660E-1;1,302401E-1;1,256299E-1;9,377589E-1;;
30/11/2021  10:22:50,121222;9,323368E-1;1,219570E-1;1,234183E-1;9,375451E-1;;
30/11/2021  10:22:50,121322;9,315918E-1;1,216384E-1;1,208909E-1;9,373329E-1;;
30/11/2021  10:22:50,121422;9,323398E-1;1,225942E-1;1,262617E-1;9,371224E-1;;
30/11/2021  10:22:50,121522;9,326736E-1;3,179886E-2;8,171531E-2;9,369138E-1;;
30/11/2021  10:22:50,121622;9,330372E-1;9,615202E-2;9,719598E-2;9,367073E-1;;
30/11/2021  10:22:50,121722;9,319613E-1;9,360338E-2;9,782784E-2;9,365033E-1;;
30/11/2021  10:22:50,121822;9,316245E-1;3,434750E-2;8,455870E-2;9,363020E-1;;
30/11/2021  10:22:50,121922;9,310076E-1;1,232313E-1;1,745993E-1;9,361035E-1;;
30/11/2021  10:22:50,122022;9,315024E-1;1,063466E-1;1,170997E-1;9,359079E-1;;
30/11/2021  10:22:50,122122;9,310344E-1;9,392196E-2;1,502726E-1;9,357151E-1;;
30/11/2021  10:22:50,122222;9,313861E-1;9,742634E-2;1,107811E-1;9,355252E-1;;
30/11/2021  10:22:50,122322;9,314219E-1;1,162226E-1;1,509044E-1;9,353382E-1;;
30/11/2021  10:22:50,122422;9,314189E-1;8,372740E-2;9,688005E-2;9,351543E-1;;
30/11/2021  10:22:50,122522;9,304414E-1;9,424054E-2;1,019350E-1;9,349735E-1;;
30/11/2021  10:22:50,122622;9,303788E-1;1,057094E-1;1,047783E-1;9,347958E-1;;
30/11/2021  10:22:50,122722;9,305963E-1;3,275460E-2;8,361090E-2;9,346212E-1;;
30/11/2021  10:22:50,122822;9,308258E-1;1,066652E-1;1,000394E-1;9,344496E-1;;
30/11/2021  10:22:50,122922;9,316037E-1;2,286813E-1;2,118793E-1;9,342810E-1;;
30/11/2021  10:22:50,123022;9,324143E-1;1,573194E-1;1,212068E-1;9,341157E-1;;
30/11/2021  10:22:50,123122;9,313891E-1;1,722926E-1;1,606983E-1;9,339539E-1;;
30/11/2021  10:22:50,123222;9,316067E-1;1,063466E-1;7,760819E-2;9,337959E-1;;
30/11/2021  10:22:50,123322;9,316991E-1;1,487177E-1;1,619620E-1;9,336419E-1;;
30/11/2021  10:22:50,123422;9,321252E-1;1,203641E-1;1,044624E-1;9,334921E-1;;
30/11/2021  10:22:50,123522;9,334127E-1;1,487177E-1;1,565912E-1;9,333467E-1;;
30/11/2021  10:22:50,123622;9,331385E-1;1,305587E-1;1,471132E-1;9,332062E-1;;
30/11/2021  10:22:50,123722;9,335170E-1;1,375674E-1;1,531159E-1;9,330709E-1;;
30/11/2021  10:22:50,123822;9,340416E-1;1,452133E-1;1,354238E-1;9,329414E-1;;
30/11/2021  10:22:50,123922;9,339700E-1;1,133553E-1;1,167838E-1;9,328180E-1;;
30/11/2021  10:22:50,124022;9,338389E-1;1,178155E-1;1,227865E-1;9,327012E-1;;
30/11/2021  10:22:50,124122;9,352963E-1;1,334259E-1;1,338441E-1;9,325915E-1;;
30/11/2021  10:22:50,124222;9,359877E-1;1,206827E-1;1,189953E-1;9,324892E-1;;
30/11/2021  10:22:50,124322;9,366791E-1;9,774492E-2;1,129926E-1;9,323950E-1;;
30/11/2021  10:22:50,124422;9,368520E-1;1,178155E-1;1,133085E-1;9,323094E-1;;
30/11/2021  10:22:50,124522;9,363424E-1;1,225942E-1;1,142563E-1;9,322331E-1;;
30/11/2021  10:22:50,124622;9,370338E-1;6,047106E-2;5,707262E-2;9,321666E-1;;
30/11/2021  10:22:50,124722;9,374898E-1;1,069837E-1;1,000394E-1;9,321103E-1;;
30/11/2021  10:22:50,124822;9,387981E-1;-3,669584E-2;1,758111E-2;9,320647E-1;;
30/11/2021  10:22:50,124922;9,395194E-1;1,222756E-1;1,430061E-1;9,320301E-1;;
30/11/2021  10:22:50,125022;9,401393E-1;1,299215E-1;1,436380E-1;9,320072E-1;;
30/11/2021  10:22:50,125122;9,406996E-1;1,238685E-1;1,243661E-1;9,319967E-1;;
30/11/2021  10:22:50,125222;9,400648E-1;1,241871E-1;1,227865E-1;9,319990E-1;;
30/11/2021  10:22:50,125322;9,409290E-1;1,372488E-1;1,382671E-1;9,320146E-1;;
30/11/2021  10:22:50,125422;9,418827E-1;1,190898E-1;1,193112E-1;9,320438E-1;;
30/11/2021  10:22:50,125522;9,427887E-1;1,296029E-1;1,303688E-1;9,320870E-1;;
30/11/2021  10:22:50,125622;9,432954E-1;1,098510E-1;1,215227E-1;9,321447E-1;;
30/11/2021  10:22:50,125722;9,429676E-1;1,155854E-1;1,136244E-1;9,322171E-1;;
30/11/2021  10:22:50,125822;9,434414E-1;1,245056E-1;1,180475E-1;9,323045E-1;;
30/11/2021  10:22:50,125922;9,435815E-1;1,200455E-1;1,240502E-1;9,324071E-1;;
30/11/2021  10:22:50,126022;9,438974E-1;1,299215E-1;1,212068E-1;9,325250E-1;;
30/11/2021  10:22:50,126122;9,443415E-1;1,503106E-1;1,414265E-1;9,326581E-1;;
30/11/2021  10:22:50,126222;9,447140E-1;1,534964E-1;2,061925E-1;9,328062E-1;;
30/11/2021  10:22:50,126322;9,456767E-1;1,563636E-1;1,866047E-1;9,329694E-1;;
30/11/2021  10:22:50,126422;9,457899E-1;1,331073E-1;1,322644E-1;9,331474E-1;;
30/11/2021  10:22:50,126522;9,458793E-1;1,213198E-1;1,268936E-1;9,333401E-1;;
30/11/2021  10:22:50,126622;9,455455E-1;1,206827E-1;1,240502E-1;9,335474E-1;;
30/11/2021  10:22:50,126722;9,460015E-1;1,216384E-1;1,234183E-1;9,337687E-1;;
30/11/2021  10:22:50,126822;9,460939E-1;1,238685E-1;1,262617E-1;9,340036E-1;;
30/11/2021  10:22:50,126922;9,469403E-1;1,206827E-1;1,117289E-1;9,342517E-1;;
30/11/2021  10:22:50,127022;9,470595E-1;1,015679E-1;1,711241E-1;9,345124E-1;;
30/11/2021  10:22:50,127122;9,470416E-1;1,286472E-1;1,265777E-1;9,347852E-1;;
30/11/2021  10:22:50,127222;9,461028E-1;1,286472E-1;1,300529E-1;9,350695E-1;;
30/11/2021  10:22:50,127322;9,459657E-1;1,229127E-1;1,212068E-1;9,353646E-1;;
30/11/2021  10:22:50,127422;9,459628E-1;1,159040E-1;1,556434E-1;9,356695E-1;;
30/11/2021  10:22:50,127522;9,467406E-1;1,155854E-1;1,117289E-1;9,359833E-1;;
30/11/2021  10:22:50,127622;9,468688E-1;1,493549E-1;1,291051E-1;9,363051E-1;;
30/11/2021  10:22:50,127722;9,467764E-1;1,139925E-1;9,277293E-2;9,366340E-1;;
30/11/2021  10:22:50,127822;9,471221E-1;1,245056E-1;1,180475E-1;9,369691E-1;;
30/11/2021  10:22:50,127922;9,463293E-1;1,340630E-1;1,493248E-1;9,373096E-1;;
30/11/2021  10:22:50,128022;9,465022E-1;1,401161E-1;1,360556E-1;9,376546E-1;;
30/11/2021  10:22:50,128122;9,469492E-1;8,946184E-2;1,268936E-1;9,380030E-1;;
30/11/2021  10:22:50,128222;9,475066E-1;1,229127E-1;1,284732E-1;9,383539E-1;;
30/11/2021  10:22:50,128322;9,478016E-1;1,315144E-1;1,354238E-1;9,387066E-1;;
30/11/2021  10:22:50,128422;9,478374E-1;1,108067E-1;1,698603E-1;9,390604E-1;;
30/11/2021  10:22:50,128522;9,478404E-1;1,327887E-1;1,265777E-1;9,394145E-1;;
30/11/2021  10:22:50,128622;9,474470E-1;1,270543E-1;1,310007E-1;9,397684E-1;;
30/11/2021  10:22:50,128722;9,472801E-1;1,251428E-1;1,221546E-1;9,401212E-1;;
30/11/2021  10:22:50,128822;9,478791E-1;1,289658E-1;1,341600E-1;9,404722E-1;;
30/11/2021  10:22:50,128922;9,485914E-1;1,292843E-1;1,120448E-1;9,408209E-1;;
30/11/2021  10:22:50,129022;9,493842E-1;1,334259E-1;1,189953E-1;9,411665E-1;;
30/11/2021  10:22:50,129122;9,494050E-1;1,305587E-1;1,316326E-1;9,415089E-1;;
30/11/2021  10:22:50,129222;9,493335E-1;1,044351E-1;1,041465E-1;9,418476E-1;;
30/11/2021  10:22:50,129322;9,492679E-1;1,955490E-1;2,772772E-1;9,421824E-1;;
30/11/2021  10:22:50,129422;9,494318E-1;1,499920E-1;1,512204E-1;9,425129E-1;;
30/11/2021  10:22:50,129522;9,495868E-1;1,222756E-1;1,442698E-1;9,428390E-1;;
30/11/2021  10:22:50,129622;9,504541E-1;1,353374E-1;1,253139E-1;9,431602E-1;;
30/11/2021  10:22:50,129722;9,503855E-1;-4,837842E-3;8,297904E-2;9,434764E-1;;
30/11/2021  10:22:50,129822;9,505286E-1;1,331073E-1;1,354238E-1;9,437874E-1;;
30/11/2021  10:22:50,129922;9,499176E-1;1,286472E-1;1,335282E-1;9,440933E-1;;
30/11/2021  10:22:50,130022;9,494676E-1;1,439390E-1;1,569071E-1;9,443937E-1;;
30/11/2021  10:22:50,130122;9,494914E-1;8,117876E-2;1,354238E-1;9,446883E-1;;
30/11/2021  10:22:50,130222;9,498252E-1;9,392196E-2;1,066739E-1;9,449769E-1;;
30/11/2021  10:22:50,130322;9,498044E-1;1,117624E-1;1,246821E-1;9,452591E-1;;
30/11/2021  10:22:50,130422;9,497746E-1;9,169190E-2;6,339125E-2;9,455346E-1;;
30/11/2021  10:22:50,130522;9,495183E-1;1,388417E-1;1,821817E-1;9,458033E-1;;
30/11/2021  10:22:50,130622;9,485735E-1;1,213198E-1;1,594346E-1;9,460648E-1;;
30/11/2021  10:22:50,130722;9,485348E-1;3,594040E-2;7,666040E-2;9,463188E-1;;
30/11/2021  10:22:50,130822;9,486719E-1;9,169190E-2;8,613836E-2;9,465649E-1;;
30/11/2021  10:22:50,130922;9,481205E-1;1,117624E-1;1,471132E-1;9,468026E-1;;
30/11/2021  10:22:50,131022;9,483798E-1;1,461691E-1;1,407946E-1;9,470316E-1;;
30/11/2021  10:22:50,131122;9,475662E-1;1,229127E-1;1,569071E-1;9,472516E-1;;
30/11/2021  10:22:50,131222;9,467108E-1;1,340630E-1;1,540637E-1;9,474620E-1;;
30/11/2021  10:22:50,131322;9,463532E-1;1,410718E-1;1,373193E-1;9,476625E-1;;
30/11/2021  10:22:50,131422;9,454174E-1;1,611423E-1;1,455336E-1;9,478525E-1;;
30/11/2021  10:22:50,131522;9,457154E-1;1,512664E-1;1,385831E-1;9,480314E-1;;
30/11/2021  10:22:50,131622;9,450240E-1;1,703812E-1;1,480610E-1;9,481987E-1;;
30/11/2021  10:22:50,131722;9,445650E-1;1,662396E-1;1,553275E-1;9,483537E-1;;
30/11/2021  10:22:50,131822;9,444637E-1;8,850610E-2;1,019350E-1;9,484961E-1;;
30/11/2021  10:22:50,131922;9,432924E-1;6,875414E-2;1,085695E-1;9,486253E-1;;
30/11/2021  10:22:50,132022;9,421152E-1;1,066652E-1;8,961361E-2;9,487408E-1;;
30/11/2021  10:22:50,132122;9,418470E-1;1,471248E-1;1,341600E-1;9,488419E-1;;
30/11/2021  10:22:50,132222;9,416264E-1;1,283286E-1;1,351078E-1;9,489281E-1;;
30/11/2021  10:22:50,132322;9,411734E-1;1,009307E-1;1,218387E-1;9,489989E-1;;
30/11/2021  10:22:50,132422;9,402197E-1;1,120810E-1;1,114129E-1;9,490537E-1;;
30/11/2021  10:22:50,132522;9,398830E-1;1,292843E-1;1,256299E-1;9,490920E-1;;
30/11/2021  10:22:50,132622;9,390097E-1;1,311958E-1;1,635417E-1;9,491135E-1;;
30/11/2021  10:22:50,132722;9,379845E-1;1,270543E-1;1,237343E-1;9,491177E-1;;
30/11/2021  10:22:50,132822;9,376775E-1;1,276914E-1;1,262617E-1;9,491042E-1;;
30/11/2021  10:22:50,132922;9,376805E-1;1,429833E-1;1,357397E-1;9,490724E-1;;
30/11/2021  10:22:50,133022;9,366463E-1;1,165411E-1;1,227865E-1;9,490222E-1;;
30/11/2021  10:22:50,133122;9,369772E-1;1,296029E-1;1,224705E-1;9,489534E-1;;
30/11/2021  10:22:50,133222;9,362738E-1;2,479010E-2;2,326789E-2;9,488658E-1;;
30/11/2021  10:22:50,133322;9,347419E-1;1,222756E-1;1,069899E-1;9,487593E-1;;
30/11/2021  10:22:50,133422;9,351890E-1;1,213198E-1;1,218387E-1;9,486340E-1;;
30/11/2021  10:22:50,133522;9,351026E-1;1,347002E-1;1,376353E-1;9,484897E-1;;
30/11/2021  10:22:50,133622;9,352695E-1;5,378088E-2;1,057261E-1;9,483268E-1;;
30/11/2021  10:22:50,133722;9,348045E-1;1,499920E-1;1,158360E-1;9,481454E-1;;
30/11/2021  10:22:50,133822;9,349714E-1;-5,549206E-2;4,317161E-2;9,479461E-1;;
30/11/2021  10:22:50,133922;9,352516E-1;1,248242E-1;9,498445E-2;9,477294E-1;;
30/11/2021  10:22:50,134022;9,346317E-1;2,256004E-2;1,265777E-1;9,474960E-1;;
30/11/2021  10:22:50,134122;9,344618E-1;1,570008E-1;2,295715E-1;9,472465E-1;;
30/11/2021  10:22:50,134222;9,352754E-1;8,086018E-2;1,464814E-1;9,469819E-1;;
30/11/2021  10:22:50,134322;9,358148E-1;1,264171E-1;1,259458E-1;9,467030E-1;;
30/11/2021  10:22:50,134422;9,355556E-1;1,413904E-1;1,565912E-1;9,464109E-1;;
30/11/2021  10:22:50,134522;9,352575E-1;1,057094E-1;1,114129E-1;9,461068E-1;;
30/11/2021  10:22:50,134622;9,356271E-1;1,311958E-1;1,215227E-1;9,457919E-1;;
30/11/2021  10:22:50,134722;9,350340E-1;-1,089086E-2;4,601499E-2;9,454672E-1;;
30/11/2021  10:22:50,134822;9,343068E-1;1,280100E-1;1,310007E-1;9,451340E-1;;
30/11/2021  10:22:50,134922;9,350161E-1;1,022050E-1;9,056141E-2;9,447933E-1;;
30/11/2021  10:22:50,135022;9,345929E-1;1,468062E-1;1,414265E-1;9,444460E-1;;
30/11/2021  10:22:50,135122;9,344618E-1;1,305587E-1;1,085695E-1;9,440933E-1;;
30/11/2021  10:22:50,135222;9,335826E-1;9,137332E-2;8,961361E-2;9,437360E-1;;
30/11/2021  10:22:50,135322;9,334455E-1;1,300264E-2;4,411940E-2;9,433752E-1;;
30/11/2021  10:22:50,135422;9,330432E-1;1,260985E-1;1,404787E-1;9,430115E-1;;
30/11/2021  10:22:50,135522;9,328524E-1;9,392196E-2;8,297904E-2;9,426457E-1;;
30/11/2021  10:22:50,135622;9,327094E-1;9,328480E-2;1,534319E-1;9,422784E-1;;
30/11/2021  10:22:50,135722;9,326378E-1;1,267357E-1;1,449017E-1;9,419103E-1;;
30/11/2021  10:22:50,135822;9,322862E-1;1,528593E-1;1,834454E-1;9,415420E-1;;
30/11/2021  10:22:50,135922;9,315530E-1;1,331073E-1;1,275255E-1;9,411740E-1;;
30/11/2021  10:22:50,136022;9,310642E-1;1,289658E-1;1,322644E-1;9,408070E-1;;
30/11/2021  10:22:50,136122;9,310613E-1;1,104881E-1;1,237343E-1;9,404412E-1;;
30/11/2021  10:22:50,136222;9,307811E-1;1,299215E-1;1,294210E-1;9,400770E-1;;
30/11/2021  10:22:50,136322;9,309123E-1;1,308772E-1;1,268936E-1;9,397147E-1;;
30/11/2021  10:22:50,136422;9,313891E-1;1,391603E-1;1,373193E-1;9,393547E-1;;
30/11/2021  10:22:50,136522;9,309957E-1;1,260985E-1;1,104651E-1;9,389975E-1;;
30/11/2021  10:22:50,136622;9,304861E-1;1,337445E-1;1,152041E-1;9,386434E-1;;
30/11/2021  10:22:50,136722;9,299735E-1;1,079395E-1;1,129926E-1;9,382929E-1;;
30/11/2021  10:22:50,136822;9,297917E-1;1,130368E-1;1,088855E-1;9,379462E-1;;
30/11/2021  10:22:50,136922;9,310851E-1;1,187712E-1;1,433221E-1;9,376035E-1;;
30/11/2021  10:22:50,137022;9,306410E-1;1,257800E-1;1,363715E-1;9,372653E-1;;
30/11/2021  10:22:50,137122;9,305576E-1;1,308772E-1;1,325804E-1;9,369318E-1;;
30/11/2021  10:22:50,137222;9,305725E-1;1,327887E-1;1,281573E-1;9,366036E-1;;
30/11/2021  10:22:50,137322;9,304414E-1;1,452133E-1;1,404787E-1;9,362810E-1;;
30/11/2021  10:22:50,137422;9,305725E-1;1,410718E-1;1,455336E-1;9,359644E-1;;
30/11/2021  10:22:50,137522;9,307394E-1;1,210013E-1;1,259458E-1;9,356540E-1;;
30/11/2021  10:22:50,137622;9,308377E-1;1,308772E-1;1,237343E-1;9,353503E-1;;
30/11/2021  10:22:50,137722;9,311894E-1;1,162226E-1;1,335282E-1;9,350536E-1;;
30/11/2021  10:22:50,137822;9,313265E-1;1,311958E-1;1,275255E-1;9,347643E-1;;
30/11/2021  10:22:50,137922;9,312192E-1;1,270543E-1;1,281573E-1;9,344829E-1;;
30/11/2021  10:22:50,138022;9,318153E-1;1,302401E-1;1,224705E-1;9,342097E-1;;
30/11/2021  10:22:50,138122;9,316841E-1;1,343816E-1;1,183634E-1;9,339451E-1;;
30/11/2021  10:22:50,138222;9,322564E-1;1,487177E-1;1,325804E-1;9,336895E-1;;
30/11/2021  10:22:50,138322;9,327690E-1;5,983390E-2;9,751191E-2;9,334433E-1;;
30/11/2021  10:22:50,138422;9,333382E-1;9,392196E-2;8,455870E-2;9,332071E-1;;
30/11/2021  10:22:50,138522;9,336959E-1;2,063807E-1;2,621125E-1;9,329813E-1;;
30/11/2021  10:22:50,138622;9,337227E-1;1,178155E-1;1,287892E-1;9,327664E-1;;
30/11/2021  10:22:50,138722;9,336601E-1;1,092138E-1;1,142563E-1;9,325630E-1;;
30/11/2021  10:22:50,138822;9,350012E-1;1,120810E-1;1,227865E-1;9,323714E-1;;
30/11/2021  10:22:50,138922;9,360741E-1;1,108067E-1;1,126766E-1;9,321922E-1;;
30/11/2021  10:22:50,139022;9,365450E-1;1,117624E-1;1,025668E-1;9,320259E-1;;
30/11/2021  10:22:50,139122;9,369682E-1;1,028422E-1;1,126766E-1;9,318733E-1;;
30/11/2021  10:22:50,139222;9,373914E-1;9,424054E-2;1,047783E-1;9,317349E-1;;
30/11/2021  10:22:50,139322;9,377163E-1;9,933782E-2;1,164678E-1;9,316114E-1;;
30/11/2021  10:22:50,139422;9,375851E-1;3,402892E-2;4,727872E-2;9,315033E-1;;
30/11/2021  10:22:50,139522;9,389322E-1;6,949618E-3;5,770448E-2;9,314110E-1;;
30/11/2021  10:22:50,139622;9,395909E-1;1,108067E-1;1,291051E-1;9,313349E-1;;
30/11/2021  10:22:50,139722;9,402167E-1;9,264764E-2;8,519056E-2;9,312755E-1;;
30/11/2021  10:22:50,139822;9,404045E-1;4,709070E-2;5,865227E-2;9,312333E-1;;
30/11/2021  10:22:50,139922;9,403896E-1;1,219570E-1;1,215227E-1;9,312086E-1;;
30/11/2021  10:22:50,140022;9,403807E-1;1,458505E-1;1,553275E-1;9,312018E-1;;
30/11/2021  10:22:50,140122;9,405029E-1;1,499920E-1;1,455336E-1;9,312128E-1;;
30/11/2021  10:22:50,140222;9,407145E-1;1,751599E-1;1,294210E-1;9,312416E-1;;
30/11/2021  10:22:50,140322;9,417605E-1;1,879031E-1;1,676488E-1;9,312882E-1;;
30/11/2021  10:22:50,140422;9,419990E-1;1,592309E-1;1,546956E-1;9,313524E-1;;
30/11/2021  10:22:50,140522;9,412151E-1;1,815315E-1;1,802861E-1;9,314341E-1;;
30/11/2021  10:22:50,140622;9,413344E-1;1,270543E-1;1,272095E-1;9,315329E-1;;
30/11/2021  10:22:50,140722;9,415072E-1;1,289658E-1;1,306848E-1;9,316485E-1;;
30/11/2021  10:22:50,140822;9,417278E-1;1,270543E-1;1,123607E-1;9,317803E-1;;
30/11/2021  10:22:50,140922;9,414744E-1;1,280100E-1;1,259458E-1;9,319277E-1;;
30/11/2021  10:22:50,141022;9,419900E-1;1,136739E-1;1,057261E-1;9,320901E-1;;
30/11/2021  10:22:50,141122;9,415430E-1;1,260985E-1;1,366875E-1;9,322666E-1;;
30/11/2021  10:22:50,141222;9,417158E-1;1,385232E-1;1,742834E-1;9,324567E-1;;
30/11/2021  10:22:50,141322;9,421927E-1;1,152668E-1;1,202590E-1;9,326594E-1;;
30/11/2021  10:22:50,141422;9,422016E-1;1,573194E-1;1,499566E-1;9,328739E-1;;
30/11/2021  10:22:50,141522;9,421986E-1;1,203641E-1;1,265777E-1;9,330995E-1;;
30/11/2021  10:22:50,141622;9,428394E-1;1,286472E-1;1,313166E-1;9,333354E-1;;
30/11/2021  10:22:50,141722;9,424639E-1;1,225942E-1;1,262617E-1;9,335806E-1;;
30/11/2021  10:22:50,141822;9,425116E-1;1,245056E-1;1,455336E-1;9,338345E-1;;
30/11/2021  10:22:50,141922;9,425265E-1;1,340630E-1;1,313166E-1;9,340961E-1;;
30/11/2021  10:22:50,142022;9,420943E-1;1,178155E-1;1,341600E-1;9,343647E-1;;
30/11/2021  10:22:50,142122;9,419304E-1;1,757970E-1;1,859729E-1;9,346392E-1;;
30/11/2021  10:22:50,142222;9,424699E-1;-1,535098E-2;4,664686E-2;9,349187E-1;;
30/11/2021  10:22:50,142322;9,435457E-1;1,178155E-1;1,076217E-1;9,352023E-1;;
30/11/2021  10:22:50,142422;9,432477E-1;1,174969E-1;1,221546E-1;9,354893E-1;;
30/11/2021  10:22:50,142522;9,435189E-1;1,235499E-1;1,107811E-1;9,357790E-1;;
30/11/2021  10:22:50,142622;9,433401E-1;1,359745E-1;1,480610E-1;9,360706E-1;;
30/11/2021  10:22:50,142722;9,431166E-1;1,522221E-1;1,521681E-1;9,363637E-1;;
30/11/2021  10:22:50,142822;9,433520E-1;1,343816E-1;1,439539E-1;9,366574E-1;;
30/11/2021  10:22:50,142922;9,429854E-1;1,245056E-1;1,164678E-1;9,369510E-1;;
30/11/2021  10:22:50,143022;9,435368E-1;1,426647E-1;1,610142E-1;9,372440E-1;;
30/11/2021  10:22:50,143122;9,436262E-1;1,286472E-1;1,347919E-1;9,375356E-1;;
30/11/2021  10:22:50,143222;9,433699E-1;1,238685E-1;1,433221E-1;9,378253E-1;;
30/11/2021  10:22:50,143322;9,427083E-1;1,509478E-1;1,597505E-1;9,381125E-1;;
30/11/2021  10:22:50,143422;9,422046E-1;1,528593E-1;1,347919E-1;9,383965E-1;;
30/11/2021  10:22:50,143522;9,424281E-1;1,372488E-1;1,341600E-1;9,386765E-1;;
30/11/2021  10:22:50,143622;9,419632E-1;1,028422E-1;1,227865E-1;9,389520E-1;;
30/11/2021  10:22:50,143722;9,417665E-1;1,197269E-1;1,126766E-1;9,392221E-1;;
30/11/2021  10:22:50,143822;9,418678E-1;1,283286E-1;1,316326E-1;9,394861E-1;;
30/11/2021  10:22:50,143922;9,417635E-1;5,059508E-2;1,884484E-2;9,397434E-1;;
30/11/2021  10:22:50,144022;9,411019E-1;1,327887E-1;1,588027E-1;9,399933E-1;;
30/11/2021  10:22:50,144122;9,400409E-1;1,624167E-1;1,436380E-1;9,402352E-1;;
30/11/2021  10:22:50,144222;9,409439E-1;1,098510E-1;1,167838E-1;9,404685E-1;;
30/11/2021  10:22:50,144322;9,407025E-1;4,135626E-2;8,203124E-2;9,406924E-1;;
30/11/2021  10:22:50,144422;9,406966E-1;1,216384E-1;1,155200E-1;9,409064E-1;;
30/11/2021  10:22:50,144522;9,405207E-1;7,321426E-2;6,970989E-2;9,411101E-1;;
30/11/2021  10:22:50,144622;9,399068E-1;1,824872E-1;1,625939E-1;9,413030E-1;;
30/11/2021  10:22:50,144722;9,396237E-1;1,267357E-1;1,297370E-1;9,414849E-1;;
30/11/2021  10:22:50,144822;9,390157E-1;1,168597E-1;1,281573E-1;9,416552E-1;;
30/11/2021  10:22:50,144922;9,393048E-1;1,248242E-1;1,262617E-1;9,418136E-1;;
30/11/2021  10:22:50,145022;9,396147E-1;1,283286E-1;1,218387E-1;9,419597E-1;;
30/11/2021  10:22:50,145122;9,397786E-1;1,159040E-1;1,164678E-1;9,420933E-1;;
30/11/2021  10:22:50,145222;9,398561E-1;1,197269E-1;1,085695E-1;9,422143E-1;;
30/11/2021  10:22:50,145322;9,387743E-1;1,213198E-1;1,341600E-1;9,423228E-1;;
30/11/2021  10:22:50,145422;9,385090E-1;7,703722E-2;9,466852E-2;9,424188E-1;;
30/11/2021  10:22:50,145522;9,381931E-1;1,809992E-2;7,539667E-2;9,425020E-1;;
30/11/2021  10:22:50,145622;9,383451E-1;1,292843E-1;1,278414E-1;9,425726E-1;;
30/11/2021  10:22:50,145722;9,389978E-1;1,299215E-1;1,291051E-1;9,426305E-1;;
30/11/2021  10:22:50,145822;9,384435E-1;-5,581064E-2;1,884484E-2;9,426758E-1;;
30/11/2021  10:22:50,145922;9,384733E-1;9,647060E-2;9,403666E-2;9,427087E-1;;
30/11/2021  10:22:50,146022;9,377967E-1;5,505520E-2;1,047783E-1;9,427295E-1;;
30/11/2021  10:22:50,146122;9,376597E-1;1,308772E-1;1,294210E-1;9,427384E-1;;
30/11/2021  10:22:50,146222;9,374570E-1;1,311958E-1;1,338441E-1;9,427355E-1;;
30/11/2021  10:22:50,146322;9,372186E-1;1,477620E-1;1,663851E-1;9,427211E-1;;
30/11/2021  10:22:50,146422;9,376686E-1;1,350188E-1;1,373193E-1;9,426954E-1;;
30/11/2021  10:22:50,146522;9,372990E-1;1,388417E-1;1,411105E-1;9,426587E-1;;
30/11/2021  10:22:50,146622;9,373080E-1;1,245056E-1;1,060421E-1;9,426113E-1;;
30/11/2021  10:22:50,146722;9,369235E-1;1,296029E-1;1,076217E-1;9,425536E-1;;
30/11/2021  10:22:50,146822;9,363871E-1;1,448948E-1;1,249980E-1;9,424860E-1;;
30/11/2021  10:22:50,146922;9,370040E-1;1,378860E-1;1,344760E-1;9,424088E-1;;
30/11/2021  10:22:50,147022;9,372156E-1;1,305587E-1;1,152041E-1;9,423223E-1;;
30/11/2021  10:22:50,147122;9,378236E-1;1,305587E-1;1,291051E-1;9,422272E-1;;
30/11/2021  10:22:50,147222;9,381663E-1;1,152668E-1;9,530039E-2;9,421239E-1;;
30/11/2021  10:22:50,147322;9,378236E-1;9,519628E-2;9,814378E-2;9,420133E-1;;
30/11/2021  10:22:50,147422;9,380858E-1;9,105474E-2;1,231024E-1;9,418961E-1;;
30/11/2021  10:22:50,147522;9,387087E-1;1,025236E-1;1,101492E-1;9,417729E-1;;
30/11/2021  10:22:50,147622;9,396207E-1;1,057094E-1;1,202590E-1;9,416448E-1;;
30/11/2021  10:22:50,147722;9,405833E-1;7,321426E-2;1,351078E-1;9,415125E-1;;
30/11/2021  10:22:50,147822;9,408963E-1;9,997498E-2;1,066739E-1;9,413773E-1;;
30/11/2021  10:22:50,147922;9,415221E-1;1,171783E-1;1,641736E-1;9,412402E-1;;
30/11/2021  10:22:50,148022;9,419215E-1;1,047537E-1;1,148882E-1;9,411026E-1;;
30/11/2021  10:22:50,148122;9,413195E-1;1,060280E-1;1,139404E-1;9,409655E-1;;
30/11/2021  10:22:50,148222;9,423387E-1;1,079395E-1;1,155200E-1;9,408301E-1;;
30/11/2021  10:22:50,148322;9,425712E-1;1,104881E-1;1,224705E-1;9,406975E-1;;
30/11/2021  10:22:50,148422;9,433371E-1;1,101695E-1;1,212068E-1;9,405687E-1;;
30/11/2021  10:22:50,148522;9,436948E-1;1,200455E-1;1,310007E-1;9,404447E-1;;
30/11/2021  10:22:50,148622;9,434712E-1;1,251428E-1;1,291051E-1;9,403265E-1;;
30/11/2021  10:22:50,148722;9,432626E-1;1,254614E-1;9,498445E-2;9,402152E-1;;
30/11/2021  10:22:50,148822;9,434861E-1;1,550893E-1;1,439539E-1;9,401113E-1;;
30/11/2021  10:22:50,148922;9,436828E-1;1,519035E-1;1,809180E-1;9,400157E-1;;
30/11/2021  10:22:50,149022;9,442610E-1;1,716555E-1;1,796542E-1;9,399288E-1;;
30/11/2021  10:22:50,149122;9,445501E-1;1,394789E-1;1,689125E-1;9,398512E-1;;
30/11/2021  10:22:50,149222;9,442342E-1;1,369303E-1;1,569071E-1;9,397834E-1;;
30/11/2021  10:22:50,149322;9,435279E-1;1,187712E-1;1,208909E-1;9,397257E-1;;
30/11/2021  10:22:50,149422;9,441537E-1;1,241871E-1;1,202590E-1;9,396785E-1;;
30/11/2021  10:22:50,149522;9,446067E-1;1,308772E-1;1,411105E-1;9,396418E-1;;
30/11/2021  10:22:50,149622;9,446395E-1;1,251428E-1;1,268936E-1;9,396157E-1;;
30/11/2021  10:22:50,149722;9,455247E-1;1,241871E-1;1,224705E-1;9,396004E-1;;
30/11/2021  10:22:50,149822;9,456171E-1;1,286472E-1;1,442698E-1;9,395960E-1;;
30/11/2021  10:22:50,149922;9,452862E-1;1,276914E-1;1,253139E-1;9,396025E-1;;
30/11/2021  10:22:50,150022;9,452177E-1;1,168597E-1;1,088855E-1;9,396200E-1;;
30/11/2021  10:22:50,150122;9,449644E-1;9,041758E-2;8,203124E-2;9,396484E-1;;
30/11/2021  10:22:50,150222;9,448541E-1;1,327887E-1;1,505885E-1;9,396875E-1;;
30/11/2021  10:22:50,150322;9,453697E-1;1,334259E-1;1,231024E-1;9,397369E-1;;
30/11/2021  10:22:50,150422;9,457214E-1;1,324701E-1;1,534319E-1;9,397963E-1;;
30/11/2021  10:22:50,150522;9,460224E-1;1,448948E-1;1,461654E-1;9,398655E-1;;
30/11/2021  10:22:50,150622;9,459956E-1;1,257800E-1;1,366875E-1;9,399442E-1;;
30/11/2021  10:22:50,150722;9,454800E-1;1,477620E-1;1,569071E-1;9,400321E-1;;
30/11/2021  10:22:50,150822;9,446067E-1;1,280100E-1;1,196272E-1;9,401287E-1;;
30/11/2021  10:22:50,150922;9,446455E-1;1,308772E-1;1,303688E-1;9,402335E-1;;
30/11/2021  10:22:50,151022;9,446663E-1;1,280100E-1;1,262617E-1;9,403458E-1;;
30/11/2021  10:22:50,151122;9,455217E-1;1,289658E-1;1,221546E-1;9,404649E-1;;
30/11/2021  10:22:50,151222;9,455306E-1;1,174969E-1;1,215227E-1;9,405903E-1;;
30/11/2021  10:22:50,151322;9,450627E-1;1,194084E-1;1,186794E-1;9,407213E-1;;
30/11/2021  10:22:50,151422;9,450091E-1;1,251428E-1;1,170997E-1;9,408575E-1;;
30/11/2021  10:22:50,151522;9,440107E-1;-2,936850E-2;2,516348E-2;9,409981E-1;;
30/11/2021  10:22:50,151622;9,440882E-1;1,802571E-1;1,862888E-1;9,411425E-1;;
30/11/2021  10:22:50,151722;9,448899E-1;1,254614E-1;1,310007E-1;9,412899E-1;;
30/11/2021  10:22:50,151822;9,448958E-1;1,388417E-1;1,395309E-1;9,414395E-1;;
30/11/2021  10:22:50,151922;9,448720E-1;1,143111E-1;1,161519E-1;9,415909E-1;;
30/11/2021  10:22:50,152022;9,443653E-1;3,944478E-2;7,508074E-2;9,417435E-1;;
30/11/2021  10:22:50,152122;9,443743E-1;1,382046E-1;1,354238E-1;9,418966E-1;;
30/11/2021  10:22:50,152222;9,445531E-1;1,296029E-1;1,328963E-1;9,420497E-1;;
30/11/2021  10:22:50,152322;9,454859E-1;1,232313E-1;1,237343E-1;9,422023E-1;;
30/11/2021  10:22:50,152422;9,460522E-1;1,327887E-1;1,310007E-1;9,423539E-1;;
30/11/2021  10:22:50,152522;9,459836E-1;1,181340E-1;1,332122E-1;9,425044E-1;;
30/11/2021  10:22:50,152622;9,464545E-1;2,286813E-1;2,330467E-1;9,426536E-1;;
30/11/2021  10:22:50,152722;9,454800E-1;1,286472E-1;1,208909E-1;9,428014E-1;;
30/11/2021  10:22:50,152822;9,462131E-1;1,350188E-1;1,246821E-1;9,429476E-1;;
30/11/2021  10:22:50,152922;9,464217E-1;1,353374E-1;1,227865E-1;9,430920E-1;;
30/11/2021  10:22:50,153022;9,459628E-1;1,334259E-1;1,303688E-1;9,432345E-1;;
30/11/2021  10:22:50,153122;9,471340E-1;1,311958E-1;1,310007E-1;9,433751E-1;;
30/11/2021  10:22:50,153222;9,473456E-1;1,318330E-1;1,003553E-1;9,435136E-1;;
30/11/2021  10:22:50,153322;9,472741E-1;1,382046E-1;1,442698E-1;9,436501E-1;;
30/11/2021  10:22:50,153422;9,470893E-1;1,276914E-1;1,306848E-1;9,437848E-1;;
30/11/2021  10:22:50,153522;9,467138E-1;1,592309E-1;1,354238E-1;9,439176E-1;;
30/11/2021  10:22:50,153622;9,471489E-1;1,276914E-1;1,275255E-1;9,440485E-1;;
30/11/2021  10:22:50,153722;9,472830E-1;1,480806E-1;1,496407E-1;9,441774E-1;;
30/11/2021  10:22:50,153822;9,477271E-1;1,018865E-1;1,196272E-1;9,443044E-1;;
30/11/2021  10:22:50,153922;9,483381E-1;1,474434E-1;1,720719E-1;9,444295E-1;;
30/11/2021  10:22:50,154022;9,482040E-1;1,302401E-1;1,319485E-1;9,445529E-1;;
30/11/2021  10:22:50,154122;9,478374E-1;1,401161E-1;1,382671E-1;9,446747E-1;;
30/11/2021  10:22:50,154222;9,479119E-1;2,490704E-1;1,850251E-1;9,447949E-1;;
30/11/2021  10:22:50,154322;9,489639E-1;1,885402E-1;1,569071E-1;9,449137E-1;;
30/11/2021  10:22:50,154422;9,487225E-1;1,353374E-1;1,303688E-1;9,450311E-1;;
30/11/2021  10:22:50,154522;9,490563E-1;1,347002E-1;1,420583E-1;9,451474E-1;;
30/11/2021  10:22:50,154622;9,495183E-1;1,254614E-1;8,234717E-2;9,452626E-1;;
30/11/2021  10:22:50,154722;9,498103E-1;1,582751E-1;1,840773E-1;9,453771E-1;;
30/11/2021  10:22:50,154822;9,494438E-1;1,872659E-1;2,371539E-1;9,454910E-1;;
30/11/2021  10:22:50,154922;9,493692E-1;1,232313E-1;1,224705E-1;9,456046E-1;;
30/11/2021  10:22:50,155022;9,497418E-1;1,200455E-1;1,268936E-1;9,457180E-1;;
30/11/2021  10:22:50,155122;9,504988E-1;1,426647E-1;2,008217E-1;9,458312E-1;;
30/11/2021  10:22:50,155222;9,506776E-1;1,292843E-1;1,069899E-1;9,459445E-1;;
30/11/2021  10:22:50,155322;9,504183E-1;1,394789E-1;1,651214E-1;9,460580E-1;;
30/11/2021  10:22:50,155422;9,502127E-1;1,257800E-1;1,300529E-1;9,461720E-1;;
30/11/2021  10:22:50,155522;9,505286E-1;1,452133E-1;1,417424E-1;9,462866E-1;;
30/11/2021  10:22:50,155622;9,504600E-1;1,525407E-1;1,392149E-1;9,464018E-1;;
30/11/2021  10:22:50,155722;9,509935E-1;1,206827E-1;1,202590E-1;9,465176E-1;;
30/11/2021  10:22:50,155822;9,514853E-1;1,187712E-1;1,076217E-1;9,466342E-1;;
30/11/2021  10:22:50,155922;9,511544E-1;1,155854E-1;1,174156E-1;9,467515E-1;;
30/11/2021  10:22:50,156022;9,510948E-1;8,213450E-2;9,277293E-2;9,468699E-1;;
30/11/2021  10:22:50,156122;9,511485E-1;2,606442E-2;5,170177E-2;9,469891E-1;;
30/11/2021  10:22:50,156222;9,507551E-1;9,201048E-2;5,549295E-2;9,471094E-1;;
30/11/2021  10:22:50,156322;9,507760E-1;7,926728E-2;9,688005E-2;9,472304E-1;;
30/11/2021  10:22:50,156422;9,511932E-1;1,178155E-1;1,265777E-1;9,473522E-1;;
30/11/2021  10:22:50,156522;9,510412E-1;9,678918E-2;1,038306E-1;9,474745E-1;;
30/11/2021  10:22:50,156622;9,508296E-1;5,027650E-2;5,264957E-2;9,475973E-1;;
30/11/2021  10:22:50,156722;9,502961E-1;9,232906E-2;1,041465E-1;9,477203E-1;;
30/11/2021  10:22:50,156822;9,507998E-1;1,117624E-1;1,262617E-1;9,478433E-1;;
30/11/2021  10:22:50,156922;9,503647E-1;1,053908E-1;1,227865E-1;9,479661E-1;;
30/11/2021  10:22:50,157022;9,500964E-1;1,031608E-1;1,215227E-1;9,480884E-1;;
30/11/2021  10:22:50,157122;9,495093E-1;1,222756E-1;1,287892E-1;9,482098E-1;;
30/11/2021  10:22:50,157222;9,496583E-1;1,181340E-1;1,259458E-1;9,483299E-1;;
30/11/2021  10:22:50,157322;9,489043E-1;1,423461E-1;1,284732E-1;9,484483E-1;;
30/11/2021  10:22:50,157422;9,485318E-1;8,404598E-2;6,212753E-2;9,485645E-1;;
30/11/2021  10:22:50,157522;9,478612E-1;1,397975E-1;1,164678E-1;9,486780E-1;;
30/11/2021  10:22:50,157622;9,475393E-1;1,722926E-1;1,632258E-1;9,487882E-1;;
30/11/2021  10:22:50,157722;9,472324E-1;1,582751E-1;1,467973E-1;9,488943E-1;;
30/11/2021  10:22:50,157822;9,470744E-1;1,538150E-1;1,543797E-1;9,489957E-1;;
30/11/2021  10:22:50,157922;9,471072E-1;1,273729E-1;1,287892E-1;9,490919E-1;;
30/11/2021  10:22:50,158022;9,462429E-1;-6,664236E-2;2,863873E-2;9,491823E-1;;
30/11/2021  10:22:50,158122;9,442878E-1;1,420275E-1;1,758630E-1;9,492662E-1;;
30/11/2021  10:22:50,158222;9,438885E-1;1,280100E-1;1,303688E-1;9,493429E-1;;
30/11/2021  10:22:50,158322;9,428156E-1;1,315144E-1;1,332122E-1;9,494114E-1;;
30/11/2021  10:22:50,158422;9,432745E-1;1,127182E-1;1,170997E-1;9,494709E-1;;
30/11/2021  10:22:50,158522;9,425056E-1;1,273729E-1;1,212068E-1;9,495205E-1;;
30/11/2021  10:22:50,158622;9,420228E-1;1,353374E-1;1,392149E-1;9,495595E-1;;
30/11/2021  10:22:50,158722;9,408903E-1;1,171783E-1;1,167838E-1;9,495870E-1;;
30/11/2021  10:22:50,158822;9,396833E-1;1,165411E-1;1,126766E-1;9,496023E-1;;
30/11/2021  10:22:50,158922;9,393405E-1;3,817046E-2;8,708615E-2;9,496046E-1;;
30/11/2021  10:22:50,159022;9,384465E-1;1,356559E-1;1,423743E-1;9,495931E-1;;
30/11/2021  10:22:50,159122;9,381544E-1;1,283286E-1;1,196272E-1;9,495670E-1;;
30/11/2021  10:22:50,159222;9,388667E-1;9,583344E-2;9,308886E-2;9,495257E-1;;
30/11/2021  10:22:50,159322;9,380829E-1;1,114439E-1;9,530039E-2;9,494685E-1;;
30/11/2021  10:22:50,159422;9,364496E-1;1,321516E-1;1,158360E-1;9,493953E-1;;
30/11/2021  10:22:50,159522;9,360145E-1;1,076209E-1;1,297370E-1;9,493056E-1;;
30/11/2021  10:22:50,159622;9,352695E-1;1,375674E-1;1,341600E-1;9,491990E-1;;
30/11/2021  10:22:50,159722;9,357284E-1;1,012493E-1;1,104651E-1;9,490751E-1;;
30/11/2021  10:22:50,159822;9,349982E-1;9,392196E-2;1,016190E-1;9,489338E-1;;
30/11/2021  10:22:50,159922;9,345810E-1;1,155854E-1;1,076217E-1;9,487748E-1;;
30/11/2021  10:22:50,160022;9,336750E-1;1,433019E-1;1,960827E-1;9,485983E-1;;
30/11/2021  10:22:50,160122;9,331743E-1;1,241871E-1;1,110970E-1;9,484041E-1;;
30/11/2021  10:22:50,160222;9,325931E-1;1,241871E-1;1,145722E-1;9,481924E-1;;
30/11/2021  10:22:50,160322;9,324769E-1;8,277166E-2;8,929768E-2;9,479631E-1;;
30/11/2021  10:22:50,160422;9,320299E-1;1,292843E-1;1,300529E-1;9,477164E-1;;
30/11/2021  10:22:50,160522;9,319732E-1;1,225942E-1;1,259458E-1;9,474526E-1;;
30/11/2021  10:22:50,160622;9,319375E-1;1,324701E-1;1,287892E-1;9,471721E-1;;
30/11/2021  10:22:50,160722;9,313265E-1;1,187712E-1;1,123607E-1;9,468752E-1;;
30/11/2021  10:22:50,160822;9,311954E-1;9,933782E-2;9,561632E-2;9,465625E-1;;
30/11/2021  10:22:50,160922;9,304354E-1;6,652408E-2;1,351078E-1;9,462347E-1;;
30/11/2021  10:22:50,161022;9,303907E-1;1,174969E-1;1,253139E-1;9,458923E-1;;
30/11/2021  10:22:50,161122;9,303102E-1;1,028422E-1;1,031987E-1;9,455359E-1;;
30/11/2021  10:22:50,161222;9,311537E-1;9,583344E-2;1,000394E-1;9,451662E-1;;
30/11/2021  10:22:50,161322;9,315113E-1;1,200455E-1;1,474292E-1;9,447843E-1;;
30/11/2021  10:22:50,161422;9,307781E-1;1,206827E-1;1,215227E-1;9,443911E-1;;
30/11/2021  10:22:50,161522;9,305844E-1;1,273729E-1;1,272095E-1;9,439877E-1;;
30/11/2021  10:22:50,161622;9,303996E-1;1,506292E-1;1,711241E-1;9,435752E-1;;
30/11/2021  10:22:50,161722;9,309093E-1;1,334259E-1;1,392149E-1;9,431547E-1;;
30/11/2021  10:22:50,161822;9,314874E-1;1,159040E-1;1,174156E-1;9,427273E-1;;
30/11/2021  10:22:50,161922;9,315649E-1;1,248242E-1;1,370034E-1;9,422942E-1;;
30/11/2021  10:22:50,162022;9,315322E-1;1,254614E-1;1,237343E-1;9,418567E-1;;
30/11/2021  10:22:50,162122;9,308318E-1;1,225942E-1;1,189953E-1;9,414162E-1;;
30/11/2021  10:22:50,162222;9,303788E-1;1,283286E-1;1,373193E-1;9,409737E-1;;
30/11/2021  10:22:50,162322;9,299764E-1;1,385232E-1;1,344760E-1;9,405304E-1;;
30/11/2021  10:22:50,162422;9,301940E-1;1,181340E-1;1,000394E-1;9,400871E-1;;
30/11/2021  10:22:50,162522;9,304771E-1;1,057094E-1;1,170997E-1;9,396449E-1;;
30/11/2021  10:22:50,162622;9,305427E-1;1,251428E-1;1,351078E-1;9,392046E-1;;
30/11/2021  10:22:50,162722;9,300182E-1;1,194084E-1;1,240502E-1;9,387672E-1;;
30/11/2021  10:22:50,162822;9,292135E-1;1,254614E-1;1,272095E-1;9,383335E-1;;
30/11/2021  10:22:50,162922;9,291092E-1;1,216384E-1;1,278414E-1;9,379042E-1;;
30/11/2021  10:22:50,163022;9,290853E-1;1,254614E-1;1,265777E-1;9,374800E-1;;
30/11/2021  10:22:50,163122;9,291151E-1;1,356559E-1;1,338441E-1;9,370613E-1;;
30/11/2021  10:22:50,163222;9,293863E-1;1,375674E-1;1,164678E-1;9,366488E-1;;
30/11/2021  10:22:50,163322;9,288797E-1;1,190898E-1;1,240502E-1;9,362429E-1;;
30/11/2021  10:22:50,163422;9,279647E-1;1,260985E-1;1,215227E-1;9,358442E-1;;
30/11/2021  10:22:50,163522;9,276965E-1;1,257800E-1;1,177316E-1;9,354531E-1;;
30/11/2021  10:22:50,163622;9,274670E-1;-8,575716E-2;3,400958E-2;9,350696E-1;;
30/11/2021  10:22:50,163722;9,276488E-1;7,321426E-2;9,561632E-2;9,346940E-1;;
30/11/2021  10:22:50,163822;9,281436E-1;1,305587E-1;1,199431E-1;9,343265E-1;;
30/11/2021  10:22:50,163922;9,279081E-1;1,356559E-1;1,155200E-1;9,339672E-1;;
30/11/2021  10:22:50,164022;9,274611E-1;9,424054E-2;6,970989E-2;9,336164E-1;;
30/11/2021  10:22:50,164122;9,276846E-1;1,286472E-1;1,275255E-1;9,332743E-1;;
30/11/2021  10:22:50,164222;9,267816E-1;1,283286E-1;1,265777E-1;9,329411E-1;;
30/11/2021  10:22:50,164322;9,265789E-1;1,206827E-1;1,259458E-1;9,326167E-1;;
30/11/2021  10:22:50,164422;9,275356E-1;1,117624E-1;1,215227E-1;9,323011E-1;;
30/11/2021  10:22:50,164522;9,276637E-1;1,069837E-1;1,193112E-1;9,319945E-1;;
30/11/2021  10:22:50,164622;9,275415E-1;1,028422E-1;1,170997E-1;9,316969E-1;;
30/11/2021  10:22:50,164722;9,271094E-1;1,114439E-1;1,126766E-1;9,314084E-1;;
30/11/2021  10:22:50,164822;9,270557E-1;9,901924E-2;1,120448E-1;9,311292E-1;;
30/11/2021  10:22:50,164922;9,259590E-1;1,047537E-1;1,076217E-1;9,308593E-1;;
30/11/2021  10:22:50,165022;9,264895E-1;7,417000E-2;8,013565E-2;9,305984E-1;;
30/11/2021  10:22:50,165122;9,266087E-1;9,997498E-2;1,104651E-1;9,303465E-1;;
30/11/2021  10:22:50,165222;9,271213E-1;9,328480E-2;9,877564E-2;9,301035E-1;;
30/11/2021  10:22:50,165322;9,272226E-1;1,018865E-1;1,395309E-1;9,298693E-1;;
30/11/2021  10:22:50,165422;9,267041E-1;1,069837E-1;1,562753E-1;9,296439E-1;;
30/11/2021  10:22:50,165522;9,426248E-1;1,327887E-1;1,240502E-1;9,294278E-1;;
30/11/2021  10:22:50,165622;9,425026E-1;1,321516E-1;1,249980E-1;9,292227E-1;;
30/11/2021  10:22:50,165722;9,424132E-1;1,267357E-1;1,193112E-1;9,290314E-1;;
30/11/2021  10:22:50,165822;9,429944E-1;1,296029E-1;1,246821E-1;9,288569E-1;;
30/11/2021  10:22:50,165922;9,426368E-1;1,605052E-1;1,802861E-1;9,287016E-1;;
30/11/2021  10:22:50,166022;9,428633E-1;1,130368E-1;5,833634E-2;9,285678E-1;;
30/11/2021  10:22:50,166122;9,418768E-1;1,397975E-1;1,407946E-1;9,284570E-1;;
30/11/2021  10:22:50,166222;9,417427E-1;1,155854E-1;1,234183E-1;9,283708E-1;;
30/11/2021  10:22:50,166322;9,417039E-1;1,321516E-1;1,287892E-1;9,283099E-1;;
30/11/2021  10:22:50,166422;9,414089E-1;1,302401E-1;1,316326E-1;9,282749E-1;;
30/11/2021  10:22:50,166522;9,422046E-1;1,334259E-1;1,322644E-1;9,282661E-1;;
30/11/2021  10:22:50,166622;9,422374E-1;1,181340E-1;1,088855E-1;9,282838E-1;;
30/11/2021  10:22:50,166722;9,417933E-1;1,471248E-1;1,480610E-1;9,283277E-1;;
30/11/2021  10:22:50,166822;9,414297E-1;1,260985E-1;1,278414E-1;9,283978E-1;;
30/11/2021  10:22:50,166922;9,407204E-1;1,238685E-1;1,265777E-1;9,284934E-1;;
30/11/2021  10:22:50,167022;9,404671E-1;1,216384E-1;1,076217E-1;9,286139E-1;;
30/11/2021  10:22:50,167122;9,408635E-1;1,130368E-1;1,294210E-1;9,287581E-1;;
30/11/2021  10:22:50,167222;9,410304E-1;1,283286E-1;1,313166E-1;9,289251E-1;;
30/11/2021  10:22:50,167322;9,405535E-1;1,002936E-1;1,439539E-1;9,291136E-1;;
30/11/2021  10:22:50,167422;9,402495E-1;1,181340E-1;9,308886E-2;9,293226E-1;;
30/11/2021  10:22:50,167522;9,400558E-1;1,181340E-1;1,208909E-1;9,295506E-1;;
30/11/2021  10:22:50,167622;9,395164E-1;1,397975E-1;1,467973E-1;9,297962E-1;;
30/11/2021  10:22:50,167722;9,392541E-1;1,123996E-1;1,256299E-1;9,300578E-1;;
30/11/2021  10:22:50,167822;9,391468E-1;1,162226E-1;1,183634E-1;9,303339E-1;;
30/11/2021  10:22:50,167922;9,394061E-1;1,292843E-1;1,249980E-1;9,306228E-1;;
30/11/2021  10:22:50,168022;9,392124E-1;1,241871E-1;1,246821E-1;9,309228E-1;;
30/11/2021  10:22:50,168122;9,384882E-1;2,293185E-1;2,453681E-1;9,312325E-1;;
30/11/2021  10:22:50,168222;9,376686E-1;1,343816E-1;1,357397E-1;9,315501E-1;;
30/11/2021  10:22:50,168322;9,371321E-1;1,420275E-1;1,430061E-1;9,318739E-1;;
30/11/2021  10:22:50,168422;9,374957E-1;1,353374E-1;1,332122E-1;9,322023E-1;;
30/11/2021  10:22:50,168522;9,371619E-1;1,327887E-1;1,287892E-1;9,325333E-1;;
30/11/2021  10:22:50,168622;9,373437E-1;1,213198E-1;1,139404E-1;9,328654E-1;;
30/11/2021  10:22:50,168722;9,363573E-1;1,267357E-1;1,379512E-1;9,331971E-1;;
30/11/2021  10:22:50,168822;9,364467E-1;1,260985E-1;1,572231E-1;9,335268E-1;;
30/11/2021  10:22:50,168922;9,364496E-1;1,085766E-1;1,016190E-1;9,338531E-1;;
30/11/2021  10:22:50,169022;9,356986E-1;1,828058E-1;2,387335E-1;9,341745E-1;;
30/11/2021  10:22:50,169122;9,361784E-1;1,388417E-1;1,486929E-1;9,344898E-1;;
30/11/2021  10:22:50,169222;9,364944E-1;1,041165E-1;1,319485E-1;9,347977E-1;;
30/11/2021  10:22:50,169322;9,370219E-1;1,525407E-1;1,512204E-1;9,350972E-1;;
30/11/2021  10:22:50,169422;9,372156E-1;2,638300E-2;6,275939E-2;9,353875E-1;;
30/11/2021  10:22:50,169522;9,373735E-1;1,289658E-1;1,256299E-1;9,356680E-1;;
30/11/2021  10:22:50,169622;9,370785E-1;1,315144E-1;1,322644E-1;9,359381E-1;;
30/11/2021  10:22:50,169722;9,377550E-1;1,691068E-1;1,745993E-1;9,361975E-1;;
30/11/2021  10:22:50,169822;9,383749E-1;1,283286E-1;1,246821E-1;9,364457E-1;;
30/11/2021  10:22:50,169922;9,393614E-1;1,241871E-1;1,095173E-1;9,366827E-1;;
30/11/2021  10:22:50,170022;9,401512E-1;1,235499E-1;1,256299E-1;9,369086E-1;;
30/11/2021  10:22:50,170122;9,397071E-1;1,369303E-1;1,253139E-1;9,371237E-1;;
30/11/2021  10:22:50,170222;9,395045E-1;1,257800E-1;1,363715E-1;9,373282E-1;;
30/11/2021  10:22:50,170322;9,397161E-1;9,360338E-2;9,403666E-2;9,375226E-1;;
30/11/2021  10:22:50,170422;9,402436E-1;7,002846E-2;9,751191E-2;9,377071E-1;;
30/11/2021  10:22:50,170522;9,406012E-1;1,296029E-1;1,180475E-1;9,378820E-1;;
30/11/2021  10:22:50,170622;9,408814E-1;1,783457E-1;1,685966E-1;9,380479E-1;;
30/11/2021  10:22:50,170722;9,412807E-1;9,232906E-2;1,167838E-1;9,382051E-1;;
30/11/2021  10:22:50,170822;9,411019E-1;1,292843E-1;1,433221E-1;9,383542E-1;;
30/11/2021  10:22:50,170922;9,408605E-1;1,225942E-1;1,316326E-1;9,384957E-1;;
30/11/2021  10:22:50,171022;9,406757E-1;1,235499E-1;1,272095E-1;9,386301E-1;;
30/11/2021  10:22:50,171122;9,410483E-1;1,197269E-1;1,189953E-1;9,387578E-1;;
30/11/2021  10:22:50,171222;9,417337E-1;1,232313E-1;1,253139E-1;9,388790E-1;;
30/11/2021  10:22:50,171322;9,431762E-1;1,337445E-1;1,246821E-1;9,389944E-1;;
30/11/2021  10:22:50,171422;9,426844E-1;1,350188E-1;1,332122E-1;9,391045E-1;;
30/11/2021  10:22:50,171522;9,431970E-1;-5,867786E-2;-2,728123E-2;9,392100E-1;;
30/11/2021  10:22:50,171622;9,433788E-1;1,442576E-1;1,698603E-1;9,393116E-1;;
30/11/2021  10:22:50,171722;9,435547E-1;1,130368E-1;9,435259E-2;9,394099E-1;;
30/11/2021  10:22:50,171822;9,442491E-1;1,280100E-1;1,338441E-1;9,395055E-1;;
30/11/2021  10:22:50,171922;9,450627E-1;1,257800E-1;1,325804E-1;9,395992E-1;;
30/11/2021  10:22:50,172022;9,451760E-1;4,040052E-2;7,602853E-2;9,396915E-1;;
30/11/2021  10:22:50,172122;9,455157E-1;8,245308E-2;1,016190E-1;9,397833E-1;;
30/11/2021  10:22:50,172222;9,451909E-1;1,353374E-1;1,303688E-1;9,398753E-1;;
30/11/2021  10:22:50,172322;9,445501E-1;2,022392E-1;2,061925E-1;9,399679E-1;;
30/11/2021  10:22:50,172422;9,448720E-1;1,047537E-1;1,193112E-1;9,400616E-1;;
30/11/2021  10:22:50,172522;9,449614E-1;1,018865E-1;1,139404E-1;9,401567E-1;;
30/11/2021  10:22:50,172622;9,456141E-1;1,041165E-1;1,183634E-1;9,402535E-1;;
30/11/2021  10:22:50,172722;9,460075E-1;9,455912E-2;1,063580E-1;9,403522E-1;;
30/11/2021  10:22:50,172822;9,455306E-1;1,031608E-1;1,035146E-1;9,404530E-1;;
30/11/2021  10:22:50,172922;9,454084E-1;1,012493E-1;1,047783E-1;9,405564E-1;;
30/11/2021  10:22:50,173022;9,449942E-1;9,041758E-2;1,098333E-1;9,406623E-1;;
30/11/2021  10:22:50,173122;9,446514E-1;1,060280E-1;1,212068E-1;9,407707E-1;;
30/11/2021  10:22:50,173222;9,449584E-1;1,159040E-1;1,272095E-1;9,408815E-1;;
30/11/2021  10:22:50,173322;9,452356E-1;9,232906E-2;1,038306E-1;9,409946E-1;;
30/11/2021  10:22:50,173422;9,450806E-1;1,006121E-1;1,237343E-1;9,411097E-1;;
30/11/2021  10:22:50,173522;9,442253E-1;1,079395E-1;1,120448E-1;9,412268E-1;;
30/11/2021  10:22:50,173622;9,433312E-1;1,433019E-1;1,256299E-1;9,413455E-1;;
30/11/2021  10:22:50,173722;9,429020E-1;2,137080E-1;2,178820E-1;9,414653E-1;;
30/11/2021  10:22:50,173822;9,427887E-1;1,767528E-1;1,862888E-1;9,415857E-1;;
30/11/2021  10:22:50,173922;9,426636E-1;3,445238E-3;9,466852E-2;9,417059E-1;;
30/11/2021  10:22:50,174022;9,423983E-1;1,362931E-1;1,401627E-1;9,418254E-1;;
30/11/2021  10:22:50,174122;9,417903E-1;1,210013E-1;1,480610E-1;9,419436E-1;;
30/11/2021  10:22:50,174222;9,412479E-1;1,184526E-1;1,069899E-1;9,420597E-1;;
30/11/2021  10:22:50,174322;9,405803E-1;1,248242E-1;1,126766E-1;9,421730E-1;;
30/11/2021  10:22:50,174422;9,398502E-1;1,270543E-1;1,196272E-1;9,422827E-1;;
30/11/2021  10:22:50,174522;9,399783E-1;1,159040E-1;1,316326E-1;9,423880E-1;;
30/11/2021  10:22:50,174622;9,407294E-1;1,146297E-1;9,498445E-2;9,424881E-1;;
30/11/2021  10:22:50,174722;9,400230E-1;1,146297E-1;1,196272E-1;9,425824E-1;;
30/11/2021  10:22:50,174822;9,392571E-1;1,190898E-1;1,063580E-1;9,426703E-1;;
30/11/2021  10:22:50,174922;9,383034E-1;8,914326E-2;9,119327E-2;9,427512E-1;;
30/11/2021  10:22:50,175022;9,374331E-1;9,105474E-2;8,045158E-2;9,428244E-1;;
30/11/2021  10:22:50,175122;9,367030E-1;1,533758E-3;5,833634E-2;9,428892E-1;;
30/11/2021  10:22:50,175222;9,362351E-1;1,069837E-1;8,771802E-2;9,429446E-1;;
30/11/2021  10:22:50,175322;9,366553E-1;1,362931E-1;1,439539E-1;9,429900E-1;;
30/11/2021  10:22:50,175422;9,352575E-1;1,028422E-1;1,196272E-1;9,430246E-1;;
30/11/2021  10:22:50,175522;9,349386E-1;1,385232E-1;1,534319E-1;9,430479E-1;;
30/11/2021  10:22:50,175622;9,340088E-1;1,331073E-1;1,357397E-1;9,430590E-1;;
30/11/2021  10:22:50,175722;9,332577E-1;1,245056E-1;1,303688E-1;9,430574E-1;;
30/11/2021  10:22:50,175822;9,331445E-1;1,248242E-1;1,291051E-1;9,430424E-1;;
30/11/2021  10:22:50,175922;9,332220E-1;1,334259E-1;1,322644E-1;9,430134E-1;;
30/11/2021  10:22:50,176022;9,333591E-1;1,123996E-1;1,139404E-1;9,429700E-1;;
30/11/2021  10:22:50,176122;9,334276E-1;1,245056E-1;1,249980E-1;9,429119E-1;;
30/11/2021  10:22:50,176222;9,326110E-1;1,213198E-1;1,189953E-1;9,428392E-1;;
30/11/2021  10:22:50,176322;9,329210E-1;1,181340E-1;1,123607E-1;9,427517E-1;;
30/11/2021  10:22:50,176422;9,321670E-1;9,519628E-2;8,708615E-2;9,426494E-1;;
30/11/2021  10:22:50,176522;9,322057E-1;1,248242E-1;1,186794E-1;9,425327E-1;;
30/11/2021  10:22:50,176622;9,329091E-1;5,155082E-2;9,498445E-2;9,424015E-1;;
30/11/2021  10:22:50,176722;9,325544E-1;4,740928E-2;9,751191E-2;9,422563E-1;;
30/11/2021  10:22:50,176822;9,314547E-1;1,085766E-1;1,246821E-1;9,420976E-1;;
30/11/2021  10:22:50,176922;9,313712E-1;1,174969E-1;1,224705E-1;9,419257E-1;;
30/11/2021  10:22:50,177022;9,313742E-1;1,190898E-1;1,215227E-1;9,417410E-1;;
30/11/2021  10:22:50,177122;9,304801E-1;1,302401E-1;1,360556E-1;9,415439E-1;;
30/11/2021  10:22:50,177222;9,312401E-1;1,168597E-1;1,268936E-1;9,413350E-1;;
30/11/2021  10:22:50,177322;9,307990E-1;1,238685E-1;1,249980E-1;9,411146E-1;;
30/11/2021  10:22:50,177422;9,305099E-1;1,292843E-1;1,376353E-1;9,408834E-1;;
30/11/2021  10:22:50,177522;9,306112E-1;1,235499E-1;1,202590E-1;9,406420E-1;;
30/11/2021  10:22:50,177622;9,297380E-1;1,222756E-1;1,114129E-1;9,403909E-1;;
30/11/2021  10:22:50,177722;9,297201E-1;1,104881E-1;1,145722E-1;9,401308E-1;;
30/11/2021  10:22:50,177822;9,300301E-1;1,257800E-1;1,240502E-1;9,398622E-1;;
30/11/2021  10:22:50,177922;9,310225E-1;1,225942E-1;1,208909E-1;9,395858E-1;;
30/11/2021  10:22:50,178022;9,312282E-1;1,372488E-1;1,948190E-1;9,393025E-1;;
30/11/2021  10:22:50,178122;9,318838E-1;1,139925E-1;1,041465E-1;9,390131E-1;;
30/11/2021  10:22:50,178222;9,317855E-1;1,331073E-1;1,338441E-1;9,387188E-1;;
30/11/2021  10:22:50,178322;9,316216E-1;1,181340E-1;1,360556E-1;9,384207E-1;;
30/11/2021  10:22:50,178422;9,318898E-1;1,347002E-1;1,344760E-1;9,381198E-1;;
30/11/2021  10:22:50,178522;9,321938E-1;1,245056E-1;1,262617E-1;9,378172E-1;;
30/11/2021  10:22:50,178622;9,324859E-1;1,168597E-1;1,205749E-1;9,375140E-1;;
30/11/2021  10:22:50,178722;9,328345E-1;1,232313E-1;1,148882E-1;9,372112E-1;;
30/11/2021  10:22:50,178822;9,323756E-1;1,184526E-1;1,278414E-1;9,369100E-1;;
30/11/2021  10:22:50,178922;9,319017E-1;1,229127E-1;1,249980E-1;9,366113E-1;;
30/11/2021  10:22:50,179022;9,314427E-1;1,155854E-1;1,117289E-1;9,363159E-1;;
30/11/2021  10:22:50,179122;9,317885E-1;1,174969E-1;1,110970E-1;9,360246E-1;;
30/11/2021  10:22:50,179222;9,316424E-1;7,894870E-2;8,771802E-2;9,357380E-1;;
30/11/2021  10:22:50,179322;9,324709E-1;9,424054E-2;1,167838E-1;9,354566E-1;;
30/11/2021  10:22:50,179422;9,329120E-1;1,213198E-1;1,129926E-1;9,351813E-1;;
30/11/2021  10:22:50,179522;9,326736E-1;2,574584E-2;1,063061E-2;9,349126E-1;;
30/11/2021  10:22:50,179622;9,328077E-1;1,292843E-1;1,218387E-1;9,346512E-1;;
30/11/2021  10:22:50,179722;9,322474E-1;1,417090E-1;1,499566E-1;9,343977E-1;;
30/11/2021  10:22:50,179822;9,329538E-1;1,216384E-1;1,186794E-1;9,341526E-1;;
30/11/2021  10:22:50,179922;9,327481E-1;1,576380E-1;1,553275E-1;9,339164E-1;;
30/11/2021  10:22:50,180022;9,333352E-1;1,292843E-1;1,278414E-1;9,336895E-1;;
30/11/2021  10:22:50,180122;9,331177E-1;1,130368E-1;1,638576E-1;9,334723E-1;;
30/11/2021  10:22:50,180222;9,332667E-1;1,251428E-1;1,284732E-1;9,332651E-1;;
30/11/2021  10:22:50,180322;9,328137E-1;1,296029E-1;1,275255E-1;9,330683E-1;;
30/11/2021  10:22:50,180422;9,323875E-1;1,273729E-1;1,297370E-1;9,328821E-1;;
30/11/2021  10:22:50,180522;9,325097E-1;1,213198E-1;1,275255E-1;9,327064E-1;;
30/11/2021  10:22:50,180622;9,331773E-1;9,360338E-2;1,047783E-1;9,325414E-1;;
30/11/2021  10:22:50,180722;9,332160E-1;1,187712E-1;1,193112E-1;9,323871E-1;;
30/11/2021  10:22:50,180822;9,332488E-1;9,710776E-2;7,887192E-2;9,322434E-1;;
30/11/2021  10:22:50,180922;9,337823E-1;1,181340E-1;1,426902E-1;9,321104E-1;;
30/11/2021  10:22:50,181022;9,330521E-1;8,978042E-2;9,719598E-2;9,319881E-1;;
30/11/2021  10:22:50,181122;9,331564E-1;1,060280E-1;1,284732E-1;9,318766E-1;;
30/11/2021  10:22:50,181222;9,338985E-1;1,905566E-2;6,749837E-2;9,317755E-1;;
30/11/2021  10:22:50,181322;9,340475E-1;3,052454E-2;1,262617E-1;9,316850E-1;;
30/11/2021  10:22:50,181422;9,341757E-1;1,225942E-1;1,433221E-1;9,316048E-1;;
30/11/2021  10:22:50,181522;9,342383E-1;1,028422E-1;1,297370E-1;9,315350E-1;;
30/11/2021  10:22:50,181622;9,329597E-1;1,069837E-1;1,215227E-1;9,314753E-1;;
30/11/2021  10:22:50,181722;9,337167E-1;1,174969E-1;1,193112E-1;9,314256E-1;;
30/11/2021  10:22:50,181822;9,338449E-1;2,070179E-1;2,175661E-1;9,313856E-1;;
30/11/2021  10:22:50,181922;9,331594E-1;8,117876E-2;1,616461E-1;9,313549E-1;;
30/11/2021  10:22:50,182022;9,338210E-1;1,726112E-1;1,471132E-1;9,313330E-1;;
30/11/2021  10:22:50,182122;9,337912E-1;1,662396E-1;1,603824E-1;9,313198E-1;;
30/11/2021  10:22:50,182222;9,334992E-1;1,678325E-1;1,221546E-1;9,313148E-1;;
30/11/2021  10:22:50,182322;9,340624E-1;1,576380E-1;1,698603E-1;9,313176E-1;;
30/11/2021  10:22:50,182422;9,332488E-1;1,130368E-1;9,340479E-2;9,313278E-1;;
30/11/2021  10:22:50,182522;9,337018E-1;1,187712E-1;1,196272E-1;9,313451E-1;;
30/11/2021  10:22:50,182622;9,347449E-1;1,273729E-1;1,275255E-1;9,313690E-1;;
30/11/2021  10:22:50,182722;9,354244E-1;1,442576E-1;1,509044E-1;9,313992E-1;;
30/11/2021  10:22:50,182822;9,362500E-1;1,289658E-1;1,038306E-1;9,314357E-1;;
30/11/2021  10:22:50,182922;9,361546E-1;1,311958E-1;1,594346E-1;9,314784E-1;;
30/11/2021  10:22:50,183022;9,364169E-1;1,283286E-1;1,420583E-1;9,315274E-1;;
30/11/2021  10:22:50,183122;9,366434E-1;1,245056E-1;1,291051E-1;9,315826E-1;;
30/11/2021  10:22:50,183222;9,375613E-1;1,254614E-1;1,268936E-1;9,316442E-1;;
30/11/2021  10:22:50,183322;9,382170E-1;1,190898E-1;1,237343E-1;9,317121E-1;;
30/11/2021  10:22:50,183422;9,396505E-1;1,299215E-1;1,202590E-1;9,317867E-1;;
30/11/2021  10:22:50,183522;9,398859E-1;1,353374E-1;1,278414E-1;9,318682E-1;;
30/11/2021  10:22:50,183622;9,400797E-1;4,709070E-2;7,223735E-2;9,319570E-1;;
30/11/2021  10:22:50,183722;9,400200E-1;1,321516E-1;1,382671E-1;9,320535E-1;;
30/11/2021  10:22:50,183822;9,401720E-1;7,905358E-3;8,329497E-2;9,321579E-1;;
30/11/2021  10:22:50,183922;9,410483E-1;1,483991E-1;1,388990E-1;9,322705E-1;;
30/11/2021  10:22:50,184022;9,420139E-1;1,296029E-1;1,420583E-1;9,323913E-1;;
30/11/2021  10:22:50,184122;9,422374E-1;7,671864E-2;9,403666E-2;9,325207E-1;;
30/11/2021  10:22:50,184222;9,422195E-1;1,127182E-1;9,277293E-2;9,326588E-1;;
30/11/2021  10:22:50,184322;9,426099E-1;1,350188E-1;1,291051E-1;9,328060E-1;;
30/11/2021  10:22:50,184422;9,428633E-1;1,550893E-1;1,569071E-1;9,329623E-1;;
30/11/2021  10:22:50,184522;9,433908E-1;1,276914E-1;1,366875E-1;9,331277E-1;;
30/11/2021  10:22:50,184622;9,442670E-1;1,305587E-1;1,291051E-1;9,333024E-1;;
30/11/2021  10:22:50,184722;9,447915E-1;1,251428E-1;1,234183E-1;9,334864E-1;;
30/11/2021  10:22:50,184822;9,457661E-1;1,315144E-1;1,347919E-1;9,336798E-1;;
30/11/2021  10:22:50,184922;9,459300E-1;1,324701E-1;1,224705E-1;9,338829E-1;;
30/11/2021  10:22:50,185022;9,468807E-1;1,079395E-1;8,108345E-2;9,340957E-1;;
30/11/2021  10:22:50,185122;9,469433E-1;1,260985E-1;1,104651E-1;9,343185E-1;;
30/11/2021  10:22:50,185222;9,479298E-1;1,165411E-1;1,249980E-1;9,345513E-1;;
30/11/2021  10:22:50,185322;9,492143E-1;1,318330E-1;1,310007E-1;9,347944E-1;;
30/11/2021  10:22:50,185422;9,500935E-1;8,181592E-2;9,972343E-2;9,350480E-1;;
30/11/2021  10:22:50,185522;9,505703E-1;-1,758104E-2;3,464144E-2;9,353122E-1;;
30/11/2021  10:22:50,185622;9,502008E-1;1,260985E-1;1,325804E-1;9,355875E-1;;
30/11/2021  10:22:50,185722;9,501620E-1;8,786894E-2;8,898175E-2;9,358740E-1;;
30/11/2021  10:22:50,185822;9,504004E-1;1,646467E-1;1,967146E-1;9,361715E-1;;
30/11/2021  10:22:50,185922;9,508713E-1;1,257800E-1;1,546956E-1;9,364800E-1;;
30/11/2021  10:22:50,186022;9,516879E-1;1,359745E-1;1,641736E-1;9,367991E-1;;
30/11/2021  10:22:50,186122;9,512737E-1;1,324701E-1;1,278414E-1;9,371287E-1;;
30/11/2021  10:22:50,186222;9,520038E-1;1,315144E-1;1,325804E-1;9,374684E-1;;
30/11/2021  10:22:50,186322;9,517565E-1;1,254614E-1;1,231024E-1;9,378179E-1;;
30/11/2021  10:22:50,186422;9,517565E-1;1,334259E-1;1,328963E-1;9,381767E-1;;
30/11/2021  10:22:50,186522;9,509905E-1;1,315144E-1;1,464814E-1;9,385443E-1;;
30/11/2021  10:22:50,186622;9,512826E-1;1,324701E-1;1,341600E-1;9,389199E-1;;
30/11/2021  10:22:50,186722;9,518757E-1;1,127182E-1;9,214107E-2;9,393027E-1;;
30/11/2021  10:22:50,186822;9,513690E-1;1,235499E-1;1,262617E-1;9,396920E-1;;
30/11/2021  10:22:50,186922;9,515180E-1;1,296029E-1;1,142563E-1;9,400869E-1;;
30/11/2021  10:22:50,187022;9,510174E-1;1,251428E-1;1,107811E-1;9,404864E-1;;
30/11/2021  10:22:50,187122;9,507461E-1;8,117876E-2;8,645429E-2;9,408897E-1;;
30/11/2021  10:22:50,187222;9,503319E-1;3,434750E-2;6,876210E-2;9,412957E-1;;
30/11/2021  10:22:50,187322;9,507968E-1;6,429402E-2;6,497092E-2;9,417032E-1;;
30/11/2021  10:22:50,187422;9,513482E-1;1,143111E-1;1,231024E-1;9,421112E-1;;
30/11/2021  10:22:50,187522;9,511038E-1;1,311958E-1;1,426902E-1;9,425187E-1;;
30/11/2021  10:22:50,187622;9,510412E-1;1,624167E-1;1,859729E-1;9,429249E-1;;
30/11/2021  10:22:50,187722;9,509279E-1;1,213198E-1;1,085695E-1;9,433288E-1;;
30/11/2021  10:22:50,187822;9,508236E-1;1,283286E-1;1,278414E-1;9,437295E-1;;
30/11/2021  10:22:50,187922;9,510263E-1;1,308772E-1;1,275255E-1;9,441262E-1;;
30/11/2021  10:22:50,188022;9,511395E-1;1,350188E-1;1,344760E-1;9,445180E-1;;
30/11/2021  10:22:50,188122;9,517445E-1;1,225942E-1;1,218387E-1;9,449042E-1;;
30/11/2021  10:22:50,188222;9,517118E-1;1,251428E-1;1,227865E-1;9,452841E-1;;
30/11/2021  10:22:50,188322;9,516432E-1;1,235499E-1;1,136244E-1;9,456572E-1;;
30/11/2021  10:22:50,188422;9,505018E-1;1,101695E-1;1,000394E-1;9,460229E-1;;
30/11/2021  10:22:50,188522;9,507253E-1;1,353374E-1;1,208909E-1;9,463807E-1;;
30/11/2021  10:22:50,188622;9,504898E-1;1,232313E-1;1,126766E-1;9,467298E-1;;
30/11/2021  10:22:50,188722;9,507342E-1;9,551486E-2;1,231024E-1;9,470697E-1;;
30/11/2021  10:22:50,188822;9,506746E-1;1,397975E-1;1,461654E-1;9,473998E-1;;
30/11/2021  10:22:50,188922;9,504839E-1;1,159040E-1;1,262617E-1;9,477195E-1;;
30/11/2021  10:22:50,189022;9,500607E-1;1,111253E-1;1,155200E-1;9,480285E-1;;
30/11/2021  10:22:50,189122;9,500845E-1;9,774492E-2;1,079377E-1;9,483263E-1;;
30/11/2021  10:22:50,189222;9,502335E-1;1,178155E-1;1,379512E-1;9,486124E-1;;
30/11/2021  10:22:50,189322;9,503706E-1;1,117624E-1;1,170997E-1;9,488865E-1;;
30/11/2021  10:22:50,189422;9,503080E-1;1,101695E-1;1,155200E-1;9,491484E-1;;
30/11/2021  10:22:50,189522;9,501948E-1;8,563888E-2;1,104651E-1;9,493978E-1;;
30/11/2021  10:22:50,189622;9,500905E-1;9,838208E-2;1,044624E-1;9,496346E-1;;
30/11/2021  10:22:50,189722;9,490116E-1;8,659462E-2;9,845971E-2;9,498586E-1;;
30/11/2021  10:22:50,189822;9,487225E-1;9,742634E-2;9,751191E-2;9,500697E-1;;
30/11/2021  10:22:50,189922;9,491457E-1;9,933782E-2;1,035146E-1;9,502675E-1;;
30/11/2021  10:22:50,190022;9,484424E-1;1,012493E-1;1,066739E-1;9,504520E-1;;
30/11/2021  10:22:50,190122;9,483112E-1;6,206396E-2;1,092014E-1;9,506228E-1;;
30/11/2021  10:22:50,190222;9,483679E-1;1,085766E-1;1,066739E-1;9,507800E-1;;
30/11/2021  10:22:50,190322;9,473963E-1;1,388417E-1;1,430061E-1;9,509232E-1;;
30/11/2021  10:22:50,190422;9,469045E-1;1,302401E-1;1,303688E-1;9,510525E-1;;
30/11/2021  10:22:50,190522;9,462936E-1;1,652839E-1;1,474292E-1;9,511677E-1;;
30/11/2021  10:22:50,190622;9,463770E-1;1,710183E-1;1,531159E-1;9,512684E-1;;
30/11/2021  10:22:50,190722;9,457541E-1;1,662396E-1;1,562753E-1;9,513545E-1;;
30/11/2021  10:22:50,190822;9,465141E-1;1,448948E-1;1,167838E-1;9,514260E-1;;
30/11/2021  10:22:50,190922;9,448601E-1;1,429833E-1;1,407946E-1;9,514827E-1;;
30/11/2021  10:22:50,191022;9,446485E-1;1,347002E-1;1,306848E-1;9,515246E-1;;
30/11/2021  10:22:50,191122;9,442402E-1;1,041165E-1;1,158360E-1;9,515516E-1;;
30/11/2021  10:22:50,191222;9,437842E-1;1,229127E-1;1,164678E-1;9,515636E-1;;
30/11/2021  10:22:50,191322;9,436918E-1;1,085766E-1;1,373193E-1;9,515606E-1;;
30/11/2021  10:22:50,191422;9,437871E-1;9,997498E-2;7,981972E-2;9,515424E-1;;
30/11/2021  10:22:50,191522;9,436769E-1;1,229127E-1;1,076217E-1;9,515093E-1;;
30/11/2021  10:22:50,191622;9,432209E-1;1,210013E-1;1,189953E-1;9,514614E-1;;
30/11/2021  10:22:50,191722;9,426248E-1;1,165411E-1;1,022509E-1;9,513989E-1;;
30/11/2021  10:22:50,191822;9,418112E-1;1,433019E-1;1,499566E-1;9,513220E-1;;
30/11/2021  10:22:50,191922;9,412390E-1;1,245056E-1;1,313166E-1;9,512308E-1;;
30/11/2021  10:22:50,192022;9,406250E-1;4,868360E-2;8,297904E-2;9,511255E-1;;
30/11/2021  10:22:50,192122;9,404164E-1;1,264171E-1;1,287892E-1;9,510061E-1;;
30/11/2021  10:22:50,192222;9,393823E-1;1,324701E-1;1,310007E-1;9,508727E-1;;
30/11/2021  10:22:50,192322;9,382766E-1;1,627352E-1;1,764949E-1;9,507253E-1;;
30/11/2021  10:22:50,192422;9,370397E-1;1,292843E-1;1,287892E-1;9,505639E-1;;
30/11/2021  10:22:50,192522;9,362500E-1;1,359745E-1;1,347919E-1;9,503883E-1;;
30/11/2021  10:22:50,192622;9,352844E-1;1,436204E-1;1,404787E-1;9,501984E-1;;
30/11/2021  10:22:50,192722;9,348433E-1;1,123996E-1;1,249980E-1;9,499937E-1;;
30/11/2021  10:22:50,192822;9,352426E-1;1,238685E-1;1,120448E-1;9,497741E-1;;
30/11/2021  10:22:50,192922;9,345810E-1;1,327887E-1;1,411105E-1;9,495395E-1;;
30/11/2021  10:22:50,193022;9,333948E-1;1,359745E-1;1,733356E-1;9,492900E-1;;
30/11/2021  10:22:50,193122;9,325276E-1;8,723178E-2;8,866581E-2;9,490256E-1;;
30/11/2021  10:22:50,193222;9,327839E-1;1,378860E-1;1,458495E-1;9,487462E-1;;
30/11/2021  10:22:50,193322;9,324620E-1;1,439390E-1;1,537478E-1;9,484519E-1;;
30/11/2021  10:22:50,193422;9,325812E-1;8,404598E-2;1,354238E-1;9,481430E-1;;
30/11/2021  10:22:50,193522;9,326557E-1;1,283286E-1;1,287892E-1;9,478197E-1;;
30/11/2021  10:22:50,193622;9,324978E-1;9,965640E-2;1,158360E-1;9,474827E-1;;
30/11/2021  10:22:50,193722;9,319256E-1;1,241871E-1;1,227865E-1;9,471324E-1;;
30/11/2021  10:22:50,193822;9,311000E-1;1,235499E-1;1,272095E-1;9,467695E-1;;
30/11/2021  10:22:50,193922;9,317795E-1;1,885402E-1;1,575390E-1;9,463947E-1;;
30/11/2021  10:22:50,194022;9,320925E-1;1,267357E-1;1,550115E-1;9,460086E-1;;
30/11/2021  10:22:50,194122;9,328733E-1;1,324701E-1;1,126766E-1;9,456121E-1;;
30/11/2021  10:22:50,194222;9,326617E-1;1,117624E-1;1,227865E-1;9,452062E-1;;
30/11/2021  10:22:50,194322;9,324590E-1;5,760384E-2;6,117973E-2;9,447921E-1;;
30/11/2021  10:22:50,194422;9,327422E-1;1,754784E-1;1,821817E-1;9,443710E-1;;
30/11/2021  10:22:50,194522;9,322236E-1;7,831154E-2;1,016190E-1;9,439439E-1;;
30/11/2021  10:22:50,194622;9,324024E-1;1,251428E-1;1,341600E-1;9,435121E-1;;
30/11/2021  10:22:50,194722;9,326766E-1;1,235499E-1;1,183634E-1;9,430767E-1;;
30/11/2021  10:22:50,194822;9,328137E-1;1,955490E-1;1,963986E-1;9,426387E-1;;
30/11/2021  10:22:50,194922;9,333978E-1;4,199342E-2;7,476481E-2;9,421995E-1;;
30/11/2021  10:22:50,195022;9,323249E-1;1,171783E-1;1,502726E-1;9,417602E-1;;
30/11/2021  10:22:50,195122;9,330670E-1;1,213198E-1;1,392149E-1;9,413219E-1;;
30/11/2021  10:22:50,195222;9,320656E-1;1,232313E-1;1,253139E-1;9,408858E-1;;
30/11/2021  10:22:50,195322;9,319434E-1;1,251428E-1;1,256299E-1;9,404528E-1;;
30/11/2021  10:22:50,195422;9,329985E-1;1,130368E-1;1,275255E-1;9,400238E-1;;
30/11/2021  10:22:50,195522;9,326229E-1;1,206827E-1;1,009872E-1;9,395996E-1;;
30/11/2021  10:22:50,195622;9,327660E-1;1,305587E-1;1,316326E-1;9,391812E-1;;
30/11/2021  10:22:50,195722;9,328614E-1;3,657756E-2;1,442179E-2;9,387695E-1;;
30/11/2021  10:22:50,195822;9,334962E-1;1,417090E-1;1,745993E-1;9,383653E-1;;
30/11/2021  10:22:50,195922;9,337227E-1;1,267357E-1;1,145722E-1;9,379695E-1;;
30/11/2021  10:22:50,196022;9,340922E-1;9,009900E-2;8,803395E-2;9,375829E-1;;
30/11/2021  10:22:50,196122;9,354691E-1;1,194084E-1;1,249980E-1;9,372065E-1;;
30/11/2021  10:22:50,196222;9,358953E-1;1,636910E-1;1,638576E-1;9,368412E-1;;
30/11/2021  10:22:50,196322;9,363930E-1;1,187712E-1;1,123607E-1;9,364881E-1;;
30/11/2021  10:22:50,196422;9,370457E-1;1,656025E-1;1,452176E-1;9,361482E-1;;
30/11/2021  10:22:50,196522;9,365659E-1;1,429833E-1;1,793383E-1;9,358227E-1;;
30/11/2021  10:22:50,196622;9,375702E-1;1,219570E-1;1,313166E-1;9,355123E-1;;
30/11/2021  10:22:50,196722;9,381782E-1;1,305587E-1;1,357397E-1;9,352181E-1;;
30/11/2021  10:22:50,196822;9,386223E-1;1,248242E-1;1,218387E-1;9,349407E-1;;
30/11/2021  10:22:50,196922;9,391677E-1;1,235499E-1;1,278414E-1;9,346811E-1;;
30/11/2021  10:22:50,197022;9,387355E-1;1,139925E-1;1,164678E-1;9,344401E-1;;
30/11/2021  10:22:50,197122;9,386938E-1;1,448948E-1;1,471132E-1;9,342181E-1;;
30/11/2021  10:22:50,197222;9,381693E-1;5,951532E-2;9,656411E-2;9,340157E-1;;
30/11/2021  10:22:50,197322;9,382736E-1;1,210013E-1;1,208909E-1;9,338331E-1;;
30/11/2021  10:22:50,197422;9,389024E-1;1,219570E-1;1,183634E-1;9,336702E-1;;
30/11/2021  10:22:50,197522;9,394836E-1;1,079395E-1;1,227865E-1;9,335271E-1;;
30/11/2021  10:22:50,197622;9,386253E-1;1,321516E-1;1,300529E-1;9,334038E-1;;
30/11/2021  10:22:50,197722;9,382229E-1;9,838208E-2;1,155200E-1;9,333002E-1;;
30/11/2021  10:22:50,197822;9,376447E-1;1,327887E-1;1,569071E-1;9,332158E-1;;
30/11/2021  10:22:50,197922;9,380978E-1;-2,204116E-2;7,128955E-2;9,331502E-1;;
30/11/2021  10:22:50,198022;9,378713E-1;1,002936E-1;1,170997E-1;9,331028E-1;;
30/11/2021  10:22:50,198122;9,386461E-1;9,392196E-2;1,092014E-1;9,330728E-1;;
30/11/2021  10:22:50,198222;9,385627E-1;9,328480E-2;1,069899E-1;9,330596E-1;;
30/11/2021  10:22:50,198322;9,389531E-1;4,645354E-2;1,733356E-1;9,330627E-1;;
30/11/2021  10:22:50,198422;9,385418E-1;9,487770E-2;9,024547E-2;9,330814E-1;;
30/11/2021  10:22:50,198522;9,387326E-1;9,455912E-2;9,087734E-2;9,331150E-1;;
30/11/2021  10:22:50,198622;9,386253E-1;6,078964E-2;6,718244E-2;9,331629E-1;;
30/11/2021  10:22:50,198722;9,389829E-1;1,283286E-1;1,392149E-1;9,332242E-1;;
30/11/2021  10:22:50,198822;9,393763E-1;7,799296E-2;8,866581E-2;9,332984E-1;;
30/11/2021  10:22:50,198922;9,396982E-1;1,401161E-1;1,262617E-1;9,333846E-1;;
30/11/2021  10:22:50,199022;9,398532E-1;1,461691E-1;9,214107E-2;9,334822E-1;;
30/11/2021  10:22:50,199122;9,392094E-1;1,700626E-1;1,524841E-1;9,335907E-1;;
30/11/2021  10:22:50,199222;9,388756E-1;1,190898E-1;1,363715E-1;9,337094E-1;;
30/11/2021  10:22:50,199322;9,397071E-1;1,627352E-1;1,752312E-1;9,338374E-1;;
30/11/2021  10:22:50,199422;9,400022E-1;1,343816E-1;1,370034E-1;9,339740E-1;;
30/11/2021  10:22:50,199522;9,401124E-1;1,143111E-1;1,167838E-1;9,341185E-1;;
30/11/2021  10:22:50,199622;9,405714E-1;1,378860E-1;1,616461E-1;9,342704E-1;;
30/11/2021  10:22:50,199722;9,408873E-1;1,503106E-1;1,824976E-1;9,344290E-1;;
30/11/2021  10:22:50,199822;9,402764E-1;1,076209E-1;1,069899E-1;9,345939E-1;;
30/11/2021  10:22:50,199922;9,396624E-1;1,232313E-1;1,221546E-1;9,347645E-1;;
30/11/2021  10:22:50,200022;9,402257E-1;1,181340E-1;1,183634E-1;9,349402E-1;;
30/11/2021  10:22:50,200122;9,408277E-1;1,283286E-1;1,310007E-1;9,351201E-1;;
30/11/2021  10:22:50,200222;9,411436E-1;1,241871E-1;1,306848E-1;9,353039E-1;;
30/11/2021  10:22:50,200322;9,411049E-1;1,123996E-1;1,107811E-1;9,354909E-1;;
30/11/2021  10:22:50,200422;9,403509E-1;1,210013E-1;1,208909E-1;9,356807E-1;;
30/11/2021  10:22:50,200522;9,400648E-1;1,222756E-1;1,120448E-1;9,358728E-1;;
30/11/2021  10:22:50,200622;9,396803E-1;5,155082E-2;6,465498E-2;9,360666E-1;;
30/11/2021  10:22:50,200722;9,397757E-1;8,022302E-2;9,372073E-2;9,362612E-1;;
30/11/2021  10:22:50,200822;9,400975E-1;1,219570E-1;1,370034E-1;9,364560E-1;;
30/11/2021  10:22:50,200922;9,405446E-1;1,455319E-1;1,714400E-1;9,366505E-1;;
30/11/2021  10:22:50,201022;9,401691E-1;7,289568E-2;8,455870E-2;9,368440E-1;;
30/11/2021  10:22:50,201122;9,400916E-1;1,238685E-1;1,259458E-1;9,370360E-1;;
30/11/2021  10:22:50,201222;9,389501E-1;1,248242E-1;1,202590E-1;9,372260E-1;;
30/11/2021  10:22:50,201322;9,389561E-1;1,413904E-1;1,461654E-1;9,374135E-1;;
30/11/2021  10:22:50,201422;9,401005E-1;1,280100E-1;1,287892E-1;9,375977E-1;;
30/11/2021  10:22:50,201522;9,412807E-1;1,302401E-1;1,272095E-1;9,377782E-1;;
30/11/2021  10:22:50,201622;9,411526E-1;1,394789E-1;1,581709E-1;9,379548E-1;;
30/11/2021  10:22:50,201722;9,417456E-1;1,442576E-1;1,259458E-1;9,381273E-1;;
30/11/2021  10:22:50,201822;9,408754E-1;1,133553E-1;1,092014E-1;9,382958E-1;;
30/11/2021  10:22:50,201922;9,410304E-1;1,289658E-1;1,177316E-1;9,384602E-1;;
30/11/2021  10:22:50,202022;9,418678E-1;1,178155E-1;1,107811E-1;9,386203E-1;;
30/11/2021  10:22:50,202122;9,427530E-1;1,203641E-1;1,199431E-1;9,387763E-1;;
30/11/2021  10:22:50,202222;9,429974E-1;1,448948E-1;1,660692E-1;9,389282E-1;;
30/11/2021  10:22:50,202322;9,433312E-1;9,551486E-2;8,297904E-2;9,390763E-1;;
30/11/2021  10:22:50,202422;9,435428E-1;1,324701E-1;1,417424E-1;9,392210E-1;;
30/11/2021  10:22:50,202522;9,430868E-1;1,260985E-1;1,366875E-1;9,393626E-1;;
30/11/2021  10:22:50,202622;9,435398E-1;1,280100E-1;1,360556E-1;9,395013E-1;;
30/11/2021  10:22:50,202722;9,436948E-1;1,311958E-1;1,300529E-1;9,396374E-1;;
30/11/2021  10:22:50,202822;9,443236E-1;1,267357E-1;1,281573E-1;9,397711E-1;;
30/11/2021  10:22:50,202922;9,446037E-1;1,037979E-1;1,013031E-1;9,399026E-1;;
30/11/2021  10:22:50,203022;9,450955E-1;1,276914E-1;1,287892E-1;9,400325E-1;;
30/11/2021  10:22:50,203122;9,439511E-1;1,305587E-1;1,297370E-1;9,401609E-1;;
30/11/2021  10:22:50,203222;9,429586E-1;1,391603E-1;1,284732E-1;9,402881E-1;;
30/11/2021  10:22:50,203322;9,432835E-1;1,206827E-1;1,155200E-1;9,404142E-1;;
30/11/2021  10:22:50,203422;9,433908E-1;9,806350E-2;8,898175E-2;9,405389E-1;;
30/11/2021  10:22:50,203522;9,431464E-1;1,184526E-1;1,240502E-1;9,406621E-1;;
30/11/2021  10:22:50,203622;9,426219E-1;8,054160E-2;6,117973E-2;9,407838E-1;;
30/11/2021  10:22:50,203722;9,427262E-1;2,893164E-2;5,580889E-2;9,409037E-1;;
30/11/2021  10:22:50,203822;9,411615E-1;1,318330E-1;1,196272E-1;9,410215E-1;;
30/11/2021  10:22:50,203922;9,404462E-1;1,404346E-1;1,493248E-1;9,411368E-1;;
30/11/2021  10:22:50,204022;9,401929E-1;1,267357E-1;1,291051E-1;9,412491E-1;;
30/11/2021  10:22:50,204122;9,406250E-1;1,280100E-1;1,249980E-1;9,413576E-1;;
30/11/2021  10:22:50,204222;9,403866E-1;1,216384E-1;1,227865E-1;9,414619E-1;;
30/11/2021  10:22:50,204322;9,395313E-1;1,264171E-1;1,294210E-1;9,415613E-1;;
30/11/2021  10:22:50,204422;9,390187E-1;1,292843E-1;1,275255E-1;9,416554E-1;;
30/11/2021  10:22:50,204522;9,384435E-1;1,206827E-1;1,287892E-1;9,417435E-1;;
30/11/2021  10:22:50,204622;9,379219E-1;1,315144E-1;1,249980E-1;9,418251E-1;;
30/11/2021  10:22:50,204722;9,383064E-1;1,353374E-1;1,231024E-1;9,418994E-1;;
30/11/2021  10:22:50,204822;9,384077E-1;1,308772E-1;1,287892E-1;9,419659E-1;;
30/11/2021  10:22:50,204922;9,387504E-1;1,200455E-1;1,066739E-1;9,420242E-1;;
30/11/2021  10:22:50,205022;9,384047E-1;1,184526E-1;9,782784E-2;9,420741E-1;;
30/11/2021  10:22:50,205122;9,379875E-1;1,433019E-1;1,398468E-1;9,421153E-1;;
30/11/2021  10:22:50,205222;9,376954E-1;1,238685E-1;1,284732E-1;9,421476E-1;;
30/11/2021  10:22:50,205322;9,370845E-1;1,652839E-1;1,745993E-1;9,421709E-1;;
30/11/2021  10:22:50,205422;9,371977E-1;1,509478E-1;1,458495E-1;9,421849E-1;;
30/11/2021  10:22:50,205522;9,377103E-1;1,729298E-1;1,480610E-1;9,421895E-1;;
30/11/2021  10:22:50,205622;9,377193E-1;1,238685E-1;1,167838E-1;9,421847E-1;;
30/11/2021  10:22:50,205722;9,373169E-1;1,397975E-1;1,606983E-1;9,421705E-1;;
30/11/2021  10:22:50,205822;9,369176E-1;1,155854E-1;1,199431E-1;9,421470E-1;;
30/11/2021  10:22:50,205922;9,361039E-1;1,146297E-1;1,208909E-1;9,421144E-1;;
30/11/2021  10:22:50,206022;9,354274E-1;1,120810E-1;1,152041E-1;9,420726E-1;;
30/11/2021  10:22:50,206122;9,352098E-1;2,001140E-2;4,348754E-2;9,420216E-1;;
30/11/2021  10:22:50,206222;9,362142E-1;1,041165E-1;9,561632E-2;9,419613E-1;;
30/11/2021  10:22:50,206322;9,357821E-1;1,127182E-1;1,272095E-1;9,418918E-1;;
30/11/2021  10:22:50,206422;9,352814E-1;1,053908E-1;7,918786E-2;9,418133E-1;;
30/11/2021  10:22:50,206522;9,345274E-1;1,509478E-1;1,935552E-1;9,417259E-1;;
30/11/2021  10:22:50,206622;9,347002E-1;8,223938E-3;5,896821E-2;9,416298E-1;;
30/11/2021  10:22:50,206722;9,344201E-1;1,095324E-1;1,313166E-1;9,415250E-1;;
30/11/2021  10:22:50,206822;9,355228E-1;8,468314E-2;9,372073E-2;9,414118E-1;;
30/11/2021  10:22:50,206922;9,359192E-1;1,331073E-1;1,363715E-1;9,412904E-1;;
30/11/2021  10:22:50,207022;9,361844E-1;6,747982E-2;8,203124E-2;9,411615E-1;;
30/11/2021  10:22:50,207122;9,366970E-1;1,321516E-1;1,806020E-1;9,410256E-1;;
30/11/2021  10:22:50,207222;9,358834E-1;1,356559E-1;1,676488E-1;9,408836E-1;;
30/11/2021  10:22:50,207322;9,361695E-1;1,423461E-1;1,401627E-1;9,407360E-1;;
30/11/2021  10:22:50,207422;9,371619E-1;1,496735E-1;1,300529E-1;9,405835E-1;;
30/11/2021  10:22:50,207522;9,378593E-1;1,601866E-1;1,423743E-1;9,404270E-1;;
30/11/2021  10:22:50,207622;9,385180E-1;1,694254E-1;1,414265E-1;9,402673E-1;;
30/11/2021  10:22:50,207722;9,389263E-1;1,691068E-1;1,559593E-1;9,401056E-1;;
30/11/2021  10:22:50,207822;9,392213E-1;1,455319E-1;1,524841E-1;9,399429E-1;;
30/11/2021  10:22:50,207922;9,386789E-1;1,280100E-1;1,237343E-1;9,397803E-1;;
30/11/2021  10:22:50,208022;9,387385E-1;1,015679E-1;1,249980E-1;9,396187E-1;;
30/11/2021  10:22:50,208122;9,397876E-1;1,143111E-1;1,129926E-1;9,394591E-1;;
30/11/2021  10:22:50,208222;9,404075E-1;2,765732E-2;1,123607E-1;9,393023E-1;;
30/11/2021  10:22:50,208322;9,415042E-1;1,133553E-1;1,310007E-1;9,391494E-1;;
30/11/2021  10:22:50,208422;9,408128E-1;7,926728E-2;9,182514E-2;9,390014E-1;;
30/11/2021  10:22:50,208522;9,408277E-1;9,105474E-2;8,013565E-2;9,388592E-1;;
30/11/2021  10:22:50,208622;9,408217E-1;1,197269E-1;1,268936E-1;9,387237E-1;;
30/11/2021  10:22:50,208722;9,406280E-1;1,439390E-1;1,540637E-1;9,385957E-1;;
30/11/2021  10:22:50,208822;9,410781E-1;1,162226E-1;1,370034E-1;9,384755E-1;;
30/11/2021  10:22:50,208922;9,416264E-1;1,273729E-1;1,259458E-1;9,383638E-1;;
30/11/2021  10:22:50,209022;9,419662E-1;1,248242E-1;1,246821E-1;9,382611E-1;;
30/11/2021  10:22:50,209122;9,419155E-1;1,334259E-1;1,215227E-1;9,381679E-1;;
30/11/2021  10:22:50,209222;9,412718E-1;5,473662E-2;8,708615E-2;9,380846E-1;;
30/11/2021  10:22:50,209322;9,409976E-1;1,260985E-1;9,972343E-2;9,380114E-1;;
30/11/2021  10:22:50,209422;9,411108E-1;1,174969E-1;1,104651E-1;9,379484E-1;;
30/11/2021  10:22:50,209522;9,422076E-1;1,331073E-1;1,268936E-1;9,378956E-1;;
30/11/2021  10:22:50,209622;9,423834E-1;1,235499E-1;1,534319E-1;9,378532E-1;;
30/11/2021  10:22:50,209722;9,431315E-1;1,069837E-1;1,117289E-1;9,378212E-1;;
30/11/2021  10:22:50,209822;9,431792E-1;1,260985E-1;1,313166E-1;9,377997E-1;;
30/11/2021  10:22:50,209922;9,424937E-1;1,299215E-1;1,335282E-1;9,377889E-1;;
30/11/2021  10:22:50,210022;9,426278E-1;1,923632E-1;1,749153E-1;9,377888E-1;;
30/11/2021  10:22:50,210122;9,431404E-1;1,152668E-1;1,183634E-1;9,377993E-1;;
30/11/2021  10:22:50,210222;9,438646E-1;1,382046E-1;1,401627E-1;9,378202E-1;;
30/11/2021  10:22:50,210322;9,444130E-1;1,245056E-1;1,231024E-1;9,378515E-1;;
30/11/2021  10:22:50,210422;9,444845E-1;1,104881E-1;1,246821E-1;9,378931E-1;;
30/11/2021  10:22:50,210522;9,442521E-1;1,203641E-1;1,167838E-1;9,379451E-1;;
30/11/2021  10:22:50,210622;9,439421E-1;1,098510E-1;1,098333E-1;9,380074E-1;;
30/11/2021  10:22:50,210722;9,434444E-1;1,703812E-1;1,941871E-1;9,380796E-1;;
30/11/2021  10:22:50,210822;9,439987E-1;1,289658E-1;1,265777E-1;9,381615E-1;;
30/11/2021  10:22:50,210922;9,452147E-1;1,168597E-1;1,013031E-1;9,382526E-1;;
30/11/2021  10:22:50,211022;9,454710E-1;1,111253E-1;1,088855E-1;9,383526E-1;;
30/11/2021  10:22:50,211122;9,454114E-1;8,786894E-2;7,223735E-2;9,384614E-1;;
30/11/2021  10:22:50,211222;9,457005E-1;1,292843E-1;1,300529E-1;9,385787E-1;;
30/11/2021  10:22:50,211322;9,447468E-1;1,268406E-2;7,855599E-2;9,387043E-1;;
30/11/2021  10:22:50,211422;9,451342E-1;1,652839E-1;1,742834E-1;9,388378E-1;;
30/11/2021  10:22:50,211522;9,458078E-1;1,347002E-1;1,227865E-1;9,389788E-1;;
30/11/2021  10:22:50,211622;9,465797E-1;1,222756E-1;1,272095E-1;9,391269E-1;;
30/11/2021  10:22:50,211722;9,471847E-1;1,143111E-1;1,009872E-1;9,392818E-1;;
30/11/2021  10:22:50,211822;9,473605E-1;9,838208E-2;1,919756E-1;9,394433E-1;;
30/11/2021  10:22:50,211922;9,467823E-1;1,327887E-1;1,243661E-1;9,396113E-1;;
30/11/2021  10:22:50,212022;9,468747E-1;1,280100E-1;1,319485E-1;9,397855E-1;;
30/11/2021  10:22:50,212122;9,470178E-1;1,162226E-1;1,221546E-1;9,399655E-1;;
30/11/2021  10:22:50,212222;9,484632E-1;1,251428E-1;1,224705E-1;9,401511E-1;;
30/11/2021  10:22:50,212322;9,492053E-1;1,327887E-1;1,272095E-1;9,403420E-1;;
30/11/2021  10:22:50,212422;9,491219E-1;1,280100E-1;1,278414E-1;9,405381E-1;;
30/11/2021  10:22:50,212522;9,495123E-1;1,031608E-1;9,814378E-2;9,407394E-1;;
30/11/2021  10:22:50,212622;9,493573E-1;1,215178E-3;5,802041E-2;9,409457E-1;;
30/11/2021  10:22:50,212722;9,490235E-1;-1,025370E-2;6,970989E-2;9,411570E-1;;
30/11/2021  10:22:50,212822;9,492024E-1;8,086018E-2;7,223735E-2;9,413730E-1;;
30/11/2021  10:22:50,212922;9,502782E-1;1,369303E-1;1,512204E-1;9,415934E-1;;
30/11/2021  10:22:50,213022;9,508534E-1;1,624167E-1;1,755471E-1;9,418180E-1;;
30/11/2021  10:22:50,213122;9,509309E-1;9,201048E-2;1,145722E-1;9,420467E-1;;
30/11/2021  10:22:50,213222;9,506687E-1;1,315144E-1;1,246821E-1;9,422793E-1;;
30/11/2021  10:22:50,213322;9,506955E-1;1,353374E-1;1,300529E-1;9,425157E-1;;
30/11/2021  10:22:50,213422;9,504511E-1;1,232313E-1;1,354238E-1;9,427556E-1;;
30/11/2021  10:22:50,213522;9,509667E-1;9,551486E-2;1,373193E-1;9,429987E-1;;
30/11/2021  10:22:50,213622;9,518846E-1;1,190898E-1;1,050943E-1;9,432446E-1;;
30/11/2021  10:22:50,213722;9,519472E-1;1,388417E-1;1,537478E-1;9,434932E-1;;
30/11/2021  10:22:50,213822;9,507581E-1;1,350188E-1;1,212068E-1;9,437441E-1;;
30/11/2021  10:22:50,213922;9,507998E-1;1,241871E-1;1,180475E-1;9,439971E-1;;
30/11/2021  10:22:50,214022;9,500935E-1;1,366117E-1;1,240502E-1;9,442517E-1;;
30/11/2021  10:22:50,214122;9,504243E-1;1,190898E-1;1,092014E-1;9,445072E-1;;
30/11/2021  10:22:50,214222;9,503498E-1;1,311958E-1;1,186794E-1;9,447631E-1;;
30/11/2021  10:22:50,214322;9,508236E-1;1,388417E-1;1,730197E-1;9,450187E-1;;
30/11/2021  10:22:50,214422;9,510472E-1;7,544432E-2;1,167838E-1;9,452736E-1;;
30/11/2021  10:22:50,214522;9,504541E-1;1,127182E-1;1,357397E-1;9,455272E-1;;
30/11/2021  10:22:50,214622;9,500130E-1;1,133553E-1;1,275255E-1;9,457790E-1;;
30/11/2021  10:22:50,214722;9,496524E-1;8,054160E-2;1,041465E-1;9,460285E-1;;
30/11/2021  10:22:50,214822;9,497925E-1;9,965640E-2;1,139404E-1;9,462750E-1;;
30/11/2021  10:22:50,214922;9,499653E-1;1,025236E-1;1,164678E-1;9,465179E-1;;
30/11/2021  10:22:50,215022;9,503527E-1;5,664810E-2;6,718244E-2;9,467566E-1;;
30/11/2021  10:22:50,215122;9,496852E-1;8,723178E-2;1,057261E-1;9,469906E-1;;
30/11/2021  10:22:50,215222;9,495034E-1;1,022050E-1;1,082536E-1;9,472196E-1;;
30/11/2021  10:22:50,215322;9,485795E-1;1,028422E-1;1,054102E-1;9,474429E-1;;
30/11/2021  10:22:50,215422;9,477718E-1;-2,172258E-2;1,726518E-2;9,476599E-1;;
30/11/2021  10:22:50,215522;9,480341E-1;1,143111E-1;1,268936E-1;9,478700E-1;;
30/11/2021  10:22:50,215622;9,480639E-1;1,069837E-1;1,145722E-1;9,480724E-1;;
30/11/2021  10:22:50,215722;9,483619E-1;6,238254E-2;9,498445E-2;9,482667E-1;;
30/11/2021  10:22:50,215822;9,475334E-1;1,041165E-1;1,152041E-1;9,484523E-1;;
30/11/2021  10:22:50,215922;9,466780E-1;1,260985E-1;1,174156E-1;9,486286E-1;;
30/11/2021  10:22:50,216022;9,459926E-1;1,490363E-1;1,809180E-1;9,487953E-1;;
30/11/2021  10:22:50,216122;9,458108E-1;1,764342E-1;1,651214E-1;9,489516E-1;;
30/11/2021  10:22:50,216222;9,455187E-1;1,544522E-1;1,486929E-1;9,490969E-1;;
30/11/2021  10:22:50,216322;9,454651E-1;1,302401E-1;1,417424E-1;9,492307E-1;;
30/11/2021  10:22:50,216422;9,451253E-1;1,248242E-1;1,360556E-1;9,493525E-1;;
30/11/2021  10:22:50,216522;9,441567E-1;1,210013E-1;1,202590E-1;9,494618E-1;;
30/11/2021  10:22:50,216622;9,442342E-1;1,127182E-1;1,180475E-1;9,495582E-1;;
30/11/2021  10:22:50,216722;9,432269E-1;1,267357E-1;1,268936E-1;9,496413E-1;;
30/11/2021  10:22:50,216822;9,420049E-1;1,350188E-1;1,328963E-1;9,497105E-1;;
30/11/2021  10:22:50,216922;9,420437E-1;1,178155E-1;1,221546E-1;9,497655E-1;;
30/11/2021  10:22:50,217022;9,422940E-1;8,595746E-2;7,666040E-2;9,498058E-1;;
30/11/2021  10:22:50,217122;9,419811E-1;1,668768E-1;1,651214E-1;9,498309E-1;;
30/11/2021  10:22:50,217222;9,412599E-1;1,362931E-1;1,692285E-1;9,498408E-1;;
30/11/2021  10:22:50,217322;9,405565E-1;1,225942E-1;1,297370E-1;9,498351E-1;;
30/11/2021  10:22:50,217422;9,400290E-1;1,334259E-1;1,531159E-1;9,498137E-1;;
30/11/2021  10:22:50,217522;9,400886E-1;1,235499E-1;1,227865E-1;9,497763E-1;;
30/11/2021  10:22:50,217622;9,398293E-1;6,939130E-2;1,221546E-1;9,497230E-1;;
30/11/2021  10:22:50,217722;9,392183E-1;1,216384E-1;1,240502E-1;9,496537E-1;;
30/11/2021  10:22:50,217822;9,397369E-1;1,531778E-1;1,815498E-1;9,495684E-1;;
30/11/2021  10:22:50,217922;9,398412E-1;1,130368E-1;1,221546E-1;9,494673E-1;;
30/11/2021  10:22:50,218022;9,386431E-1;1,245056E-1;1,249980E-1;9,493507E-1;;
30/11/2021  10:22:50,218122;9,380083E-1;1,098510E-1;1,006712E-1;9,492189E-1;;
30/11/2021  10:22:50,218222;9,379517E-1;1,283286E-1;1,370034E-1;9,490722E-1;;
30/11/2021  10:22:50,218322;9,376865E-1;1,190898E-1;9,940750E-2;9,489108E-1;;
30/11/2021  10:22:50,218422;9,384465E-1;1,458505E-1;1,420583E-1;9,487350E-1;;
30/11/2021  10:22:50,218522;9,373735E-1;1,248242E-1;1,117289E-1;9,485455E-1;;
30/11/2021  10:22:50,218622;9,368192E-1;1,337445E-1;1,332122E-1;9,483425E-1;;
30/11/2021  10:22:50,218722;9,364198E-1;1,292843E-1;1,351078E-1;9,481266E-1;;
30/11/2021  10:22:50,218822;9,359847E-1;1,397975E-1;1,550115E-1;9,478983E-1;;
30/11/2021  10:22:50,218922;9,360413E-1;8,117876E-2;8,961361E-2;9,476579E-1;;
30/11/2021  10:22:50,219022;9,358178E-1;1,331073E-1;1,335282E-1;9,474059E-1;;
30/11/2021  10:22:50,219122;9,357374E-1;1,366117E-1;1,240502E-1;9,471429E-1;;
30/11/2021  10:22:50,219222;9,351294E-1;1,340630E-1;1,771268E-1;9,468694E-1;;
30/11/2021  10:22:50,219322;9,344469E-1;1,554079E-1;1,752312E-1;9,465859E-1;;
30/11/2021  10:22:50,219422;9,335349E-1;1,378860E-1;1,366875E-1;9,462930E-1;;
30/11/2021  10:22:50,219522;9,336959E-1;1,229127E-1;1,253139E-1;9,459910E-1;;
30/11/2021  10:22:50,219622;9,337018E-1;1,292843E-1;1,332122E-1;9,456804E-1;;
30/11/2021  10:22:50,219722;9,337197E-1;9,201048E-2;1,047783E-1;9,453617E-1;;
30/11/2021  10:22:50,219822;9,339313E-1;1,299215E-1;1,322644E-1;9,450354E-1;;
30/11/2021  10:22:50,219922;9,333382E-1;1,404346E-1;1,461654E-1;9,447022E-1;;
30/11/2021  10:22:50,220022;9,330879E-1;1,812129E-1;1,828136E-1;9,443627E-1;;
30/11/2021  10:22:50,220122;9,323130E-1;1,273729E-1;1,477451E-1;9,440176E-1;;
30/11/2021  10:22:50,220222;9,326259E-1;6,461260E-2;9,308886E-2;9,436674E-1;;
30/11/2021  10:22:50,220322;9,336094E-1;1,219570E-1;1,177316E-1;9,433128E-1;;
30/11/2021  10:22:50,220422;9,337406E-1;1,254614E-1;1,360556E-1;9,429544E-1;;
30/11/2021  10:22:50,220522;9,333054E-1;8,786894E-2;8,866581E-2;9,425930E-1;;
30/11/2021  10:22:50,220622;9,334157E-1;1,321516E-1;1,430061E-1;9,422297E-1;;
30/11/2021  10:22:50,220722;9,334634E-1;1,257800E-1;1,322644E-1;9,418652E-1;;
30/11/2021  10:22:50,220822;9,331415E-1;1,359745E-1;1,439539E-1;9,415003E-1;;
30/11/2021  10:22:50,220922;9,341667E-1;1,225942E-1;1,265777E-1;9,411359E-1;;
30/11/2021  10:22:50,221022;9,338866E-1;1,350188E-1;1,310007E-1;9,407728E-1;;
30/11/2021  10:22:50,221122;9,338687E-1;1,280100E-1;1,351078E-1;9,404119E-1;;
30/11/2021  10:22:50,221222;9,343932E-1;1,229127E-1;1,155200E-1;9,400541E-1;;
30/11/2021  10:22:50,221322;9,341757E-1;1,356559E-1;1,407946E-1;9,397002E-1;;
30/11/2021  10:22:50,221422;9,335081E-1;9,455912E-2;1,022509E-1;9,393512E-1;;
30/11/2021  10:22:50,221522;9,329955E-1;1,152668E-1;1,186794E-1;9,390076E-1;;
30/11/2021  10:22:50,221622;9,336750E-1;1,350188E-1;1,310007E-1;9,386700E-1;;
30/11/2021  10:22:50,221722;9,337644E-1;1,133553E-1;1,328963E-1;9,383389E-1;;
30/11/2021  10:22:50,221822;9,334693E-1;9,105474E-2;8,677022E-2;9,380150E-1;;
30/11/2021  10:22:50,221922;9,332518E-1;1,245056E-1;1,366875E-1;9,376987E-1;;
30/11/2021  10:22:50,222022;9,323666E-1;2,047878E-1;1,982942E-1;9,373903E-1;;
30/11/2021  10:22:50,222122;9,321014E-1;6,875414E-2;1,262617E-1;9,370901E-1;;
30/11/2021  10:22:50,222222;9,322236E-1;9,997498E-2;1,123607E-1;9,367983E-1;;
30/11/2021  10:22:50,222322;9,321491E-1;1,257800E-1;1,256299E-1;9,365148E-1;;
30/11/2021  10:22:50,222422;9,315411E-1;1,385232E-1;1,291051E-1;9,362398E-1;;
30/11/2021  10:22:50,222522;9,322385E-1;1,385232E-1;1,496407E-1;9,359733E-1;;
30/11/2021  10:22:50,222622;9,313712E-1;1,165411E-1;9,245700E-2;9,357152E-1;;
30/11/2021  10:22:50,222722;9,310493E-1;1,079395E-1;8,708615E-2;9,354655E-1;;
30/11/2021  10:22:50,222822;9,310613E-1;1,270543E-1;1,006712E-1;9,352241E-1;;
30/11/2021  10:22:50,222922;9,314576E-1;-2,204116E-2;7,413294E-2;9,349908E-1;;
30/11/2021  10:22:50,223022;9,314576E-1;6,142680E-2;6,149566E-2;9,347654E-1;;
30/11/2021  10:22:50,223122;9,317169E-1;9,838208E-2;1,044624E-1;9,345479E-1;;
30/11/2021  10:22:50,223222;9,322772E-1;-6,749322E-3;2,832280E-2;9,343383E-1;;
30/11/2021  10:22:50,223322;9,318600E-1;1,143111E-1;1,227865E-1;9,341367E-1;;
30/11/2021  10:22:50,223422;9,317497E-1;5,027650E-2;9,909157E-2;9,339430E-1;;
30/11/2021  10:22:50,223522;9,318093E-1;1,187712E-1;1,325804E-1;9,337572E-1;;
30/11/2021  10:22:50,223622;9,317289E-1;8,340882E-2;8,203124E-2;9,335793E-1;;
30/11/2021  10:22:50,223722;9,329091E-1;1,088952E-1;1,164678E-1;9,334093E-1;;
30/11/2021  10:22:50,223822;9,330819E-1;3,498466E-2;6,339125E-2;9,332473E-1;;
30/11/2021  10:22:50,223922;9,330193E-1;9,870066E-2;1,120448E-1;9,330933E-1;;
30/11/2021  10:22:50,224022;9,327809E-1;1,060280E-1;1,142563E-1;9,329476E-1;;
30/11/2021  10:22:50,224122;9,323279E-1;1,216384E-1;1,281573E-1;9,328102E-1;;
30/11/2021  10:22:50,224222;9,327749E-1;1,292843E-1;1,328963E-1;9,326811E-1;;
30/11/2021  10:22:50,224322;9,334187E-1;1,522221E-1;1,401627E-1;9,325602E-1;;
30/11/2021  10:22:50,224422;9,339045E-1;1,585937E-1;1,354238E-1;9,324476E-1;;
30/11/2021  10:22:50,224522;9,338836E-1;1,576380E-1;1,385831E-1;9,323434E-1;;
30/11/2021  10:22:50,224622;9,341667E-1;1,544522E-1;1,325804E-1;9,322478E-1;;
30/11/2021  10:22:50,224722;9,340237E-1;8,755036E-2;8,961361E-2;9,321607E-1;;
30/11/2021  10:22:50,224822;9,336869E-1;8,691320E-2;1,224705E-1;9,320824E-1;;
30/11/2021  10:22:50,224922;9,339760E-1;1,276914E-1;1,483770E-1;9,320127E-1;;
30/11/2021  10:22:50,225022;9,344171E-1;1,331073E-1;1,234183E-1;9,319515E-1;;
30/11/2021  10:22:50,225122;9,347956E-1;1,493549E-1;1,414265E-1;9,318990E-1;;
30/11/2021  10:22:50,225222;9,349118E-1;3,434750E-2;8,740209E-2;9,318549E-1;;
30/11/2021  10:22:50,225322;9,346555E-1;1,219570E-1;1,199431E-1;9,318194E-1;;
30/11/2021  10:22:50,225422;9,348850E-1;1,315144E-1;1,291051E-1;9,317924E-1;;
30/11/2021  10:22:50,225522;9,353827E-1;1,474434E-1;1,338441E-1;9,317737E-1;;
30/11/2021  10:22:50,225622;9,354006E-1;-6,027076E-2;3,274585E-2;9,317634E-1;;
30/11/2021  10:22:50,225722;9,360562E-1;1,334259E-1;1,196272E-1;9,317613E-1;;
30/11/2021  10:22:50,225822;9,365331E-1;1,378860E-1;1,606983E-1;9,317675E-1;;
30/11/2021  10:22:50,225922;9,369086E-1;1,369303E-1;1,231024E-1;9,317819E-1;;
30/11/2021  10:22:50,226022;9,370785E-1;1,219570E-1;1,085695E-1;9,318046E-1;;
30/11/2021  10:22:50,226122;9,371232E-1;1,222756E-1;1,041465E-1;9,318358E-1;;
30/11/2021  10:22:50,226222;9,380352E-1;1,200455E-1;1,044624E-1;9,318753E-1;;
30/11/2021  10:22:50,226322;9,388249E-1;1,280100E-1;1,129926E-1;9,319233E-1;;
30/11/2021  10:22:50,226422;9,391111E-1;1,592309E-1;1,859729E-1;9,319800E-1;;
30/11/2021  10:22:50,226522;9,395998E-1;1,050723E-1;1,461654E-1;9,320454E-1;;
30/11/2021  10:22:50,226622;9,401333E-1;1,235499E-1;1,322644E-1;9,321199E-1;;
30/11/2021  10:22:50,226722;9,403985E-1;1,417090E-1;1,467973E-1;9,322036E-1;;
30/11/2021  10:22:50,226822;9,406608E-1;1,171783E-1;1,256299E-1;9,322966E-1;;
30/11/2021  10:22:50,226922;9,411436E-1;1,280100E-1;1,297370E-1;9,323992E-1;;
30/11/2021  10:22:50,227022;9,413105E-1;1,331073E-1;1,303688E-1;9,325113E-1;;
30/11/2021  10:22:50,227122;9,423000E-1;8,181592E-2;6,939396E-2;9,326332E-1;;
30/11/2021  10:22:50,227222;9,417039E-1;1,362931E-1;1,338441E-1;9,327649E-1;;
30/11/2021  10:22:50,227322;9,422940E-1;1,331073E-1;1,341600E-1;9,329064E-1;;
30/11/2021  10:22:50,227422;9,420139E-1;1,334259E-1;1,215227E-1;9,330576E-1;;
30/11/2021  10:22:50,227522;9,415907E-1;1,337445E-1;1,104651E-1;9,332185E-1;;
30/11/2021  10:22:50,227622;9,421063E-1;1,340630E-1;1,603824E-1;9,333886E-1;;
30/11/2021  10:22:50,227722;9,420467E-1;1,171783E-1;1,272095E-1;9,335677E-1;;
30/11/2021  10:22:50,227822;9,420943E-1;1,085766E-1;1,370034E-1;9,337553E-1;;
30/11/2021  10:22:50,227922;9,424371E-1;3,625898E-2;7,729226E-2;9,339511E-1;;
30/11/2021  10:22:50,228022;9,420616E-1;8,213450E-2;8,677022E-2;9,341545E-1;;
30/11/2021  10:22:50,228122;9,416294E-1;1,095324E-1;1,202590E-1;9,343651E-1;;
30/11/2021  10:22:50,228222;9,414208E-1;1,366117E-1;1,291051E-1;9,345821E-1;;
30/11/2021  10:22:50,228322;9,416384E-1;1,155854E-1;1,227865E-1;9,348050E-1;;
30/11/2021  10:22:50,228422;9,421212E-1;1,321516E-1;1,297370E-1;9,350329E-1;;
30/11/2021  10:22:50,228522;9,420318E-1;1,324701E-1;1,335282E-1;9,352652E-1;;
30/11/2021  10:22:50,228622;9,422225E-1;1,321516E-1;1,287892E-1;9,355012E-1;;
30/11/2021  10:22:50,228722;9,420019E-1;1,120810E-1;1,148882E-1;9,357404E-1;;
30/11/2021  10:22:50,228822;9,418231E-1;1,331073E-1;1,325804E-1;9,359821E-1;;
30/11/2021  10:22:50,228922;9,420616E-1;1,318330E-1;1,294210E-1;9,362256E-1;;
30/11/2021  10:22:50,229022;9,423238E-1;1,292843E-1;1,256299E-1;9,364703E-1;;
30/11/2021  10:22:50,229122;9,428305E-1;1,235499E-1;1,344760E-1;9,367155E-1;;
30/11/2021  10:22:50,229222;9,428394E-1;-3,351004E-2;4,759465E-2;9,369609E-1;;
30/11/2021  10:22:50,229322;9,429527E-1;1,429833E-1;1,486929E-1;9,372059E-1;;
30/11/2021  10:22:50,229422;9,431076E-1;1,318330E-1;1,363715E-1;9,374501E-1;;
30/11/2021  10:22:50,229522;9,428811E-1;1,308772E-1;1,322644E-1;9,376932E-1;;
30/11/2021  10:22:50,229622;9,423149E-1;1,397975E-1;1,417424E-1;9,379347E-1;;
30/11/2021  10:22:50,229722;9,431792E-1;2,287862E-2;1,306848E-1;9,381741E-1;;
30/11/2021  10:22:50,229822;9,426844E-1;1,213198E-1;1,136244E-1;9,384110E-1;;
30/11/2021  10:22:50,229922;9,430272E-1;1,522221E-1;1,828136E-1;9,386451E-1;;
30/11/2021  10:22:50,230022;9,423477E-1;1,286472E-1;1,234183E-1;9,388758E-1;;
30/11/2021  10:22:50,230122;9,416741E-1;1,356559E-1;1,281573E-1;9,391029E-1;;
30/11/2021  10:22:50,230222;9,415132E-1;1,302401E-1;1,240502E-1;9,393257E-1;;
30/11/2021  10:22:50,230322;9,414178E-1;1,292843E-1;1,357397E-1;9,395437E-1;;
30/11/2021  10:22:50,230422;9,419125E-1;3,126658E-3;5,170177E-2;9,397563E-1;;
30/11/2021  10:22:50,230522;9,411734E-1;1,499920E-1;1,433221E-1;9,399630E-1;;
30/11/2021  10:22:50,230622;9,411377E-1;7,257710E-2;2,295196E-2;9,401635E-1;;
30/11/2021  10:22:50,230722;9,408128E-1;1,254614E-1;1,177316E-1;9,403571E-1;;
30/11/2021  10:22:50,230822;9,404850E-1;1,248242E-1;1,281573E-1;9,405434E-1;;
30/11/2021  10:22:50,230922;9,403181E-1;1,302401E-1;1,253139E-1;9,407220E-1;;
30/11/2021  10:22:50,231022;9,402108E-1;1,194084E-1;1,202590E-1;9,408923E-1;;
30/11/2021  10:22:50,231122;9,405386E-1;1,264171E-1;1,297370E-1;9,410541E-1;;
30/11/2021  10:22:50,231222;9,405714E-1;7,958586E-2;9,940750E-2;9,412069E-1;;
30/11/2021  10:22:50,231322;9,407562E-1;1,665582E-1;2,036651E-1;9,413505E-1;;
30/11/2021  10:22:50,231422;9,407145E-1;1,117624E-1;1,370034E-1;9,414849E-1;;
30/11/2021  10:22:50,231522;9,398263E-1;1,053908E-1;1,133085E-1;9,416099E-1;;
30/11/2021  10:22:50,231622;9,398740E-1;1,037979E-1;1,142563E-1;9,417255E-1;;
30/11/2021  10:22:50,231722;9,409350E-1;1,076209E-1;1,095173E-1;9,418314E-1;;
30/11/2021  10:22:50,231822;9,408217E-1;6,970988E-2;7,476481E-2;9,419278E-1;;
30/11/2021  10:22:50,231922;9,404611E-1;1,041165E-1;1,082536E-1;9,420147E-1;;
30/11/2021  10:22:50,232022;9,410810E-1;1,152668E-1;1,328963E-1;9,420924E-1;;
30/11/2021  10:22:50,232122;9,405386E-1;8,978042E-2;1,016190E-1;9,421610E-1;;
30/11/2021  10:22:50,232222;9,393197E-1;9,710776E-2;1,142563E-1;9,422208E-1;;
30/11/2021  10:22:50,232322;9,390336E-1;1,015679E-1;1,215227E-1;9,422719E-1;;
30/11/2021  10:22:50,232422;9,388667E-1;-4,848330E-2;5,896821E-2;9,423141E-1;;
30/11/2021  10:22:50,232522;9,393316E-1;1,280100E-1;1,534319E-1;9,423476E-1;;
30/11/2021  10:22:50,232622;9,391766E-1;6,970988E-2;1,028828E-1;9,423722E-1;;
30/11/2021  10:22:50,232722;9,387534E-1;1,327887E-1;1,357397E-1;9,423882E-1;;
30/11/2021  10:22:50,232822;9,378027E-1;1,382046E-1;1,310007E-1;9,423956E-1;;
30/11/2021  10:22:50,232922;9,379368E-1;1,726112E-1;1,695444E-1;9,423944E-1;;
30/11/2021  10:22:50,233022;9,378564E-1;1,710183E-1;1,606983E-1;9,423846E-1;;
30/11/2021  10:22:50,233122;9,382050E-1;1,630538E-1;1,445858E-1;9,423663E-1;;
30/11/2021  10:22:50,233222;9,380232E-1;1,544522E-1;1,528000E-1;9,423396E-1;;
30/11/2021  10:22:50,233322;9,382289E-1;1,353374E-1;1,082536E-1;9,423047E-1;;
30/11/2021  10:22:50,233422;9,381007E-1;1,509478E-1;1,815498E-1;9,422618E-1;;
30/11/2021  10:22:50,233522;9,386491E-1;1,633724E-1;1,926074E-1;9,422113E-1;;
30/11/2021  10:22:50,233622;9,376179E-1;9,328480E-2;9,530039E-2;9,421534E-1;;
30/11/2021  10:22:50,233722;9,377699E-1;1,216384E-1;1,186794E-1;9,420886E-1;;
30/11/2021  10:22:50,233822;9,384852E-1;1,410718E-1;1,809180E-1;9,420172E-1;;
30/11/2021  10:22:50,233922;9,383272E-1;3,116170E-2;7,792413E-2;9,419395E-1;;
30/11/2021  10:22:50,234022;9,385299E-1;1,060280E-1;1,351078E-1;9,418560E-1;;
30/11/2021  10:22:50,234122;9,377550E-1;1,216384E-1;1,341600E-1;9,417672E-1;;
30/11/2021  10:22:50,234222;9,372871E-1;1,101695E-1;1,496407E-1;9,416735E-1;;
30/11/2021  10:22:50,234322;9,374868E-1;1,311958E-1;1,303688E-1;9,415753E-1;;
30/11/2021  10:22:50,234422;9,374093E-1;1,159040E-1;1,202590E-1;9,414727E-1;;
30/11/2021  10:22:50,234522;9,377640E-1;1,241871E-1;1,246821E-1;9,413662E-1;;
30/11/2021  10:22:50,234622;9,376895E-1;1,413904E-1;1,471132E-1;9,412561E-1;;
30/11/2021  10:22:50,234722;9,379070E-1;1,159040E-1;1,253139E-1;9,411429E-1;;
30/11/2021  10:22:50,234822;9,375702E-1;1,483991E-1;1,553275E-1;9,410268E-1;;
30/11/2021  10:22:50,234922;9,376000E-1;9,519628E-2;9,087734E-2;9,409083E-1;;
30/11/2021  10:22:50,235022;9,377491E-1;1,461691E-1;1,518522E-1;9,407879E-1;;
30/11/2021  10:22:50,235122;9,382706E-1;-1,020047E-1;1,152651E-3;9,406659E-1;;
30/11/2021  10:22:50,235222;9,385895E-1;9,264764E-2;9,150920E-2;9,405427E-1;;
30/11/2021  10:22:50,235322;9,385388E-1;1,225942E-1;1,164678E-1;9,404190E-1;;
30/11/2021  10:22:50,235422;9,390425E-1;1,289658E-1;1,370034E-1;9,402952E-1;;
30/11/2021  10:22:50,235522;9,382170E-1;1,512664E-1;1,606983E-1;9,401719E-1;;
30/11/2021  10:22:50,235622;9,381931E-1;1,162226E-1;1,291051E-1;9,400495E-1;;
30/11/2021  10:22:50,235722;9,379964E-1;1,111253E-1;1,183634E-1;9,399285E-1;;
30/11/2021  10:22:50,235822;9,387594E-1;1,315144E-1;1,351078E-1;9,398091E-1;;
30/11/2021  10:22:50,235922;9,390246E-1;4,836502E-2;8,582243E-2;9,396917E-1;;
30/11/2021  10:22:50,236022;9,389144E-1;1,296029E-1;1,246821E-1;9,395767E-1;;
30/11/2021  10:22:50,236122;9,390515E-1;1,149482E-1;8,992954E-2;9,394645E-1;;
30/11/2021  10:22:50,236222;9,385210E-1;1,245056E-1;1,186794E-1;9,393556E-1;;
30/11/2021  10:22:50,236322;9,384137E-1;1,264171E-1;1,287892E-1;9,392501E-1;;
30/11/2021  10:22:50,236422;9,391647E-1;1,299215E-1;1,335282E-1;9,391482E-1;;
30/11/2021  10:22:50,236522;9,396803E-1;1,133553E-1;1,136244E-1;9,390503E-1;;
30/11/2021  10:22:50,236622;9,396684E-1;1,248242E-1;1,180475E-1;9,389566E-1;;
30/11/2021  10:22:50,236722;9,397041E-1;1,555128E-2;6,876210E-2;9,388675E-1;;
30/11/2021  10:22:50,236822;9,393763E-1;1,302401E-1;1,278414E-1;9,387833E-1;;
30/11/2021  10:22:50,236922;9,394299E-1;1,069837E-1;1,486929E-1;9,387042E-1;;
30/11/2021  10:22:50,237022;9,399187E-1;1,337445E-1;1,588027E-1;9,386303E-1;;
30/11/2021  10:22:50,237122;9,398949E-1;6,206396E-2;7,981972E-2;9,385618E-1;;
30/11/2021  10:22:50,237222;9,400648E-1;1,238685E-1;1,291051E-1;9,384989E-1;;
30/11/2021  10:22:50,237322;9,406817E-1;1,267357E-1;1,452176E-1;9,384417E-1;;
30/11/2021  10:22:50,237422;9,404790E-1;1,155854E-1;1,158360E-1;9,383905E-1;;
30/11/2021  10:22:50,237522;9,401214E-1;1,210013E-1;1,202590E-1;9,383453E-1;;
30/11/2021  10:22:50,237622;9,398114E-1;1,276914E-1;1,464814E-1;9,383063E-1;;
30/11/2021  10:22:50,237722;9,407592E-1;1,337445E-1;1,774427E-1;9,382734E-1;;
30/11/2021  10:22:50,237822;9,408873E-1;1,187712E-1;1,098333E-1;9,382466E-1;;
30/11/2021  10:22:50,237922;9,414864E-1;1,585937E-1;1,755471E-1;9,382260E-1;;
30/11/2021  10:22:50,238022;9,412748E-1;1,315144E-1;1,158360E-1;9,382117E-1;;
30/11/2021  10:22:50,238122;9,416562E-1;8,213450E-2;9,024547E-2;9,382038E-1;;
30/11/2021  10:22:50,238222;9,410602E-1;1,088952E-1;9,688005E-2;9,382023E-1;;
30/11/2021  10:22:50,238322;9,412897E-1;1,300264E-2;7,760819E-2;9,382072E-1;;
30/11/2021  10:22:50,238422;9,420824E-1;1,162226E-1;1,028828E-1;9,382185E-1;;
30/11/2021  10:22:50,238522;9,426695E-1;1,483991E-1;1,588027E-1;9,382361E-1;;
30/11/2021  10:22:50,238622;9,424788E-1;1,276914E-1;1,392149E-1;9,382602E-1;;
30/11/2021  10:22:50,238722;9,430510E-1;1,391603E-1;1,515363E-1;9,382907E-1;;
30/11/2021  10:22:50,238822;9,428007E-1;1,592309E-1;1,581709E-1;9,383277E-1;;
30/11/2021  10:22:50,238922;9,429586E-1;1,168597E-1;1,205749E-1;9,383713E-1;;
30/11/2021  10:22:50,239022;9,430302E-1;1,206827E-1;1,227865E-1;9,384214E-1;;
30/11/2021  10:22:50,239122;9,435457E-1;1,245056E-1;1,294210E-1;9,384779E-1;;
30/11/2021  10:22:50,239222;9,439004E-1;1,222756E-1;1,231024E-1;9,385409E-1;;
30/11/2021  10:22:50,239322;9,444071E-1;1,225942E-1;1,145722E-1;9,386103E-1;;
30/11/2021  10:22:50,239422;9,446783E-1;1,254614E-1;1,161519E-1;9,386861E-1;;
30/11/2021  10:22:50,239522;9,440941E-1;1,222756E-1;1,126766E-1;9,387683E-1;;
30/11/2021  10:22:50,239622;9,444071E-1;1,366117E-1;1,253139E-1;9,388570E-1;;
30/11/2021  10:22:50,239722;9,450925E-1;5,346230E-2;8,645429E-2;9,389519E-1;;
30/11/2021  10:22:50,239822;9,458108E-1;7,958586E-2;9,435259E-2;9,390531E-1;;
30/11/2021  10:22:50,239922;9,459628E-1;6,747982E-2;9,214107E-2;9,391605E-1;;
30/11/2021  10:22:50,240022;9,467853E-1;1,130368E-1;1,218387E-1;9,392741E-1;;
30/11/2021  10:22:50,240122;9,468986E-1;1,009307E-1;1,133085E-1;9,393941E-1;;
30/11/2021  10:22:50,240222;9,471221E-1;1,079395E-1;1,205749E-1;9,395206E-1;;
30/11/2021  10:22:50,240322;9,476377E-1;1,152668E-1;1,253139E-1;9,396536E-1;;
30/11/2021  10:22:50,240422;9,475334E-1;9,392196E-2;1,047783E-1;9,397931E-1;;
30/11/2021  10:22:50,240522;9,479029E-1;9,392196E-2;1,054102E-1;9,399393E-1;;
30/11/2021  10:22:50,240622;9,481950E-1;1,018865E-1;1,174156E-1;9,400920E-1;;
30/11/2021  10:22:50,240722;9,491249E-1;9,933782E-2;1,114129E-1;9,402513E-1;;
30/11/2021  10:22:50,240822;9,480102E-1;1,066652E-1;1,110970E-1;9,404171E-1;;
30/11/2021  10:22:50,240922;9,478076E-1;1,025236E-1;1,107811E-1;9,405893E-1;;
30/11/2021  10:22:50,241022;9,474917E-1;1,127182E-1;1,174156E-1;9,407676E-1;;
30/11/2021  10:22:50,241122;9,475513E-1;1,356559E-1;1,483770E-1;9,409517E-1;;
30/11/2021  10:22:50,241222;9,478702E-1;1,687883E-1;1,458495E-1;9,411410E-1;;
30/11/2021  10:22:50,241322;9,475185E-1;1,439390E-1;8,076751E-2;9,413351E-1;;
30/11/2021  10:22:50,241422;9,476556E-1;1,971419E-1;2,226210E-1;9,415334E-1;;
30/11/2021  10:22:50,241522;9,476586E-1;1,528593E-1;1,471132E-1;9,417355E-1;;
30/11/2021  10:22:50,241622;9,466035E-1;1,691068E-1;1,591187E-1;9,419408E-1;;
30/11/2021  10:22:50,241722;9,471638E-1;1,678325E-1;1,524841E-1;9,421485E-1;;
30/11/2021  10:22:50,241822;9,474678E-1;1,359745E-1;1,758630E-1;9,423581E-1;;
30/11/2021  10:22:50,241922;9,474917E-1;1,257800E-1;1,161519E-1;9,425690E-1;;
30/11/2021  10:22:50,242022;9,470655E-1;1,347002E-1;1,638576E-1;9,427805E-1;;
30/11/2021  10:22:50,242122;9,469343E-1;1,353374E-1;1,392149E-1;9,429921E-1;;
30/11/2021  10:22:50,242222;9,467317E-1;1,292843E-1;1,262617E-1;9,432032E-1;;
30/11/2021  10:22:50,242322;9,458525E-1;1,969282E-2;6,970989E-2;9,434131E-1;;
30/11/2021  10:22:50,242422;9,455574E-1;1,343816E-1;1,366875E-1;9,436211E-1;;
30/11/2021  10:22:50,242522;9,459449E-1;1,257800E-1;1,310007E-1;9,438264E-1;;
30/11/2021  10:22:50,242622;9,455485E-1;1,636910E-1;1,559593E-1;9,440284E-1;;
30/11/2021  10:22:50,242722;9,456796E-1;1,165411E-1;1,016190E-1;9,442262E-1;;
30/11/2021  10:22:50,242822;9,450925E-1;1,267357E-1;1,227865E-1;9,444193E-1;;
30/11/2021  10:22:50,242922;9,444756E-1;1,254614E-1;1,370034E-1;9,446070E-1;;
30/11/2021  10:22:50,243022;9,438170E-1;1,283286E-1;1,281573E-1;9,447887E-1;;
30/11/2021  10:22:50,243122;9,430629E-1;1,308772E-1;1,316326E-1;9,449635E-1;;
30/11/2021  10:22:50,243222;9,428394E-1;1,225942E-1;1,243661E-1;9,451306E-1;;
30/11/2021  10:22:50,243322;9,427828E-1;1,321516E-1;1,341600E-1;9,452893E-1;;
30/11/2021  10:22:50,243422;9,421539E-1;1,700626E-1;2,046129E-1;9,454388E-1;;
30/11/2021  10:22:50,243522;9,413552E-1;1,270543E-1;1,303688E-1;9,455784E-1;;
30/11/2021  10:22:50,243622;9,408217E-1;1,229127E-1;1,142563E-1;9,457073E-1;;
30/11/2021  10:22:50,243722;9,399664E-1;1,340630E-1;1,325804E-1;9,458248E-1;;
30/11/2021  10:22:50,243822;9,398412E-1;1,267357E-1;1,278414E-1;9,459301E-1;;
30/11/2021  10:22:50,243922;9,398979E-1;1,292843E-1;1,253139E-1;9,460225E-1;;
30/11/2021  10:22:50,244022;9,397190E-1;1,413904E-1;1,452176E-1;9,461014E-1;;
30/11/2021  10:22:50,244122;9,385269E-1;1,257800E-1;1,243661E-1;9,461663E-1;;
30/11/2021  10:22:50,244222;9,385061E-1;1,528593E-1;1,774427E-1;9,462169E-1;;
30/11/2021  10:22:50,244322;9,379875E-1;5,632952E-2;1,177316E-1;9,462525E-1;;
30/11/2021  10:22:50,244422;9,376149E-1;1,442576E-1;1,524841E-1;9,462729E-1;;
30/11/2021  10:22:50,244522;9,377789E-1;1,213198E-1;1,306848E-1;9,462778E-1;;
30/11/2021  10:22:50,244622;9,374779E-1;1,509478E-1;1,512204E-1;9,462669E-1;;
30/11/2021  10:22:50,244722;9,372037E-1;1,257800E-1;1,518522E-1;9,462401E-1;;
30/11/2021  10:22:50,244822;9,376149E-1;1,337445E-1;1,328963E-1;9,461975E-1;;
30/11/2021  10:22:50,244922;9,367179E-1;1,331073E-1;1,351078E-1;9,461392E-1;;
30/11/2021  10:22:50,245022;9,362470E-1;1,458505E-1;1,562753E-1;9,460654E-1;;
30/11/2021  10:22:50,245122;9,365867E-1;1,382046E-1;1,354238E-1;9,459762E-1;;
30/11/2021  10:22:50,245222;9,361010E-1;1,394789E-1;1,272095E-1;9,458718E-1;;
30/11/2021  10:22:50,245322;9,364198E-1;1,299215E-1;1,303688E-1;9,457527E-1;;
30/11/2021  10:22:50,245422;9,363036E-1;1,184526E-1;1,095173E-1;9,456191E-1;;
30/11/2021  10:22:50,245522;9,359758E-1;1,563636E-1;1,439539E-1;9,454717E-1;;
30/11/2021  10:22:50,245622;9,354900E-1;1,875845E-1;1,471132E-1;9,453108E-1;;
30/11/2021  10:22:50,245722;9,355496E-1;9,137332E-2;9,656411E-2;9,451372E-1;;
30/11/2021  10:22:50,245822;9,346525E-1;1,108067E-1;1,202590E-1;9,449513E-1;;
30/11/2021  10:22:50,245922;9,352128E-1;1,585937E-1;1,900800E-1;9,447535E-1;;
30/11/2021  10:22:50,246022;9,347807E-1;1,222756E-1;1,183634E-1;9,445446E-1;;
30/11/2021  10:22:50,246122;9,346734E-1;1,289658E-1;1,407946E-1;9,443251E-1;;
30/11/2021  10:22:50,246222;9,348075E-1;1,331073E-1;1,360556E-1;9,440955E-1;;
30/11/2021  10:22:50,246322;9,332905E-1;1,429833E-1;1,357397E-1;9,438567E-1;;
30/11/2021  10:22:50,246422;9,332756E-1;1,445762E-1;1,455336E-1;9,436090E-1;;
30/11/2021  10:22:50,246522;9,331385E-1;1,216384E-1;1,259458E-1;9,433531E-1;;
30/11/2021  10:22:50,246622;9,335617E-1;1,296029E-1;1,205749E-1;9,430893E-1;;
30/11/2021  10:22:50,246722;9,334664E-1;1,627352E-1;1,584868E-1;9,428183E-1;;
30/11/2021  10:22:50,246822;9,331534E-1;1,127182E-1;8,297904E-2;9,425407E-1;;
30/11/2021  10:22:50,246922;9,323160E-1;8,086018E-2;6,655058E-2;9,422571E-1;;
30/11/2021  10:22:50,247022;9,319792E-1;1,225942E-1;1,439539E-1;9,419682E-1;;
30/11/2021  10:22:50,247122;9,320209E-1;3,625898E-2;7,981972E-2;9,416743E-1;;
30/11/2021  10:22:50,247222;9,324888E-1;1,347002E-1;1,354238E-1;9,413760E-1;;
30/11/2021  10:22:50,247322;9,324709E-1;5,792242E-2;9,024547E-2;9,410739E-1;;
30/11/2021  10:22:50,247422;9,316126E-1;1,076209E-1;9,688005E-2;9,407685E-1;;
30/11/2021  10:22:50,247522;9,319405E-1;1,324701E-1;1,303688E-1;9,404604E-1;;
30/11/2021  10:22:50,247622;9,308795E-1;1,410718E-1;1,622780E-1;9,401503E-1;;
30/11/2021  10:22:50,247722;9,309510E-1;1,276914E-1;1,287892E-1;9,398385E-1;;
30/11/2021  10:22:50,247822;9,313653E-1;1,391603E-1;1,328963E-1;9,395255E-1;;
30/11/2021  10:22:50,247922;9,310523E-1;1,576380E-1;1,411105E-1;9,392118E-1;;
30/11/2021  10:22:50,248022;9,317438E-1;1,206827E-1;1,243661E-1;9,388978E-1;;
30/11/2021  10:22:50,248122;9,308974E-1;1,296029E-1;1,243661E-1;9,385841E-1;;
30/11/2021  10:22:50,248222;9,308050E-1;4,995792E-2;9,308886E-2;9,382714E-1;;
30/11/2021  10:22:50,248322;9,307483E-1;1,053908E-1;1,092014E-1;9,379599E-1;;
30/11/2021  10:22:50,248422;9,303222E-1;1,044351E-1;1,092014E-1;9,376503E-1;;
30/11/2021  10:22:50,248522;9,313176E-1;1,104881E-1;1,155200E-1;9,373428E-1;;
30/11/2021  10:22:50,248622;9,313325E-1;7,130278E-2;9,466852E-2;9,370380E-1;;
30/11/2021  10:22:50,248722;9,316067E-1;9,169190E-2;9,845971E-2;9,367365E-1;;
30/11/2021  10:22:50,248822;9,319732E-1;5,123224E-2;6,939396E-2;9,364387E-1;;
30/11/2021  10:22:50,248922;9,315083E-1;9,615202E-2;9,877564E-2;9,361455E-1;;
30/11/2021  10:22:50,249022;9,313742E-1;9,009900E-2;1,158360E-1;9,358572E-1;;
30/11/2021  10:22:50,249122;9,314666E-1;1,139925E-1;1,518522E-1;9,355745E-1;;
30/11/2021  10:22:50,249222;9,321908E-1;8,946184E-2;1,480610E-1;9,352977E-1;;
30/11/2021  10:22:50,249322;9,324978E-1;1,025236E-1;1,063580E-1;9,350275E-1;;
30/11/2021  10:22:50,249422;9,328912E-1;1,104881E-1;1,442698E-1;9,347644E-1;;
30/11/2021  10:22:50,249522;9,332786E-1;9,997498E-2;1,057261E-1;9,345089E-1;;
30/11/2021  10:22:50,249622;9,329716E-1;1,178155E-1;1,174156E-1;9,342617E-1;;
30/11/2021  10:22:50,249722;9,331117E-1;1,305587E-1;1,231024E-1;9,340233E-1;;
30/11/2021  10:22:50,249822;9,335379E-1;1,018865E-1;1,142563E-1;9,337943E-1;;
30/11/2021  10:22:50,249922;9,345601E-1;1,522221E-1;1,164678E-1;9,335751E-1;;
30/11/2021  10:22:50,250022;9,352128E-1;7,448858E-2;1,793383E-1;9,333662E-1;;
30/11/2021  10:22:50,250122;9,354632E-1;1,560451E-1;1,354238E-1;9,331684E-1;;
30/11/2021  10:22:50,250222;9,357940E-1;-6,313798E-2;3,432551E-2;9,329822E-1;;
30/11/2021  10:22:50,250322;9,359102E-1;5,314372E-2;4,917431E-2;9,328083E-1;;
30/11/2021  10:22:50,250422;9,358953E-1;1,315144E-1;1,449017E-1;9,326471E-1;;
30/11/2021  10:22:50,250522;9,369503E-1;1,165411E-1;9,340479E-2;9,324992E-1;;
30/11/2021  10:22:50,250622;9,375136E-1;1,458505E-1;1,521681E-1;9,323649E-1;;
30/11/2021  10:22:50,250722;9,379577E-1;1,219570E-1;1,354238E-1;9,322448E-1;;
30/11/2021  10:22:50,250822;9,378683E-1;1,404346E-1;1,597505E-1;9,321393E-1;;
30/11/2021  10:22:50,250922;9,387355E-1;1,321516E-1;1,243661E-1;9,320488E-1;;
30/11/2021  10:22:50,251022;9,380858E-1;1,152668E-1;1,174156E-1;9,319737E-1;;
30/11/2021  10:22:50,251122;9,383928E-1;1,168597E-1;1,180475E-1;9,319142E-1;;
30/11/2021  10:22:50,251222;9,384196E-1;1,264171E-1;1,287892E-1;9,318703E-1;;
30/11/2021  10:22:50,251322;9,401214E-1;1,213198E-1;1,202590E-1;9,318421E-1;;
30/11/2021  10:22:50,251422;9,402227E-1;1,210013E-1;1,205749E-1;9,318297E-1;;
30/11/2021  10:22:50,251522;9,399455E-1;1,225942E-1;1,180475E-1;9,318333E-1;;
30/11/2021  10:22:50,251622;9,394061E-1;1,270543E-1;1,161519E-1;9,318527E-1;;
30/11/2021  10:22:50,251722;9,390693E-1;5,983390E-2;5,896821E-2;9,318878E-1;;
30/11/2021  10:22:50,251822;9,395998E-1;9,965640E-2;9,719598E-2;9,319382E-1;;
30/11/2021  10:22:50,251922;9,394121E-1;-9,372166E-2;3,653703E-2;9,320035E-1;;
30/11/2021  10:22:50,252022;9,400081E-1;1,222756E-1;1,401627E-1;9,320833E-1;;
30/11/2021  10:22:50,252122;9,401303E-1;1,318330E-1;1,467973E-1;9,321769E-1;;
30/11/2021  10:22:50,252222;9,393465E-1;1,321516E-1;1,284732E-1;9,322839E-1;;
30/11/2021  10:22:50,252322;9,390187E-1;1,296029E-1;1,300529E-1;9,324037E-1;;
30/11/2021  10:22:50,252422;9,393316E-1;1,334259E-1;1,287892E-1;9,325354E-1;;
30/11/2021  10:22:50,252522;9,397101E-1;1,302401E-1;1,338441E-1;9,326783E-1;;
30/11/2021  10:22:50,252622;9,402138E-1;1,283286E-1;1,303688E-1;9,328316E-1;;
30/11/2021  10:22:50,252722;9,404492E-1;1,334259E-1;1,401627E-1;9,329947E-1;;
30/11/2021  10:22:50,252822;9,406400E-1;1,315144E-1;1,300529E-1;9,331668E-1;;
30/11/2021  10:22:50,252922;9,407741E-1;1,305587E-1;1,253139E-1;9,333474E-1;;
30/11/2021  10:22:50,253022;9,408039E-1;1,232313E-1;1,161519E-1;9,335358E-1;;
30/11/2021  10:22:50,253122;9,407562E-1;1,305587E-1;1,158360E-1;9,337315E-1;;
30/11/2021  10:22:50,253222;9,412837E-1;1,385232E-1;1,253139E-1;9,339338E-1;;
30/11/2021  10:22:50,253322;9,422881E-1;1,417090E-1;1,588027E-1;9,341421E-1;;
30/11/2021  10:22:50,253422;9,423655E-1;1,417090E-1;1,916596E-1;9,343560E-1;;
30/11/2021  10:22:50,253522;9,427858E-1;1,245056E-1;1,310007E-1;9,345751E-1;;
30/11/2021  10:22:50,253622;9,427858E-1;1,225942E-1;1,205749E-1;9,347991E-1;;
30/11/2021  10:22:50,253722;9,425861E-1;1,229127E-1;1,212068E-1;9,350275E-1;;
30/11/2021  10:22:50,253822;9,430629E-1;1,318330E-1;1,319485E-1;9,352600E-1;;
30/11/2021  10:22:50,253922;9,436381E-1;1,276914E-1;1,297370E-1;9,354962E-1;;
30/11/2021  10:22:50,254022;9,440941E-1;1,248242E-1;1,196272E-1;9,357358E-1;;
30/11/2021  10:22:50,254122;9,441656E-1;8,595746E-2;1,629098E-1;9,359784E-1;;
30/11/2021  10:22:50,254222;9,437335E-1;1,229127E-1;1,259458E-1;9,362239E-1;;
30/11/2021  10:22:50,254322;9,429854E-1;1,229127E-1;1,246821E-1;9,364719E-1;;
30/11/2021  10:22:50,254422;9,432507E-1;1,225942E-1;1,240502E-1;9,367218E-1;;
30/11/2021  10:22:50,254522;9,435308E-1;9,615202E-2;1,543797E-1;9,369733E-1;;
30/11/2021  10:22:50,254622;9,441060E-1;1,280100E-1;1,212068E-1;9,372257E-1;;
30/11/2021  10:22:50,254722;9,447498E-1;1,289658E-1;1,110970E-1;9,374786E-1;;
30/11/2021  10:22:50,254822;9,442700E-1;4,400978E-3;6,839427E-3;9,377318E-1;;
30/11/2021  10:22:50,254922;9,443564E-1;1,165411E-1;1,189953E-1;9,379849E-1;;
30/11/2021  10:22:50,255022;9,441597E-1;1,245056E-1;1,420583E-1;9,382375E-1;;
30/11/2021  10:22:50,255122;9,442461E-1;1,190898E-1;1,243661E-1;9,384894E-1;;
30/11/2021  10:22:50,255222;9,445829E-1;1,267357E-1;1,227865E-1;9,387400E-1;;
30/11/2021  10:22:50,255322;9,451998E-1;1,292843E-1;1,268936E-1;9,389890E-1;;
30/11/2021  10:22:50,255422;9,462578E-1;1,324701E-1;1,325804E-1;9,392362E-1;;
30/11/2021  10:22:50,255522;9,457661E-1;1,882216E-1;2,109315E-1;9,394815E-1;;
30/11/2021  10:22:50,255622;9,460492E-1;1,162226E-1;1,180475E-1;9,397249E-1;;
30/11/2021  10:22:50,255722;9,451909E-1;1,257800E-1;1,281573E-1;9,399661E-1;;
30/11/2021  10:22:50,255822;9,457065E-1;1,260985E-1;1,278414E-1;9,402051E-1;;
30/11/2021  10:22:50,255922;9,458883E-1;1,235499E-1;1,294210E-1;9,404415E-1;;
30/11/2021  10:22:50,256022;9,472115E-1;1,108067E-1;1,069899E-1;9,406753E-1;;
30/11/2021  10:22:50,256122;9,464813E-1;1,289658E-1;1,180475E-1;9,409064E-1;;
30/11/2021  10:22:50,256222;9,463174E-1;1,770713E-1;1,673329E-1;9,411347E-1;;
30/11/2021  10:22:50,256322;9,465737E-1;1,114439E-1;1,085695E-1;9,413602E-1;;
30/11/2021  10:22:50,256422;9,452475E-1;1,388417E-1;1,493248E-1;9,415828E-1;;
30/11/2021  10:22:50,256522;9,448720E-1;1,503106E-1;1,550115E-1;9,418020E-1;;
30/11/2021  10:22:50,256622;9,454919E-1;5,760384E-2;1,044624E-1;9,420176E-1;;
30/11/2021  10:22:50,256722;9,451938E-1;1,219570E-1;1,189953E-1;9,422291E-1;;
30/11/2021  10:22:50,256822;9,452654E-1;-1,280234E-2;7,444887E-2;9,424362E-1;;
30/11/2021  10:22:50,256922;9,443176E-1;1,037979E-1;1,133085E-1;9,426385E-1;;
30/11/2021  10:22:50,257022;9,437782E-1;1,260985E-1;1,259458E-1;9,428356E-1;;
30/11/2021  10:22:50,257122;9,431702E-1;1,433019E-1;1,651214E-1;9,430270E-1;;
30/11/2021  10:22:50,257222;9,431494E-1;9,392196E-2;1,158360E-1;9,432120E-1;;
30/11/2021  10:22:50,257322;9,430987E-1;9,774492E-2;1,013031E-1;9,433901E-1;;
30/11/2021  10:22:50,257422;9,430778E-1;9,328480E-2;1,028828E-1;9,435607E-1;;
30/11/2021  10:22:50,257522;9,429735E-1;8,691320E-2;6,749837E-2;9,437233E-1;;
30/11/2021  10:22:50,257622;9,427262E-1;1,079395E-1;1,685966E-1;9,438776E-1;;
30/11/2021  10:22:50,257722;9,418082E-1;7,289568E-2;9,119327E-2;9,440231E-1;;
30/11/2021  10:22:50,257822;9,418351E-1;9,965640E-2;1,256299E-1;9,441594E-1;;
30/11/2021  10:22:50,257922;9,419602E-1;1,152668E-1;1,196272E-1;9,442861E-1;;
30/11/2021  10:22:50,258022;9,423536E-1;2,347343E-1;2,242006E-1;9,444028E-1;;
30/11/2021  10:22:50,258122;9,425503E-1;1,735670E-1;1,199431E-1;9,445093E-1;;
30/11/2021  10:22:50,258222;9,420854E-1;1,528593E-1;1,638576E-1;9,446056E-1;;
30/11/2021  10:22:50,258322;9,420467E-1;1,675139E-1;1,670170E-1;9,446917E-1;;
30/11/2021  10:22:50,258422;9,415340E-1;1,697440E-1;1,546956E-1;9,447674E-1;;
30/11/2021  10:22:50,258522;9,417039E-1;1,413904E-1;1,322644E-1;9,448328E-1;;
30/11/2021  10:22:50,258622;9,423924E-1;1,270543E-1;1,281573E-1;9,448879E-1;;
30/11/2021  10:22:50,258722;9,424699E-1;1,251428E-1;1,231024E-1;9,449329E-1;;
30/11/2021  10:22:50,258822;9,426487E-1;1,315144E-1;1,360556E-1;9,449679E-1;;
30/11/2021  10:22:50,258922;9,427232E-1;1,347002E-1;1,347919E-1;9,449935E-1;;
30/11/2021  10:22:50,259022;9,422642E-1;1,493549E-1;1,177316E-1;9,450099E-1;;
30/11/2021  10:22:50,259122;9,416831E-1;1,525407E-1;2,169342E-1;9,450175E-1;;
30/11/2021  10:22:50,259222;9,418708E-1;1,248242E-1;1,243661E-1;9,450166E-1;;
30/11/2021  10:22:50,259322;9,427232E-1;1,359745E-1;1,341600E-1;9,450075E-1;;
30/11/2021  10:22:50,259422;9,427411E-1;8,213450E-2;1,177316E-1;9,449906E-1;;
30/11/2021  10:22:50,259522;9,428841E-1;1,280100E-1;1,265777E-1;9,449664E-1;;
30/11/2021  10:22:50,259622;9,422583E-1;1,178155E-1;1,129926E-1;9,449354E-1;;
30/11/2021  10:22:50,259722;9,417695E-1;1,499920E-1;1,663851E-1;9,448981E-1;;
30/11/2021  10:22:50,259822;9,415460E-1;1,149482E-1;1,183634E-1;9,448548E-1;;
30/11/2021  10:22:50,259922;9,415668E-1;1,289658E-1;1,316326E-1;9,448058E-1;;
30/11/2021  10:22:50,260022;9,421152E-1;1,302401E-1;1,294210E-1;9,447514E-1;;
30/11/2021  10:22:50,260122;9,418559E-1;1,171783E-1;1,221546E-1;9,446920E-1;;
30/11/2021  10:22:50,260222;9,414148E-1;1,315144E-1;1,291051E-1;9,446279E-1;;
30/11/2021  10:22:50,260322;9,409529E-1;4,326774E-2;1,347400E-2;9,445595E-1;;
30/11/2021  10:22:50,260422;9,401184E-1;1,095324E-1;9,340479E-2;9,444869E-1;;
30/11/2021  10:22:50,260522;9,396088E-1;1,257800E-1;1,249980E-1;9,444103E-1;;
30/11/2021  10:22:50,260622;9,402376E-1;1,299215E-1;1,275255E-1;9,443297E-1;;
30/11/2021  10:22:50,260722;9,400946E-1;1,308772E-1;1,449017E-1;9,442451E-1;;
30/11/2021  10:22:50,260822;9,395283E-1;2,133895E-1;1,913437E-1;9,441566E-1;;
30/11/2021  10:22:50,260922;9,391677E-1;1,057094E-1;1,088855E-1;9,440643E-1;;
30/11/2021  10:22:50,261022;9,383213E-1;2,383436E-2;7,539667E-2;9,439683E-1;;
30/11/2021  10:22:50,261122;9,380829E-1;1,337445E-1;1,632258E-1;9,438684E-1;;
30/11/2021  10:22:50,261222;9,382766E-1;1,445762E-1;1,439539E-1;9,437645E-1;;
30/11/2021  10:22:50,261322;9,388965E-1;7,799296E-2;1,496407E-1;9,436567E-1;;
30/11/2021  10:22:50,261422;9,383958E-1;1,388417E-1;1,363715E-1;9,435449E-1;;
30/11/2021  10:22:50,261522;9,384971E-1;1,534964E-1;1,783905E-1;9,434292E-1;;
30/11/2021  10:22:50,261622;9,378355E-1;1,025236E-1;1,069899E-1;9,433099E-1;;
30/11/2021  10:22:50,261722;9,369921E-1;7,831154E-2;9,372073E-2;9,431870E-1;;
30/11/2021  10:22:50,261822;9,369176E-1;1,939561E-1;1,316326E-1;9,430605E-1;;
30/11/2021  10:22:50,261922;9,369295E-1;1,331073E-1;1,354238E-1;9,429303E-1;;
30/11/2021  10:22:50,262022;9,376716E-1;9,169190E-2;9,561632E-2;9,427964E-1;;
30/11/2021  10:22:50,262122;9,373050E-1;1,299215E-1;1,322644E-1;9,426590E-1;;
30/11/2021  10:22:50,262222;9,372841E-1;1,260985E-1;1,073058E-1;9,425183E-1;;
30/11/2021  10:22:50,262322;9,363841E-1;1,152668E-1;1,050943E-1;9,423744E-1;;
30/11/2021  10:22:50,262422;9,357940E-1;1,076209E-1;1,240502E-1;9,422275E-1;;
30/11/2021  10:22:50,262522;9,351353E-1;1,318330E-1;1,553275E-1;9,420775E-1;;
30/11/2021  10:22:50,262622;9,356271E-1;9,615202E-2;8,266311E-2;9,419244E-1;;
30/11/2021  10:22:50,262722;9,361069E-1;1,095324E-1;1,673329E-1;9,417683E-1;;
30/11/2021  10:22:50,262822;9,358715E-1;1,356559E-1;1,543797E-1;9,416091E-1;;
30/11/2021  10:22:50,262922;9,352873E-1;1,531778E-1;1,783905E-1;9,414471E-1;;
30/11/2021  10:22:50,263022;9,349029E-1;1,324701E-1;1,148882E-1;9,412825E-1;;
30/11/2021  10:22:50,263122;9,344052E-1;1,315144E-1;1,297370E-1;9,411153E-1;;
30/11/2021  10:22:50,263222;9,348373E-1;1,292843E-1;1,249980E-1;9,409455E-1;;
30/11/2021  10:22:50,263322;9,355019E-1;1,311958E-1;1,319485E-1;9,407732E-1;;
30/11/2021  10:22:50,263422;9,357761E-1;1,270543E-1;1,259458E-1;9,405988E-1;;
30/11/2021  10:22:50,263522;9,365420E-1;1,187712E-1;1,328963E-1;9,404225E-1;;
30/11/2021  10:22:50,263622;9,362261E-1;1,235499E-1;1,107811E-1;9,402449E-1;;
30/11/2021  10:22:50,263722;9,356718E-1;1,311958E-1;1,104651E-1;9,400664E-1;;
30/11/2021  10:22:50,263822;9,366046E-1;5,887816E-2;6,876210E-2;9,398876E-1;;
30/11/2021  10:22:50,263922;9,364824E-1;8,946184E-2;8,961361E-2;9,397090E-1;;
30/11/2021  10:22:50,264022;9,374719E-1;1,509478E-1;1,837613E-1;9,395310E-1;;
30/11/2021  10:22:50,264122;9,382617E-1;1,366117E-1;1,521681E-1;9,393544E-1;;
30/11/2021  10:22:50,264222;9,385031E-1;1,133553E-1;1,284732E-1;9,391799E-1;;
30/11/2021  10:22:50,264322;9,388548E-1;1,200455E-1;1,199431E-1;9,390083E-1;;
30/11/2021  10:22:50,264422;9,385448E-1;1,353374E-1;1,278414E-1;9,388404E-1;;
30/11/2021  10:22:50,264522;9,380858E-1;1,442576E-1;1,578549E-1;9,386771E-1;;
30/11/2021  10:22:50,264622;9,391021E-1;1,375674E-1;1,335282E-1;9,385188E-1;;
30/11/2021  10:22:50,264722;9,393286E-1;1,241871E-1;1,155200E-1;9,383662E-1;;
30/11/2021  10:22:50,264822;9,397518E-1;1,296029E-1;1,360556E-1;9,382199E-1;;
30/11/2021  10:22:50,264922;9,395849E-1;1,197269E-1;1,183634E-1;9,380805E-1;;
30/11/2021  10:22:50,265022;9,387683E-1;1,216384E-1;1,189953E-1;9,379486E-1;;
30/11/2021  10:22:50,265122;9,387951E-1;9,360338E-2;9,972343E-2;9,378245E-1;;
30/11/2021  10:22:50,265222;9,384017E-1;1,085766E-1;1,041465E-1;9,377085E-1;;
30/11/2021  10:22:50,265322;9,385239E-1;1,267357E-1;1,218387E-1;9,376007E-1;;
30/11/2021  10:22:50,265422;9,390157E-1;1,076209E-1;1,376353E-1;9,375010E-1;;
30/11/2021  10:22:50,265522;9,477509E-1;1,417090E-1;1,616461E-1;9,374099E-1;;
30/11/2021  10:22:50,265622;9,470893E-1;1,296029E-1;1,291051E-1;9,373283E-1;;
30/11/2021  10:22:50,265722;9,466780E-1;1,324701E-1;1,328963E-1;9,372578E-1;;
30/11/2021  10:22:50,265822;9,465797E-1;1,308772E-1;1,268936E-1;9,371998E-1;;
30/11/2021  10:22:50,265922;9,469075E-1;1,155854E-1;1,107811E-1;9,371556E-1;;
30/11/2021  10:22:50,266022;9,466661E-1;1,216384E-1;1,253139E-1;9,371260E-1;;
30/11/2021  10:22:50,266122;9,467376E-1;1,311958E-1;1,262617E-1;9,371118E-1;;
30/11/2021  10:22:50,266222;9,456260E-1;1,229127E-1;1,180475E-1;9,371134E-1;;
30/11/2021  10:22:50,266322;9,449405E-1;9,710776E-2;8,139938E-2;9,371312E-1;;
30/11/2021  10:22:50,266422;9,449763E-1;9,965640E-2;1,180475E-1;9,371649E-1;;
30/11/2021  10:22:50,266522;9,452803E-1;1,315144E-1;1,294210E-1;9,372144E-1;;
30/11/2021  10:22:50,266622;9,452982E-1;9,806350E-2;8,834988E-2;9,372791E-1;;
30/11/2021  10:22:50,266722;9,457661E-1;1,273729E-1;1,486929E-1;9,373588E-1;;
30/11/2021  10:22:50,266822;9,456618E-1;1,009307E-1;1,082536E-1;9,374530E-1;;
30/11/2021  10:22:50,266922;9,453786E-1;1,238685E-1;1,240502E-1;9,375612E-1;;
30/11/2021  10:22:50,267022;9,453756E-1;1,289658E-1;1,272095E-1;9,376827E-1;;
30/11/2021  10:22:50,267122;9,454233E-1;1,299215E-1;1,231024E-1;9,378170E-1;;
30/11/2021  10:22:50,267222;9,461356E-1;1,375674E-1;1,366875E-1;9,379633E-1;;
30/11/2021  10:22:50,267322;9,467823E-1;1,334259E-1;1,322644E-1;9,381210E-1;;
30/11/2021  10:22:50,267422;9,472711E-1;1,264171E-1;1,300529E-1;9,382896E-1;;
30/11/2021  10:22:50,267522;9,473874E-1;1,245056E-1;1,227865E-1;9,384685E-1;;
30/11/2021  10:22:50,267622;9,473665E-1;1,296029E-1;1,202590E-1;9,386572E-1;;
30/11/2021  10:22:50,267722;9,472056E-1;9,264764E-2;5,865227E-2;9,388553E-1;;
30/11/2021  10:22:50,267822;9,476705E-1;1,117624E-1;1,363715E-1;9,390622E-1;;
30/11/2021  10:22:50,267922;9,480728E-1;1,219570E-1;1,050943E-1;9,392773E-1;;
30/11/2021  10:22:50,268022;9,489699E-1;1,506292E-1;1,433221E-1;9,395000E-1;;
30/11/2021  10:22:50,268122;9,490861E-1;1,073023E-1;9,593225E-2;9,397300E-1;;
30/11/2021  10:22:50,268222;9,487195E-1;1,350188E-1;1,588027E-1;9,399668E-1;;
30/11/2021  10:22:50,268322;9,488715E-1;1,359745E-1;1,417424E-1;9,402100E-1;;
30/11/2021  10:22:50,268422;9,489103E-1;1,076209E-1;1,155200E-1;9,404591E-1;;
30/11/2021  10:22:50,268522;9,489043E-1;9,870066E-2;1,076217E-1;9,407134E-1;;
30/11/2021  10:22:50,268622;9,495540E-1;9,965640E-2;1,101492E-1;9,409726E-1;;
30/11/2021  10:22:50,268722;9,498103E-1;1,079395E-1;1,098333E-1;9,412359E-1;;
30/11/2021  10:22:50,268822;9,501948E-1;1,088952E-1;1,177316E-1;9,415031E-1;;
30/11/2021  10:22:50,268922;9,495958E-1;9,455912E-2;1,022509E-1;9,417736E-1;;
30/11/2021  10:22:50,269022;9,488090E-1;8,404598E-2;9,308886E-2;9,420469E-1;;
30/11/2021  10:22:50,269122;9,487821E-1;6,684266E-2;6,560278E-2;9,423224E-1;;
30/11/2021  10:22:50,269222;9,489550E-1;2,224146E-2;2,326789E-2;9,425993E-1;;
30/11/2021  10:22:50,269322;9,494169E-1;9,997498E-2;1,025668E-1;9,428770E-1;;
30/11/2021  10:22:50,269422;9,490295E-1;6,365686E-2;1,177316E-1;9,431547E-1;;
30/11/2021  10:22:50,269522;9,488805E-1;1,197269E-1;1,180475E-1;9,434319E-1;;
30/11/2021  10:22:50,269622;9,482546E-1;1,372488E-1;1,423743E-1;9,437078E-1;;
30/11/2021  10:22:50,269722;9,477211E-1;1,404346E-1;1,300529E-1;9,439818E-1;;
30/11/2021  10:22:50,269822;9,473426E-1;1,534964E-1;1,351078E-1;9,442529E-1;;
30/11/2021  10:22:50,269922;9,471340E-1;1,305587E-1;1,332122E-1;9,445203E-1;;
30/11/2021  10:22:50,270022;9,465499E-1;1,369303E-1;1,736515E-1;9,447832E-1;;
30/11/2021  10:22:50,270122;9,461565E-1;1,139925E-1;1,515363E-1;9,450406E-1;;
30/11/2021  10:22:50,270222;9,448720E-1;1,652839E-1;1,641736E-1;9,452915E-1;;
30/11/2021  10:22:50,270322;9,440375E-1;1,404346E-1;1,347919E-1;9,455350E-1;;
30/11/2021  10:22:50,270422;9,429139E-1;1,382046E-1;1,287892E-1;9,457699E-1;;
30/11/2021  10:22:50,270522;9,424758E-1;1,181340E-1;1,136244E-1;9,459949E-1;;
30/11/2021  10:22:50,270622;9,418231E-1;1,270543E-1;1,272095E-1;9,462089E-1;;
30/11/2021  10:22:50,270722;9,411615E-1;1,136739E-1;9,751191E-2;9,464106E-1;;
30/11/2021  10:22:50,270822;9,400409E-1;1,168597E-1;9,972343E-2;9,465988E-1;;
30/11/2021  10:22:50,270922;9,388905E-1;1,264171E-1;1,354238E-1;9,467724E-1;;
30/11/2021  10:22:50,271022;9,377580E-1;1,267357E-1;1,351078E-1;9,469301E-1;;
30/11/2021  10:22:50,271122;9,366314E-1;1,614609E-1;1,960827E-1;9,470706E-1;;
30/11/2021  10:22:50,271222;9,366344E-1;1,238685E-1;1,249980E-1;9,471927E-1;;
30/11/2021  10:22:50,271322;9,369652E-1;9,392196E-2;1,066739E-1;9,472952E-1;;
30/11/2021  10:22:50,271422;9,368162E-1;6,939130E-2;8,771802E-2;9,473772E-1;;
30/11/2021  10:22:50,271522;9,357016E-1;1,445762E-1;1,632258E-1;9,474381E-1;;
30/11/2021  10:22:50,271622;9,348850E-1;1,296029E-1;1,272095E-1;9,474773E-1;;
30/11/2021  10:22:50,271722;9,342532E-1;1,206827E-1;1,234183E-1;9,474942E-1;;
30/11/2021  10:22:50,271822;9,333740E-1;1,974605E-1;2,011376E-1;9,474883E-1;;
30/11/2021  10:22:50,271922;9,332071E-1;2,606442E-2;3,843263E-2;9,474593E-1;;
30/11/2021  10:22:50,272022;9,332667E-1;1,235499E-1;1,294210E-1;9,474067E-1;;
30/11/2021  10:22:50,272122;9,331147E-1;1,101695E-1;1,114129E-1;9,473304E-1;;
30/11/2021  10:22:50,272222;9,324411E-1;1,264171E-1;9,277293E-2;9,472305E-1;;
30/11/2021  10:22:50,272322;9,316007E-1;1,605052E-1;1,919756E-1;9,471071E-1;;
30/11/2021  10:22:50,272422;9,308199E-1;1,828058E-1;2,254644E-1;9,469603E-1;;
30/11/2021  10:22:50,272522;9,308228E-1;1,302401E-1;1,313166E-1;9,467904E-1;;
30/11/2021  10:22:50,272622;9,309301E-1;1,012493E-1;1,174156E-1;9,465975E-1;;
30/11/2021  10:22:50,272722;9,312967E-1;1,805757E-1;1,597505E-1;9,463823E-1;;
30/11/2021  10:22:50,272822;9,309510E-1;1,181340E-1;1,006712E-1;9,461452E-1;;
30/11/2021  10:22:50,272922;9,301016E-1;1,254614E-1;1,474292E-1;9,458872E-1;;
30/11/2021  10:22:50,273022;9,301463E-1;1,382046E-1;1,385831E-1;9,456089E-1;;
30/11/2021  10:22:50,273122;9,303162E-1;1,324701E-1;1,310007E-1;9,453112E-1;;
30/11/2021  10:22:50,273222;9,305814E-1;1,264171E-1;1,275255E-1;9,449951E-1;;
30/11/2021  10:22:50,273322;9,313802E-1;1,299215E-1;1,322644E-1;9,446617E-1;;
30/11/2021  10:22:50,273422;9,316067E-1;1,308772E-1;1,256299E-1;9,443123E-1;;
30/11/2021  10:22:50,273522;9,319494E-1;1,181340E-1;1,212068E-1;9,439482E-1;;
30/11/2021  10:22:50,273622;9,326915E-1;1,171783E-1;1,205749E-1;9,435712E-1;;
30/11/2021  10:22:50,273722;9,324024E-1;1,276914E-1;1,392149E-1;9,431828E-1;;
30/11/2021  10:22:50,273822;9,325961E-1;1,573194E-1;2,188298E-1;9,427846E-1;;
30/11/2021  10:22:50,273922;9,329657E-1;1,413904E-1;1,455336E-1;9,423785E-1;;
30/11/2021  10:22:50,274022;9,338389E-1;1,012493E-1;7,729226E-2;9,419660E-1;;
30/11/2021  10:22:50,274122;9,341757E-1;1,331073E-1;1,281573E-1;9,415490E-1;;
30/11/2021  10:22:50,274222;9,342591E-1;1,276914E-1;1,170997E-1;9,411292E-1;;
30/11/2021  10:22:50,274322;9,339551E-1;1,283286E-1;1,474292E-1;9,407084E-1;;
30/11/2021  10:22:50,274422;9,332786E-1;1,678325E-1;1,708081E-1;9,402883E-1;;
30/11/2021  10:22:50,274522;9,332518E-1;1,433019E-1;1,474292E-1;9,398702E-1;;
30/11/2021  10:22:50,274622;9,338329E-1;1,273729E-1;1,265777E-1;9,394555E-1;;
30/11/2021  10:22:50,274722;9,338568E-1;1,366117E-1;1,338441E-1;9,390454E-1;;
30/11/2021  10:22:50,274822;9,332130E-1;1,436204E-1;1,771268E-1;9,386412E-1;;
30/11/2021  10:22:50,274922;9,330581E-1;1,378860E-1;1,322644E-1;9,382439E-1;;
30/11/2021  10:22:50,275022;9,322623E-1;8,818752E-2;6,212753E-2;9,378543E-1;;
30/11/2021  10:22:50,275122;9,319226E-1;1,149482E-1;1,016190E-1;9,374733E-1;;
30/11/2021  10:22:50,275222;9,320030E-1;1,280100E-1;1,376353E-1;9,371013E-1;;
30/11/2021  10:22:50,275322;9,324560E-1;1,159040E-1;1,237343E-1;9,367389E-1;;
30/11/2021  10:22:50,275422;9,322087E-1;1,289658E-1;1,335282E-1;9,363864E-1;;
30/11/2021  10:22:50,275522;9,316722E-1;-2,745702E-2;2,263603E-2;9,360443E-1;;
30/11/2021  10:22:50,275622;9,316424E-1;-3,765158E-2;5,106991E-2;9,357129E-1;;
30/11/2021  10:22:50,275722;9,313653E-1;1,563636E-1;1,714400E-1;9,353925E-1;;
30/11/2021  10:22:50,275822;9,309480E-1;8,277166E-2;1,212068E-1;9,350832E-1;;
30/11/2021  10:22:50,275922;9,310166E-1;1,162226E-1;1,101492E-1;9,347849E-1;;
30/11/2021  10:22:50,276022;9,317438E-1;1,280100E-1;1,341600E-1;9,344978E-1;;
30/11/2021  10:22:50,276122;9,318600E-1;8,181592E-2;1,208909E-1;9,342219E-1;;
30/11/2021  10:22:50,276222;9,318838E-1;1,343816E-1;1,341600E-1;9,339573E-1;;
30/11/2021  10:22:50,276322;9,312669E-1;1,404346E-1;1,310007E-1;9,337041E-1;;
30/11/2021  10:22:50,276422;9,304950E-1;1,366117E-1;1,259458E-1;9,334622E-1;;
30/11/2021  10:22:50,276522;9,302685E-1;1,222756E-1;1,291051E-1;9,332315E-1;;
30/11/2021  10:22:50,276622;9,306321E-1;1,248242E-1;1,306848E-1;9,330118E-1;;
30/11/2021  10:22:50,276722;9,306500E-1;1,133553E-1;1,142563E-1;9,328027E-1;;
30/11/2021  10:22:50,276822;9,302983E-1;1,133553E-1;1,366875E-1;9,326040E-1;;
30/11/2021  10:22:50,276922;9,296963E-1;1,037979E-1;1,003553E-1;9,324154E-1;;
30/11/2021  10:22:50,277022;9,288767E-1;7,034704E-2;7,192142E-2;9,322366E-1;;
30/11/2021  10:22:50,277122;9,283939E-1;1,079395E-1;1,281573E-1;9,320669E-1;;
30/11/2021  10:22:50,277222;9,287486E-1;1,108067E-1;1,212068E-1;9,319058E-1;;
30/11/2021  10:22:50,277322;9,289840E-1;8,914326E-2;1,047783E-1;9,317527E-1;;
30/11/2021  10:22:50,277422;9,300539E-1;-4,529750E-2;1,092014E-1;9,316071E-1;;
30/11/2021  10:22:50,277522;9,300211E-1;1,006121E-1;1,057261E-1;9,314687E-1;;
30/11/2021  10:22:50,277622;9,300927E-1;1,200455E-1;1,524841E-1;9,313373E-1;;
30/11/2021  10:22:50,277722;9,306440E-1;1,018865E-1;1,095173E-1;9,312127E-1;;
30/11/2021  10:22:50,277822;9,309719E-1;1,114439E-1;1,123607E-1;9,310948E-1;;
30/11/2021  10:22:50,277922;9,314278E-1;1,305587E-1;1,357397E-1;9,309837E-1;;
30/11/2021  10:22:50,278022;9,322892E-1;1,219570E-1;1,354238E-1;9,308795E-1;;
30/11/2021  10:22:50,278122;9,328703E-1;1,276914E-1;1,291051E-1;9,307822E-1;;
30/11/2021  10:22:50,278222;9,334872E-1;1,512664E-1;1,436380E-1;9,306923E-1;;
30/11/2021  10:22:50,278322;9,337733E-1;1,595494E-1;1,360556E-1;9,306100E-1;;
30/11/2021  10:22:50,278422;9,335170E-1;1,573194E-1;1,139404E-1;9,305358E-1;;
30/11/2021  10:22:50,278522;9,337644E-1;1,413904E-1;1,559593E-1;9,304699E-1;;
30/11/2021  10:22:50,278622;9,345184E-1;1,554079E-1;1,572231E-1;9,304127E-1;;
30/11/2021  10:22:50,278722;9,352963E-1;9,678918E-2;1,325804E-1;9,303644E-1;;
30/11/2021  10:22:50,278822;9,358715E-1;1,276914E-1;1,221546E-1;9,303253E-1;;
30/11/2021  10:22:50,278922;9,358625E-1;8,978042E-2;1,338441E-1;9,302959E-1;;
30/11/2021  10:22:50,279022;9,360473E-1;1,260985E-1;1,259458E-1;9,302765E-1;;
30/11/2021  10:22:50,279122;9,359758E-1;1,308772E-1;1,338441E-1;9,302674E-1;;
30/11/2021  10:22:50,279222;9,363513E-1;1,436204E-1;1,588027E-1;9,302688E-1;;
30/11/2021  10:22:50,279322;9,368281E-1;1,375674E-1;1,407946E-1;9,302809E-1;;
30/11/2021  10:22:50,279422;9,378057E-1;1,245056E-1;1,234183E-1;9,303037E-1;;
30/11/2021  10:22:50,279522;9,374868E-1;1,385232E-1;1,467973E-1;9,303375E-1;;
30/11/2021  10:22:50,279622;9,374391E-1;1,015679E-1;1,208909E-1;9,303823E-1;;
30/11/2021  10:22:50,279722;9,381305E-1;1,324701E-1;1,227865E-1;9,304383E-1;;
30/11/2021  10:22:50,279822;9,378832E-1;8,723178E-2;8,487463E-2;9,305054E-1;;
30/11/2021  10:22:50,279922;9,377431E-1;1,267357E-1;1,452176E-1;9,305836E-1;;
30/11/2021  10:22:50,280022;9,389829E-1;1,222756E-1;1,167838E-1;9,306726E-1;;
30/11/2021  10:22:50,280122;9,391438E-1;1,397975E-1;1,373193E-1;9,307724E-1;;
30/11/2021  10:22:50,280222;9,397071E-1;1,366117E-1;1,319485E-1;9,308828E-1;;
30/11/2021  10:22:50,280322;9,399753E-1;1,308772E-1;1,363715E-1;9,310039E-1;;
30/11/2021  10:22:50,280422;9,397727E-1;1,299215E-1;1,281573E-1;9,311354E-1;;
30/11/2021  10:22:50,280522;9,395521E-1;1,340630E-1;1,357397E-1;9,312773E-1;;
30/11/2021  10:22:50,280622;9,403270E-1;1,331073E-1;1,344760E-1;9,314293E-1;;
30/11/2021  10:22:50,280722;9,407979E-1;1,210013E-1;1,237343E-1;9,315910E-1;;
30/11/2021  10:22:50,280822;9,413046E-1;1,197269E-1;1,063580E-1;9,317622E-1;;
30/11/2021  10:22:50,280922;9,414506E-1;1,324701E-1;1,335282E-1;9,319426E-1;;
30/11/2021  10:22:50,281022;9,408724E-1;1,362931E-1;1,325804E-1;9,321322E-1;;
30/11/2021  10:22:50,281122;9,399157E-1;1,101695E-1;1,155200E-1;9,323304E-1;;
30/11/2021  10:22:50,281222;9,398502E-1;6,875414E-2;6,907803E-2;9,325367E-1;;
30/11/2021  10:22:50,281322;9,400051E-1;1,123996E-1;1,240502E-1;9,327504E-1;;
30/11/2021  10:22:50,281422;9,402764E-1;1,165411E-1;1,167838E-1;9,329707E-1;;
30/11/2021  10:22:50,281522;9,400200E-1;1,203641E-1;1,401627E-1;9,331969E-1;;
30/11/2021  10:22:50,281622;9,399455E-1;6,811698E-2;7,950379E-2;9,334282E-1;;
30/11/2021  10:22:50,281722;9,390991E-1;1,057094E-1;1,110970E-1;9,336639E-1;;
30/11/2021  10:22:50,281822;9,390723E-1;1,273729E-1;1,294210E-1;9,339031E-1;;
30/11/2021  10:22:50,281922;9,393078E-1;1,241871E-1;1,335282E-1;9,341449E-1;;
30/11/2021  10:22:50,282022;9,393227E-1;5,059508E-2;9,119327E-2;9,343884E-1;;
30/11/2021  10:22:50,282122;9,402555E-1;1,213198E-1;1,170997E-1;9,346328E-1;;
30/11/2021  10:22:50,282222;9,406310E-1;1,031608E-1;1,370034E-1;9,348773E-1;;
30/11/2021  10:22:50,282322;9,406131E-1;1,856730E-1;2,011376E-1;9,351216E-1;;
30/11/2021  10:22:50,282422;9,401422E-1;1,372488E-1;1,395309E-1;9,353650E-1;;
30/11/2021  10:22:50,282522;9,402585E-1;1,273729E-1;1,256299E-1;9,356070E-1;;
30/11/2021  10:22:50,282622;9,406340E-1;1,085766E-1;1,114129E-1;9,358473E-1;;
30/11/2021  10:22:50,282722;9,412837E-1;1,299215E-1;1,297370E-1;9,360852E-1;;
30/11/2021  10:22:50,282822;9,420765E-1;4,517922E-2;6,686651E-2;9,363205E-1;;
30/11/2021  10:22:50,282922;9,420645E-1;1,213198E-1;1,275255E-1;9,365530E-1;;
30/11/2021  10:22:50,283022;9,415847E-1;1,305587E-1;1,622780E-1;9,367826E-1;;
30/11/2021  10:22:50,283122;9,417397E-1;1,305587E-1;1,278414E-1;9,370092E-1;;
30/11/2021  10:22:50,283222;9,416682E-1;1,305587E-1;1,303688E-1;9,372325E-1;;
30/11/2021  10:22:50,283322;9,412479E-1;1,343816E-1;1,335282E-1;9,374523E-1;;
30/11/2021  10:22:50,283422;9,417695E-1;9,647060E-2;1,240502E-1;9,376684E-1;;
30/11/2021  10:22:50,283522;9,416413E-1;1,260985E-1;1,338441E-1;9,378805E-1;;
30/11/2021  10:22:50,283622;9,416950E-1;1,397975E-1;1,720719E-1;9,380885E-1;;
30/11/2021  10:22:50,283722;9,414029E-1;1,229127E-1;1,240502E-1;9,382921E-1;;
30/11/2021  10:22:50,283822;9,409916E-1;1,273729E-1;1,265777E-1;9,384911E-1;;
30/11/2021  10:22:50,283922;9,409231E-1;2,226283E-1;1,916596E-1;9,386853E-1;;
30/11/2021  10:22:50,284022;9,417903E-1;1,225942E-1;1,262617E-1;9,388743E-1;;
30/11/2021  10:22:50,284122;9,421599E-1;1,248242E-1;1,060421E-1;9,390581E-1;;
30/11/2021  10:22:50,284222;9,429974E-1;1,302401E-1;1,313166E-1;9,392364E-1;;
30/11/2021  10:22:50,284322;9,430242E-1;1,241871E-1;1,079377E-1;9,394095E-1;;
30/11/2021  10:22:50,284422;9,426368E-1;1,468062E-1;1,524841E-1;9,395776E-1;;
30/11/2021  10:22:50,284522;9,428573E-1;1,547707E-1;1,641736E-1;9,397406E-1;;
30/11/2021  10:22:50,284622;9,429944E-1;1,468062E-1;1,524841E-1;9,398988E-1;;
30/11/2021  10:22:50,284722;9,442789E-1;1,254614E-1;1,114129E-1;9,400524E-1;;
30/11/2021  10:22:50,284822;9,436858E-1;1,786642E-1;1,774427E-1;9,402014E-1;;
30/11/2021  10:22:50,284922;9,439362E-1;1,280100E-1;1,354238E-1;9,403464E-1;;
30/11/2021  10:22:50,285022;9,436441E-1;1,302401E-1;1,524841E-1;9,404874E-1;;
30/11/2021  10:22:50,285122;9,435994E-1;1,321516E-1;1,512204E-1;9,406247E-1;;
30/11/2021  10:22:50,285222;9,428573E-1;1,742041E-1;1,837613E-1;9,407584E-1;;
30/11/2021  10:22:50,285322;9,429109E-1;1,041165E-1;1,145722E-1;9,408886E-1;;
30/11/2021  10:22:50,285422;9,433401E-1;1,155854E-1;1,218387E-1;9,410151E-1;;
30/11/2021  10:22:50,285522;9,433520E-1;9,296622E-2;9,845971E-2;9,411381E-1;;
30/11/2021  10:22:50,285622;9,428424E-1;1,009307E-1;1,139404E-1;9,412574E-1;;
30/11/2021  10:22:50,285722;9,424132E-1;1,018865E-1;1,221546E-1;9,413732E-1;;
30/11/2021  10:22:50,285822;9,414744E-1;1,477620E-1;1,998739E-1;9,414851E-1;;
30/11/2021  10:22:50,285922;9,415013E-1;8,882468E-2;1,310007E-1;9,415931E-1;;
30/11/2021  10:22:50,286022;9,415400E-1;5,664810E-2;7,792413E-2;9,416968E-1;;
30/11/2021  10:22:50,286122;9,408814E-1;9,806350E-2;1,139404E-1;9,417958E-1;;
30/11/2021  10:22:50,286222;9,410900E-1;1,127182E-1;1,300529E-1;9,418899E-1;;
30/11/2021  10:22:50,286322;9,403926E-1;1,114439E-1;1,202590E-1;9,419787E-1;;
30/11/2021  10:22:50,286422;9,391796E-1;7,512574E-2;8,834988E-2;9,420619E-1;;
30/11/2021  10:22:50,286522;9,384614E-1;1,407532E-1;1,398468E-1;9,421390E-1;;
30/11/2021  10:22:50,286622;9,386014E-1;1,461691E-1;1,458495E-1;9,422095E-1;;
30/11/2021  10:22:50,286722;9,385895E-1;1,592309E-1;1,442698E-1;9,422727E-1;;
30/11/2021  10:22:50,286822;9,386551E-1;1,754784E-1;1,572231E-1;9,423282E-1;;
30/11/2021  10:22:50,286922;9,389203E-1;1,659210E-1;1,531159E-1;9,423757E-1;;
30/11/2021  10:22:50,287022;9,383183E-1;1,579565E-1;1,467973E-1;9,424149E-1;;
30/11/2021  10:22:50,287122;9,376507E-1;1,082581E-1;1,148882E-1;9,424455E-1;;
30/11/2021  10:22:50,287222;9,375762E-1;1,152668E-1;1,101492E-1;9,424674E-1;;
30/11/2021  10:22:50,287322;9,372573E-1;1,200455E-1;1,174156E-1;9,424803E-1;;
30/11/2021  10:22:50,287422;9,374480E-1;1,229127E-1;1,186794E-1;9,424840E-1;;
30/11/2021  10:22:50,287522;9,377193E-1;1,159040E-1;1,278414E-1;9,424783E-1;;
30/11/2021  10:22:50,287622;9,372007E-1;1,382046E-1;1,256299E-1;9,424633E-1;;
30/11/2021  10:22:50,287722;9,363960E-1;-4,200682E-3;6,497092E-2;9,424390E-1;;
30/11/2021  10:22:50,287822;9,353201E-1;1,321516E-1;1,398468E-1;9,424052E-1;;
30/11/2021  10:22:50,287922;9,354274E-1;1,554079E-1;1,543797E-1;9,423620E-1;;
30/11/2021  10:22:50,288022;9,348492E-1;1,257800E-1;1,249980E-1;9,423090E-1;;
30/11/2021  10:22:50,288122;9,351324E-1;1,576380E-1;1,641736E-1;9,422462E-1;;
30/11/2021  10:22:50,288222;9,347121E-1;1,184526E-1;1,215227E-1;9,421735E-1;;
30/11/2021  10:22:50,288322;9,349059E-1;1,391603E-1;1,439539E-1;9,420909E-1;;
30/11/2021  10:22:50,288422;9,342114E-1;1,152668E-1;9,277293E-2;9,419985E-1;;
30/11/2021  10:22:50,288522;9,341965E-1;1,190898E-1;1,025668E-1;9,418963E-1;;
30/11/2021  10:22:50,288622;9,345601E-1;1,366117E-1;1,205749E-1;9,417846E-1;;
30/11/2021  10:22:50,288722;9,343515E-1;1,139925E-1;1,205749E-1;9,416634E-1;;
30/11/2021  10:22:50,288822;9,356658E-1;1,650702E-2;3,622110E-2;9,415332E-1;;
30/11/2021  10:22:50,288922;9,358357E-1;1,200455E-1;1,133085E-1;9,413945E-1;;
30/11/2021  10:22:50,289022;9,361397E-1;1,018865E-1;6,970989E-2;9,412479E-1;;
30/11/2021  10:22:50,289122;9,361546E-1;4,645354E-2;6,655058E-2;9,410942E-1;;
30/11/2021  10:22:50,289222;9,362321E-1;1,203641E-1;1,256299E-1;9,409343E-1;;
30/11/2021  10:22:50,289322;9,370606E-1;1,547707E-1;1,771268E-1;9,407688E-1;;
30/11/2021  10:22:50,289422;9,375971E-1;1,044351E-1;1,167838E-1;9,405988E-1;;
30/11/2021  10:22:50,289522;9,384435E-1;1,165411E-1;1,199431E-1;9,404253E-1;;
30/11/2021  10:22:50,289622;9,387445E-1;1,468062E-1;1,667010E-1;9,402493E-1;;
30/11/2021  10:22:50,289722;9,392482E-1;1,745227E-1;1,872366E-1;9,400721E-1;;
30/11/2021  10:22:50,289822;9,391677E-1;1,111253E-1;1,202590E-1;9,398949E-1;;
30/11/2021  10:22:50,289922;9,389442E-1;1,216384E-1;1,231024E-1;9,397187E-1;;
30/11/2021  10:22:50,290022;9,392958E-1;1,200455E-1;1,237343E-1;9,395445E-1;;
30/11/2021  10:22:50,290122;9,397608E-1;1,337445E-1;1,404787E-1;9,393734E-1;;
30/11/2021  10:22:50,290222;9,400081E-1;1,187712E-1;1,193112E-1;9,392062E-1;;
30/11/2021  10:22:50,290322;9,396535E-1;1,340630E-1;1,306848E-1;9,390439E-1;;
30/11/2021  10:22:50,290422;9,392958E-1;1,280100E-1;1,227865E-1;9,388872E-1;;
30/11/2021  10:22:50,290522;9,400230E-1;1,139925E-1;1,073058E-1;9,387367E-1;;
30/11/2021  10:22:50,290622;9,395551E-1;-1,290840E-1;-9,647034E-2;9,385931E-1;;
30/11/2021  10:22:50,290722;9,401273E-1;1,206827E-1;1,107811E-1;9,384569E-1;;
30/11/2021  10:22:50,290822;9,409082E-1;1,302401E-1;1,426902E-1;9,383284E-1;;
30/11/2021  10:22:50,290922;9,412271E-1;1,391603E-1;1,619620E-1;9,382084E-1;;
30/11/2021  10:22:50,291022;9,414953E-1;1,060280E-1;1,597505E-1;9,380972E-1;;
30/11/2021  10:22:50,291122;9,411317E-1;1,292843E-1;1,259458E-1;9,379954E-1;;
30/11/2021  10:22:50,291222;9,415817E-1;1,273729E-1;1,193112E-1;9,379035E-1;;
30/11/2021  10:22:50,291322;9,425086E-1;1,388417E-1;1,316326E-1;9,378217E-1;;
30/11/2021  10:22:50,291422;9,426576E-1;1,120810E-1;1,265777E-1;9,377504E-1;;
30/11/2021  10:22:50,291522;9,437365E-1;1,356559E-1;1,240502E-1;9,376901E-1;;
30/11/2021  10:22:50,291622;9,439332E-1;1,324701E-1;1,388990E-1;9,376412E-1;;
30/11/2021  10:22:50,291722;9,439719E-1;1,206827E-1;1,202590E-1;9,376041E-1;;
30/11/2021  10:22:50,291822;9,434742E-1;1,248242E-1;1,167838E-1;9,375791E-1;;
30/11/2021  10:22:50,291922;9,435577E-1;1,378860E-1;1,268936E-1;9,375664E-1;;
30/11/2021  10:22:50,292022;9,438378E-1;1,254614E-1;1,177316E-1;9,375661E-1;;
30/11/2021  10:22:50,292122;9,441686E-1;1,159040E-1;1,038306E-1;9,375782E-1;;
30/11/2021  10:22:50,292222;9,446336E-1;1,420275E-1;1,572231E-1;9,376026E-1;;
30/11/2021  10:22:50,292322;9,441567E-1;9,997498E-2;8,929768E-2;9,376392E-1;;
30/11/2021  10:22:50,292422;9,443892E-1;1,353374E-1;1,392149E-1;9,376879E-1;;
30/11/2021  10:22:50,292522;9,430212E-1;1,187712E-1;1,310007E-1;9,377484E-1;;
30/11/2021  10:22:50,292622;9,434891E-1;1,219570E-1;1,243661E-1;9,378203E-1;;
30/11/2021  10:22:50,292722;9,442342E-1;1,187712E-1;1,215227E-1;9,379030E-1;;
30/11/2021  10:22:50,292822;9,446216E-1;1,372488E-1;1,370034E-1;9,379961E-1;;
30/11/2021  10:22:50,292922;9,450597E-1;1,213198E-1;9,940750E-2;9,380991E-1;;
30/11/2021  10:22:50,293022;9,445114E-1;1,257800E-1;1,297370E-1;9,382116E-1;;
30/11/2021  10:22:50,293122;9,442133E-1;1,413904E-1;1,294210E-1;9,383333E-1;;
30/11/2021  10:22:50,293222;9,440494E-1;1,292843E-1;1,227865E-1;9,384635E-1;;
30/11/2021  10:22:50,293322;9,435338E-1;1,299215E-1;1,208909E-1;9,386017E-1;;
30/11/2021  10:22:50,293422;9,436590E-1;1,034794E-1;8,740209E-2;9,387470E-1;;
30/11/2021  10:22:50,293522;9,442223E-1;8,723178E-2;9,182514E-2;9,388988E-1;;
30/11/2021  10:22:50,293622;9,441627E-1;8,532030E-2;8,171531E-2;9,390563E-1;;
30/11/2021  10:22:50,293722;9,439898E-1;6,620550E-2;5,043804E-2;9,392189E-1;;
30/11/2021  10:22:50,293822;9,437007E-1;1,050723E-1;1,031987E-1;9,393859E-1;;
30/11/2021  10:22:50,293922;9,432537E-1;1,385232E-1;1,581709E-1;9,395567E-1;;
30/11/2021  10:22:50,294022;9,437126E-1;9,933782E-2;1,025668E-1;9,397304E-1;;
30/11/2021  10:22:50,294122;9,437275E-1;1,031608E-1;1,155200E-1;9,399063E-1;;
30/11/2021  10:22:50,294222;9,438706E-1;9,838208E-2;1,095173E-1;9,400839E-1;;
30/11/2021  10:22:50,294322;9,443027E-1;9,678918E-2;1,139404E-1;9,402623E-1;;
30/11/2021  10:22:50,294422;9,426606E-1;9,710776E-2;1,129926E-1;9,404412E-1;;
30/11/2021  10:22:50,294522;9,425622E-1;1,092138E-1;1,180475E-1;9,406198E-1;;
30/11/2021  10:22:50,294622;9,426338E-1;1,104881E-1;1,218387E-1;9,407974E-1;;
30/11/2021  10:22:50,294722;9,415907E-1;1,276914E-1;1,363715E-1;9,409732E-1;;
30/11/2021  10:22:50,294822;9,410840E-1;1,248242E-1;1,322644E-1;9,411463E-1;;
30/11/2021  10:22:50,294922;9,420407E-1;1,442576E-1;1,313166E-1;9,413159E-1;;
30/11/2021  10:22:50,295022;9,405297E-1;1,554079E-1;1,129926E-1;9,414813E-1;;
30/11/2021  10:22:50,295122;9,403926E-1;1,671954E-1;1,556434E-1;9,416416E-1;;
30/11/2021  10:22:50,295222;9,397995E-1;1,194084E-1;1,129926E-1;9,417960E-1;;
30/11/2021  10:22:50,295322;9,393942E-1;1,662396E-1;1,960827E-1;9,419437E-1;;
30/11/2021  10:22:50,295422;9,391915E-1;1,726112E-1;1,777586E-1;9,420838E-1;;
30/11/2021  10:22:50,295522;9,397667E-1;1,171783E-1;1,278414E-1;9,422157E-1;;
30/11/2021  10:22:50,295622;9,402972E-1;1,289658E-1;1,240502E-1;9,423386E-1;;
30/11/2021  10:22:50,295722;9,400797E-1;1,213198E-1;1,524841E-1;9,424523E-1;;
30/11/2021  10:22:50,295822;9,396505E-1;1,251428E-1;1,310007E-1;9,425563E-1;;
30/11/2021  10:22:50,295922;9,392720E-1;1,267357E-1;1,170997E-1;9,426505E-1;;
30/11/2021  10:22:50,296022;9,388488E-1;1,302401E-1;1,284732E-1;9,427346E-1;;
30/11/2021  10:22:50,296122;9,395432E-1;1,025236E-1;8,013565E-2;9,428084E-1;;
30/11/2021  10:22:50,296222;9,398770E-1;1,235499E-1;1,082536E-1;9,428716E-1;;
30/11/2021  10:22:50,296322;9,389501E-1;1,302401E-1;1,395309E-1;9,429243E-1;;
30/11/2021  10:22:50,296422;9,387206E-1;8,245308E-2;3,906449E-2;9,429666E-1;;
30/11/2021  10:22:50,296522;9,377461E-1;1,442576E-1;1,783905E-1;9,429983E-1;;
30/11/2021  10:22:50,296622;9,372275E-1;7,512574E-2;1,325804E-1;9,430194E-1;;
30/11/2021  10:22:50,296722;9,365957E-1;1,280100E-1;1,404787E-1;9,430297E-1;;
30/11/2021  10:22:50,296822;9,371500E-1;1,127182E-1;1,114129E-1;9,430290E-1;;
30/11/2021  10:22:50,296922;9,362589E-1;1,101695E-1;1,632258E-1;9,430171E-1;;
30/11/2021  10:22:50,297022;9,358774E-1;-4,179312E-2;2,674314E-2;9,429940E-1;;
30/11/2021  10:22:50,297122;9,359192E-1;1,850358E-1;2,039810E-1;9,429596E-1;;
30/11/2021  10:22:50,297222;9,357880E-1;1,471248E-1;1,701763E-1;9,429138E-1;;
30/11/2021  10:22:50,297322;9,345184E-1;1,127182E-1;1,275255E-1;9,428566E-1;;
30/11/2021  10:22:50,297422;9,348999E-1;1,245056E-1;1,259458E-1;9,427881E-1;;
30/11/2021  10:22:50,297522;9,354363E-1;1,289658E-1;1,316326E-1;9,427081E-1;;
30/11/2021  10:22:50,297622;9,357433E-1;1,225942E-1;1,180475E-1;9,426169E-1;;
30/11/2021  10:22:50,297722;9,358864E-1;1,264171E-1;1,218387E-1;9,425148E-1;;
30/11/2021  10:22:50,297822;9,360920E-1;1,187712E-1;1,196272E-1;9,424024E-1;;
30/11/2021  10:22:50,297922;9,352307E-1;2,016020E-1;1,903959E-1;9,422800E-1;;
30/11/2021  10:22:50,298022;9,352724E-1;3,020596E-2;2,800687E-2;9,421483E-1;;
30/11/2021  10:22:50,298122;9,359668E-1;1,289658E-1;1,316326E-1;9,420077E-1;;
30/11/2021  10:22:50,298222;9,362202E-1;1,671954E-1;1,787064E-1;9,418588E-1;;
30/11/2021  10:22:50,298322;9,362828E-1;1,162226E-1;1,035146E-1;9,417023E-1;;
30/11/2021  10:22:50,298422;9,362470E-1;1,292843E-1;1,227865E-1;9,415391E-1;;
30/11/2021  10:22:50,298522;9,358327E-1;1,136739E-1;1,133085E-1;9,413697E-1;;
30/11/2021  10:22:50,298622;9,355973E-1;1,283286E-1;1,341600E-1;9,411951E-1;;
30/11/2021  10:22:50,298722;9,357463E-1;1,302401E-1;1,452176E-1;9,410157E-1;;
30/11/2021  10:22:50,298822;9,362470E-1;1,302401E-1;1,351078E-1;9,408322E-1;;
30/11/2021  10:22:50,298922;9,367775E-1;1,210013E-1;1,291051E-1;9,406453E-1;;
30/11/2021  10:22:50,299022;9,365510E-1;1,232313E-1;1,262617E-1;9,404559E-1;;
30/11/2021  10:22:50,299122;9,362053E-1;1,315144E-1;1,253139E-1;9,402647E-1;;
30/11/2021  10:22:50,299222;9,352456E-1;1,260985E-1;1,076217E-1;9,400723E-1;;
30/11/2021  10:22:50,299322;9,351294E-1;1,251428E-1;1,183634E-1;9,398794E-1;;
30/11/2021  10:22:50,299422;9,354840E-1;1,388417E-1;1,316326E-1;9,396863E-1;;
30/11/2021  10:22:50,299522;9,352724E-1;1,270543E-1;1,297370E-1;9,394934E-1;;
30/11/2021  10:22:50,299622;9,353380E-1;1,296029E-1;1,565912E-1;9,393011E-1;;
30/11/2021  10:22:50,299722;9,350787E-1;4,135626E-2;8,361090E-2;9,391099E-1;;
30/11/2021  10:22:50,299822;9,343217E-1;1,362931E-1;1,430061E-1;9,389201E-1;;
30/11/2021  10:22:50,299922;9,342472E-1;1,633724E-1;1,553275E-1;9,387319E-1;;
30/11/2021  10:22:50,300022;9,335200E-1;1,006121E-1;1,837613E-1;9,385455E-1;;
30/11/2021  10:22:50,300122;9,337376E-1;1,448948E-1;1,461654E-1;9,383609E-1;;
30/11/2021  10:22:50,300222;9,340863E-1;9,105474E-2;1,885003E-1;9,381783E-1;;
30/11/2021  10:22:50,300322;9,339551E-1;1,229127E-1;1,240502E-1;9,379976E-1;;
30/11/2021  10:22:50,300422;9,337793E-1;1,308772E-1;1,382671E-1;9,378191E-1;;
30/11/2021  10:22:50,300522;9,335498E-1;9,073616E-2;1,019350E-1;9,376429E-1;;
30/11/2021  10:22:50,300622;9,329001E-1;9,360338E-2;1,104651E-1;9,374690E-1;;
30/11/2021  10:22:50,300722;9,323726E-1;1,778134E-2;8,519056E-2;9,372974E-1;;
30/11/2021  10:22:50,300822;9,319434E-1;1,292843E-1;1,385831E-1;9,371281E-1;;
30/11/2021  10:22:50,300922;9,322593E-1;4,486064E-2;5,549295E-2;9,369609E-1;;
30/11/2021  10:22:50,301022;9,314636E-1;1,334259E-1;1,294210E-1;9,367956E-1;;
30/11/2021  10:22:50,301122;9,308705E-1;1,276914E-1;1,167838E-1;9,366320E-1;;
30/11/2021  10:22:50,301222;9,297410E-1;3,307318E-2;7,286922E-2;9,364698E-1;;
30/11/2021  10:22:50,301322;9,289721E-1;1,146297E-1;1,234183E-1;9,363086E-1;;
30/11/2021  10:22:50,301422;9,284505E-1;1,436204E-1;1,581709E-1;9,361479E-1;;
30/11/2021  10:22:50,301522;9,277740E-1;1,347002E-1;1,234183E-1;9,359870E-1;;
30/11/2021  10:22:50,301622;9,277263E-1;1,232313E-1;1,249980E-1;9,358253E-1;;
30/11/2021  10:22:50,301722;9,274998E-1;1,362931E-1;1,518522E-1;9,356623E-1;;
30/11/2021  10:22:50,301822;9,265878E-1;1,311958E-1;2,153545E-1;9,354973E-1;;
30/11/2021  10:22:50,301922;9,257802E-1;1,190898E-1;1,208909E-1;9,353298E-1;;
30/11/2021  10:22:50,302022;9,254702E-1;1,213198E-1;1,284732E-1;9,351593E-1;;
30/11/2021  10:22:50,302122;9,257086E-1;1,114439E-1;1,148882E-1;9,349850E-1;;
30/11/2021  10:22:50,302222;9,268918E-1;1,117624E-1;1,161519E-1;9,348067E-1;;
30/11/2021  10:22:50,302322;9,263673E-1;9,137332E-2;1,060421E-1;9,346240E-1;;
30/11/2021  10:22:50,302422;9,268859E-1;1,114439E-1;1,120448E-1;9,344370E-1;;
30/11/2021  10:22:50,302522;9,263941E-1;7,098420E-2;8,108345E-2;9,342457E-1;;
30/11/2021  10:22:50,302622;9,268859E-1;-1,014882E-3;5,138584E-2;9,340502E-1;;
30/11/2021  10:22:50,302722;9,267398E-1;3,402892E-2;7,160549E-2;9,338507E-1;;
30/11/2021  10:22:50,302822;9,276369E-1;1,073023E-1;1,120448E-1;9,336476E-1;;
30/11/2021  10:22:50,302922;9,279826E-1;7,289568E-2;1,139404E-1;9,334412E-1;;
30/11/2021  10:22:50,303022;9,288767E-1;1,073023E-1;1,344760E-1;9,332321E-1;;
30/11/2021  10:22:50,303122;9,286562E-1;1,092138E-1;1,461654E-1;9,330211E-1;;
30/11/2021  10:22:50,303222;9,288558E-1;8,882468E-2;1,126766E-1;9,328088E-1;;
30/11/2021  10:22:50,303322;9,282240E-1;1,216384E-1;1,319485E-1;9,325961E-1;;
30/11/2021  10:22:50,303422;9,284744E-1;1,468062E-1;1,736515E-1;9,323836E-1;;
30/11/2021  10:22:50,303522;9,285250E-1;1,624167E-1;1,575390E-1;9,321719E-1;;
30/11/2021  10:22:50,303622;9,291032E-1;1,630538E-1;1,370034E-1;9,319617E-1;;
30/11/2021  10:22:50,303722;9,300033E-1;1,834429E-1;1,730197E-1;9,317534E-1;;
30/11/2021  10:22:50,303822;9,291777E-1;1,512664E-1;1,294210E-1;9,315480E-1;;
30/11/2021  10:22:50,303922;9,295264E-1;1,503106E-1;1,382671E-1;9,313461E-1;;
30/11/2021  10:22:50,304022;9,298364E-1;1,273729E-1;1,117289E-1;9,311482E-1;;
30/11/2021  10:22:50,304122;9,304443E-1;1,257800E-1;1,196272E-1;9,309552E-1;;
30/11/2021  10:22:50,304222;9,317080E-1;1,260985E-1;1,158360E-1;9,307675E-1;;
30/11/2021  10:22:50,304322;9,330312E-1;1,302401E-1;1,622780E-1;9,305861E-1;;
30/11/2021  10:22:50,304422;9,340356E-1;1,152668E-1;1,404787E-1;9,304120E-1;;
30/11/2021  10:22:50,304522;9,341399E-1;1,362931E-1;1,461654E-1;9,302462E-1;;
30/11/2021  10:22:50,304622;9,347270E-1;1,159040E-1;1,294210E-1;9,300898E-1;;
30/11/2021  10:22:50,304722;9,357016E-1;1,254614E-1;1,256299E-1;9,299440E-1;;
30/11/2021  10:22:50,304822;9,367447E-1;1,171783E-1;1,281573E-1;9,298098E-1;;
30/11/2021  10:22:50,304922;9,380680E-1;1,238685E-1;1,300529E-1;9,296883E-1;;
30/11/2021  10:22:50,305022;9,391915E-1;9,742634E-2;7,887192E-2;9,295807E-1;;
30/11/2021  10:22:50,305122;9,399157E-1;1,334259E-1;1,303688E-1;9,294882E-1;;
30/11/2021  10:22:50,305222;9,398591E-1;1,347002E-1;1,291051E-1;9,294121E-1;;
30/11/2021  10:22:50,305322;9,400558E-1;1,308772E-1;1,224705E-1;9,293533E-1;;
30/11/2021  10:22:50,305422;9,405625E-1;1,315144E-1;1,069899E-1;9,293128E-1;;
30/11/2021  10:22:50,305522;9,413910E-1;1,413904E-1;1,524841E-1;9,292913E-1;;
30/11/2021  10:22:50,305622;9,423119E-1;1,229127E-1;1,205749E-1;9,292894E-1;;
30/11/2021  10:22:50,305722;9,426189E-1;1,018865E-1;9,245700E-2;9,293077E-1;;
30/11/2021  10:22:50,305822;9,429467E-1;1,181340E-1;1,240502E-1;9,293468E-1;;
30/11/2021  10:22:50,305922;9,427768E-1;1,206827E-1;1,031987E-1;9,294070E-1;;
30/11/2021  10:22:50,306022;9,425175E-1;1,525407E-1;1,578549E-1;9,294886E-1;;
30/11/2021  10:22:50,306122;9,425533E-1;1,200455E-1;1,303688E-1;9,295915E-1;;
30/11/2021  10:22:50,306222;9,433371E-1;1,280100E-1;1,310007E-1;9,297154E-1;;
30/11/2021  10:22:50,306322;9,436620E-1;1,213198E-1;1,262617E-1;9,298601E-1;;
30/11/2021  10:22:50,306422;9,434236E-1;1,165411E-1;1,268936E-1;9,300252E-1;;
30/11/2021  10:22:50,306522;9,435934E-1;1,624167E-1;1,739675E-1;9,302102E-1;;
30/11/2021  10:22:50,306622;9,431702E-1;1,289658E-1;1,313166E-1;9,304146E-1;;
30/11/2021  10:22:50,306722;9,435487E-1;1,292843E-1;1,287892E-1;9,306376E-1;;
30/11/2021  10:22:50,306822;9,435457E-1;1,308772E-1;1,287892E-1;9,308783E-1;;
30/11/2021  10:22:50,306922;9,444726E-1;1,254614E-1;1,215227E-1;9,311358E-1;;
30/11/2021  10:22:50,307022;9,448452E-1;1,117624E-1;1,013031E-1;9,314094E-1;;
30/11/2021  10:22:50,307122;9,453280E-1;1,311958E-1;1,370034E-1;9,316982E-1;;
30/11/2021  10:22:50,307222;9,454472E-1;1,770713E-1;2,178820E-1;9,320013E-1;;
30/11/2021  10:22:50,307322;9,451491E-1;1,254614E-1;1,294210E-1;9,323180E-1;;
30/11/2021  10:22:50,307422;9,452505E-1;1,519035E-1;1,537478E-1;9,326474E-1;;
30/11/2021  10:22:50,307522;9,465886E-1;1,528593E-1;1,461654E-1;9,329886E-1;;
30/11/2021  10:22:50,307622;9,469373E-1;1,031608E-1;1,493248E-1;9,333407E-1;;
30/11/2021  10:22:50,307722;9,470625E-1;1,296029E-1;1,240502E-1;9,337029E-1;;
30/11/2021  10:22:50,307822;9,468062E-1;1,267357E-1;1,420583E-1;9,340745E-1;;
30/11/2021  10:22:50,307922;9,464784E-1;1,178155E-1;1,167838E-1;9,344547E-1;;
30/11/2021  10:22:50,308022;9,460850E-1;1,178155E-1;1,177316E-1;9,348424E-1;;
30/11/2021  10:22:50,308122;9,455872E-1;1,187712E-1;1,101492E-1;9,352367E-1;;
30/11/2021  10:22:50,308222;9,460850E-1;1,238685E-1;1,310007E-1;9,356363E-1;;
30/11/2021  10:22:50,308322;9,464307E-1;1,219570E-1;1,035146E-1;9,360402E-1;;
30/11/2021  10:22:50,308422;9,465350E-1;1,206827E-1;1,231024E-1;9,364472E-1;;
30/11/2021  10:22:50,308522;9,467049E-1;2,988738E-2;4,791059E-2;9,368563E-1;;
30/11/2021  10:22:50,308622;9,465499E-1;1,232313E-1;1,212068E-1;9,372667E-1;;
30/11/2021  10:22:50,308722;9,462995E-1;4,995792E-2;6,591871E-2;9,376772E-1;;
30/11/2021  10:22:50,308822;9,468420E-1;1,120810E-1;1,291051E-1;9,380870E-1;;
30/11/2021  10:22:50,308922;9,470774E-1;9,838208E-2;9,845971E-2;9,384950E-1;;
30/11/2021  10:22:50,309022;9,478195E-1;1,375674E-1;1,332122E-1;9,389007E-1;;
30/11/2021  10:22:50,309122;9,484007E-1;7,544432E-2;8,834988E-2;9,393031E-1;;
30/11/2021  10:22:50,309222;9,485825E-1;1,308772E-1;1,648054E-1;9,397020E-1;;
30/11/2021  10:22:50,309322;9,481145E-1;1,375674E-1;1,499566E-1;9,400966E-1;;
30/11/2021  10:22:50,309422;9,481265E-1;1,219570E-1;1,199431E-1;9,404867E-1;;
30/11/2021  10:22:50,309522;9,486838E-1;1,219570E-1;1,224705E-1;9,408717E-1;;
30/11/2021  10:22:50,309622;9,490384E-1;1,340630E-1;1,319485E-1;9,412511E-1;;
30/11/2021  10:22:50,309722;9,487762E-1;7,926728E-2;8,045158E-2;9,416246E-1;;
30/11/2021  10:22:50,309822;9,487792E-1;1,353374E-1;1,388990E-1;9,419919E-1;;
30/11/2021  10:22:50,309922;9,480639E-1;1,120810E-1;1,246821E-1;9,423525E-1;;
30/11/2021  10:22:50,310022;9,478910E-1;1,547707E-1;1,398468E-1;9,427061E-1;;
30/11/2021  10:22:50,310122;9,478076E-1;6,620550E-2;6,054787E-2;9,430521E-1;;
30/11/2021  10:22:50,310222;9,482785E-1;1,273729E-1;1,158360E-1;9,433900E-1;;
30/11/2021  10:22:50,310322;9,485556E-1;-2,586412E-2;6,844617E-2;9,437195E-1;;
30/11/2021  10:22:50,310422;9,487344E-1;2,489498E-3;6,876210E-2;9,440401E-1;;
30/11/2021  10:22:50,310522;9,485795E-1;2,160430E-2;6,655058E-2;9,443517E-1;;
30/11/2021  10:22:50,310622;9,489580E-1;7,671864E-2;8,740209E-2;9,446541E-1;;
30/11/2021  10:22:50,310722;9,483887E-1;9,519628E-2;1,098333E-1;9,449471E-1;;
30/11/2021  10:22:50,310822;9,488119E-1;1,123996E-1;1,256299E-1;9,452305E-1;;
30/11/2021  10:22:50,310922;9,492620E-1;1,057094E-1;1,139404E-1;9,455042E-1;;
30/11/2021  10:22:50,311022;9,492798E-1;1,114439E-1;1,196272E-1;9,457682E-1;;
30/11/2021  10:22:50,311122;9,496852E-1;1,002936E-1;1,158360E-1;9,460224E-1;;
30/11/2021  10:22:50,311222;9,495630E-1;1,120810E-1;1,054102E-1;9,462671E-1;;
30/11/2021  10:22:50,311322;9,488119E-1;7,289568E-2;9,182514E-2;9,465023E-1;;
30/11/2021  10:22:50,311422;9,489729E-1;8,659462E-2;9,972343E-2;9,467279E-1;;
30/11/2021  10:22:50,311522;9,483798E-1;1,009307E-1;1,107811E-1;9,469441E-1;;
30/11/2021  10:22:50,311622;9,485825E-1;1,117624E-1;1,189953E-1;9,471508E-1;;
30/11/2021  10:22:50,311722;9,482338E-1;2,334600E-1;2,242006E-1;9,473479E-1;;
30/11/2021  10:22:50,311822;9,479417E-1;9,328480E-2;9,498445E-2;9,475352E-1;;
30/11/2021  10:22:50,311922;9,469940E-1;3,466608E-2;8,771802E-2;9,477128E-1;;
30/11/2021  10:22:50,312022;9,459985E-1;1,713369E-1;1,755471E-1;9,478804E-1;;
30/11/2021  10:22:50,312122;9,452624E-1;-1,051905E-1;-1,590768E-2;9,480376E-1;;
30/11/2021  10:22:50,312222;9,443772E-1;1,640096E-1;1,442698E-1;9,481839E-1;;
30/11/2021  10:22:50,312322;9,447259E-1;1,582751E-1;1,559593E-1;9,483189E-1;;
30/11/2021  10:22:50,312422;9,436709E-1;1,525407E-1;1,439539E-1;9,484419E-1;;
30/11/2021  10:22:50,312522;9,434534E-1;1,436204E-1;1,695444E-1;9,485526E-1;;
30/11/2021  10:22:50,312622;9,428364E-1;1,079395E-1;7,350108E-2;9,486503E-1;;
30/11/2021  10:22:50,312722;9,422195E-1;7,321426E-2;5,612482E-2;9,487346E-1;;
30/11/2021  10:22:50,312822;9,419185E-1;1,340630E-1;1,543797E-1;9,488051E-1;;
30/11/2021  10:22:50,312922;9,419572E-1;1,117624E-1;1,313166E-1;9,488613E-1;;
30/11/2021  10:22:50,313022;9,423089E-1;7,671864E-2;8,992954E-2;9,489029E-1;;
30/11/2021  10:22:50,313122;9,425086E-1;1,200455E-1;1,129926E-1;9,489297E-1;;
30/11/2021  10:22:50,313222;9,423566E-1;1,015679E-1;6,970989E-2;9,489417E-1;;
30/11/2021  10:22:50,313322;9,418321E-1;1,423461E-1;1,366875E-1;9,489392E-1;;
30/11/2021  10:22:50,313422;9,414923E-1;1,034794E-1;1,281573E-1;9,489221E-1;;
30/11/2021  10:22:50,313522;9,417158E-1;1,560451E-1;1,916596E-1;9,488907E-1;;
30/11/2021  10:22:50,313622;9,421271E-1;1,372488E-1;1,828136E-1;9,488453E-1;;
30/11/2021  10:22:50,313722;9,423804E-1;1,276914E-1;1,278414E-1;9,487861E-1;;
30/11/2021  10:22:50,313822;9,425533E-1;1,949118E-1;1,982942E-1;9,487138E-1;;
30/11/2021  10:22:50,313922;9,425861E-1;1,372488E-1;1,347919E-1;9,486289E-1;;
30/11/2021  10:22:50,314022;9,421182E-1;1,181340E-1;1,057261E-1;9,485321E-1;;
30/11/2021  10:22:50,314122;9,411973E-1;1,257800E-1;1,297370E-1;9,484241E-1;;
30/11/2021  10:22:50,314222;9,413195E-1;1,366117E-1;1,373193E-1;9,483054E-1;;
30/11/2021  10:22:50,314322;9,410840E-1;1,362931E-1;1,347919E-1;9,481765E-1;;
30/11/2021  10:22:50,314422;9,408277E-1;1,190898E-1;1,186794E-1;9,480380E-1;;
30/11/2021  10:22:50,314522;9,404492E-1;1,203641E-1;1,177316E-1;9,478902E-1;;
30/11/2021  10:22:50,314622;9,395730E-1;1,219570E-1;1,167838E-1;9,477338E-1;;
30/11/2021  10:22:50,314722;9,385597E-1;1,235499E-1;1,092014E-1;9,475689E-1;;
30/11/2021  10:22:50,314822;9,383958E-1;8,723178E-2;1,050943E-1;9,473960E-1;;
30/11/2021  10:22:50,314922;9,383928E-1;9,583344E-2;9,972343E-2;9,472150E-1;;
30/11/2021  10:22:50,315022;9,383630E-1;-1,118807E-1;7,155359E-3;9,470263E-1;;
30/11/2021  10:22:50,315122;9,388428E-1;1,710183E-1;1,935552E-1;9,468302E-1;;
30/11/2021  10:22:50,315222;9,388488E-1;1,159040E-1;1,240502E-1;9,466270E-1;;
30/11/2021  10:22:50,315322;9,390455E-1;1,260985E-1;1,234183E-1;9,464172E-1;;
30/11/2021  10:22:50,315422;9,391349E-1;1,302401E-1;1,253139E-1;9,462014E-1;;
30/11/2021  10:22:50,315522;9,389650E-1;1,423461E-1;1,253139E-1;9,459802E-1;;
30/11/2021  10:22:50,315622;9,401333E-1;8,468314E-2;1,227865E-1;9,457543E-1;;
30/11/2021  10:22:50,315722;9,403419E-1;1,296029E-1;1,202590E-1;9,455245E-1;;
30/11/2021  10:22:50,315822;9,414685E-1;1,366117E-1;1,622780E-1;9,452916E-1;;
30/11/2021  10:22:50,315922;9,411794E-1;1,229127E-1;1,047783E-1;9,450567E-1;;
30/11/2021  10:22:50,316022;9,408396E-1;1,299215E-1;1,158360E-1;9,448208E-1;;
30/11/2021  10:22:50,316122;9,405207E-1;1,184526E-1;1,028828E-1;9,445849E-1;;
30/11/2021  10:22:50,316222;9,404850E-1;1,213198E-1;1,095173E-1;9,443498E-1;;
30/11/2021  10:22:50,316322;9,403866E-1;1,222756E-1;1,155200E-1;9,441163E-1;;
30/11/2021  10:22:50,316422;9,408307E-1;1,433019E-1;1,673329E-1;9,438849E-1;;
30/11/2021  10:22:50,316522;9,404075E-1;1,254614E-1;1,272095E-1;9,436564E-1;;
30/11/2021  10:22:50,316622;9,398740E-1;1,270543E-1;1,477451E-1;9,434314E-1;;
30/11/2021  10:22:50,316722;9,393942E-1;1,283286E-1;1,474292E-1;9,432103E-1;;
30/11/2021  10:22:50,316822;9,388697E-1;1,241871E-1;1,300529E-1;9,429934E-1;;
30/11/2021  10:22:50,316922;9,376746E-1;1,289658E-1;1,272095E-1;9,427810E-1;;
30/11/2021  10:22:50,317022;9,376954E-1;1,302401E-1;1,310007E-1;9,425729E-1;;
30/11/2021  10:22:50,317122;9,378206E-1;9,328480E-2;7,634447E-2;9,423692E-1;;
30/11/2021  10:22:50,317222;9,378295E-1;1,350188E-1;1,398468E-1;9,421696E-1;;
30/11/2021  10:22:50,317322;9,373527E-1;1,375674E-1;1,388990E-1;9,419742E-1;;
30/11/2021  10:22:50,317422;9,367507E-1;1,238685E-1;1,202590E-1;9,417828E-1;;
30/11/2021  10:22:50,317522;9,361874E-1;1,324701E-1;1,167838E-1;9,415952E-1;;
30/11/2021  10:22:50,317622;9,362112E-1;1,519035E-1;1,616461E-1;9,414113E-1;;
30/11/2021  10:22:50,317722;9,367179E-1;1,222756E-1;1,294210E-1;9,412307E-1;;
30/11/2021  10:22:50,317822;9,367983E-1;9,519628E-2;1,193112E-1;9,410532E-1;;
30/11/2021  10:22:50,317922;9,365212E-1;6,461260E-2;4,001229E-2;9,408787E-1;;
30/11/2021  10:22:50,318022;9,363334E-1;8,404598E-2;1,035146E-1;9,407072E-1;;
30/11/2021  10:22:50,318122;9,365212E-1;1,417090E-1;1,338441E-1;9,405386E-1;;
30/11/2021  10:22:50,318222;9,365629E-1;1,206827E-1;1,297370E-1;9,403728E-1;;
30/11/2021  10:22:50,318322;9,364407E-1;1,267357E-1;1,284732E-1;9,402099E-1;;
30/11/2021  10:22:50,318422;9,368520E-1;1,343816E-1;1,313166E-1;9,400497E-1;;
30/11/2021  10:22:50,318522;9,375583E-1;1,327887E-1;1,360556E-1;9,398924E-1;;
30/11/2021  10:22:50,318622;9,371649E-1;1,280100E-1;1,268936E-1;9,397381E-1;;
30/11/2021  10:22:50,318722;9,371053E-1;1,378860E-1;1,354238E-1;9,395870E-1;;
30/11/2021  10:22:50,318822;9,365510E-1;1,359745E-1;1,325804E-1;9,394393E-1;;
30/11/2021  10:22:50,318922;9,365033E-1;1,245056E-1;1,249980E-1;9,392951E-1;;
30/11/2021  10:22:50,319022;9,364198E-1;1,037979E-1;1,101492E-1;9,391543E-1;;
30/11/2021  10:22:50,319122;9,364973E-1;2,319720E-2;8,487463E-2;9,390170E-1;;
30/11/2021  10:22:50,319222;9,375464E-1;1,395838E-2;2,168823E-2;9,388831E-1;;
30/11/2021  10:22:50,319322;9,370219E-1;1,143111E-1;1,373193E-1;9,387528E-1;;
30/11/2021  10:22:50,319422;9,369652E-1;1,085766E-1;1,212068E-1;9,386263E-1;;
30/11/2021  10:22:50,319522;9,360324E-1;1,117624E-1;1,256299E-1;9,385037E-1;;
30/11/2021  10:22:50,319622;9,359996E-1;1,184526E-1;1,272095E-1;9,383848E-1;;
30/11/2021  10:22:50,319722;9,369354E-1;-5,039478E-2;6,244346E-2;9,382697E-1;;
30/11/2021  10:22:50,319822;9,368878E-1;1,076209E-1;1,126766E-1;9,381583E-1;;
30/11/2021  10:22:50,319922;9,379875E-1;1,448948E-1;1,780746E-1;9,380507E-1;;
30/11/2021  10:22:50,320022;9,374182E-1;1,053908E-1;1,196272E-1;9,379471E-1;;
30/11/2021  10:22:50,320122;9,370487E-1;1,171783E-1;1,297370E-1;9,378476E-1;;
30/11/2021  10:22:50,320222;9,370696E-1;1,267357E-1;1,253139E-1;9,377525E-1;;
30/11/2021  10:22:50,320322;9,373348E-1;1,417090E-1;1,496407E-1;9,376616E-1;;
30/11/2021  10:22:50,320422;9,381097E-1;1,225942E-1;9,656411E-2;9,375751E-1;;
30/11/2021  10:22:50,320522;9,382855E-1;1,722926E-1;1,610142E-1;9,374932E-1;;
30/11/2021  10:22:50,320622;9,376984E-1;1,713369E-1;1,430061E-1;9,374160E-1;;
30/11/2021  10:22:50,320722;9,379875E-1;1,585937E-1;1,461654E-1;9,373437E-1;;
30/11/2021  10:22:50,320822;9,379458E-1;1,471248E-1;1,528000E-1;9,372763E-1;;
30/11/2021  10:22:50,320922;9,376746E-1;1,254614E-1;1,502726E-1;9,372139E-1;;
30/11/2021  10:22:50,321022;9,386640E-1;7,905358E-3;7,760819E-2;9,371565E-1;;
30/11/2021  10:22:50,321122;9,385835E-1;1,257800E-1;1,354238E-1;9,371043E-1;;
30/11/2021  10:22:50,321222;9,389591E-1;1,362931E-1;1,452176E-1;9,370573E-1;;
30/11/2021  10:22:50,321322;9,394776E-1;1,649653E-1;2,096678E-1;9,370156E-1;;
30/11/2021  10:22:50,321422;9,393912E-1;1,496735E-1;1,657532E-1;9,369795E-1;;
30/11/2021  10:22:50,321522;9,396356E-1;1,181340E-1;1,253139E-1;9,369491E-1;;
30/11/2021  10:22:50,321622;9,400290E-1;1,194084E-1;1,196272E-1;9,369245E-1;;
30/11/2021  10:22:50,321722;9,399664E-1;1,296029E-1;1,303688E-1;9,369060E-1;;
30/11/2021  10:22:50,321822;9,416562E-1;1,778134E-2;6,970989E-2;9,368937E-1;;
30/11/2021  10:22:50,321922;9,421092E-1;1,331073E-1;1,249980E-1;9,368878E-1;;
30/11/2021  10:22:50,322022;9,424907E-1;1,165411E-1;1,338441E-1;9,368889E-1;;
30/11/2021  10:22:50,322122;9,426368E-1;1,499920E-1;1,436380E-1;9,368973E-1;;
30/11/2021  10:22:50,322222;9,421301E-1;6,461260E-2;1,682807E-1;9,369133E-1;;
30/11/2021  10:22:50,322322;9,425622E-1;8,022302E-2;8,866581E-2;9,369374E-1;;
30/11/2021  10:22:50,322422;9,437305E-1;4,995792E-2;9,656411E-2;9,369696E-1;;
30/11/2021  10:22:50,322522;9,439421E-1;1,311958E-1;1,600664E-1;9,370101E-1;;
30/11/2021  10:22:50,322622;9,434772E-1;3,657756E-2;8,171531E-2;9,370593E-1;;
30/11/2021  10:22:50,322722;9,436024E-1;1,238685E-1;1,215227E-1;9,371173E-1;;
30/11/2021  10:22:50,322822;9,427291E-1;1,270543E-1;1,297370E-1;9,371842E-1;;
30/11/2021  10:22:50,322922;9,429765E-1;1,334259E-1;1,490088E-1;9,372597E-1;;
30/11/2021  10:22:50,323022;9,431851E-1;1,248242E-1;1,379512E-1;9,373437E-1;;
30/11/2021  10:22:50,323122;9,436173E-1;1,216384E-1;1,208909E-1;9,374359E-1;;
30/11/2021  10:22:50,323222;9,436352E-1;1,174969E-1;1,249980E-1;9,375360E-1;;
30/11/2021  10:22:50,323322;9,429556E-1;1,337445E-1;1,218387E-1;9,376438E-1;;
30/11/2021  10:22:50,323422;9,432447E-1;1,410718E-1;1,559593E-1;9,377588E-1;;
30/11/2021  10:22:50,323522;9,426695E-1;9,678918E-2;8,582243E-2;9,378807E-1;;
30/11/2021  10:22:50,323622;9,421569E-1;1,210013E-1;1,170997E-1;9,380089E-1;;
30/11/2021  10:22:50,323722;9,425444E-1;1,229127E-1;1,234183E-1;9,381428E-1;;
30/11/2021  10:22:50,323822;9,434116E-1;1,385232E-1;1,708081E-1;9,382817E-1;;
30/11/2021  10:22:50,323922;9,427411E-1;8,723178E-2;9,688005E-2;9,384251E-1;;
30/11/2021  10:22:50,324022;9,431672E-1;1,260985E-1;1,313166E-1;9,385725E-1;;
30/11/2021  10:22:50,324122;9,430331E-1;1,283286E-1;1,430061E-1;9,387233E-1;;
30/11/2021  10:22:50,324222;9,430421E-1;2,739197E-1;2,346264E-1;9,388772E-1;;
30/11/2021  10:22:50,324322;9,431166E-1;1,152668E-1;1,186794E-1;9,390335E-1;;
30/11/2021  10:22:50,324422;9,431881E-1;1,283286E-1;1,294210E-1;9,391918E-1;;
30/11/2021  10:22:50,324522;9,440643E-1;1,254614E-1;1,189953E-1;9,393517E-1;;
30/11/2021  10:22:50,324622;9,440882E-1;1,429833E-1;1,496407E-1;9,395128E-1;;
30/11/2021  10:22:50,324722;9,444577E-1;1,181340E-1;1,240502E-1;9,396747E-1;;
30/11/2021  10:22:50,324822;9,437395E-1;1,461691E-1;1,537478E-1;9,398374E-1;;
30/11/2021  10:22:50,324922;9,435457E-1;1,531778E-1;1,894481E-1;9,400004E-1;;
30/11/2021  10:22:50,325022;9,440911E-1;1,159040E-1;1,050943E-1;9,401635E-1;;
30/11/2021  10:22:50,325122;9,436679E-1;-2,936850E-2;2,010857E-2;9,403263E-1;;
30/11/2021  10:22:50,325222;9,443057E-1;9,583344E-2;1,044624E-1;9,404884E-1;;
30/11/2021  10:22:50,325322;9,433341E-1;1,053908E-1;1,028828E-1;9,406497E-1;;
30/11/2021  10:22:50,325422;9,424728E-1;1,378860E-1;1,404787E-1;9,408095E-1;;
30/11/2021  10:22:50,325522;9,418708E-1;1,640096E-1;1,806020E-1;9,409676E-1;;
30/11/2021  10:22:50,325622;9,409410E-1;1,321516E-1;1,332122E-1;9,411232E-1;;
30/11/2021  10:22:50,325722;9,410810E-1;7,034704E-2;9,087734E-2;9,412755E-1;;
30/11/2021  10:22:50,325822;9,409439E-1;1,127182E-1;1,249980E-1;9,414239E-1;;
30/11/2021  10:22:50,325922;9,405118E-1;3,498466E-2;7,034176E-2;9,415675E-1;;
30/11/2021  10:22:50,326022;9,402406E-1;1,308772E-1;1,249980E-1;9,417056E-1;;
30/11/2021  10:22:50,326122;9,399336E-1;1,251428E-1;1,031987E-1;9,418377E-1;;
30/11/2021  10:22:50,326222;9,392183E-1;1,289658E-1;1,224705E-1;9,419630E-1;;
30/11/2021  10:22:50,326322;9,389889E-1;1,350188E-1;1,363715E-1;9,420809E-1;;
30/11/2021  10:22:50,326422;9,400350E-1;1,353374E-1;1,335282E-1;9,421908E-1;;
30/11/2021  10:22:50,326522;9,403896E-1;1,123996E-1;1,142563E-1;9,422921E-1;;
30/11/2021  10:22:50,326622;9,402167E-1;1,340630E-1;1,262617E-1;9,423846E-1;;
30/11/2021  10:22:50,326722;9,399783E-1;4,486064E-2;5,865227E-2;9,424682E-1;;
30/11/2021  10:22:50,326822;9,401750E-1;1,254614E-1;1,294210E-1;9,425429E-1;;
30/11/2021  10:22:50,326922;9,396624E-1;1,088952E-1;1,594346E-1;9,426084E-1;;
30/11/2021  10:22:50,327022;9,404582E-1;1,362931E-1;1,546956E-1;9,426648E-1;;
30/11/2021  10:22:50,327122;9,404790E-1;4,900218E-2;8,139938E-2;9,427123E-1;;
30/11/2021  10:22:50,327222;9,411257E-1;1,197269E-1;1,199431E-1;9,427508E-1;;
30/11/2021  10:22:50,327322;9,409112E-1;1,459554E-2;8,297904E-2;9,427809E-1;;
30/11/2021  10:22:50,327422;9,415817E-1;1,066652E-1;1,060421E-1;9,428028E-1;;
30/11/2021  10:22:50,327522;9,413403E-1;1,028422E-1;1,076217E-1;9,428170E-1;;
30/11/2021  10:22:50,327622;9,408009E-1;1,152668E-1;1,417424E-1;9,428239E-1;;
30/11/2021  10:22:50,327722;9,415698E-1;1,079395E-1;1,259458E-1;9,428240E-1;;
30/11/2021  10:22:50,327822;9,423059E-1;1,053908E-1;9,182514E-2;9,428177E-1;;
30/11/2021  10:22:50,327922;9,417933E-1;1,289658E-1;1,486929E-1;9,428057E-1;;
30/11/2021  10:22:50,328022;9,423417E-1;1,012493E-1;9,308886E-2;9,427884E-1;;
30/11/2021  10:22:50,328122;9,421450E-1;7,480716E-2;7,981972E-2;9,427664E-1;;
30/11/2021  10:22:50,328222;9,421241E-1;8,818752E-2;8,234717E-2;9,427404E-1;;
30/11/2021  10:22:50,328322;9,414655E-1;6,875414E-2;8,771802E-2;9,427108E-1;;
30/11/2021  10:22:50,328422;9,416920E-1;7,225852E-2;8,392683E-2;9,426782E-1;;
30/11/2021  10:22:50,328522;9,424043E-1;2,732825E-1;2,962331E-1;9,426427E-1;;
30/11/2021  10:22:50,328622;9,419036E-1;7,417000E-2;1,016190E-1;9,426050E-1;;
30/11/2021  10:22:50,328722;9,432030E-1;1,378860E-1;1,562753E-1;9,425654E-1;;
30/11/2021  10:22:50,328822;9,426934E-1;1,531778E-1;1,477451E-1;9,425245E-1;;
30/11/2021  10:22:50,328922;9,427440E-1;1,585937E-1;1,363715E-1;9,424828E-1;;
30/11/2021  10:22:50,329022;9,422285E-1;1,617795E-1;1,518522E-1;9,424407E-1;;
30/11/2021  10:22:50,329122;9,433163E-1;1,611423E-1;1,546956E-1;9,423986E-1;;
30/11/2021  10:22:50,329222;9,433908E-1;1,455319E-1;1,417424E-1;9,423569E-1;;
30/11/2021  10:22:50,329322;9,440494E-1;1,299215E-1;1,268936E-1;9,423162E-1;;
30/11/2021  10:22:50,329422;9,441299E-1;1,235499E-1;1,136244E-1;9,422768E-1;;
30/11/2021  10:22:50,329522;9,439123E-1;1,264171E-1;1,177316E-1;9,422394E-1;;
30/11/2021  10:22:50,329622;9,434951E-1;1,203641E-1;1,183634E-1;9,422044E-1;;
30/11/2021  10:22:50,329722;9,438199E-1;7,257710E-2;8,203124E-2;9,421722E-1;;
30/11/2021  10:22:50,329822;9,446187E-1;8,532030E-2;1,120448E-1;9,421429E-1;;
30/11/2021  10:22:50,329922;9,450806E-1;1,267357E-1;1,578549E-1;9,421170E-1;;
30/11/2021  10:22:50,330022;9,447706E-1;5,537378E-2;8,961361E-2;9,420949E-1;;
30/11/2021  10:22:50,330122;9,451283E-1;1,315144E-1;1,335282E-1;9,420769E-1;;
30/11/2021  10:22:50,330222;9,448779E-1;1,445762E-1;1,382671E-1;9,420633E-1;;
30/11/2021  10:22:50,330322;9,445501E-1;1,264171E-1;1,360556E-1;9,420545E-1;;
30/11/2021  10:22:50,330422;9,448809E-1;1,308772E-1;1,303688E-1;9,420504E-1;;
30/11/2021  10:22:50,330522;9,461058E-1;1,356559E-1;1,310007E-1;9,420514E-1;;
30/11/2021  10:22:50,330622;9,461237E-1;1,264171E-1;1,328963E-1;9,420575E-1;;
30/11/2021  10:22:50,330722;9,460492E-1;1,241871E-1;1,246821E-1;9,420690E-1;;
30/11/2021  10:22:50,330822;9,454591E-1;1,289658E-1;1,240502E-1;9,420861E-1;;
30/11/2021  10:22:50,330922;9,450180E-1;1,340630E-1;1,253139E-1;9,421089E-1;;
30/11/2021  10:22:50,331022;9,451134E-1;1,359745E-1;1,287892E-1;9,421373E-1;;
30/11/2021  10:22:50,331122;9,454323E-1;1,200455E-1;1,291051E-1;9,421711E-1;;
30/11/2021  10:22:50,331222;9,455723E-1;1,225942E-1;1,240502E-1;9,422102E-1;;
30/11/2021  10:22:50,331322;9,461356E-1;1,245056E-1;7,887192E-2;9,422544E-1;;
30/11/2021  10:22:50,331422;9,455485E-1;1,697440E-1;2,251484E-1;9,423036E-1;;
30/11/2021  10:22:50,331522;9,458495E-1;1,270543E-1;1,335282E-1;9,423577E-1;;
30/11/2021  10:22:50,331622;9,454382E-1;1,267357E-1;1,284732E-1;9,424165E-1;;
30/11/2021  10:22:50,331722;9,452266E-1;1,356559E-1;1,351078E-1;9,424797E-1;;
30/11/2021  10:22:50,331822;9,457124E-1;1,519035E-1;1,559593E-1;9,425471E-1;;
30/11/2021  10:22:50,331922;9,464545E-1;1,270543E-1;1,126766E-1;9,426183E-1;;
30/11/2021  10:22:50,332022;9,463949E-1;2,210354E-1;2,131430E-1;9,426933E-1;;
30/11/2021  10:22:50,332122;9,458734E-1;1,219570E-1;1,142563E-1;9,427718E-1;;
30/11/2021  10:22:50,332222;9,460641E-1;1,280100E-1;1,256299E-1;9,428536E-1;;
30/11/2021  10:22:50,332322;9,463115E-1;1,174969E-1;1,158360E-1;9,429385E-1;;
30/11/2021  10:22:50,332422;9,465797E-1;1,299215E-1;1,335282E-1;9,430264E-1;;
30/11/2021  10:22:50,332522;9,470863E-1;7,671864E-2;9,498445E-2;9,431169E-1;;
30/11/2021  10:22:50,332622;9,473933E-1;1,643281E-1;1,505885E-1;9,432100E-1;;
30/11/2021  10:22:50,332722;9,476615E-1;6,015248E-2;8,013565E-2;9,433056E-1;;
30/11/2021  10:22:50,332822;9,472234E-1;1,267357E-1;1,193112E-1;9,434037E-1;;
30/11/2021  10:22:50,332922;9,471012E-1;1,299215E-1;1,354238E-1;9,435042E-1;;
30/11/2021  10:22:50,333022;9,473158E-1;1,225942E-1;1,237343E-1;9,436070E-1;;
30/11/2021  10:22:50,333122;9,476139E-1;1,318330E-1;1,256299E-1;9,437119E-1;;
30/11/2021  10:22:50,333222;9,475990E-1;1,331073E-1;1,306848E-1;9,438188E-1;;
30/11/2021  10:22:50,333322;9,486868E-1;1,324701E-1;1,588027E-1;9,439275E-1;;
30/11/2021  10:22:50,333422;9,485348E-1;2,181682E-1;2,349423E-1;9,440381E-1;;
30/11/2021  10:22:50,333522;9,483440E-1;1,334259E-1;1,316326E-1;9,441504E-1;;
30/11/2021  10:22:50,333622;9,483589E-1;1,292843E-1;1,259458E-1;9,442646E-1;;
30/11/2021  10:22:50,333722;9,478404E-1;1,318330E-1;1,297370E-1;9,443804E-1;;
30/11/2021  10:22:50,333822;9,488090E-1;1,213198E-1;1,272095E-1;9,444978E-1;;
30/11/2021  10:22:50,333922;9,483261E-1;1,420275E-1;1,370034E-1;9,446166E-1;;
30/11/2021  10:22:50,334022;9,485795E-1;1,347002E-1;1,303688E-1;9,447366E-1;;
30/11/2021  10:22:50,334122;9,486748E-1;1,162226E-1;1,382671E-1;9,448577E-1;;
30/11/2021  10:22:50,334222;9,481592E-1;1,296029E-1;1,196272E-1;9,449799E-1;;
30/11/2021  10:22:50,334322;9,472354E-1;1,650702E-2;1,117289E-1;9,451027E-1;;
30/11/2021  10:22:50,334422;9,478046E-1;6,949618E-3;8,519056E-2;9,452259E-1;;
30/11/2021  10:22:50,334522;9,479834E-1;1,296029E-1;1,303688E-1;9,453492E-1;;
30/11/2021  10:22:50,334622;9,484334E-1;1,566822E-1;1,597505E-1;9,454721E-1;;
30/11/2021  10:22:50,334722;9,477271E-1;3,976336E-2;1,117289E-1;9,455944E-1;;
30/11/2021  10:22:50,334822;9,476884E-1;1,375674E-1;1,388990E-1;9,457160E-1;;
30/11/2021  10:22:50,334922;9,468092E-1;1,190898E-1;1,253139E-1;9,458364E-1;;
30/11/2021  10:22:50,335022;9,468777E-1;1,448948E-1;1,512204E-1;9,459552E-1;;
30/11/2021  10:22:50,335122;9,467168E-1;1,353374E-1;1,335282E-1;9,460720E-1;;
30/11/2021  10:22:50,335222;9,472205E-1;1,369303E-1;1,253139E-1;9,461864E-1;;
30/11/2021  10:22:50,335322;9,479566E-1;1,343816E-1;1,370034E-1;9,462979E-1;;
30/11/2021  10:22:50,335422;9,474142E-1;1,382046E-1;1,319485E-1;9,464065E-1;;
30/11/2021  10:22:50,335522;9,475662E-1;1,318330E-1;1,392149E-1;9,465119E-1;;
30/11/2021  10:22:50,335622;9,465976E-1;1,022050E-1;1,016190E-1;9,466140E-1;;
30/11/2021  10:22:50,335722;9,458972E-1;8,755036E-2;9,277293E-2;9,467125E-1;;
30/11/2021  10:22:50,335822;9,467287E-1;1,044351E-1;1,095173E-1;9,468070E-1;;
30/11/2021  10:22:50,335922;9,463323E-1;1,165411E-1;1,480610E-1;9,468972E-1;;
30/11/2021  10:22:50,336022;9,462340E-1;1,060280E-1;1,101492E-1;9,469829E-1;;
30/11/2021  10:22:50,336122;9,460343E-1;1,018865E-1;1,259458E-1;9,470637E-1;;
30/11/2021  10:22:50,336222;9,454144E-1;1,101695E-1;1,265777E-1;9,471396E-1;;
30/11/2021  10:22:50,336322;9,448899E-1;1,515849E-1;1,502726E-1;9,472100E-1;;
30/11/2021  10:22:50,336422;9,443296E-1;9,774492E-2;1,129926E-1;9,472748E-1;;
30/11/2021  10:22:50,336522;9,440226E-1;9,487770E-2;1,063580E-1;9,473334E-1;;
30/11/2021  10:22:50,336622;9,439123E-1;1,044351E-1;1,095173E-1;9,473855E-1;;
30/11/2021  10:22:50,336722;9,437544E-1;1,308772E-1;1,528000E-1;9,474307E-1;;
30/11/2021  10:22:50,336822;9,428633E-1;6,843556E-2;5,454516E-2;9,474685E-1;;
30/11/2021  10:22:50,336922;9,425891E-1;7,098420E-2;6,212753E-2;9,474986E-1;;
30/11/2021  10:22:50,337022;9,426457E-1;1,506292E-1;1,407946E-1;9,475206E-1;;
30/11/2021  10:22:50,337122;9,418887E-1;7,289568E-2;9,624818E-2;9,475341E-1;;
30/11/2021  10:22:50,337222;9,426159E-1;1,640096E-1;1,537478E-1;9,475389E-1;;
30/11/2021  10:22:50,337322;9,426338E-1;1,468062E-1;1,436380E-1;9,475347E-1;;
30/11/2021  10:22:50,337422;9,423804E-1;1,104881E-1;1,104651E-1;9,475215E-1;;
30/11/2021  10:22:50,337522;9,418529E-1;1,808943E-1;1,682807E-1;9,474991E-1;;
30/11/2021  10:22:50,337622;9,414774E-1;1,337445E-1;1,606983E-1;9,474677E-1;;
30/11/2021  10:22:50,337722;9,406310E-1;1,350188E-1;1,401627E-1;9,474270E-1;;
30/11/2021  10:22:50,337822;9,408784E-1;1,359745E-1;1,265777E-1;9,473772E-1;;
30/11/2021  10:22:50,337922;9,409976E-1;1,229127E-1;1,284732E-1;9,473180E-1;;
30/11/2021  10:22:50,338022;9,416085E-1;1,219570E-1;1,240502E-1;9,472496E-1;;
30/11/2021  10:22:50,338122;9,410542E-1;1,276914E-1;1,303688E-1;9,471721E-1;;
30/11/2021  10:22:50,338222;9,402644E-1;1,267357E-1;1,300529E-1;9,470858E-1;;
30/11/2021  10:22:50,338322;9,394389E-1;1,260985E-1;1,259458E-1;9,469908E-1;;
30/11/2021  10:22:50,338422;9,387266E-1;1,327887E-1;1,313166E-1;9,468872E-1;;
30/11/2021  10:22:50,338522;9,387236E-1;1,359745E-1;1,379512E-1;9,467750E-1;;
30/11/2021  10:22:50,338622;9,382587E-1;8,054160E-2;8,771802E-2;9,466541E-1;;
30/11/2021  10:22:50,338722;9,381127E-1;1,232313E-1;1,183634E-1;9,465245E-1;;
30/11/2021  10:22:50,338822;9,372752E-1;1,187712E-1;1,123607E-1;9,463863E-1;;
30/11/2021  10:22:50,338922;9,364824E-1;2,256004E-2;6,591871E-2;9,462394E-1;;
30/11/2021  10:22:50,339022;9,360533E-1;1,012493E-1;1,929234E-1;9,460838E-1;;
30/11/2021  10:22:50,339122;9,349208E-1;1,582751E-1;1,916596E-1;9,459193E-1;;
30/11/2021  10:22:50,339222;9,352426E-1;6,461260E-2;1,629098E-1;9,457458E-1;;
30/11/2021  10:22:50,339322;9,345512E-1;1,353374E-1;1,300529E-1;9,455631E-1;;
30/11/2021  10:22:50,339422;9,345125E-1;1,289658E-1;1,600664E-1;9,453711E-1;;
30/11/2021  10:22:50,339522;9,339730E-1;1,229127E-1;1,107811E-1;9,451699E-1;;
30/11/2021  10:22:50,339622;9,333948E-1;1,267357E-1;1,202590E-1;9,449594E-1;;
30/11/2021  10:22:50,339722;9,331534E-1;1,229127E-1;1,174156E-1;9,447396E-1;;
30/11/2021  10:22:50,339822;9,331534E-1;1,841850E-2;7,918786E-2;9,445106E-1;;
30/11/2021  10:22:50,339922;9,331922E-1;1,213198E-1;1,057261E-1;9,442725E-1;;
30/11/2021  10:22:50,340022;9,336124E-1;1,429833E-1;1,426902E-1;9,440256E-1;;
30/11/2021  10:22:50,340122;9,337376E-1;1,375674E-1;1,148882E-1;9,437701E-1;;
30/11/2021  10:22:50,340222;9,326736E-1;9,455912E-2;9,814378E-2;9,435067E-1;;
30/11/2021  10:22:50,340322;9,319583E-1;9,073616E-2;6,970989E-2;9,432356E-1;;
30/11/2021  10:22:50,340422;9,315560E-1;1,311958E-1;1,471132E-1;9,429574E-1;;
30/11/2021  10:22:50,340522;9,318063E-1;1,149482E-1;1,006712E-1;9,426722E-1;;
30/11/2021  10:22:50,340622;9,316454E-1;1,362931E-1;1,502726E-1;9,423804E-1;;
30/11/2021  10:22:50,340722;9,319732E-1;1,350188E-1;1,407946E-1;9,420825E-1;;
30/11/2021  10:22:50,340822;9,319941E-1;1,362931E-1;1,553275E-1;9,417790E-1;;
30/11/2021  10:22:50,340922;9,305218E-1;1,308772E-1;1,316326E-1;9,414703E-1;;
30/11/2021  10:22:50,341022;9,306530E-1;1,283286E-1;1,313166E-1;9,411571E-1;;
30/11/2021  10:22:50,341122;9,306887E-1;1,232313E-1;1,278414E-1;9,408396E-1;;
30/11/2021  10:22:50,341222;9,301672E-1;1,327887E-1;1,335282E-1;9,405184E-1;;
30/11/2021  10:22:50,341322;9,304920E-1;1,216384E-1;1,212068E-1;9,401938E-1;;
30/11/2021  10:22:50,341422;9,301225E-1;1,248242E-1;1,275255E-1;9,398663E-1;;
30/11/2021  10:22:50,341522;9,305308E-1;1,241871E-1;1,231024E-1;9,395365E-1;;
30/11/2021  10:22:50,341622;9,298125E-1;1,302401E-1;1,224705E-1;9,392049E-1;;
30/11/2021  10:22:50,341722;9,292552E-1;1,210013E-1;1,215227E-1;9,388719E-1;;
30/11/2021  10:22:50,341822;9,295711E-1;1,200455E-1;1,196272E-1;9,385381E-1;;
30/11/2021  10:22:50,341922;9,301165E-1;-1,236682E-1;1,631739E-2;9,382038E-1;;
30/11/2021  10:22:50,342022;9,298244E-1;1,178155E-1;1,395309E-1;9,378696E-1;;
30/11/2021  10:22:50,342122;9,300390E-1;1,343816E-1;1,423743E-1;9,375361E-1;;
30/11/2021  10:22:50,342222;9,300122E-1;1,245056E-1;1,224705E-1;9,372038E-1;;
30/11/2021  10:22:50,342322;9,292820E-1;1,318330E-1;1,278414E-1;9,368734E-1;;
30/11/2021  10:22:50,342422;9,289870E-1;1,149482E-1;1,205749E-1;9,365453E-1;;
30/11/2021  10:22:50,342522;9,291092E-1;1,273729E-1;1,373193E-1;9,362199E-1;;
30/11/2021  10:22:50,342622;9,293506E-1;1,327887E-1;1,287892E-1;9,358978E-1;;
30/11/2021  10:22:50,342722;9,299794E-1;1,372488E-1;1,411105E-1;9,355792E-1;;
30/11/2021  10:22:50,342822;9,302387E-1;1,327887E-1;1,275255E-1;9,352647E-1;;
30/11/2021  10:22:50,342922;9,295562E-1;1,238685E-1;1,224705E-1;9,349549E-1;;
30/11/2021  10:22:50,343022;9,294817E-1;1,334259E-1;1,303688E-1;9,346503E-1;;
30/11/2021  10:22:50,343122;9,293863E-1;1,397975E-1;1,294210E-1;9,343513E-1;;
30/11/2021  10:22:50,343222;9,300539E-1;1,139925E-1;1,189953E-1;9,340584E-1;;
30/11/2021  10:22:50,343322;9,299794E-1;1,194084E-1;1,562753E-1;9,337719E-1;;
30/11/2021  10:22:50,343422;9,306112E-1;1,620981E-1;1,945030E-1;9,334923E-1;;
30/11/2021  10:22:50,343522;9,305874E-1;1,777085E-1;1,543797E-1;9,332201E-1;;
30/11/2021  10:22:50,343622;9,307096E-1;1,254614E-1;1,287892E-1;9,329557E-1;;
30/11/2021  10:22:50,343722;9,306589E-1;1,334259E-1;1,310007E-1;9,326997E-1;;
30/11/2021  10:22:50,343822;9,302774E-1;1,305587E-1;1,313166E-1;9,324525E-1;;
30/11/2021  10:22:50,343922;9,313802E-1;1,136739E-1;1,186794E-1;9,322143E-1;;
30/11/2021  10:22:50,344022;9,318719E-1;1,095324E-1;9,530039E-2;9,319856E-1;;
30/11/2021  10:22:50,344122;9,316722E-1;1,114439E-1;1,442698E-1;9,317667E-1;;
30/11/2021  10:22:50,344222;9,321550E-1;1,060280E-1;1,120448E-1;9,315582E-1;;
30/11/2021  10:22:50,344322;9,323637E-1;1,073023E-1;1,170997E-1;9,313603E-1;;
30/11/2021  10:22:50,344422;9,318272E-1;1,095324E-1;1,142563E-1;9,311736E-1;;
30/11/2021  10:22:50,344522;9,320477E-1;8,659462E-2;1,449017E-1;9,309982E-1;;
30/11/2021  10:22:50,344622;9,323428E-1;1,123996E-1;1,076217E-1;9,308343E-1;;
30/11/2021  10:22:50,344722;9,327422E-1;9,742634E-2;9,909157E-2;9,306821E-1;;
30/11/2021  10:22:50,344822;9,333203E-1;8,309024E-2;7,539667E-2;9,305418E-1;;
30/11/2021  10:22:50,344922;9,329240E-1;9,615202E-2;1,050943E-1;9,304135E-1;;
30/11/2021  10:22:50,345022;9,330849E-1;1,057094E-1;1,249980E-1;9,302974E-1;;
30/11/2021  10:22:50,345122;9,329180E-1;1,082581E-1;1,196272E-1;9,301935E-1;;
30/11/2021  10:22:50,345222;9,334246E-1;1,241871E-1;1,556434E-1;9,301018E-1;;
30/11/2021  10:22:50,345322;9,335886E-1;1,378860E-1;1,439539E-1;9,300222E-1;;
30/11/2021  10:22:50,345422;9,339104E-1;1,487177E-1;1,430061E-1;9,299548E-1;;
30/11/2021  10:22:50,345522;9,342591E-1;2,503447E-1;2,418928E-1;9,298995E-1;;
30/11/2021  10:22:50,345622;9,342830E-1;1,710183E-1;1,528000E-1;9,298561E-1;;
30/11/2021  10:22:50,345722;9,344022E-1;1,691068E-1;1,550115E-1;9,298247E-1;;
30/11/2021  10:22:50,345822;9,350102E-1;1,560451E-1;1,521681E-1;9,298051E-1;;
30/11/2021  10:22:50,345922;9,355377E-1;1,347002E-1;1,278414E-1;9,297972E-1;;
30/11/2021  10:22:50,346022;9,362142E-1;1,302401E-1;1,170997E-1;9,298010E-1;;
30/11/2021  10:22:50,346122;9,366434E-1;1,181340E-1;1,167838E-1;9,298165E-1;;
30/11/2021  10:22:50,346222;9,369652E-1;1,165411E-1;1,262617E-1;9,298436E-1;;
30/11/2021  10:22:50,346322;9,376447E-1;1,139925E-1;1,142563E-1;9,298826E-1;;
30/11/2021  10:22:50,346422;9,375226E-1;1,557265E-1;2,469477E-1;9,299334E-1;;
30/11/2021  10:22:50,346522;9,378146E-1;1,468062E-1;1,572231E-1;9,299960E-1;;
30/11/2021  10:22:50,346622;9,384047E-1;-1,535098E-2;7,666040E-2;9,300703E-1;;
30/11/2021  10:22:50,346722;9,392124E-1;1,391603E-1;1,385831E-1;9,301564E-1;;
30/11/2021  10:22:50,346822;9,393614E-1;5,675298E-3;6,370719E-2;9,302543E-1;;
30/11/2021  10:22:50,346922;9,395819E-1;1,397975E-1;1,398468E-1;9,303638E-1;;
30/11/2021  10:22:50,347022;9,390813E-1;1,155854E-1;1,205749E-1;9,304849E-1;;
30/11/2021  10:22:50,347122;9,393137E-1;1,719741E-1;1,749153E-1;9,306175E-1;;
30/11/2021  10:22:50,347222;9,392332E-1;1,162226E-1;1,373193E-1;9,307613E-1;;
30/11/2021  10:22:50,347322;9,402555E-1;1,238685E-1;1,177316E-1;9,309158E-1;;
30/11/2021  10:22:50,347422;9,401720E-1;1,203641E-1;1,237343E-1;9,310807E-1;;
30/11/2021  10:22:50,347522;9,406906E-1;1,136739E-1;7,350108E-2;9,312558E-1;;
30/11/2021  10:22:50,347622;9,412956E-1;1,713369E-1;1,973464E-1;9,314406E-1;;
30/11/2021  10:22:50,347722;9,404343E-1;1,410718E-1;2,188298E-1;9,316349E-1;;
30/11/2021  10:22:50,347822;9,405178E-1;1,184526E-1;1,253139E-1;9,318383E-1;;
30/11/2021  10:22:50,347922;9,405714E-1;1,190898E-1;1,120448E-1;9,320503E-1;;
30/11/2021  10:22:50,348022;9,417129E-1;1,646467E-1;1,581709E-1;9,322703E-1;;
30/11/2021  10:22:50,348122;9,423030E-1;9,901924E-2;7,855599E-2;9,324978E-1;;
30/11/2021  10:22:50,348222;9,427262E-1;1,219570E-1;1,452176E-1;9,327325E-1;;
30/11/2021  10:22:50,348322;9,423685E-1;1,254614E-1;1,379512E-1;9,329741E-1;;
30/11/2021  10:22:50,348422;9,421122E-1;2,618136E-1;2,084040E-1;9,332221E-1;;
30/11/2021  10:22:50,348522;9,426159E-1;1,159040E-1;1,246821E-1;9,334763E-1;;
30/11/2021  10:22:50,348622;9,434385E-1;1,289658E-1;1,262617E-1;9,337360E-1;;
30/11/2021  10:22:50,348722;9,439689E-1;1,260985E-1;1,196272E-1;9,340010E-1;;
30/11/2021  10:22:50,348822;9,444845E-1;1,248242E-1;1,208909E-1;9,342708E-1;;
30/11/2021  10:22:50,348922;9,444994E-1;9,647060E-2;9,688005E-2;9,345454E-1;;
30/11/2021  10:22:50,349022;9,444071E-1;5,155082E-2;9,624818E-2;9,348243E-1;;
30/11/2021  10:22:50,349122;9,444100E-1;8,340882E-2;6,939396E-2;9,351073E-1;;
30/11/2021  10:22:50,349222;9,446485E-1;1,289658E-1;1,085695E-1;9,353941E-1;;
30/11/2021  10:22:50,349322;9,455068E-1;1,289658E-1;1,351078E-1;9,356841E-1;;
30/11/2021  10:22:50,349422;9,449822E-1;1,168597E-1;1,044624E-1;9,359772E-1;;
30/11/2021  10:22:50,349522;9,456886E-1;1,245056E-1;1,205749E-1;9,362730E-1;;
30/11/2021  10:22:50,349622;9,447438E-1;1,152668E-1;1,158360E-1;9,365710E-1;;
30/11/2021  10:22:50,349722;9,445650E-1;1,480806E-1;1,720719E-1;9,368709E-1;;
30/11/2021  10:22:50,349822;9,441776E-1;1,280100E-1;1,278414E-1;9,371720E-1;;
30/11/2021  10:22:50,349922;9,446872E-1;1,159040E-1;1,155200E-1;9,374737E-1;;
30/11/2021  10:22:50,350022;9,450448E-1;1,136739E-1;1,208909E-1;9,377754E-1;;
30/11/2021  10:22:50,350122;9,449495E-1;1,213198E-1;1,243661E-1;9,380766E-1;;
30/11/2021  10:22:50,350222;9,446514E-1;1,286472E-1;1,202590E-1;9,383766E-1;;
30/11/2021  10:22:50,350322;9,445501E-1;1,047537E-1;7,508074E-2;9,386749E-1;;
30/11/2021  10:22:50,350422;9,446008E-1;1,155854E-1;1,142563E-1;9,389709E-1;;
30/11/2021  10:22:50,350522;9,441388E-1;1,334259E-1;1,272095E-1;9,392641E-1;;
30/11/2021  10:22:50,350622;9,446574E-1;1,388417E-1;1,423743E-1;9,395538E-1;;
30/11/2021  10:22:50,350722;9,450031E-1;1,022050E-1;1,174156E-1;9,398395E-1;;
30/11/2021  10:22:50,350822;9,450895E-1;1,706997E-1;1,543797E-1;9,401207E-1;;
30/11/2021  10:22:50,350922;9,450508E-1;1,254614E-1;1,259458E-1;9,403970E-1;;
30/11/2021  10:22:50,351022;9,446783E-1;4,135626E-2;9,119327E-2;9,406681E-1;;
30/11/2021  10:22:50,351122;9,441716E-1;1,206827E-1;1,565912E-1;9,409335E-1;;
30/11/2021  10:22:50,351222;9,444100E-1;1,394789E-1;1,341600E-1;9,411929E-1;;
30/11/2021  10:22:50,351322;9,446336E-1;1,044351E-1;1,610142E-1;9,414458E-1;;
30/11/2021  10:22:50,351422;9,449554E-1;1,382046E-1;1,294210E-1;9,416918E-1;;
30/11/2021  10:22:50,351522;9,451432E-1;1,232313E-1;1,518522E-1;9,419307E-1;;
30/11/2021  10:22:50,351622;9,449673E-1;1,187712E-1;1,104651E-1;9,421623E-1;;
30/11/2021  10:22:50,351722;9,446485E-1;1,187712E-1;1,129926E-1;9,423864E-1;;
30/11/2021  10:22:50,351822;9,435159E-1;1,579565E-1;1,790224E-1;9,426028E-1;;
30/11/2021  10:22:50,351922;9,440345E-1;1,417090E-1;1,354238E-1;9,428112E-1;;
30/11/2021  10:22:50,352022;9,448958E-1;8,755036E-2;8,677022E-2;9,430113E-1;;
30/11/2021  10:22:50,352122;9,443236E-1;1,299215E-1;1,164678E-1;9,432029E-1;;
30/11/2021  10:22:50,352222;9,444220E-1;1,254614E-1;1,047783E-1;9,433859E-1;;
30/11/2021  10:22:50,352322;9,434355E-1;8,500172E-2;8,550650E-2;9,435603E-1;;
30/11/2021  10:22:50,352422;9,430659E-1;1,714418E-2;5,865227E-2;9,437258E-1;;
30/11/2021  10:22:50,352522;9,425116E-1;1,127182E-1;1,347919E-1;9,438823E-1;;
30/11/2021  10:22:50,352622;9,425771E-1;6,429402E-2;5,486109E-2;9,440293E-1;;
30/11/2021  10:22:50,352722;9,427262E-1;9,296622E-2;1,430061E-1;9,441666E-1;;
30/11/2021  10:22:50,352822;9,426189E-1;1,337445E-1;1,622780E-1;9,442939E-1;;
30/11/2021  10:22:50,352922;9,426993E-1;1,331073E-1;1,651214E-1;9,444113E-1;;
30/11/2021  10:22:50,353022;9,422493E-1;9,487770E-2;9,530039E-2;9,445184E-1;;
30/11/2021  10:22:50,353122;9,414417E-1;9,997498E-2;1,107811E-1;9,446154E-1;;
30/11/2021  10:22:50,353222;9,413016E-1;1,057094E-1;1,120448E-1;9,447019E-1;;
30/11/2021  10:22:50,353322;9,419066E-1;1,050723E-1;1,205749E-1;9,447780E-1;;
30/11/2021  10:22:50,353422;9,419185E-1;1,085766E-1;1,212068E-1;9,448435E-1;;
30/11/2021  10:22:50,353522;9,414595E-1;1,280100E-1;1,366875E-1;9,448985E-1;;
30/11/2021  10:22:50,353622;9,418798E-1;1,270543E-1;1,240502E-1;9,449431E-1;;
30/11/2021  10:22:50,353722;9,410423E-1;1,480806E-1;1,281573E-1;9,449774E-1;;
30/11/2021  10:22:50,353822;9,404790E-1;1,315144E-1;1,073058E-1;9,450015E-1;;
30/11/2021  10:22:50,353922;9,411466E-1;1,662396E-1;1,388990E-1;9,450156E-1;;
30/11/2021  10:22:50,354022;9,411526E-1;1,764342E-1;1,900800E-1;9,450197E-1;;
30/11/2021  10:22:50,354122;9,416115E-1;1,585937E-1;1,667010E-1;9,450141E-1;;
30/11/2021  10:22:50,354222;9,413999E-1;1,331073E-1;1,379512E-1;9,449991E-1;;
30/11/2021  10:22:50,354322;9,417814E-1;1,359745E-1;1,360556E-1;9,449751E-1;;
30/11/2021  10:22:50,354422;9,406519E-1;1,391603E-1;1,423743E-1;9,449426E-1;;
30/11/2021  10:22:50,354522;9,404671E-1;1,315144E-1;1,417424E-1;9,449018E-1;;
30/11/2021  10:22:50,354622;9,405982E-1;1,296029E-1;1,325804E-1;9,448532E-1;;
30/11/2021  10:22:50,354722;9,411168E-1;1,289658E-1;1,275255E-1;9,447969E-1;;
30/11/2021  10:22:50,354822;9,410810E-1;1,260985E-1;1,379512E-1;9,447334E-1;;
30/11/2021  10:22:50,354922;9,413999E-1;1,296029E-1;1,291051E-1;9,446632E-1;;
30/11/2021  10:22:50,355022;9,405625E-1;1,264171E-1;1,237343E-1;9,445867E-1;;
30/11/2021  10:22:50,355122;9,397667E-1;1,286472E-1;1,202590E-1;9,445043E-1;;
30/11/2021  10:22:50,355222;9,394270E-1;1,324701E-1;1,234183E-1;9,444165E-1;;
30/11/2021  10:22:50,355322;9,399426E-1;1,155854E-1;1,202590E-1;9,443232E-1;;
30/11/2021  10:22:50,355422;9,400320E-1;1,028422E-1;1,316326E-1;9,442249E-1;;
30/11/2021  10:22:50,355522;9,397071E-1;8,946184E-2;8,234717E-2;9,441218E-1;;
30/11/2021  10:22:50,355622;9,395134E-1;1,292843E-1;1,344760E-1;9,440142E-1;;
30/11/2021  10:22:50,355722;9,389799E-1;1,267357E-1;1,347919E-1;9,439024E-1;;
30/11/2021  10:22:50,355822;9,383272E-1;1,251428E-1;1,303688E-1;9,437867E-1;;
30/11/2021  10:22:50,355922;9,376149E-1;1,286472E-1;1,227865E-1;9,436671E-1;;
30/11/2021  10:22:50,356022;9,380948E-1;1,315144E-1;1,303688E-1;9,435436E-1;;
30/11/2021  10:22:50,356122;9,379726E-1;1,181340E-1;1,038306E-1;9,434164E-1;;
30/11/2021  10:22:50,356222;9,384166E-1;1,276914E-1;1,262617E-1;9,432855E-1;;
30/11/2021  10:22:50,356322;9,381603E-1;1,088952E-1;1,221546E-1;9,431512E-1;;
30/11/2021  10:22:50,356422;9,372573E-1;1,251428E-1;1,253139E-1;9,430136E-1;;
30/11/2021  10:22:50,356522;9,366821E-1;8,404598E-2;8,455870E-2;9,428729E-1;;
30/11/2021  10:22:50,356622;9,363871E-1;4,040052E-2;7,192142E-2;9,427291E-1;;
30/11/2021  10:22:50,356722;9,371262E-1;1,515849E-1;1,692285E-1;9,425822E-1;;
30/11/2021  10:22:50,356822;9,371083E-1;1,041165E-1;9,435259E-2;9,424324E-1;;
30/11/2021  10:22:50,356922;9,374838E-1;-2,554554E-2;4,538313E-2;9,422798E-1;;
30/11/2021  10:22:50,357022;9,369384E-1;1,257800E-1;1,202590E-1;9,421247E-1;;
30/11/2021  10:22:50,357122;9,365331E-1;1,436204E-1;1,550115E-1;9,419673E-1;;
30/11/2021  10:22:50,357222;9,355526E-1;1,315144E-1;1,385831E-1;9,418078E-1;;
30/11/2021  10:22:50,357322;9,358745E-1;1,165411E-1;9,624818E-2;9,416464E-1;;
30/11/2021  10:22:50,357422;9,363036E-1;1,315144E-1;1,325804E-1;9,414830E-1;;
30/11/2021  10:22:50,357522;9,357791E-1;1,461691E-1;1,486929E-1;9,413179E-1;;
30/11/2021  10:22:50,357622;9,355198E-1;1,178155E-1;1,227865E-1;9,411512E-1;;
30/11/2021  10:22:50,357722;9,356301E-1;1,260985E-1;1,316326E-1;9,409829E-1;;
30/11/2021  10:22:50,357822;9,342412E-1;1,315144E-1;1,246821E-1;9,408134E-1;;
30/11/2021  10:22:50,357922;9,347121E-1;1,098510E-1;1,227865E-1;9,406425E-1;;
30/11/2021  10:22:50,358022;9,348761E-1;1,187712E-1;1,231024E-1;9,404703E-1;;
30/11/2021  10:22:50,358122;9,355734E-1;1,222756E-1;1,139404E-1;9,402968E-1;;
30/11/2021  10:22:50,358222;9,358595E-1;1,334259E-1;1,464814E-1;9,401224E-1;;
30/11/2021  10:22:50,358322;9,356122E-1;1,413904E-1;1,739675E-1;9,399474E-1;;
30/11/2021  10:22:50,358422;9,353648E-1;8,532030E-2;9,845971E-2;9,397720E-1;;
30/11/2021  10:22:50,358522;9,349982E-1;1,417090E-1;1,537478E-1;9,395967E-1;;
30/11/2021  10:22:50,358622;9,349744E-1;1,296029E-1;1,310007E-1;9,394216E-1;;
30/11/2021  10:22:50,358722;9,358297E-1;1,359745E-1;1,265777E-1;9,392471E-1;;
30/11/2021  10:22:50,358822;9,362321E-1;1,299215E-1;1,281573E-1;9,390734E-1;;
30/11/2021  10:22:50,358922;9,363871E-1;1,394789E-1;1,540637E-1;9,389011E-1;;
30/11/2021  10:22:50,359022;9,366583E-1;1,302401E-1;1,303688E-1;9,387305E-1;;
30/11/2021  10:22:50,359122;9,363811E-1;1,174969E-1;1,306848E-1;9,385622E-1;;
30/11/2021  10:22:50,359222;9,363602E-1;1,729298E-1;1,853410E-1;9,383966E-1;;
30/11/2021  10:22:50,359322;9,370696E-1;1,109116E-2;5,580889E-2;9,382343E-1;;
30/11/2021  10:22:50,359422;9,382140E-1;1,375674E-1;1,174156E-1;9,380757E-1;;
30/11/2021  10:22:50,359522;9,386908E-1;1,267357E-1;1,341600E-1;9,379214E-1;;
30/11/2021  10:22:50,359622;9,397965E-1;1,413904E-1;1,253139E-1;9,377721E-1;;
30/11/2021  10:22:50,359722;9,395283E-1;1,420275E-1;1,461654E-1;9,376287E-1;;
30/11/2021  10:22:50,359822;9,394955E-1;5,993878E-3;4,727872E-2;9,374919E-1;;
30/11/2021  10:22:50,359922;9,394776E-1;1,251428E-1;1,344760E-1;9,373625E-1;;
30/11/2021  10:22:50,360022;9,410244E-1;1,264171E-1;1,196272E-1;9,372411E-1;;
30/11/2021  10:22:50,360122;9,415042E-1;1,315144E-1;1,828136E-1;9,371283E-1;;
30/11/2021  10:22:50,360222;9,422046E-1;1,267357E-1;1,237343E-1;9,370249E-1;;
30/11/2021  10:22:50,360322;9,419602E-1;1,203641E-1;1,420583E-1;9,369316E-1;;
30/11/2021  10:22:50,360422;9,419304E-1;1,439390E-1;1,550115E-1;9,368491E-1;;
30/11/2021  10:22:50,360522;9,416443E-1;1,378860E-1;1,325804E-1;9,367779E-1;;
30/11/2021  10:22:50,360622;9,410304E-1;1,092138E-1;1,202590E-1;9,367183E-1;;
30/11/2021  10:22:50,360722;9,421569E-1;1,178155E-1;1,215227E-1;9,366706E-1;;
30/11/2021  10:22:50,360822;9,427023E-1;1,092138E-1;1,057261E-1;9,366348E-1;;
30/11/2021  10:22:50,360922;9,429109E-1;1,098510E-1;1,221546E-1;9,366112E-1;;
30/11/2021  10:22:50,361022;9,423983E-1;1,101695E-1;1,268936E-1;9,365998E-1;;
30/11/2021  10:22:50,361122;9,422285E-1;1,391603E-1;1,843932E-1;9,366007E-1;;
30/11/2021  10:22:50,361222;9,419930E-1;2,925022E-2;1,133085E-1;9,366139E-1;;
30/11/2021  10:22:50,361322;9,419632E-1;1,101695E-1;1,085695E-1;9,366390E-1;;
30/11/2021  10:22:50,361422;9,433073E-1;1,047537E-1;1,231024E-1;9,366757E-1;;
30/11/2021  10:22:50,361522;9,434832E-1;5,951532E-2;1,193112E-1;9,367238E-1;;
30/11/2021  10:22:50,361622;9,434623E-1;1,077258E-2;4,980618E-2;9,367832E-1;;
30/11/2021  10:22:50,361722;9,429705E-1;8,500172E-2;7,729226E-2;9,368535E-1;;
30/11/2021  10:22:50,361822;9,415787E-1;1,197269E-1;1,777586E-1;9,369345E-1;;
30/11/2021  10:22:50,361922;9,417903E-1;1,057094E-1;1,249980E-1;9,370255E-1;;
30/11/2021  10:22:50,362022;9,420884E-1;1,254614E-1;1,395309E-1;9,371258E-1;;
30/11/2021  10:22:50,362122;9,424848E-1;1,267357E-1;1,237343E-1;9,372348E-1;;
30/11/2021  10:22:50,362222;9,423596E-1;1,232313E-1;1,338441E-1;9,373517E-1;;
30/11/2021  10:22:50,362322;9,424937E-1;1,595494E-1;1,455336E-1;9,374760E-1;;
30/11/2021  10:22:50,362422;9,418857E-1;1,656025E-1;1,433221E-1;9,376070E-1;;
30/11/2021  10:22:50,362522;9,408098E-1;1,671954E-1;1,546956E-1;9,377440E-1;;
30/11/2021  10:22:50,362622;9,410065E-1;1,547707E-1;1,445858E-1;9,378861E-1;;
30/11/2021  10:22:50,362722;9,406638E-1;1,538150E-1;1,490088E-1;9,380325E-1;;
30/11/2021  10:22:50,362822;9,417039E-1;1,356559E-1;1,496407E-1;9,381823E-1;;
30/11/2021  10:22:50,362922;9,410989E-1;-6,313798E-2;3,432551E-2;9,383346E-1;;
30/11/2021  10:22:50,363022;9,407323E-1;6,429402E-2;8,424277E-2;9,384887E-1;;
30/11/2021  10:22:50,363122;9,395760E-1;1,464877E-1;1,616461E-1;9,386438E-1;;
30/11/2021  10:22:50,363222;9,387743E-1;-6,441230E-2;5,259767E-3;9,387990E-1;;
30/11/2021  10:22:50,363322;9,387445E-1;1,229127E-1;1,281573E-1;9,389533E-1;;
30/11/2021  10:22:50,363422;9,392362E-1;-5,166910E-2;6,718244E-2;9,391056E-1;;
30/11/2021  10:22:50,363522;9,393942E-1;1,442576E-1;1,423743E-1;9,392551E-1;;
30/11/2021  10:22:50,363622;9,392362E-1;1,745227E-1;2,093518E-1;9,394010E-1;;
30/11/2021  10:22:50,363722;9,391230E-1;1,324701E-1;1,189953E-1;9,395426E-1;;
30/11/2021  10:22:50,363822;9,379845E-1;1,146297E-1;1,117289E-1;9,396793E-1;;
30/11/2021  10:22:50,363922;9,378027E-1;1,136739E-1;9,972343E-2;9,398104E-1;;
30/11/2021  10:22:50,364022;9,382289E-1;1,254614E-1;1,186794E-1;9,399352E-1;;
30/11/2021  10:22:50,364122;9,383123E-1;8,850610E-2;7,539667E-2;9,400531E-1;;
30/11/2021  10:22:50,364222;9,395253E-1;1,232313E-1;1,129926E-1;9,401637E-1;;
30/11/2021  10:22:50,364322;9,394329E-1;1,165411E-1;8,297904E-2;9,402666E-1;;
30/11/2021  10:22:50,364422;9,390693E-1;1,251428E-1;1,404787E-1;9,403619E-1;;
30/11/2021  10:22:50,364522;9,384733E-1;-4,837842E-3;8,740209E-2;9,404495E-1;;
30/11/2021  10:22:50,364622;9,383749E-1;1,315144E-1;1,581709E-1;9,405292E-1;;
30/11/2021  10:22:50,364722;9,389263E-1;1,041165E-1;1,142563E-1;9,406010E-1;;
30/11/2021  10:22:50,364822;9,397101E-1;1,292843E-1;1,300529E-1;9,406648E-1;;
30/11/2021  10:22:50,364922;9,401273E-1;1,445762E-1;1,584868E-1;9,407208E-1;;
30/11/2021  10:22:50,365022;9,401601E-1;1,534964E-1;1,774427E-1;9,407693E-1;;
30/11/2021  10:22:50,365122;9,396982E-1;1,232313E-1;1,180475E-1;9,408107E-1;;
30/11/2021  10:22:50,365222;9,399038E-1;1,267357E-1;1,234183E-1;9,408452E-1;;
30/11/2021  10:22:50,365322;9,394001E-1;1,229127E-1;1,240502E-1;9,408733E-1;;
30/11/2021  10:22:50,365422;9,403956E-1;1,184526E-1;1,284732E-1;9,408951E-1;;
30/11/2021  10:22:50,365522;9,404701E-1;1,280100E-1;1,237343E-1;9,409111E-1;;
30/11/2021  10:22:50,365622;9,395998E-1;1,305587E-1;1,262617E-1;9,409217E-1;;
30/11/2021  10:22:50,365722;9,396356E-1;1,222756E-1;1,262617E-1;9,409272E-1;;
30/11/2021  10:22:50,365822;9,399813E-1;1,394789E-1;1,449017E-1;9,409279E-1;;
30/11/2021  10:22:50,365922;9,409350E-1;1,264171E-1;1,268936E-1;9,409242E-1;;
30/11/2021  10:22:50,366022;9,407651E-1;1,292843E-1;1,351078E-1;9,409164E-1;;
30/11/2021  10:22:50,366122;9,406072E-1;1,187712E-1;1,170997E-1;9,409051E-1;;
30/11/2021  10:22:50,366222;9,402585E-1;1,305587E-1;1,284732E-1;9,408907E-1;;
30/11/2021  10:22:50,366322;9,398889E-1;1,302401E-1;1,237343E-1;9,408735E-1;;
30/11/2021  10:22:50,366422;9,393316E-1;1,273729E-1;1,227865E-1;9,408538E-1;;
30/11/2021  10:22:50,366522;9,401184E-1;1,232313E-1;1,249980E-1;9,408319E-1;;
30/11/2021  10:22:50,366622;9,406370E-1;1,174969E-1;1,471132E-1;9,408078E-1;;
30/11/2021  10:22:50,366722;9,405327E-1;1,620981E-1;1,872366E-1;9,407820E-1;;
30/11/2021  10:22:50,366822;9,404880E-1;1,308772E-1;1,370034E-1;9,407547E-1;;
30/11/2021  10:22:50,366922;9,394866E-1;1,251428E-1;1,328963E-1;9,407262E-1;;
30/11/2021  10:22:50,367022;9,389233E-1;1,257800E-1;1,300529E-1;9,406967E-1;;
30/11/2021  10:22:50,367122;9,384137E-1;1,260985E-1;1,297370E-1;9,406662E-1;;
30/11/2021  10:22:50,367222;9,390425E-1;1,362931E-1;1,385831E-1;9,406345E-1;;
30/11/2021  10:22:50,367322;9,398233E-1;1,299215E-1;1,224705E-1;9,406018E-1;;
30/11/2021  10:22:50,367422;9,391349E-1;1,531778E-1;1,714400E-1;9,405679E-1;;
30/11/2021  10:22:50,367522;9,383153E-1;1,385232E-1;1,366875E-1;9,405331E-1;;
30/11/2021  10:22:50,367622;9,375196E-1;1,139925E-1;1,208909E-1;9,404972E-1;;
30/11/2021  10:22:50,367722;9,373259E-1;1,327887E-1;1,287892E-1;9,404600E-1;;
30/11/2021  10:22:50,367822;9,371113E-1;1,334259E-1;1,458495E-1;9,404213E-1;;
30/11/2021  10:22:50,367922;9,371262E-1;1,232313E-1;1,189953E-1;9,403808E-1;;
30/11/2021  10:22:50,368022;9,368162E-1;1,111253E-1;1,297370E-1;9,403382E-1;;
30/11/2021  10:22:50,368122;9,363543E-1;6,556834E-2;4,664686E-2;9,402934E-1;;
30/11/2021  10:22:50,368222;9,359609E-1;1,245056E-1;1,202590E-1;9,402459E-1;;
30/11/2021  10:22:50,368322;9,350131E-1;1,331073E-1;1,613302E-1;9,401956E-1;;
30/11/2021  10:22:50,368422;9,346346E-1;1,092138E-1;1,243661E-1;9,401420E-1;;
30/11/2021  10:22:50,368522;9,348194E-1;1,283286E-1;1,268936E-1;9,400847E-1;;
30/11/2021  10:22:50,368622;9,352486E-1;1,238685E-1;1,268936E-1;9,400233E-1;;
30/11/2021  10:22:50,368722;9,353022E-1;1,289658E-1;1,227865E-1;9,399576E-1;;
30/11/2021  10:22:50,368822;9,344976E-1;1,799386E-1;2,229369E-1;9,398875E-1;;
30/11/2021  10:22:50,368922;9,333859E-1;1,340630E-1;1,319485E-1;9,398127E-1;;
30/11/2021  10:22:50,369022;9,333621E-1;1,321516E-1;1,325804E-1;9,397331E-1;;
30/11/2021  10:22:50,369122;9,329687E-1;1,190898E-1;1,313166E-1;9,396483E-1;;
30/11/2021  10:22:50,369222;9,338210E-1;1,216384E-1;1,259458E-1;9,395581E-1;;
30/11/2021  10:22:50,369322;9,341846E-1;1,273729E-1;1,174156E-1;9,394623E-1;;
30/11/2021  10:22:50,369422;9,342263E-1;1,362931E-1;1,231024E-1;9,393610E-1;;
30/11/2021  10:22:50,369522;9,340386E-1;1,509478E-1;1,572231E-1;9,392545E-1;;
30/11/2021  10:22:50,369622;9,332011E-1;1,254614E-1;1,328963E-1;9,391428E-1;;
30/11/2021  10:22:50,369722;9,331207E-1;1,426647E-1;1,388990E-1;9,390261E-1;;
30/11/2021  10:22:50,369822;9,337406E-1;1,245056E-1;1,240502E-1;9,389045E-1;;
30/11/2021  10:22:50,369922;9,338270E-1;1,232313E-1;1,237343E-1;9,387783E-1;;
30/11/2021  10:22:50,370022;9,349625E-1;1,117624E-1;1,357397E-1;9,386477E-1;;
30/11/2021  10:22:50,370122;9,350072E-1;1,178155E-1;1,294210E-1;9,385132E-1;;
30/11/2021  10:22:50,370222;9,349029E-1;1,879031E-1;1,812339E-1;9,383754E-1;;
30/11/2021  10:22:50,370322;9,342085E-1;1,267357E-1;1,275255E-1;9,382349E-1;;
30/11/2021  10:22:50,370422;9,346794E-1;1,544522E-1;1,648054E-1;9,380921E-1;;
30/11/2021  10:22:50,370522;9,350489E-1;1,280100E-1;1,439539E-1;9,379477E-1;;
30/11/2021  10:22:50,370622;9,355347E-1;1,095324E-1;1,003553E-1;9,378020E-1;;
30/11/2021  10:22:50,370722;9,365689E-1;1,235499E-1;1,272095E-1;9,376558E-1;;
30/11/2021  10:22:50,370822;9,364258E-1;1,283286E-1;1,009872E-1;9,375098E-1;;
30/11/2021  10:22:50,370922;9,370189E-1;1,347002E-1;1,619620E-1;9,373647E-1;;
30/11/2021  10:22:50,371022;9,367298E-1;5,123224E-2;7,160549E-2;9,372215E-1;;
30/11/2021  10:22:50,371122;9,367298E-1;1,608238E-1;1,600664E-1;9,370807E-1;;
30/11/2021  10:22:50,371222;9,374153E-1;1,356559E-1;1,224705E-1;9,369431E-1;;
30/11/2021  10:22:50,371322;9,382915E-1;1,264171E-1;1,436380E-1;9,368094E-1;;
30/11/2021  10:22:50,371422;9,390902E-1;1,235499E-1;1,177316E-1;9,366804E-1;;
30/11/2021  10:22:50,371522;9,392809E-1;1,216384E-1;1,445858E-1;9,365568E-1;;
30/11/2021  10:22:50,371622;9,394478E-1;1,178155E-1;1,537478E-1;9,364396E-1;;
30/11/2021  10:22:50,371722;9,398025E-1;2,098851E-1;1,970305E-1;9,363295E-1;;
30/11/2021  10:22:50,371822;9,405952E-1;1,053908E-1;1,170997E-1;9,362272E-1;;
30/11/2021  10:22:50,371922;9,410721E-1;1,088952E-1;1,208909E-1;9,361336E-1;;
30/11/2021  10:22:50,372022;9,419096E-1;1,162226E-1;1,183634E-1;9,360494E-1;;
30/11/2021  10:22:50,372122;9,424818E-1;1,327887E-1;1,328963E-1;9,359753E-1;;
30/11/2021  10:22:50,372222;9,430510E-1;8,850610E-2;9,530039E-2;9,359122E-1;;
30/11/2021  10:22:50,372322;9,430152E-1;8,054160E-2;8,803395E-2;9,358607E-1;;
30/11/2021  10:22:50,372422;9,429616E-1;7,926728E-2;1,752312E-1;9,358217E-1;;
30/11/2021  10:22:50,372522;9,433252E-1;6,174538E-2;7,034176E-2;9,357954E-1;;
30/11/2021  10:22:50,372622;9,439034E-1;1,937424E-2;3,685297E-2;9,357825E-1;;
30/11/2021  10:22:50,372722;9,444488E-1;1,085766E-1;1,218387E-1;9,357831E-1;;
30/11/2021  10:22:50,372822;9,443147E-1;1,216384E-1;1,240502E-1;9,357977E-1;;
30/11/2021  10:22:50,372922;9,448928E-1;6,716124E-2;9,909157E-2;9,358265E-1;;
30/11/2021  10:22:50,373022;9,445620E-1;1,343816E-1;1,385831E-1;9,358696E-1;;
30/11/2021  10:22:50,373122;9,439660E-1;1,630538E-1;1,483770E-1;9,359271E-1;;
30/11/2021  10:22:50,373222;9,447379E-1;1,671954E-1;1,515363E-1;9,359988E-1;;
30/11/2021  10:22:50,373322;9,448809E-1;1,627352E-1;1,534319E-1;9,360845E-1;;
30/11/2021  10:22:50,373422;9,453190E-1;1,493549E-1;1,458495E-1;9,361840E-1;;
30/11/2021  10:22:50,373522;9,452862E-1;1,426647E-1;1,351078E-1;9,362969E-1;;
30/11/2021  10:22:50,373622;9,451491E-1;1,206827E-1;1,016190E-1;9,364229E-1;;
30/11/2021  10:22:50,373722;9,451193E-1;1,280100E-1;1,148882E-1;9,365617E-1;;
30/11/2021  10:22:50,373822;9,450866E-1;1,190898E-1;1,161519E-1;9,367127E-1;;
30/11/2021  10:22:50,373922;9,453160E-1;1,219570E-1;1,253139E-1;9,368752E-1;;
30/11/2021  10:22:50,374022;9,463413E-1;1,260985E-1;1,335282E-1;9,370488E-1;;
30/11/2021  10:22:50,374122;9,466602E-1;1,436204E-1;1,221546E-1;9,372330E-1;;
30/11/2021  10:22:50,374222;9,467376E-1;1,260985E-1;1,287892E-1;9,374271E-1;;
30/11/2021  10:22:50,374322;9,460224E-1;1,640096E-1;1,802861E-1;9,376309E-1;;
30/11/2021  10:22:50,374422;9,460969E-1;1,729298E-1;1,635417E-1;9,378437E-1;;
30/11/2021  10:22:50,374522;9,464307E-1;1,315144E-1;1,306848E-1;9,380647E-1;;
30/11/2021  10:22:50,374622;9,470506E-1;9,774492E-2;1,540637E-1;9,382935E-1;;
30/11/2021  10:22:50,374722;9,472920E-1;1,289658E-1;1,275255E-1;9,385293E-1;;
30/11/2021  10:22:50,374822;9,478821E-1;1,229127E-1;1,328963E-1;9,387716E-1;;
30/11/2021  10:22:50,374922;9,477062E-1;1,289658E-1;1,281573E-1;9,390200E-1;;
30/11/2021  10:22:50,375022;9,475542E-1;1,331073E-1;1,306848E-1;9,392738E-1;;
30/11/2021  10:22:50,375122;9,475095E-1;1,174969E-1;7,950379E-2;9,395327E-1;;
30/11/2021  10:22:50,375222;9,481920E-1;1,069837E-1;1,155200E-1;9,397959E-1;;
30/11/2021  10:22:50,375322;9,486272E-1;1,289658E-1;1,227865E-1;9,400629E-1;;
30/11/2021  10:22:50,375422;9,486957E-1;1,464877E-1;1,679647E-1;9,403333E-1;;
30/11/2021  10:22:50,375522;9,488090E-1;1,251428E-1;1,170997E-1;9,406066E-1;;
30/11/2021  10:22:50,375622;9,493633E-1;1,037979E-1;9,656411E-2;9,408824E-1;;
30/11/2021  10:22:50,375722;9,485407E-1;1,315144E-1;1,373193E-1;9,411602E-1;;
30/11/2021  10:22:50,375822;9,484007E-1;1,283286E-1;1,262617E-1;9,414397E-1;;
30/11/2021  10:22:50,375922;9,483232E-1;7,162136E-2;7,097362E-2;9,417201E-1;;
30/11/2021  10:22:50,376022;9,489073E-1;1,433019E-1;1,524841E-1;9,420010E-1;;
30/11/2021  10:22:50,376122;9,493424E-1;1,232313E-1;1,155200E-1;9,422818E-1;;
30/11/2021  10:22:50,376222;9,491606E-1;1,276914E-1;1,556434E-1;9,425620E-1;;
30/11/2021  10:22:50,376322;9,489431E-1;1,286472E-1;1,136244E-1;9,428412E-1;;
30/11/2021  10:22:50,376422;9,485109E-1;1,267357E-1;1,186794E-1;9,431188E-1;;
30/11/2021  10:22:50,376522;9,491964E-1;1,254614E-1;1,265777E-1;9,433945E-1;;
30/11/2021  10:22:50,376622;9,494438E-1;1,283286E-1;1,284732E-1;9,436677E-1;;
30/11/2021  10:22:50,376722;9,494229E-1;1,127182E-1;1,186794E-1;9,439379E-1;;
30/11/2021  10:22:50,376822;9,494855E-1;1,222756E-1;1,177316E-1;9,442049E-1;;
30/11/2021  10:22:50,376922;9,490206E-1;1,194084E-1;1,095173E-1;9,444683E-1;;
30/11/2021  10:22:50,377022;9,486182E-1;1,149482E-1;9,182514E-2;9,447277E-1;;
30/11/2021  10:22:50,377122;9,481294E-1;9,169190E-2;1,050943E-1;9,449827E-1;;
30/11/2021  10:22:50,377222;9,476466E-1;1,448948E-1;1,723878E-1;9,452326E-1;;
30/11/2021  10:22:50,377322;9,477152E-1;5,441804E-2;1,379512E-1;9,454768E-1;;
30/11/2021  10:22:50,377422;9,482099E-1;1,321516E-1;1,515363E-1;9,457149E-1;;
30/11/2021  10:22:50,377522;9,479625E-1;1,337445E-1;1,919756E-1;9,459463E-1;;
30/11/2021  10:22:50,377622;9,473307E-1;1,213198E-1;1,224705E-1;9,461706E-1;;
30/11/2021  10:22:50,377722;9,470238E-1;1,251428E-1;1,300529E-1;9,463874E-1;;
30/11/2021  10:22:50,377822;9,459300E-1;1,229127E-1;1,291051E-1;9,465960E-1;;
30/11/2021  10:22:50,377922;9,460790E-1;1,143111E-1;1,142563E-1;9,467959E-1;;
30/11/2021  10:22:50,378022;9,460462E-1;1,343816E-1;1,313166E-1;9,469866E-1;;
30/11/2021  10:22:50,378122;9,462727E-1;1,401161E-1;1,493248E-1;9,471675E-1;;
30/11/2021  10:22:50,378222;9,464873E-1;1,178155E-1;1,180475E-1;9,473383E-1;;
30/11/2021  10:22:50,378322;9,458912E-1;1,248242E-1;1,212068E-1;9,474985E-1;;
30/11/2021  10:22:50,378422;9,454055E-1;1,171783E-1;1,031987E-1;9,476481E-1;;
30/11/2021  10:22:50,378522;9,452743E-1;1,190898E-1;1,243661E-1;9,477866E-1;;
30/11/2021  10:22:50,378622;9,457512E-1;1,235499E-1;1,208909E-1;9,479139E-1;;
30/11/2021  10:22:50,378722;9,461535E-1;1,302401E-1;1,174156E-1;9,480298E-1;;
30/11/2021  10:22:50,378822;9,452982E-1;1,063466E-1;3,653703E-2;9,481343E-1;;
30/11/2021  10:22:50,378922;9,454919E-1;1,990534E-1;2,362061E-1;9,482274E-1;;
30/11/2021  10:22:50,379022;9,454233E-1;1,566822E-1;1,591187E-1;9,483090E-1;;
30/11/2021  10:22:50,379122;9,448988E-1;1,283286E-1;1,306848E-1;9,483794E-1;;
30/11/2021  10:22:50,379222;9,454472E-1;1,216384E-1;1,189953E-1;9,484386E-1;;
30/11/2021  10:22:50,379322;9,458972E-1;1,337445E-1;1,316326E-1;9,484867E-1;;
30/11/2021  10:22:50,379422;9,461803E-1;1,343816E-1;1,202590E-1;9,485240E-1;;
30/11/2021  10:22:50,379522;9,463979E-1;1,340630E-1;1,275255E-1;9,485509E-1;;
30/11/2021  10:22:50,379622;9,464813E-1;1,356559E-1;1,259458E-1;9,485680E-1;;
30/11/2021  10:22:50,379722;9,454829E-1;1,127182E-1;1,174156E-1;9,485757E-1;;
30/11/2021  10:22:50,379822;9,461267E-1;1,155854E-1;9,877564E-2;9,485746E-1;;
30/11/2021  10:22:50,379922;9,459956E-1;1,130368E-1;1,227865E-1;9,485650E-1;;
30/11/2021  10:22:50,380022;9,462787E-1;1,130368E-1;1,066739E-1;9,485473E-1;;
30/11/2021  10:22:50,380122;9,460045E-1;1,283286E-1;1,313166E-1;9,485223E-1;;
30/11/2021  10:22:50,380222;9,462817E-1;7,130278E-2;7,729226E-2;9,484902E-1;;
30/11/2021  10:22:50,380322;9,458912E-1;1,331073E-1;1,243661E-1;9,484517E-1;;
30/11/2021  10:22:50,380422;9,454293E-1;1,028422E-1;1,107811E-1;9,484072E-1;;
30/11/2021  10:22:50,380522;9,456439E-1;9,392196E-2;1,054102E-1;9,483571E-1;;
30/11/2021  10:22:50,380622;9,458585E-1;7,098420E-2;6,497092E-2;9,483018E-1;;
30/11/2021  10:22:50,380722;9,466602E-1;4,135626E-2;8,455870E-2;9,482418E-1;;
30/11/2021  10:22:50,380822;9,459866E-1;9,838208E-2;1,379512E-1;9,481776E-1;;
30/11/2021  10:22:50,380922;9,457363E-1;1,155854E-1;1,392149E-1;9,481095E-1;;
30/11/2021  10:22:50,381022;9,452833E-1;1,257800E-1;1,363715E-1;9,480382E-1;;
30/11/2021  10:22:50,381122;9,454233E-1;1,362931E-1;1,287892E-1;9,479639E-1;;
30/11/2021  10:22:50,381222;9,458287E-1;1,385232E-1;1,227865E-1;9,478870E-1;;
30/11/2021  10:22:50,381322;9,455783E-1;1,410718E-1;1,268936E-1;9,478077E-1;;
30/11/2021  10:22:50,381422;9,456498E-1;1,710183E-1;1,556434E-1;9,477264E-1;;
30/11/2021  10:22:50,381522;9,450657E-1;1,777085E-1;1,679647E-1;9,476435E-1;;
30/11/2021  10:22:50,381622;9,451730E-1;1,659210E-1;1,745993E-1;9,475592E-1;;
30/11/2021  10:22:50,381722;9,443772E-1;1,439390E-1;1,442698E-1;9,474737E-1;;
30/11/2021  10:22:50,381822;9,433312E-1;1,350188E-1;2,087200E-1;9,473871E-1;;
30/11/2021  10:22:50,381922;9,432269E-1;1,343816E-1;1,376353E-1;9,472994E-1;;
30/11/2021  10:22:50,382022;9,430629E-1;9,678918E-2;1,114129E-1;9,472105E-1;;
30/11/2021  10:22:50,382122;9,425175E-1;1,499920E-1;1,300529E-1;9,471201E-1;;
30/11/2021  10:22:50,382222;9,415102E-1;1,407532E-1;1,550115E-1;9,470281E-1;;
30/11/2021  10:22:50,382322;9,410721E-1;1,321516E-1;1,297370E-1;9,469341E-1;;
30/11/2021  10:22:50,382422;9,393316E-1;1,286472E-1;1,322644E-1;9,468378E-1;;
30/11/2021  10:22:50,382522;9,385716E-1;1,691068E-1;1,629098E-1;9,467386E-1;;
30/11/2021  10:22:50,382622;9,384286E-1;1,289658E-1;1,227865E-1;9,466358E-1;;
30/11/2021  10:22:50,382722;9,380471E-1;1,308772E-1;1,303688E-1;9,465286E-1;;
30/11/2021  10:22:50,382822;9,376686E-1;1,260985E-1;1,167838E-1;9,464164E-1;;
30/11/2021  10:22:50,382922;9,372245E-1;1,044351E-1;8,455870E-2;9,462987E-1;;
30/11/2021  10:22:50,383022;9,363722E-1;1,554079E-1;1,496407E-1;9,461748E-1;;
30/11/2021  10:22:50,383122;9,356688E-1;1,742041E-1;1,941871E-1;9,460443E-1;;
30/11/2021  10:22:50,383222;9,354065E-1;1,184526E-1;1,243661E-1;9,459065E-1;;
30/11/2021  10:22:50,383322;9,353320E-1;9,678918E-2;9,277293E-2;9,457608E-1;;
30/11/2021  10:22:50,383422;9,354602E-1;1,334259E-1;1,550115E-1;9,456070E-1;;
30/11/2021  10:22:50,383522;9,353887E-1;1,241871E-1;1,357397E-1;9,454446E-1;;
30/11/2021  10:22:50,383622;9,340326E-1;1,235499E-1;1,442698E-1;9,452735E-1;;
30/11/2021  10:22:50,383722;9,336959E-1;1,318330E-1;1,354238E-1;9,450935E-1;;
30/11/2021  10:22:50,383822;9,330312E-1;1,245056E-1;1,297370E-1;9,449044E-1;;
30/11/2021  10:22:50,383922;9,324262E-1;1,327887E-1;1,313166E-1;9,447059E-1;;
30/11/2021  10:22:50,384022;9,321461E-1;1,337445E-1;1,354238E-1;9,444978E-1;;
30/11/2021  10:22:50,384122;9,321312E-1;1,286472E-1;1,249980E-1;9,442800E-1;;
30/11/2021  10:22:50,384222;9,314249E-1;1,289658E-1;1,730197E-1;9,440522E-1;;
30/11/2021  10:22:50,384322;9,307990E-1;1,139925E-1;8,834988E-2;9,438146E-1;;
30/11/2021  10:22:50,384422;9,306321E-1;9,615202E-2;6,212753E-2;9,435670E-1;;
30/11/2021  10:22:50,384522;9,302417E-1;4,082398E-3;9,245700E-2;9,433094E-1;;
30/11/2021  10:22:50,384622;9,302059E-1;1,483991E-1;1,486929E-1;9,430419E-1;;
30/11/2021  10:22:50,384722;9,309838E-1;7,544432E-2;5,454516E-2;9,427647E-1;;
30/11/2021  10:22:50,384822;9,306053E-1;2,765732E-2;7,602853E-2;9,424781E-1;;
30/11/2021  10:22:50,384922;9,304801E-1;1,088952E-1;8,582243E-2;9,421825E-1;;
30/11/2021  10:22:50,385022;9,304294E-1;1,480806E-1;1,632258E-1;9,418785E-1;;
30/11/2021  10:22:50,385122;9,305278E-1;1,359745E-1;1,370034E-1;9,415666E-1;;
30/11/2021  10:22:50,385222;9,310493E-1;1,321516E-1;1,341600E-1;9,412475E-1;;
30/11/2021  10:22:50,385322;9,317944E-1;1,235499E-1;1,268936E-1;9,409218E-1;;
30/11/2021  10:22:50,385422;9,323756E-1;1,245056E-1;1,253139E-1;9,405907E-1;;
30/11/2021  10:22:50,385522;9,332101E-1;1,254614E-1;1,234183E-1;9,402550E-1;;
30/11/2021  10:22:50,385622;9,334097E-1;1,343816E-1;1,265777E-1;9,399162E-1;;
30/11/2021  10:22:50,385722;9,337495E-1;1,044351E-1;1,110970E-1;9,395754E-1;;
30/11/2021  10:22:50,385822;9,340505E-1;9,583344E-2;9,782784E-2;9,392340E-1;;
30/11/2021  10:22:50,385922;9,343307E-1;1,337445E-1;1,426902E-1;9,388933E-1;;
30/11/2021  10:22:50,386022;9,357731E-1;1,350188E-1;1,303688E-1;9,385547E-1;;
30/11/2021  10:22:50,386122;9,360354E-1;1,111253E-1;1,265777E-1;9,382195E-1;;
30/11/2021  10:22:50,386222;9,367030E-1;1,200455E-1;1,243661E-1;9,378893E-1;;
30/11/2021  10:22:50,386322;9,364795E-1;6,716124E-2;7,350108E-2;9,375655E-1;;
30/11/2021  10:22:50,386422;9,361129E-1;1,464877E-1;1,654373E-1;9,372495E-1;;
30/11/2021  10:22:50,386522;9,359996E-1;1,697440E-1;1,581709E-1;9,369423E-1;;
30/11/2021  10:22:50,386622;9,359072E-1;1,299215E-1;1,291051E-1;9,366451E-1;;
30/11/2021  10:22:50,386722;9,368907E-1;1,311958E-1;1,354238E-1;9,363587E-1;;
30/11/2021  10:22:50,386822;9,361069E-1;1,388417E-1;1,648054E-1;9,360839E-1;;
30/11/2021  10:22:50,386922;9,364109E-1;1,334259E-1;1,363715E-1;9,358213E-1;;
30/11/2021  10:22:50,387022;9,362798E-1;1,260985E-1;1,189953E-1;9,355717E-1;;
30/11/2021  10:22:50,387122;9,355824E-1;1,359745E-1;1,268936E-1;9,353354E-1;;
30/11/2021  10:22:50,387222;9,352844E-1;1,318330E-1;1,215227E-1;9,351128E-1;;
30/11/2021  10:22:50,387322;9,349982E-1;1,159040E-1;1,268936E-1;9,349038E-1;;
30/11/2021  10:22:50,387422;9,360145E-1;1,286472E-1;1,205749E-1;9,347086E-1;;
30/11/2021  10:22:50,387522;9,358983E-1;1,458505E-1;1,445858E-1;9,345272E-1;;
30/11/2021  10:22:50,387622;9,351204E-1;1,334259E-1;1,098333E-1;9,343594E-1;;
30/11/2021  10:22:50,387722;9,345899E-1;2,319720E-2;7,350108E-2;9,342052E-1;;
30/11/2021  10:22:50,387822;9,348880E-1;1,283286E-1;1,433221E-1;9,340643E-1;;
30/11/2021  10:22:50,387922;9,342561E-1;1,401161E-1;1,338441E-1;9,339363E-1;;
30/11/2021  10:22:50,388022;9,345363E-1;1,232313E-1;1,373193E-1;9,338207E-1;;
30/11/2021  10:22:50,388122;9,343515E-1;5,855958E-2;1,215227E-1;9,337171E-1;;
30/11/2021  10:22:50,388222;9,348224E-1;1,296029E-1;1,253139E-1;9,336250E-1;;
30/11/2021  10:22:50,388322;9,345035E-1;1,305587E-1;1,509044E-1;9,335439E-1;;
30/11/2021  10:22:50,388422;9,338389E-1;1,127182E-1;1,155200E-1;9,334734E-1;;
30/11/2021  10:22:50,388522;9,331683E-1;1,152668E-1;1,212068E-1;9,334128E-1;;
30/11/2021  10:22:50,388622;9,327869E-1;1,101695E-1;1,152041E-1;9,333615E-1;;
30/11/2021  10:22:50,388722;9,333501E-1;1,194084E-1;1,158360E-1;9,333187E-1;;
30/11/2021  10:22:50,388822;9,337167E-1;9,615202E-2;1,120448E-1;9,332837E-1;;
30/11/2021  10:22:50,388922;9,328733E-1;9,647060E-2;1,076217E-1;9,332557E-1;;
30/11/2021  10:22:50,389022;9,316275E-1;9,678918E-2;1,057261E-1;9,332342E-1;;
30/11/2021  10:22:50,389122;9,306440E-1;7,289568E-2;7,286922E-2;9,332183E-1;;
30/11/2021  10:22:50,389222;9,305844E-1;9,583344E-2;1,152041E-1;9,332071E-1;;
30/11/2021  10:22:50,389322;9,308884E-1;1,060280E-1;1,265777E-1;9,331994E-1;;
30/11/2021  10:22:50,389422;9,310374E-1;9,105474E-2;1,044624E-1;9,331943E-1;;
30/11/2021  10:22:50,389522;9,316067E-1;1,324701E-1;1,275255E-1;9,331911E-1;;
30/11/2021  10:22:50,389622;9,306917E-1;1,678325E-1;1,619620E-1;9,331891E-1;;
30/11/2021  10:22:50,389722;9,303698E-1;1,652839E-1;1,436380E-1;9,331877E-1;;
30/11/2021  10:22:50,389822;9,307156E-1;1,700626E-1;1,509044E-1;9,331862E-1;;
30/11/2021  10:22:50,389922;9,305934E-1;1,636910E-1;1,483770E-1;9,331840E-1;;
30/11/2021  10:22:50,390022;9,311209E-1;1,509478E-1;1,559593E-1;9,331807E-1;;
30/11/2021  10:22:50,390122;9,318749E-1;1,350188E-1;1,366875E-1;9,331758E-1;;
30/11/2021  10:22:50,390222;9,320239E-1;1,245056E-1;1,335282E-1;9,331693E-1;;
30/11/2021  10:22:50,390322;9,319613E-1;1,232313E-1;1,249980E-1;9,331610E-1;;
30/11/2021  10:22:50,390422;9,326378E-1;1,241871E-1;1,221546E-1;9,331510E-1;;
30/11/2021  10:22:50,390522;9,316663E-1;7,576290E-2;7,824006E-2;9,331393E-1;;
30/11/2021  10:22:50,390622;9,327392E-1;1,162226E-1;1,325804E-1;9,331259E-1;;
30/11/2021  10:22:50,390722;9,335796E-1;1,280100E-1;1,205749E-1;9,331110E-1;;
30/11/2021  10:22:50,390822;9,342204E-1;1,273729E-1;1,227865E-1;9,330950E-1;;
30/11/2021  10:22:50,390922;9,347896E-1;1,229127E-1;1,392149E-1;9,330781E-1;;
30/11/2021  10:22:50,391022;9,346168E-1;1,305587E-1;1,388990E-1;9,330610E-1;;
30/11/2021  10:22:50,391122;9,344916E-1;1,280100E-1;1,486929E-1;9,330442E-1;;
30/11/2021  10:22:50,391222;9,348731E-1;1,337445E-1;1,376353E-1;9,330281E-1;;
30/11/2021  10:22:50,391322;9,350161E-1;1,225942E-1;1,205749E-1;9,330132E-1;;
30/11/2021  10:22:50,391422;9,356539E-1;1,238685E-1;1,287892E-1;9,329998E-1;;
30/11/2021  10:22:50,391522;9,362708E-1;1,162226E-1;1,170997E-1;9,329885E-1;;
30/11/2021  10:22:50,391622;9,366374E-1;1,302401E-1;1,338441E-1;9,329797E-1;;
30/11/2021  10:22:50,391722;9,359788E-1;1,299215E-1;1,278414E-1;9,329741E-1;;
30/11/2021  10:22:50,391822;9,358894E-1;1,168597E-1;1,152041E-1;9,329720E-1;;
30/11/2021  10:22:50,391922;9,357016E-1;1,139925E-1;1,028828E-1;9,329738E-1;;
30/11/2021  10:22:50,392022;9,357135E-1;-2,204116E-2;6,339125E-2;9,329796E-1;;
30/11/2021  10:22:50,392122;9,361039E-1;1,159040E-1;1,003553E-1;9,329896E-1;;
30/11/2021  10:22:50,392222;9,366642E-1;1,292843E-1;1,278414E-1;9,330039E-1;;
30/11/2021  10:22:50,392322;9,361457E-1;1,178155E-1;1,057261E-1;9,330226E-1;;
30/11/2021  10:22:50,392422;9,356450E-1;1,318330E-1;1,344760E-1;9,330459E-1;;
30/11/2021  10:22:50,392522;9,354840E-1;1,385232E-1;1,278414E-1;9,330737E-1;;
30/11/2021  10:22:50,392622;9,351204E-1;1,149482E-1;1,193112E-1;9,331059E-1;;
30/11/2021  10:22:50,392722;9,353618E-1;7,098420E-2;8,740209E-2;9,331422E-1;;
30/11/2021  10:22:50,392822;9,361606E-1;8,340882E-2;1,373193E-1;9,331824E-1;;
30/11/2021  10:22:50,392922;9,356062E-1;1,002936E-1;1,344760E-1;9,332264E-1;;
30/11/2021  10:22:50,393022;9,356509E-1;1,410718E-1;1,480610E-1;9,332739E-1;;
30/11/2021  10:22:50,393122;9,353618E-1;1,343816E-1;1,306848E-1;9,333248E-1;;
30/11/2021  10:22:50,393222;9,346615E-1;1,251428E-1;1,224705E-1;9,333787E-1;;
30/11/2021  10:22:50,393322;9,358238E-1;1,162226E-1;1,110970E-1;9,334354E-1;;
30/11/2021  10:22:50,393422;9,359937E-1;1,257800E-1;1,249980E-1;9,334946E-1;;
30/11/2021  10:22:50,393522;9,363543E-1;1,302401E-1;1,249980E-1;9,335560E-1;;
30/11/2021  10:22:50,393622;9,357821E-1;1,098510E-1;1,006712E-1;9,336195E-1;;
30/11/2021  10:22:50,393722;9,359668E-1;1,283286E-1;1,370034E-1;9,336850E-1;;
30/11/2021  10:22:50,393822;9,358178E-1;1,283286E-1;1,360556E-1;9,337524E-1;;
30/11/2021  10:22:50,393922;9,355168E-1;1,289658E-1;1,341600E-1;9,338213E-1;;
30/11/2021  10:22:50,394022;9,357642E-1;1,388417E-1;1,360556E-1;9,338915E-1;;
30/11/2021  10:22:50,394122;9,368550E-1;8,500172E-2;1,060421E-1;9,339629E-1;;
30/11/2021  10:22:50,394222;9,364020E-1;9,965640E-2;1,031987E-1;9,340352E-1;;
30/11/2021  10:22:50,394322;9,364139E-1;7,863012E-2;1,234183E-1;9,341085E-1;;
30/11/2021  10:22:50,394422;9,363662E-1;1,251428E-1;1,167838E-1;9,341825E-1;;
30/11/2021  10:22:50,394522;9,362917E-1;1,248242E-1;1,234183E-1;9,342573E-1;;
30/11/2021  10:22:50,394622;9,362351E-1;2,012834E-1;1,976624E-1;9,343326E-1;;
30/11/2021  10:22:50,394722;9,371917E-1;2,893164E-2;7,981972E-2;9,344083E-1;;
30/11/2021  10:22:50,394822;9,380978E-1;1,254614E-1;1,246821E-1;9,344844E-1;;
30/11/2021  10:22:50,394922;9,383868E-1;1,245056E-1;1,325804E-1;9,345610E-1;;
30/11/2021  10:22:50,395022;9,385955E-1;1,280100E-1;9,624818E-2;9,346383E-1;;
30/11/2021  10:22:50,395122;9,384077E-1;1,506292E-1;1,727037E-1;9,347166E-1;;
30/11/2021  10:22:50,395222;9,386402E-1;1,700626E-1;2,219891E-1;9,347960E-1;;
30/11/2021  10:22:50,395322;9,390902E-1;1,302401E-1;1,335282E-1;9,348767E-1;;
30/11/2021  10:22:50,395422;9,403240E-1;8,659462E-2;8,613836E-2;9,349590E-1;;
30/11/2021  10:22:50,395522;9,404224E-1;9,264764E-2;1,780746E-1;9,350431E-1;;
30/11/2021  10:22:50,395622;9,403509E-1;1,130368E-1;1,047783E-1;9,351294E-1;;
30/11/2021  10:22:50,395722;9,405684E-1;1,305587E-1;1,562753E-1;9,352183E-1;;
30/11/2021  10:22:50,395822;9,411973E-1;1,289658E-1;1,344760E-1;9,353101E-1;;
30/11/2021  10:22:50,395922;9,412360E-1;1,267357E-1;1,215227E-1;9,354049E-1;;
30/11/2021  10:22:50,396022;9,412658E-1;1,302401E-1;1,215227E-1;9,355032E-1;;
30/11/2021  10:22:50,396122;9,426725E-1;1,382046E-1;1,338441E-1;9,356052E-1;;
30/11/2021  10:22:50,396222;9,428364E-1;1,264171E-1;1,126766E-1;9,357111E-1;;
30/11/2021  10:22:50,396322;9,430808E-1;1,159040E-1;1,082536E-1;9,358214E-1;;
30/11/2021  10:22:50,396422;9,431792E-1;1,085766E-1;1,142563E-1;9,359364E-1;;
30/11/2021  10:22:50,396522;9,430272E-1;1,238685E-1;1,278414E-1;9,360563E-1;;
30/11/2021  10:22:50,396622;9,432328E-1;1,098510E-1;1,793383E-1;9,361814E-1;;
30/11/2021  10:22:50,396722;9,436262E-1;4,422348E-2;1,035146E-1;9,363118E-1;;
30/11/2021  10:22:50,396822;9,445471E-1;9,487770E-2;8,929768E-2;9,364475E-1;;
30/11/2021  10:22:50,396922;9,446365E-1;1,082581E-1;1,133085E-1;9,365887E-1;;
30/11/2021  10:22:50,397022;9,441239E-1;8,818752E-2;8,961361E-2;9,367356E-1;;
30/11/2021  10:22:50,397122;9,435785E-1;8,372740E-2;1,082536E-1;9,368881E-1;;
30/11/2021  10:22:50,397222;9,430600E-1;4,008194E-2;6,718244E-2;9,370462E-1;;
30/11/2021  10:22:50,397322;9,432894E-1;1,053908E-1;1,183634E-1;9,372095E-1;;
30/11/2021  10:22:50,397422;9,435904E-1;8,723178E-2;1,019350E-1;9,373776E-1;;
30/11/2021  10:22:50,397522;9,439540E-1;1,009307E-1;1,104651E-1;9,375501E-1;;
30/11/2021  10:22:50,397622;9,439183E-1;1,123996E-1;1,240502E-1;9,377267E-1;;
30/11/2021  10:22:50,397722;9,436977E-1;1,356559E-1;1,338441E-1;9,379070E-1;;
30/11/2021  10:22:50,397822;9,431911E-1;1,047537E-1;7,097362E-2;9,380907E-1;;
30/11/2021  10:22:50,397922;9,427738E-1;1,168597E-1;9,561632E-2;9,382773E-1;;
30/11/2021  10:22:50,398022;9,429795E-1;1,241871E-1;1,224705E-1;9,384661E-1;;
30/11/2021  10:22:50,398122;9,429974E-1;1,620981E-1;1,493248E-1;9,386566E-1;;
30/11/2021  10:22:50,398222;9,435785E-1;4,103768E-2;9,119327E-2;9,388482E-1;;
30/11/2021  10:22:50,398322;9,432567E-1;2,447152E-2;1,789705E-2;9,390403E-1;;
30/11/2021  10:22:50,398422;9,427619E-1;-6,154508E-2;3,653703E-2;9,392326E-1;;
30/11/2021  10:22:50,398522;9,423387E-1;1,493549E-1;1,663851E-1;9,394245E-1;;
30/11/2021  10:22:50,398622;9,415609E-1;9,838208E-2;1,357397E-1;9,396153E-1;;
30/11/2021  10:22:50,398722;9,419543E-1;1,254614E-1;1,221546E-1;9,398043E-1;;
30/11/2021  10:22:50,398822;9,421063E-1;1,079395E-1;1,531159E-1;9,399909E-1;;
30/11/2021  10:22:50,398922;9,424579E-1;1,296029E-1;1,240502E-1;9,401745E-1;;
30/11/2021  10:22:50,399022;9,422821E-1;1,452133E-1;1,509044E-1;9,403545E-1;;
30/11/2021  10:22:50,399122;9,418380E-1;1,238685E-1;1,227865E-1;9,405305E-1;;
30/11/2021  10:22:50,399222;9,418738E-1;1,337445E-1;1,253139E-1;9,407020E-1;;
30/11/2021  10:22:50,399322;9,415787E-1;1,359745E-1;1,474292E-1;9,408687E-1;;
30/11/2021  10:22:50,399422;9,419155E-1;1,168597E-1;1,300529E-1;9,410300E-1;;
30/11/2021  10:22:50,399522;9,424132E-1;1,181340E-1;1,104651E-1;9,411856E-1;;
30/11/2021  10:22:50,399622;9,427053E-1;1,187712E-1;1,164678E-1;9,413353E-1;;
30/11/2021  10:22:50,399722;9,425861E-1;9,009900E-2;7,318515E-2;9,414790E-1;;
30/11/2021  10:22:50,399822;9,422702E-1;1,060280E-1;9,561632E-2;9,416165E-1;;
30/11/2021  10:22:50,399922;9,425682E-1;1,324701E-1;1,354238E-1;9,417478E-1;;
30/11/2021  10:22:50,400022;9,421897E-1;1,837615E-1;2,327308E-1;9,418728E-1;;
30/11/2021  10:22:50,400122;9,431225E-1;1,216384E-1;1,148882E-1;9,419916E-1;;
30/11/2021  10:22:50,400222;9,437454E-1;1,308772E-1;1,310007E-1;9,421040E-1;;
30/11/2021  10:22:50,400322;9,437633E-1;1,241871E-1;1,199431E-1;9,422104E-1;;
30/11/2021  10:22:50,400422;9,442133E-1;1,697440E-1;2,008217E-1;9,423111E-1;;
30/11/2021  10:22:50,400522;9,443236E-1;1,337445E-1;1,240502E-1;9,424063E-1;;
30/11/2021  10:22:50,400622;9,437901E-1;1,235499E-1;1,142563E-1;9,424965E-1;;
30/11/2021  10:22:50,400722;9,441388E-1;1,289658E-1;1,291051E-1;9,425819E-1;;
30/11/2021  10:22:50,400822;9,447975E-1;1,362931E-1;1,278414E-1;9,426628E-1;;
30/11/2021  10:22:50,400922;9,459121E-1;1,216384E-1;1,205749E-1;9,427397E-1;;
30/11/2021  10:22:50,401022;9,460611E-1;1,203641E-1;1,221546E-1;9,428129E-1;;
30/11/2021  10:22:50,401122;9,459657E-1;1,184526E-1;1,120448E-1;9,428832E-1;;
30/11/2021  10:22:50,401222;9,458078E-1;1,270543E-1;1,095173E-1;9,429511E-1;;
30/11/2021  10:22:50,401322;9,456111E-1;9,073616E-2;1,082536E-1;9,430171E-1;;
30/11/2021  10:22:50,401422;9,463293E-1;9,137332E-2;7,350108E-2;9,430815E-1;;
30/11/2021  10:22:50,401522;9,468122E-1;1,311958E-1;1,483770E-1;9,431447E-1;;
30/11/2021  10:22:50,401622;9,473754E-1;1,417090E-1;1,537478E-1;9,432073E-1;;
30/11/2021  10:22:50,401722;9,474231E-1;8,786894E-2;9,972343E-2;9,432697E-1;;
30/11/2021  10:22:50,401822;9,473695E-1;1,270543E-1;1,265777E-1;9,433325E-1;;
30/11/2021  10:22:50,401922;9,467645E-1;1,296029E-1;1,291051E-1;9,433961E-1;;
30/11/2021  10:22:50,402022;9,471221E-1;1,340630E-1;1,521681E-1;9,434607E-1;;
30/11/2021  10:22:50,402122;9,470297E-1;1,292843E-1;1,332122E-1;9,435267E-1;;
30/11/2021  10:22:50,402222;9,474350E-1;1,296029E-1;1,275255E-1;9,435941E-1;;
30/11/2021  10:22:50,402322;9,473635E-1;1,318330E-1;1,395309E-1;9,436633E-1;;
30/11/2021  10:22:50,402422;9,469612E-1;1,203641E-1;1,231024E-1;9,437343E-1;;
30/11/2021  10:22:50,402522;9,464545E-1;1,296029E-1;1,133085E-1;9,438072E-1;;
30/11/2021  10:22:50,402622;9,461326E-1;1,318330E-1;1,189953E-1;9,438819E-1;;
30/11/2021  10:22:50,402722;9,462042E-1;1,229127E-1;1,133085E-1;9,439582E-1;;
30/11/2021  10:22:50,402822;9,463144E-1;1,251428E-1;1,183634E-1;9,440359E-1;;
30/11/2021  10:22:50,402922;9,468330E-1;1,372488E-1;1,698603E-1;9,441148E-1;;
30/11/2021  10:22:50,403022;9,462697E-1;1,429833E-1;1,398468E-1;9,441947E-1;;
30/11/2021  10:22:50,403122;9,458078E-1;1,391603E-1;1,490088E-1;9,442755E-1;;
30/11/2021  10:22:50,403222;9,457750E-1;1,203641E-1;1,325804E-1;9,443569E-1;;
30/11/2021  10:22:50,403322;9,449822E-1;1,334259E-1;1,335282E-1;9,444386E-1;;
30/11/2021  10:22:50,403422;9,450299E-1;1,305587E-1;1,360556E-1;9,445201E-1;;
30/11/2021  10:22:50,403522;9,444100E-1;1,283286E-1;1,268936E-1;9,446010E-1;;
30/11/2021  10:22:50,403622;9,449852E-1;1,178155E-1;9,845971E-2;9,446807E-1;;
30/11/2021  10:22:50,403722;9,444637E-1;1,356559E-1;1,363715E-1;9,447590E-1;;
30/11/2021  10:22:50,403822;9,437871E-1;1,098510E-1;1,253139E-1;9,448353E-1;;
30/11/2021  10:22:50,403922;9,428245E-1;1,229127E-1;1,275255E-1;9,449091E-1;;
30/11/2021  10:22:50,404022;9,431494E-1;1,187712E-1;1,025668E-1;9,449798E-1;;
30/11/2021  10:22:50,404122;9,430033E-1;1,311958E-1;1,246821E-1;9,450469E-1;;
30/11/2021  10:22:50,404222;9,430719E-1;1,104881E-1;1,054102E-1;9,451098E-1;;
30/11/2021  10:22:50,404322;9,434414E-1;8,054160E-2;8,171531E-2;9,451681E-1;;
30/11/2021  10:22:50,404422;9,430868E-1;1,174969E-1;1,104651E-1;9,452214E-1;;
30/11/2021  10:22:50,404522;9,430778E-1;1,210013E-1;1,123607E-1;9,452695E-1;;
30/11/2021  10:22:50,404622;9,424639E-1;1,480806E-1;1,565912E-1;9,453121E-1;;
30/11/2021  10:22:50,404722;9,423626E-1;1,085766E-1;1,234183E-1;9,453490E-1;;
30/11/2021  10:22:50,404822;9,425563E-1;1,184526E-1;1,237343E-1;9,453799E-1;;
30/11/2021  10:22:50,404922;9,422195E-1;1,130368E-1;1,196272E-1;9,454046E-1;;
30/11/2021  10:22:50,405022;9,417963E-1;1,050723E-1;1,158360E-1;9,454229E-1;;
30/11/2021  10:22:50,405122;9,409380E-1;1,047537E-1;1,129926E-1;9,454347E-1;;
30/11/2021  10:22:50,405222;9,397697E-1;1,130368E-1;1,208909E-1;9,454396E-1;;
30/11/2021  10:22:50,405322;9,392541E-1;1,085766E-1;1,193112E-1;9,454373E-1;;
30/11/2021  10:22:50,405422;9,385120E-1;9,169190E-2;1,047783E-1;9,454272E-1;;
30/11/2021  10:22:50,405522;9,387147E-1;9,965640E-2;1,082536E-1;9,454089E-1;;
30/11/2021  10:22:50,405622;9,383630E-1;7,002846E-2;7,444887E-2;9,453819E-1;;
30/11/2021  10:22:50,405722;9,378265E-1;1,063466E-1;1,281573E-1;9,453457E-1;;
30/11/2021  10:22:50,405822;9,376626E-1;1,152668E-1;1,625939E-1;9,453001E-1;;
30/11/2021  10:22:50,405922;9,373914E-1;5,186940E-2;8,740209E-2;9,452447E-1;;
30/11/2021  10:22:50,406022;9,368192E-1;1,436204E-1;1,584868E-1;9,451793E-1;;
30/11/2021  10:22:50,406122;9,369980E-1;1,477620E-1;1,407946E-1;9,451037E-1;;
30/11/2021  10:22:50,406222;9,373348E-1;1,028422E-1;1,133085E-1;9,450177E-1;;
30/11/2021  10:22:50,406322;9,374808E-1;1,659210E-1;1,417424E-1;9,449215E-1;;
30/11/2021  10:22:50,406422;9,371321E-1;1,805757E-1;1,916596E-1;9,448150E-1;;
30/11/2021  10:22:50,406522;9,366493E-1;1,630538E-1;1,565912E-1;9,446985E-1;;
30/11/2021  10:22:50,406622;9,361695E-1;1,455319E-1;1,458495E-1;9,445723E-1;;
30/11/2021  10:22:50,406722;9,361457E-1;1,624167E-1;1,439539E-1;9,444365E-1;;
30/11/2021  10:22:50,406822;9,362202E-1;9,965640E-2;8,961361E-2;9,442914E-1;;
30/11/2021  10:22:50,406922;9,365033E-1;1,289658E-1;1,133085E-1;9,441371E-1;;
30/11/2021  10:22:50,407022;9,369712E-1;1,229127E-1;1,335282E-1;9,439742E-1;;
30/11/2021  10:22:50,407122;9,364646E-1;1,315144E-1;1,170997E-1;9,438031E-1;;
30/11/2021  10:22:50,407222;9,361576E-1;1,299215E-1;1,474292E-1;9,436243E-1;;
30/11/2021  10:22:50,407322;9,357403E-1;6,238254E-2;1,003553E-1;9,434384E-1;;
30/11/2021  10:22:50,407422;9,359102E-1;1,327887E-1;1,445858E-1;9,432459E-1;;
30/11/2021  10:22:50,407522;9,363900E-1;1,267357E-1;1,196272E-1;9,430471E-1;;
30/11/2021  10:22:50,407622;9,366523E-1;1,471248E-1;1,423743E-1;9,428428E-1;;
30/11/2021  10:22:50,407722;9,366881E-1;1,136739E-1;1,180475E-1;9,426335E-1;;
30/11/2021  10:22:50,407822;9,360861E-1;1,471248E-1;1,802861E-1;9,424200E-1;;
30/11/2021  10:22:50,407922;9,355943E-1;1,493549E-1;1,670170E-1;9,422029E-1;;
30/11/2021  10:22:50,408022;9,352098E-1;1,238685E-1;1,237343E-1;9,419827E-1;;
30/11/2021  10:22:50,408122;9,353678E-1;1,216384E-1;1,306848E-1;9,417599E-1;;
30/11/2021  10:22:50,408222;9,360712E-1;1,254614E-1;1,237343E-1;9,415350E-1;;
30/11/2021  10:22:50,408322;9,361904E-1;1,248242E-1;1,170997E-1;9,413084E-1;;
30/11/2021  10:22:50,408422;9,360264E-1;1,340630E-1;1,373193E-1;9,410808E-1;;
30/11/2021  10:22:50,408522;9,358238E-1;1,174969E-1;1,325804E-1;9,408529E-1;;
30/11/2021  10:22:50,408622;9,358059E-1;1,767528E-1;2,090359E-1;9,406251E-1;;
30/11/2021  10:22:50,408722;9,357582E-1;-5,326200E-2;5,928414E-2;9,403980E-1;;
30/11/2021  10:22:50,408822;9,359102E-1;1,187712E-1;1,177316E-1;9,401721E-1;;
30/11/2021  10:22:50,408922;9,371411E-1;9,328480E-2;1,215227E-1;9,399480E-1;;
30/11/2021  10:22:50,409022;9,375941E-1;1,684697E-1;1,474292E-1;9,397262E-1;;
30/11/2021  10:22:50,409122;9,376388E-1;8,786894E-2;1,019350E-1;9,395076E-1;;
30/11/2021  10:22:50,409222;9,374570E-1;1,515849E-1;9,530039E-2;9,392929E-1;;
30/11/2021  10:22:50,409322;9,375643E-1;1,407532E-1;1,414265E-1;9,390828E-1;;
30/11/2021  10:22:50,409422;9,382915E-1;1,324701E-1;1,388990E-1;9,388779E-1;;
30/11/2021  10:22:50,409522;9,385806E-1;1,264171E-1;1,303688E-1;9,386790E-1;;
30/11/2021  10:22:50,409622;9,385686E-1;1,359745E-1;1,341600E-1;9,384866E-1;;
30/11/2021  10:22:50,409722;9,389948E-1;1,066652E-1;1,234183E-1;9,383015E-1;;
30/11/2021  10:22:50,409822;9,388130E-1;1,289658E-1;1,227865E-1;9,381242E-1;;
30/11/2021  10:22:50,409922;9,385210E-1;8,117876E-2;1,006712E-1;9,379553E-1;;
30/11/2021  10:22:50,410022;9,378593E-1;1,190898E-1;1,253139E-1;9,377952E-1;;
30/11/2021  10:22:50,410122;9,377491E-1;1,213198E-1;1,208909E-1;9,376441E-1;;
30/11/2021  10:22:50,410222;9,386581E-1;1,292843E-1;1,262617E-1;9,375020E-1;;
30/11/2021  10:22:50,410322;9,384077E-1;1,213198E-1;1,357397E-1;9,373693E-1;;
30/11/2021  10:22:50,410422;9,390097E-1;1,394789E-1;1,388990E-1;9,372459E-1;;
30/11/2021  10:22:50,410522;9,384524E-1;1,267357E-1;1,379512E-1;9,371321E-1;;
30/11/2021  10:22:50,410622;9,379696E-1;1,413904E-1;1,499566E-1;9,370277E-1;;
30/11/2021  10:22:50,410722;9,382587E-1;-8,660802E-3;1,265777E-1;9,369329E-1;;
30/11/2021  10:22:50,410822;9,379577E-1;1,327887E-1;1,341600E-1;9,368475E-1;;
30/11/2021  10:22:50,410922;9,380888E-1;1,225942E-1;1,667010E-1;9,367711E-1;;
30/11/2021  10:22:50,411022;9,380113E-1;1,257800E-1;1,272095E-1;9,367038E-1;;
30/11/2021  10:22:50,411122;9,378623E-1;1,286472E-1;1,392149E-1;9,366450E-1;;
30/11/2021  10:22:50,411222;9,376328E-1;1,213198E-1;1,006712E-1;9,365947E-1;;
30/11/2021  10:22:50,411322;9,366344E-1;1,162226E-1;1,076217E-1;9,365523E-1;;
30/11/2021  10:22:50,411422;9,370308E-1;1,483991E-1;1,373193E-1;9,365175E-1;;
30/11/2021  10:22:50,411522;9,365152E-1;1,114439E-1;1,297370E-1;9,364897E-1;;
30/11/2021  10:22:50,411622;9,366434E-1;8,563888E-2;6,465498E-2;9,364682E-1;;
30/11/2021  10:22:50,411722;9,362589E-1;1,280100E-1;1,208909E-1;9,364526E-1;;
30/11/2021  10:22:50,411822;9,355168E-1;1,133553E-1;8,961361E-2;9,364422E-1;;
30/11/2021  10:22:50,411922;9,354155E-1;1,308772E-1;1,344760E-1;9,364364E-1;;
30/11/2021  10:22:50,412022;9,347330E-1;3,052454E-2;9,972343E-2;9,364344E-1;;
30/11/2021  10:22:50,412122;9,346734E-1;1,331073E-1;1,546956E-1;9,364356E-1;;
30/11/2021  10:22:50,412222;9,349088E-1;1,178155E-1;1,227865E-1;9,364390E-1;;
30/11/2021  10:22:50,412322;9,346615E-1;1,178155E-1;1,208909E-1;9,364442E-1;;
30/11/2021  10:22:50,412422;9,341578E-1;1,232313E-1;1,366875E-1;9,364503E-1;;
30/11/2021  10:22:50,412522;9,335230E-1;2,130709E-1;2,074562E-1;9,364568E-1;;
30/11/2021  10:22:50,412622;9,334246E-1;1,245056E-1;1,202590E-1;9,364630E-1;;
30/11/2021  10:22:50,412722;9,332279E-1;1,318330E-1;1,310007E-1;9,364681E-1;;
30/11/2021  10:22:50,412822;9,332965E-1;1,359745E-1;1,313166E-1;9,364716E-1;;
30/11/2021  10:22:50,412922;9,332041E-1;1,267357E-1;1,335282E-1;9,364729E-1;;
30/11/2021  10:22:50,413022;9,333174E-1;1,146297E-1;1,155200E-1;9,364714E-1;;
30/11/2021  10:22:50,413122;9,330819E-1;1,162226E-1;1,098333E-1;9,364668E-1;;
30/11/2021  10:22:50,413222;9,324918E-1;1,053908E-1;1,038306E-1;9,364586E-1;;
30/11/2021  10:22:50,413322;9,318749E-1;9,009900E-2;8,613836E-2;9,364465E-1;;
30/11/2021  10:22:50,413422;9,322802E-1;2,224146E-2;2,547941E-2;9,364301E-1;;
30/11/2021  10:22:50,413522;9,326259E-1;1,079395E-1;1,092014E-1;9,364090E-1;;
30/11/2021  10:22:50,413622;9,327720E-1;1,050723E-1;1,398468E-1;9,363830E-1;;
30/11/2021  10:22:50,413722;9,324382E-1;1,171783E-1;1,477451E-1;9,363519E-1;;
30/11/2021  10:22:50,413822;9,330998E-1;1,057094E-1;1,546956E-1;9,363158E-1;;
30/11/2021  10:22:50,413922;9,320716E-1;9,933782E-2;1,076217E-1;9,362747E-1;;
30/11/2021  10:22:50,414022;9,318451E-1;9,296622E-2;1,044624E-1;9,362285E-1;;
30/11/2021  10:22:50,414122;9,325812E-1;1,063466E-1;1,038306E-1;9,361773E-1;;
30/11/2021  10:22:50,414222;9,330402E-1;7,799296E-2;1,155200E-1;9,361211E-1;;
30/11/2021  10:22:50,414322;9,331862E-1;1,260985E-1;1,310007E-1;9,360601E-1;;
30/11/2021  10:22:50,414422;9,341101E-1;1,404346E-1;1,521681E-1;9,359947E-1;;
30/11/2021  10:22:50,414522;9,341906E-1;1,337445E-1;1,174156E-1;9,359253E-1;;
30/11/2021  10:22:50,414622;9,342085E-1;1,302401E-1;1,120448E-1;9,358525E-1;;
30/11/2021  10:22:50,414722;9,347032E-1;1,665582E-1;1,379512E-1;9,357767E-1;;
30/11/2021  10:22:50,414822;9,348582E-1;1,751599E-1;1,550115E-1;9,356987E-1;;
30/11/2021  10:22:50,414922;9,361784E-1;1,601866E-1;1,439539E-1;9,356191E-1;;
30/11/2021  10:22:50,415022;9,369474E-1;1,544522E-1;1,708081E-1;9,355385E-1;;
30/11/2021  10:22:50,415122;9,375583E-1;1,394789E-1;1,417424E-1;9,354581E-1;;
30/11/2021  10:22:50,415222;9,384435E-1;1,340630E-1;1,449017E-1;9,353786E-1;;
30/11/2021  10:22:50,415322;9,380143E-1;1,222756E-1;1,407946E-1;9,353013E-1;;
30/11/2021  10:22:50,415422;9,389442E-1;1,280100E-1;1,281573E-1;9,352270E-1;;
30/11/2021  10:22:50,415522;9,397131E-1;1,232313E-1;1,240502E-1;9,351567E-1;;
30/11/2021  10:22:50,415622;9,405029E-1;1,088952E-1;1,249980E-1;9,350916E-1;;
30/11/2021  10:22:50,415722;9,414655E-1;1,168597E-1;1,041465E-1;9,350325E-1;;
30/11/2021  10:22:50,415822;9,418768E-1;1,235499E-1;1,278414E-1;9,349807E-1;;
30/11/2021  10:22:50,415922;9,416771E-1;1,267357E-1;1,234183E-1;9,349371E-1;;
30/11/2021  10:22:50,416022;9,423268E-1;1,229127E-1;1,161519E-1;9,349027E-1;;
30/11/2021  10:22:50,416122;9,423208E-1;1,254614E-1;1,161519E-1;9,348783E-1;;
30/11/2021  10:22:50,416222;9,427083E-1;1,028422E-1;1,259458E-1;9,348647E-1;;
30/11/2021  10:22:50,416322;9,429556E-1;1,213198E-1;1,133085E-1;9,348624E-1;;
30/11/2021  10:22:50,416422;9,434295E-1;9,583344E-2;8,582243E-2;9,348720E-1;;
30/11/2021  10:22:50,416522;9,436024E-1;1,104881E-1;1,196272E-1;9,348940E-1;;
30/11/2021  10:22:50,416622;9,433312E-1;1,238685E-1;1,126766E-1;9,349288E-1;;
30/11/2021  10:22:50,416722;9,429765E-1;1,353374E-1;1,442698E-1;9,349765E-1;;
30/11/2021  10:22:50,416822;9,439421E-1;1,066652E-1;1,092014E-1;9,350372E-1;;
30/11/2021  10:22:50,416922;9,441180E-1;1,222756E-1;1,208909E-1;9,351109E-1;;
30/11/2021  10:22:50,417022;9,441835E-1;1,229127E-1;1,208909E-1;9,351976E-1;;
30/11/2021  10:22:50,417122;9,441358E-1;1,155854E-1;1,208909E-1;9,352972E-1;;
30/11/2021  10:22:50,417222;9,440941E-1;1,136739E-1;1,231024E-1;9,354095E-1;;
30/11/2021  10:22:50,417322;9,441537E-1;1,283286E-1;1,265777E-1;9,355343E-1;;
30/11/2021  10:22:50,417422;9,434295E-1;1,225942E-1;1,202590E-1;9,356711E-1;;
30/11/2021  10:22:50,417522;9,433759E-1;1,241871E-1;1,240502E-1;9,358194E-1;;
30/11/2021  10:22:50,417622;9,439093E-1;1,123996E-1;1,142563E-1;9,359785E-1;;
30/11/2021  10:22:50,417722;9,436858E-1;1,159040E-1;1,054102E-1;9,361479E-1;;
30/11/2021  10:22:50,417822;9,436203E-1;6,301970E-2;5,012211E-2;9,363268E-1;;
30/11/2021  10:22:50,417922;9,433192E-1;1,468062E-1;1,543797E-1;9,365144E-1;;
30/11/2021  10:22:50,418022;9,427530E-1;6,631038E-3;3,400958E-2;9,367101E-1;;
30/11/2021  10:22:50,418122;9,418112E-1;1,340630E-1;1,455336E-1;9,369129E-1;;
30/11/2021  10:22:50,418222;9,420168E-1;1,429833E-1;1,414265E-1;9,371217E-1;;
30/11/2021  10:22:50,418322;9,424639E-1;7,640006E-2;1,006712E-1;9,373355E-1;;
30/11/2021  10:22:50,418422;9,419602E-1;1,225942E-1;1,170997E-1;9,375532E-1;;
30/11/2021  10:22:50,418522;9,408545E-1;1,436204E-1;1,562753E-1;9,377738E-1;;
30/11/2021  10:22:50,418622;9,401184E-1;1,251428E-1;1,262617E-1;9,379962E-1;;
30/11/2021  10:22:50,418722;9,394001E-1;1,238685E-1;1,215227E-1;9,382192E-1;;
30/11/2021  10:22:50,418822;9,385388E-1;1,229127E-1;1,243661E-1;9,384414E-1;;
30/11/2021  10:22:50,418922;9,386938E-1;9,105474E-2;1,044624E-1;9,386614E-1;;
30/11/2021  10:22:50,419022;9,378653E-1;1,340630E-1;1,202590E-1;9,388779E-1;;
30/11/2021  10:22:50,419122;9,376626E-1;1,187712E-1;1,366875E-1;9,390896E-1;;
30/11/2021  10:22:50,419222;9,366076E-1;8,595746E-2;2,516348E-2;9,392952E-1;;
30/11/2021  10:22:50,419322;9,360145E-1;1,633724E-1;1,935552E-1;9,394933E-1;;
30/11/2021  10:22:50,419422;9,348135E-1;1,624167E-1;1,815498E-1;9,396827E-1;;
30/11/2021  10:22:50,419522;9,353112E-1;7,735580E-2;8,961361E-2;9,398620E-1;;
30/11/2021  10:22:50,419622;9,353589E-1;1,197269E-1;1,164678E-1;9,400301E-1;;
30/11/2021  10:22:50,419722;9,349297E-1;1,366117E-1;1,373193E-1;9,401859E-1;;
30/11/2021  10:22:50,419822;9,344439E-1;4,486064E-2;4,317161E-2;9,403286E-1;;
30/11/2021  10:22:50,419922;9,343634E-1;1,840801E-1;2,118793E-1;9,404573E-1;;
30/11/2021  10:22:50,420022;9,335409E-1;1,417090E-1;1,679647E-1;9,405713E-1;;
30/11/2021  10:22:50,420122;9,332369E-1;1,318330E-1;1,231024E-1;9,406700E-1;;
30/11/2021  10:22:50,420222;9,337286E-1;1,292843E-1;1,240502E-1;9,407529E-1;;
30/11/2021  10:22:50,420322;9,339671E-1;1,235499E-1;1,199431E-1;9,408194E-1;;
30/11/2021  10:22:50,420422;9,342144E-1;1,041165E-1;9,782784E-2;9,408695E-1;;
30/11/2021  10:22:50,420522;9,338359E-1;1,429833E-1;1,310007E-1;9,409030E-1;;
30/11/2021  10:22:50,420622;9,329746E-1;1,197269E-1;1,240502E-1;9,409201E-1;;
30/11/2021  10:22:50,420722;9,327720E-1;1,420275E-1;1,385831E-1;9,409209E-1;;
30/11/2021  10:22:50,420822;9,328107E-1;1,429833E-1;1,900800E-1;9,409053E-1;;
30/11/2021  10:22:50,420922;9,331981E-1;1,391603E-1;1,275255E-1;9,408737E-1;;
30/11/2021  10:22:50,421022;9,346644E-1;-2,650128E-2;7,918786E-2;9,408262E-1;;
30/11/2021  10:22:50,421122;9,340207E-1;1,098510E-1;1,006712E-1;9,407635E-1;;
30/11/2021  10:22:50,421222;9,341459E-1;1,181340E-1;1,199431E-1;9,406864E-1;;
30/11/2021  10:22:50,421322;9,338031E-1;3,307318E-2;9,688005E-2;9,405955E-1;;
30/11/2021  10:22:50,421422;9,337823E-1;1,146297E-1;1,584868E-1;9,404915E-1;;
30/11/2021  10:22:50,421522;9,342710E-1;1,063466E-1;1,332122E-1;9,403754E-1;;
30/11/2021  10:22:50,421622;9,343754E-1;1,184526E-1;1,253139E-1;9,402478E-1;;
30/11/2021  10:22:50,421722;9,350966E-1;1,139925E-1;1,196272E-1;9,401096E-1;;
30/11/2021  10:22:50,421822;9,355407E-1;1,088952E-1;1,199431E-1;9,399620E-1;;
30/11/2021  10:22:50,421922;9,357016E-1;1,187712E-1;1,054102E-1;9,398059E-1;;
30/11/2021  10:22:50,422022;9,359817E-1;1,037979E-1;1,212068E-1;9,396426E-1;;
30/11/2021  10:22:50,422122;9,366404E-1;8,532030E-2;8,677022E-2;9,394732E-1;;
30/11/2021  10:22:50,422222;9,371530E-1;1,022050E-1;1,066739E-1;9,392990E-1;;
30/11/2021  10:22:50,422322;9,382080E-1;9,965640E-2;1,095173E-1;9,391211E-1;;
30/11/2021  10:22:50,422422;9,386759E-1;7,130278E-2;1,505885E-1;9,389411E-1;;
30/11/2021  10:22:50,422522;9,399157E-1;3,307318E-2;7,286922E-2;9,387604E-1;;
30/11/2021  10:22:50,422622;9,394031E-1;1,127182E-1;1,347919E-1;9,385805E-1;;
30/11/2021  10:22:50,422722;9,394210E-1;1,340630E-1;1,496407E-1;9,384028E-1;;
30/11/2021  10:22:50,422822;9,401124E-1;2,382387E-1;2,298874E-1;9,382286E-1;;
30/11/2021  10:22:50,422922;9,407055E-1;1,656025E-1;1,537478E-1;9,380592E-1;;
30/11/2021  10:22:50,423022;9,413671E-1;1,671954E-1;1,486929E-1;9,378957E-1;;
30/11/2021  10:22:50,423122;9,412211E-1;1,598680E-1;1,509044E-1;9,377395E-1;;
30/11/2021  10:22:50,423222;9,417188E-1;1,675139E-1;1,679647E-1;9,375915E-1;;
30/11/2021  10:22:50,423322;9,414148E-1;1,433019E-1;1,423743E-1;9,374528E-1;;
30/11/2021  10:22:50,423422;9,410840E-1;1,334259E-1;1,357397E-1;9,373243E-1;;
30/11/2021  10:22:50,423522;9,406459E-1;1,525407E-1;1,714400E-1;9,372066E-1;;
30/11/2021  10:22:50,423622;9,411794E-1;1,241871E-1;1,341600E-1;9,371001E-1;;
30/11/2021  10:22:50,423722;9,412151E-1;9,965640E-2;9,435259E-2;9,370053E-1;;
30/11/2021  10:22:50,423822;9,414327E-1;1,260985E-1;1,234183E-1;9,369223E-1;;
30/11/2021  10:22:50,423922;9,411317E-1;1,241871E-1;1,155200E-1;9,368515E-1;;
30/11/2021  10:22:50,424022;9,407890E-1;8,054160E-2;8,329497E-2;9,367929E-1;;
30/11/2021  10:22:50,424122;9,401512E-1;1,085766E-1;1,164678E-1;9,367464E-1;;
30/11/2021  10:22:50,424222;9,406578E-1;1,308772E-1;1,490088E-1;9,367119E-1;;
30/11/2021  10:22:50,424322;9,414178E-1;1,350188E-1;1,281573E-1;9,366891E-1;;
30/11/2021  10:22:50,424422;9,411883E-1;1,149482E-1;1,133085E-1;9,366778E-1;;
30/11/2021  10:22:50,424522;9,408963E-1;9,742634E-2;1,584868E-1;9,366778E-1;;
30/11/2021  10:22:50,424622;9,407085E-1;1,452133E-1;1,354238E-1;9,366887E-1;;
30/11/2021  10:22:50,424722;9,404820E-1;1,066652E-1;9,277293E-2;9,367101E-1;;
30/11/2021  10:22:50,424822;9,404582E-1;1,232313E-1;1,234183E-1;9,367416E-1;;
30/11/2021  10:22:50,424922;9,410661E-1;1,267357E-1;1,287892E-1;9,367826E-1;;
30/11/2021  10:22:50,425022;9,409410E-1;1,331073E-1;1,351078E-1;9,368326E-1;;
30/11/2021  10:22:50,425122;9,408158E-1;1,210013E-1;1,199431E-1;9,368911E-1;;
30/11/2021  10:22:50,425222;9,408188E-1;1,315144E-1;1,196272E-1;9,369577E-1;;
30/11/2021  10:22:50,425322;9,398025E-1;1,130368E-1;1,085695E-1;9,370318E-1;;
30/11/2021  10:22:50,425422;9,398740E-1;8,245308E-2;8,455870E-2;9,371127E-1;;
30/11/2021  10:22:50,425522;9,395879E-1;1,041165E-1;8,866581E-2;9,371997E-1;;
30/11/2021  10:22:50,425622;9,396088E-1;1,168597E-1;1,107811E-1;9,372920E-1;;
30/11/2021  10:22:50,425722;9,397250E-1;1,404346E-1;1,388990E-1;9,373888E-1;;
30/11/2021  10:22:50,425822;9,398412E-1;1,490363E-1;1,673329E-1;9,374895E-1;;
30/11/2021  10:22:50,425922;9,396535E-1;1,550893E-1;1,736515E-1;9,375934E-1;;
30/11/2021  10:22:50,426022;9,388875E-1;1,216384E-1;1,224705E-1;9,376998E-1;;
30/11/2021  10:22:50,426122;9,383421E-1;1,318330E-1;1,313166E-1;9,378081E-1;;
30/11/2021  10:22:50,426222;9,386730E-1;1,490363E-1;1,667010E-1;9,379173E-1;;
30/11/2021  10:22:50,426322;9,391349E-1;1,343816E-1;1,379512E-1;9,380268E-1;;
30/11/2021  10:22:50,426422;9,397757E-1;1,254614E-1;1,208909E-1;9,381360E-1;;
30/11/2021  10:22:50,426522;9,402793E-1;1,372488E-1;1,575390E-1;9,382444E-1;;
30/11/2021  10:22:50,426622;9,396147E-1;1,289658E-1;1,259458E-1;9,383517E-1;;
30/11/2021  10:22:50,426722;9,392631E-1;1,267357E-1;1,256299E-1;9,384575E-1;;
30/11/2021  10:22:50,426822;9,390664E-1;1,280100E-1;1,170997E-1;9,385616E-1;;
30/11/2021  10:22:50,426922;9,388816E-1;1,248242E-1;1,215227E-1;9,386635E-1;;
30/11/2021  10:22:50,427022;9,395670E-1;1,318330E-1;1,237343E-1;9,387628E-1;;
30/11/2021  10:22:50,427122;9,398323E-1;1,439390E-1;1,802861E-1;9,388592E-1;;
30/11/2021  10:22:50,427222;9,396475E-1;9,264764E-2;8,992954E-2;9,389526E-1;;
30/11/2021  10:22:50,427322;9,398621E-1;1,353374E-1;1,436380E-1;9,390428E-1;;
30/11/2021  10:22:50,427422;9,394240E-1;1,152668E-1;1,398468E-1;9,391296E-1;;
30/11/2021  10:22:50,427522;9,391468E-1;1,311958E-1;1,335282E-1;9,392130E-1;;
30/11/2021  10:22:50,427622;9,390544E-1;1,340630E-1;1,354238E-1;9,392927E-1;;
30/11/2021  10:22:50,427722;9,393346E-1;1,200455E-1;1,246821E-1;9,393686E-1;;
30/11/2021  10:22:50,427822;9,400916E-1;1,018865E-1;6,781430E-2;9,394406E-1;;
30/11/2021  10:22:50,427922;9,398263E-1;1,375674E-1;1,325804E-1;9,395087E-1;;
30/11/2021  10:22:50,428022;9,399694E-1;1,413904E-1;1,373193E-1;9,395728E-1;;
30/11/2021  10:22:50,428122;9,392094E-1;1,375674E-1;1,306848E-1;9,396331E-1;;
30/11/2021  10:22:50,428222;9,395909E-1;1,213198E-1;1,028828E-1;9,396896E-1;;
30/11/2021  10:22:50,428322;9,398025E-1;1,423461E-1;1,606983E-1;9,397422E-1;;
30/11/2021  10:22:50,428422;9,406131E-1;1,276914E-1;1,177316E-1;9,397911E-1;;
30/11/2021  10:22:50,428522;9,407562E-1;8,309024E-2;7,065769E-2;9,398364E-1;;
30/11/2021  10:22:50,428622;9,409052E-1;5,887816E-2;9,561632E-2;9,398784E-1;;
30/11/2021  10:22:50,428722;9,410006E-1;1,232313E-1;1,177316E-1;9,399174E-1;;
30/11/2021  10:22:50,428822;9,409529E-1;1,458505E-1;1,572231E-1;9,399537E-1;;
30/11/2021  10:22:50,428922;9,411108E-1;1,190898E-1;1,262617E-1;9,399876E-1;;
30/11/2021  10:22:50,429022;9,409350E-1;1,149482E-1;1,291051E-1;9,400193E-1;;
30/11/2021  10:22:50,429122;9,419513E-1;1,187712E-1;1,253139E-1;9,400493E-1;;
30/11/2021  10:22:50,429222;9,415132E-1;1,254614E-1;1,332122E-1;9,400776E-1;;
30/11/2021  10:22:50,429322;9,413284E-1;1,318330E-1;1,297370E-1;9,401048E-1;;
30/11/2021  10:22:50,429422;9,406519E-1;1,324701E-1;1,253139E-1;9,401310E-1;;
30/11/2021  10:22:50,429522;9,405088E-1;1,442576E-1;1,392149E-1;9,401564E-1;;
30/11/2021  10:22:50,429622;9,404999E-1;1,512664E-1;1,467973E-1;9,401810E-1;;
30/11/2021  10:22:50,429722;9,406012E-1;1,149482E-1;1,183634E-1;9,402047E-1;;
30/11/2021  10:22:50,429822;9,406817E-1;7,576290E-2;7,792413E-2;9,402277E-1;;
30/11/2021  10:22:50,429922;9,403091E-1;1,636910E-1;1,540637E-1;9,402499E-1;;
30/11/2021  10:22:50,430022;9,400946E-1;1,499920E-1;1,941871E-1;9,402712E-1;;
30/11/2021  10:22:50,430122;9,402197E-1;1,060280E-1;1,145722E-1;9,402917E-1;;
30/11/2021  10:22:50,430222;9,398502E-1;1,493549E-1;1,458495E-1;9,403112E-1;;
30/11/2021  10:22:50,430322;9,399753E-1;1,139925E-1;1,240502E-1;9,403297E-1;;
30/11/2021  10:22:50,430422;9,407472E-1;8,786894E-2;1,328963E-1;9,403470E-1;;
30/11/2021  10:22:50,430522;9,409678E-1;1,143111E-1;1,186794E-1;9,403632E-1;;
30/11/2021  10:22:50,430622;9,404194E-1;1,168597E-1;1,657532E-1;9,403784E-1;;
30/11/2021  10:22:50,430722;9,406608E-1;9,328480E-2;1,050943E-1;9,403927E-1;;
30/11/2021  10:22:50,430822;9,402436E-1;9,392196E-2;1,120448E-1;9,404061E-1;;
30/11/2021  10:22:50,430922;9,398621E-1;9,264764E-2;1,095173E-1;9,404185E-1;;
30/11/2021  10:22:50,431022;9,402913E-1;1,143111E-1;1,284732E-1;9,404301E-1;;
30/11/2021  10:22:50,431122;9,408843E-1;1,012493E-1;9,340479E-2;9,404407E-1;;
30/11/2021  10:22:50,431222;9,409380E-1;1,143111E-1;1,344760E-1;9,404503E-1;;
30/11/2021  10:22:50,431322;9,412241E-1;1,334259E-1;1,445858E-1;9,404592E-1;;
30/11/2021  10:22:50,431422;9,407264E-1;1,499920E-1;1,420583E-1;9,404675E-1;;
30/11/2021  10:22:50,431522;9,406370E-1;1,595494E-1;1,524841E-1;9,404753E-1;;
30/11/2021  10:22:50,431622;9,404194E-1;1,812129E-1;1,698603E-1;9,404826E-1;;
30/11/2021  10:22:50,431722;9,410065E-1;1,085766E-1;1,193112E-1;9,404895E-1;;
30/11/2021  10:22:50,431822;9,418261E-1;1,624167E-1;1,597505E-1;9,404961E-1;;
30/11/2021  10:22:50,431922;9,419453E-1;1,037979E-1;1,104651E-1;9,405026E-1;;
30/11/2021  10:22:50,432022;9,417039E-1;1,554079E-1;1,853410E-1;9,405092E-1;;
30/11/2021  10:22:50,432122;9,408456E-1;1,557265E-1;1,685966E-1;9,405161E-1;;
30/11/2021  10:22:50,432222;9,408247E-1;1,324701E-1;1,310007E-1;9,405234E-1;;
30/11/2021  10:22:50,432322;9,417456E-1;1,321516E-1;1,325804E-1;9,405312E-1;;
30/11/2021  10:22:50,432422;9,420675E-1;1,216384E-1;1,284732E-1;9,405396E-1;;
30/11/2021  10:22:50,432522;9,420258E-1;6,493118E-2;7,255328E-2;9,405486E-1;;
30/11/2021  10:22:50,432622;9,424371E-1;1,286472E-1;1,281573E-1;9,405585E-1;;
30/11/2021  10:22:50,432722;9,427142E-1;1,155854E-1;1,287892E-1;9,405696E-1;;
30/11/2021  10:22:50,432822;9,427619E-1;1,190898E-1;1,133085E-1;9,405820E-1;;
30/11/2021  10:22:50,432922;9,429020E-1;6,206396E-2;1,328963E-1;9,405960E-1;;
30/11/2021  10:22:50,433022;9,443385E-1;1,143111E-1;1,082536E-1;9,406119E-1;;
30/11/2021  10:22:50,433122;9,446336E-1;1,541336E-1;1,499566E-1;9,406300E-1;;
30/11/2021  10:22:50,433222;9,451521E-1;1,337445E-1;1,388990E-1;9,406509E-1;;
30/11/2021  10:22:50,433322;9,454621E-1;8,659462E-2;1,019350E-1;9,406750E-1;;
30/11/2021  10:22:50,433422;9,453041E-1;1,843987E-1;1,518522E-1;9,407028E-1;;
30/11/2021  10:22:50,433522;9,452624E-1;1,168597E-1;1,193112E-1;9,407349E-1;;
30/11/2021  10:22:50,433622;9,450925E-1;1,331073E-1;1,433221E-1;9,407714E-1;;
30/11/2021  10:22:50,433722;9,453995E-1;1,289658E-1;1,291051E-1;9,408127E-1;;
30/11/2021  10:22:50,433822;9,457154E-1;1,273729E-1;1,234183E-1;9,408589E-1;;
30/11/2021  10:22:50,433922;9,458078E-1;1,219570E-1;1,278414E-1;9,409102E-1;;
30/11/2021  10:22:50,434022;9,459836E-1;1,296029E-1;1,199431E-1;9,409667E-1;;
30/11/2021  10:22:50,434122;9,455694E-1;1,483991E-1;1,537478E-1;9,410286E-1;;
30/11/2021  10:22:50,434222;9,448899E-1;1,700626E-1;1,635417E-1;9,410959E-1;;
30/11/2021  10:22:50,434322;9,445978E-1;1,155854E-1;1,177316E-1;9,411684E-1;;
30/11/2021  10:22:50,434422;9,441209E-1;1,203641E-1;1,120448E-1;9,412457E-1;;
30/11/2021  10:22:50,434522;9,445054E-1;1,022050E-1;1,328963E-1;9,413276E-1;;
30/11/2021  10:22:50,434622;9,439779E-1;1,028422E-1;9,624818E-2;9,414135E-1;;
30/11/2021  10:22:50,434722;9,433937E-1;1,251428E-1;1,351078E-1;9,415030E-1;;
30/11/2021  10:22:50,434822;9,430719E-1;1,340630E-1;1,404787E-1;9,415955E-1;;
30/11/2021  10:22:50,434922;9,424043E-1;1,652839E-1;1,730197E-1;9,416904E-1;;
30/11/2021  10:22:50,435022;9,425920E-1;1,178155E-1;1,259458E-1;9,417869E-1;;
30/11/2021  10:22:50,435122;9,423357E-1;1,219570E-1;1,262617E-1;9,418844E-1;;
30/11/2021  10:22:50,435222;9,425086E-1;1,251428E-1;1,249980E-1;9,419821E-1;;
30/11/2021  10:22:50,435322;9,419215E-1;1,385232E-1;1,543797E-1;9,420794E-1;;
30/11/2021  10:22:50,435422;9,414357E-1;1,168597E-1;9,561632E-2;9,421757E-1;;
30/11/2021  10:22:50,435522;9,411287E-1;9,870066E-2;8,108345E-2;9,422702E-1;;
30/11/2021  10:22:50,435622;9,410393E-1;1,280100E-1;1,205749E-1;9,423623E-1;;
30/11/2021  10:22:50,435722;9,411853E-1;5,664810E-2;9,530039E-2;9,424513E-1;;
30/11/2021  10:22:50,435822;9,416503E-1;5,356718E-3;3,432551E-2;9,425365E-1;;
30/11/2021  10:22:50,435922;9,416294E-1;1,114439E-1;1,057261E-1;9,426177E-1;;
30/11/2021  10:22:50,436022;9,418261E-1;5,314372E-2;6,402312E-2;9,426943E-1;;
30/11/2021  10:22:50,436122;9,409350E-1;1,232313E-1;1,240502E-1;9,427662E-1;;
30/11/2021  10:22:50,436222;9,409171E-1;6,047106E-2;1,205749E-1;9,428330E-1;;
30/11/2021  10:22:50,436322;9,404552E-1;1,327887E-1;1,174156E-1;9,428945E-1;;
30/11/2021  10:22:50,436422;9,411079E-1;-3,777220E-4;4,506720E-2;9,429503E-1;;
30/11/2021  10:22:50,436522;9,407443E-1;1,178155E-1;1,243661E-1;9,430001E-1;;
30/11/2021  10:22:50,436622;9,407174E-1;8,850610E-2;9,087734E-2;9,430438E-1;;
30/11/2021  10:22:50,436722;9,410930E-1;1,280100E-1;1,278414E-1;9,430814E-1;;
30/11/2021  10:22:50,436822;9,399783E-1;5,537378E-2;8,550650E-2;9,431126E-1;;
30/11/2021  10:22:50,436922;9,396863E-1;1,155854E-1;1,117289E-1;9,431375E-1;;
30/11/2021  10:22:50,437022;9,396952E-1;1,248242E-1;1,231024E-1;9,431557E-1;;
30/11/2021  10:22:50,437122;9,401065E-1;1,245056E-1;1,246821E-1;9,431673E-1;;
30/11/2021  10:22:50,437222;9,404820E-1;1,108067E-1;1,066739E-1;9,431722E-1;;
30/11/2021  10:22:50,437322;9,403419E-1;1,108067E-1;1,057261E-1;9,431703E-1;;
30/11/2021  10:22:50,437422;9,403449E-1;1,174969E-1;1,104651E-1;9,431619E-1;;
30/11/2021  10:22:50,437522;9,397667E-1;8,659462E-2;8,234717E-2;9,431472E-1;;
30/11/2021  10:22:50,437622;9,394866E-1;1,136739E-1;1,278414E-1;9,431262E-1;;
30/11/2021  10:22:50,437722;9,389978E-1;1,241871E-1;1,442698E-1;9,430991E-1;;
30/11/2021  10:22:50,437822;9,401422E-1;8,149734E-2;1,092014E-1;9,430659E-1;;
30/11/2021  10:22:50,437922;9,403896E-1;1,375674E-1;1,256299E-1;9,430267E-1;;
30/11/2021  10:22:50,438022;9,401840E-1;9,009900E-2;1,063580E-1;9,429820E-1;;
30/11/2021  10:22:50,438122;9,407562E-1;1,385232E-1;1,291051E-1;9,429320E-1;;
30/11/2021  10:22:50,438222;9,397310E-1;1,382046E-1;1,148882E-1;9,428771E-1;;
30/11/2021  10:22:50,438322;9,399306E-1;1,675139E-1;1,565912E-1;9,428177E-1;;
30/11/2021  10:22:50,438422;9,402376E-1;5,919674E-2;7,824006E-2;9,427541E-1;;
30/11/2021  10:22:50,438522;9,410512E-1;1,028422E-1;9,119327E-2;9,426867E-1;;
30/11/2021  10:22:50,438622;9,418351E-1;1,299215E-1;1,600664E-1;9,426159E-1;;
30/11/2021  10:22:50,438722;9,413791E-1;1,187712E-1;1,092014E-1;9,425423E-1;;
30/11/2021  10:22:50,438822;9,420496E-1;8,595746E-2;8,677022E-2;9,424667E-1;;
30/11/2021  10:22:50,438922;9,421629E-1;1,006121E-1;8,392683E-2;9,423895E-1;;
30/11/2021  10:22:50,439022;9,421390E-1;7,034704E-2;6,844617E-2;9,423116E-1;;
30/11/2021  10:22:50,439122;9,423506E-1;9,296622E-2;8,677022E-2;9,422334E-1;;
30/11/2021  10:22:50,439222;9,429825E-1;1,060280E-1;1,467973E-1;9,421557E-1;;
30/11/2021  10:22:50,439322;9,434265E-1;3,880762E-2;5,896821E-2;9,420790E-1;;
30/11/2021  10:22:50,439422;9,436113E-1;1,057094E-1;1,303688E-1;9,420041E-1;;
30/11/2021  10:22:50,439522;9,435726E-1;1,139925E-1;1,370034E-1;9,419316E-1;;
30/11/2021  10:22:50,439622;9,430451E-1;1,213198E-1;1,319485E-1;9,418622E-1;;
30/11/2021  10:22:50,439722;9,432358E-1;1,382046E-1;1,338441E-1;9,417963E-1;;
30/11/2021  10:22:50,439822;9,437871E-1;1,372488E-1;1,297370E-1;9,417343E-1;;
30/11/2021  10:22:50,439922;9,437633E-1;1,391603E-1;1,256299E-1;9,416767E-1;;
30/11/2021  10:22:50,440022;9,433341E-1;1,605052E-1;1,471132E-1;9,416237E-1;;
30/11/2021  10:22:50,440122;9,434027E-1;1,818500E-1;1,556434E-1;9,415758E-1;;
30/11/2021  10:22:50,440222;9,428633E-1;1,675139E-1;1,467973E-1;9,415330E-1;;
30/11/2021  10:22:50,440322;9,421957E-1;1,347002E-1;1,284732E-1;9,414955E-1;;
30/11/2021  10:22:50,440422;9,422404E-1;2,006463E-1;1,938712E-1;9,414630E-1;;
30/11/2021  10:22:50,440522;9,420079E-1;9,774492E-2;1,199431E-1;9,414356E-1;;
30/11/2021  10:22:50,440622;9,417933E-1;1,350188E-1;1,382671E-1;9,414128E-1;;
30/11/2021  10:22:50,440722;9,416026E-1;1,302401E-1;1,335282E-1;9,413945E-1;;
30/11/2021  10:22:50,440822;9,409827E-1;1,714418E-2;6,244346E-2;9,413803E-1;;
30/11/2021  10:22:50,440922;9,406340E-1;1,433019E-1;1,442698E-1;9,413698E-1;;
30/11/2021  10:22:50,441022;9,401393E-1;1,433019E-1;1,439539E-1;9,413626E-1;;
30/11/2021  10:22:50,441122;9,408665E-1;1,327887E-1;1,300529E-1;9,413580E-1;;
30/11/2021  10:22:50,441222;9,406549E-1;1,289658E-1;1,246821E-1;9,413556E-1;;
30/11/2021  10:22:50,441322;9,405446E-1;1,283286E-1;1,316326E-1;9,413551E-1;;
30/11/2021  10:22:50,441422;9,401095E-1;1,254614E-1;1,256299E-1;9,413560E-1;;
30/11/2021  10:22:50,441522;9,398204E-1;1,229127E-1;1,224705E-1;9,413578E-1;;
30/11/2021  10:22:50,441622;9,397727E-1;1,315144E-1;1,262617E-1;9,413603E-1;;
30/11/2021  10:22:50,441722;9,390753E-1;1,334259E-1;1,218387E-1;9,413628E-1;;
30/11/2021  10:22:50,441822;9,394210E-1;1,216384E-1;1,205749E-1;9,413649E-1;;
30/11/2021  10:22:50,441922;9,398472E-1;1,254614E-1;1,445858E-1;9,413663E-1;;
30/11/2021  10:22:50,442022;9,396565E-1;-5,230626E-2;3,811669E-2;9,413664E-1;;
30/11/2021  10:22:50,442122;9,396147E-1;1,592309E-1;1,676488E-1;9,413652E-1;;
30/11/2021  10:22:50,442222;9,396207E-1;1,378860E-1;1,398468E-1;9,413624E-1;;
30/11/2021  10:22:50,442322;9,389531E-1;1,382046E-1;1,370034E-1;9,413577E-1;;
30/11/2021  10:22:50,442422;9,387028E-1;1,362931E-1;1,426902E-1;9,413510E-1;;
30/11/2021  10:22:50,442522;9,387087E-1;9,455912E-2;1,158360E-1;9,413419E-1;;
30/11/2021  10:22:50,442622;9,390306E-1;1,187712E-1;1,148882E-1;9,413302E-1;;
30/11/2021  10:22:50,442722;9,388786E-1;1,509478E-1;2,058766E-1;9,413158E-1;;
30/11/2021  10:22:50,442822;9,383421E-1;1,327887E-1;1,303688E-1;9,412983E-1;;
30/11/2021  10:22:50,442922;9,376984E-1;1,296029E-1;1,300529E-1;9,412778E-1;;
30/11/2021  10:22:50,443022;9,374779E-1;1,248242E-1;1,256299E-1;9,412540E-1;;
30/11/2021  10:22:50,443122;9,373378E-1;1,334259E-1;1,449017E-1;9,412266E-1;;
30/11/2021  10:22:50,443222;9,372901E-1;4,932076E-2;5,644075E-2;9,411953E-1;;
30/11/2021  10:22:50,443322;9,372752E-1;1,544522E-1;1,546956E-1;9,411599E-1;;
30/11/2021  10:22:50,443422;9,370427E-1;-6,090792E-2;-2,191039E-2;9,411202E-1;;
30/11/2021  10:22:50,443522;9,366583E-1;1,311958E-1;1,303688E-1;9,410762E-1;;
30/11/2021  10:22:50,443622;9,358446E-1;1,318330E-1;1,417424E-1;9,410276E-1;;
30/11/2021  10:22:50,443722;9,361427E-1;1,369303E-1;1,616461E-1;9,409743E-1;;
30/11/2021  10:22:50,443822;9,361814E-1;1,238685E-1;1,287892E-1;9,409160E-1;;
30/11/2021  10:22:50,443922;9,364586E-1;1,397975E-1;1,363715E-1;9,408527E-1;;
30/11/2021  10:22:50,444022;9,372066E-1;1,442576E-1;1,758630E-1;9,407844E-1;;
30/11/2021  10:22:50,444122;9,368937E-1;1,350188E-1;1,945030E-1;9,407112E-1;;
30/11/2021  10:22:50,444222;9,364854E-1;1,397975E-1;1,401627E-1;9,406333E-1;;
30/11/2021  10:22:50,444322;9,362708E-1;1,162226E-1;1,234183E-1;9,405510E-1;;
30/11/2021  10:22:50,444422;9,364973E-1;1,200455E-1;1,139404E-1;9,404645E-1;;
30/11/2021  10:22:50,444522;9,375792E-1;1,257800E-1;1,253139E-1;9,403738E-1;;
30/11/2021  10:22:50,444622;9,378385E-1;1,229127E-1;1,196272E-1;9,402795E-1;;
30/11/2021  10:22:50,444722;9,382408E-1;1,324701E-1;1,259458E-1;9,401821E-1;;
30/11/2021  10:22:50,444822;9,388786E-1;1,286472E-1;1,357397E-1;9,400820E-1;;
30/11/2021  10:22:50,444922;9,388100E-1;1,270543E-1;1,183634E-1;9,399800E-1;;
30/11/2021  10:22:50,445022;9,388041E-1;1,257800E-1;1,319485E-1;9,398768E-1;;
30/11/2021  10:22:50,445122;9,395313E-1;2,925022E-2;8,771802E-2;9,397731E-1;;
30/11/2021  10:22:50,445222;9,397816E-1;1,308772E-1;1,496407E-1;9,396694E-1;;
30/11/2021  10:22:50,445322;9,404105E-1;1,429833E-1;1,584868E-1;9,395667E-1;;
30/11/2021  10:22:50,445422;9,408992E-1;9,455912E-2;9,308886E-2;9,394656E-1;;
30/11/2021  10:22:50,445522;9,404373E-1;1,388417E-1;1,297370E-1;9,393669E-1;;
30/11/2021  10:22:50,445622;9,404820E-1;1,222756E-1;1,253139E-1;9,392714E-1;;
30/11/2021  10:22:50,445722;9,397220E-1;1,452133E-1;1,591187E-1;9,391796E-1;;
30/11/2021  10:22:50,445822;9,405863E-1;1,334259E-1;1,464814E-1;9,390921E-1;;
30/11/2021  10:22:50,445922;9,411287E-1;1,264171E-1;1,237343E-1;9,390092E-1;;
30/11/2021  10:22:50,446022;9,415549E-1;1,210013E-1;1,272095E-1;9,389314E-1;;
30/11/2021  10:22:50,446122;9,415132E-1;1,353374E-1;1,196272E-1;9,388593E-1;;
30/11/2021  10:22:50,446222;9,415907E-1;1,410718E-1;1,619620E-1;9,387932E-1;;
30/11/2021  10:22:50,446322;9,424102E-1;1,464877E-1;1,600664E-1;9,387337E-1;;
30/11/2021  10:22:50,446422;9,422285E-1;1,197269E-1;1,101492E-1;9,386812E-1;;
30/11/2021  10:22:50,446522;9,432269E-1;1,302401E-1;1,259458E-1;9,386360E-1;;
30/11/2021  10:22:50,446622;9,441418E-1;1,557265E-1;1,796542E-1;9,385986E-1;;
30/11/2021  10:22:50,446722;9,447766E-1;6,875414E-2;9,624818E-2;9,385696E-1;;
30/11/2021  10:22:50,446822;9,452266E-1;1,149482E-1;1,341600E-1;9,385494E-1;;
30/11/2021  10:22:50,446922;9,459479E-1;1,108067E-1;1,284732E-1;9,385389E-1;;
30/11/2021  10:22:50,447022;9,459747E-1;1,168597E-1;1,202590E-1;9,385384E-1;;
30/11/2021  10:22:50,447122;9,468688E-1;1,066652E-1;1,183634E-1;9,385486E-1;;
30/11/2021  10:22:50,447222;9,479417E-1;1,088952E-1;1,193112E-1;9,385699E-1;;
30/11/2021  10:22:50,447322;9,486361E-1;1,095324E-1;1,155200E-1;9,386031E-1;;
30/11/2021  10:22:50,447422;9,491100E-1;1,270543E-1;1,455336E-1;9,386486E-1;;
30/11/2021  10:22:50,447522;9,490563E-1;8,914326E-2;9,972343E-2;9,387070E-1;;
30/11/2021  10:22:50,447622;9,490980E-1;8,223938E-3;7,792413E-2;9,387788E-1;;
30/11/2021  10:22:50,447722;9,492500E-1;1,436204E-1;1,821817E-1;9,388644E-1;;
30/11/2021  10:22:50,447822;9,492053E-1;7,512574E-2;6,970989E-2;9,389638E-1;;
30/11/2021  10:22:50,447922;9,497448E-1;9,169190E-2;1,142563E-1;9,390771E-1;;
30/11/2021  10:22:50,448022;9,500070E-1;5,441804E-2;9,624818E-2;9,392042E-1;;
30/11/2021  10:22:50,448122;9,496196E-1;1,273729E-1;1,142563E-1;9,393451E-1;;
30/11/2021  10:22:50,448222;9,493752E-1;1,554079E-1;1,423743E-1;9,394995E-1;;
30/11/2021  10:22:50,448322;9,490057E-1;1,582751E-1;1,625939E-1;9,396671E-1;;
30/11/2021  10:22:50,448422;9,486927E-1;1,796200E-1;1,638576E-1;9,398473E-1;;
30/11/2021  10:22:50,448522;9,484305E-1;1,745227E-1;1,606983E-1;9,400393E-1;;
30/11/2021  10:22:50,448622;9,483142E-1;1,601866E-1;1,575390E-1;9,402424E-1;;
30/11/2021  10:22:50,448722;9,480847E-1;1,413904E-1;1,392149E-1;9,404556E-1;;
30/11/2021  10:22:50,448822;9,477360E-1;1,452133E-1;1,366875E-1;9,406781E-1;;
30/11/2021  10:22:50,448922;9,474380E-1;1,117624E-1;8,234717E-2;9,409088E-1;;
30/11/2021  10:22:50,449022;9,465439E-1;1,302401E-1;1,196272E-1;9,411465E-1;;
30/11/2021  10:22:50,449122;9,466512E-1;1,254614E-1;1,287892E-1;9,413901E-1;;
30/11/2021  10:22:50,449222;9,471728E-1;1,270543E-1;1,275255E-1;9,416384E-1;;
30/11/2021  10:22:50,449322;9,462548E-1;1,152668E-1;1,208909E-1;9,418902E-1;;
30/11/2021  10:22:50,449422;9,460313E-1;1,181340E-1;1,180475E-1;9,421443E-1;;
30/11/2021  10:22:50,449522;9,454829E-1;8,500172E-2;8,803395E-2;9,423996E-1;;
30/11/2021  10:22:50,449622;9,449554E-1;1,181340E-1;1,158360E-1;9,426548E-1;;
30/11/2021  10:22:50,449722;9,446037E-1;1,165411E-1;1,335282E-1;9,429087E-1;;
30/11/2021  10:22:50,449822;9,441448E-1;1,289658E-1;1,559593E-1;9,431600E-1;;
30/11/2021  10:22:50,449922;9,448362E-1;9,201048E-2;1,022509E-1;9,434075E-1;;
30/11/2021  10:22:50,450022;9,441001E-1;1,270543E-1;1,338441E-1;9,436501E-1;;
30/11/2021  10:22:50,450122;9,447796E-1;1,257800E-1;1,392149E-1;9,438868E-1;;
30/11/2021  10:22:50,450222;9,438229E-1;1,260985E-1;1,243661E-1;9,441166E-1;;
30/11/2021  10:22:50,450322;9,434057E-1;1,267357E-1;1,237343E-1;9,443388E-1;;
30/11/2021  10:22:50,450422;9,427589E-1;1,324701E-1;1,584868E-1;9,445524E-1;;
30/11/2021  10:22:50,450522;9,434742E-1;1,114439E-1;9,719598E-2;9,447566E-1;;
30/11/2021  10:22:50,450622;9,434295E-1;1,251428E-1;1,183634E-1;9,449507E-1;;
30/11/2021  10:22:50,450722;9,430600E-1;1,445762E-1;1,663851E-1;9,451340E-1;;
30/11/2021  10:22:50,450822;9,429139E-1;1,350188E-1;1,189953E-1;9,453060E-1;;
30/11/2021  10:22:50,450922;9,426457E-1;1,012493E-1;1,022509E-1;9,454662E-1;;
30/11/2021  10:22:50,451022;9,418708E-1;9,583344E-2;9,845971E-2;9,456144E-1;;
30/11/2021  10:22:50,451122;9,416473E-1;3,594040E-2;7,539667E-2;9,457499E-1;;
30/11/2021  10:22:50,451222;9,415638E-1;1,066652E-1;9,245700E-2;9,458724E-1;;
30/11/2021  10:22:50,451322;9,420139E-1;1,417090E-1;1,521681E-1;9,459816E-1;;
30/11/2021  10:22:50,451422;9,417337E-1;1,308772E-1;1,452176E-1;9,460772E-1;;
30/11/2021  10:22:50,451522;9,413671E-1;1,305587E-1;1,584868E-1;9,461592E-1;;
30/11/2021  10:22:50,451622;9,409916E-1;1,503106E-1;1,572231E-1;9,462275E-1;;
30/11/2021  10:22:50,451722;9,408396E-1;1,238685E-1;1,231024E-1;9,462820E-1;;
30/11/2021  10:22:50,451822;9,413820E-1;1,219570E-1;1,246821E-1;9,463228E-1;;
30/11/2021  10:22:50,451922;9,415072E-1;1,225942E-1;1,297370E-1;9,463499E-1;;
30/11/2021  10:22:50,452022;9,416920E-1;1,257800E-1;1,196272E-1;9,463637E-1;;
30/11/2021  10:22:50,452122;9,409708E-1;1,210013E-1;1,278414E-1;9,463644E-1;;
30/11/2021  10:22:50,452222;9,412241E-1;1,251428E-1;1,231024E-1;9,463524E-1;;
30/11/2021  10:22:50,452322;9,410781E-1;1,327887E-1;1,177316E-1;9,463282E-1;;
30/11/2021  10:22:50,452422;9,409290E-1;9,073616E-2;7,760819E-2;9,462920E-1;;
30/11/2021  10:22:50,452522;9,410840E-1;1,276914E-1;1,177316E-1;9,462445E-1;;
30/11/2021  10:22:50,452622;9,414655E-1;6,493118E-2;8,929768E-2;9,461859E-1;;
30/11/2021  10:22:50,452722;9,417397E-1;1,235499E-1;1,177316E-1;9,461170E-1;;
30/11/2021  10:22:50,452822;9,414118E-1;1,190898E-1;1,291051E-1;9,460384E-1;;
30/11/2021  10:22:50,452922;9,417427E-1;1,273729E-1;1,319485E-1;9,459508E-1;;
30/11/2021  10:22:50,453022;9,409112E-1;1,321516E-1;1,265777E-1;9,458547E-1;;
30/11/2021  10:22:50,453122;9,404969E-1;1,385232E-1;1,385831E-1;9,457510E-1;;
30/11/2021  10:22:50,453222;9,408665E-1;1,181340E-1;1,227865E-1;9,456400E-1;;
30/11/2021  10:22:50,453322;9,413731E-1;1,280100E-1;1,259458E-1;9,455223E-1;;
30/11/2021  10:22:50,453422;9,410155E-1;1,264171E-1;1,347919E-1;9,453986E-1;;
30/11/2021  10:22:50,453522;9,404254E-1;1,225942E-1;1,224705E-1;9,452694E-1;;
30/11/2021  10:22:50,453622;9,398293E-1;1,238685E-1;1,215227E-1;9,451352E-1;;
30/11/2021  10:22:50,453722;9,394091E-1;1,356559E-1;1,306848E-1;9,449965E-1;;
30/11/2021  10:22:50,453822;9,388756E-1;1,410718E-1;1,354238E-1;9,448535E-1;;
30/11/2021  10:22:50,453922;9,383272E-1;1,260985E-1;1,221546E-1;9,447065E-1;;
30/11/2021  10:22:50,454022;9,387981E-1;1,270543E-1;1,196272E-1;9,445556E-1;;
30/11/2021  10:22:50,454122;9,389382E-1;1,276914E-1;7,128955E-2;9,444010E-1;;
30/11/2021  10:22:50,454222;9,384226E-1;1,311958E-1;1,660692E-1;9,442429E-1;;
30/11/2021  10:22:50,454322;9,374212E-1;1,267357E-1;1,360556E-1;9,440817E-1;;
30/11/2021  10:22:50,454422;9,370546E-1;1,245056E-1;1,196272E-1;9,439173E-1;;
30/11/2021  10:22:50,454522;9,370934E-1;1,289658E-1;1,291051E-1;9,437499E-1;;
30/11/2021  10:22:50,454622;9,370129E-1;1,534964E-1;1,458495E-1;9,435794E-1;;
30/11/2021  10:22:50,454722;9,370845E-1;1,299215E-1;1,189953E-1;9,434060E-1;;
30/11/2021  10:22:50,454822;9,367954E-1;1,458505E-1;1,603824E-1;9,432298E-1;;
30/11/2021  10:22:50,454922;9,369056E-1;1,369303E-1;1,319485E-1;9,430510E-1;;
30/11/2021  10:22:50,455022;9,360145E-1;1,334259E-1;1,278414E-1;9,428696E-1;;
30/11/2021  10:22:50,455122;9,359996E-1;1,232313E-1;1,240502E-1;9,426859E-1;;
30/11/2021  10:22:50,455222;9,360890E-1;1,292843E-1;1,417424E-1;9,424999E-1;;
30/11/2021  10:22:50,455322;9,361099E-1;1,225942E-1;1,370034E-1;9,423117E-1;;
30/11/2021  10:22:50,455422;9,360652E-1;9,201048E-2;1,189953E-1;9,421215E-1;;
30/11/2021  10:22:50,455522;9,371083E-1;9,870066E-2;8,519056E-2;9,419296E-1;;
30/11/2021  10:22:50,455622;9,356330E-1;1,101695E-1;1,136244E-1;9,417362E-1;;
30/11/2021  10:22:50,455722;9,352784E-1;1,076209E-1;1,272095E-1;9,415417E-1;;
30/11/2021  10:22:50,455822;9,349982E-1;9,870066E-2;1,117289E-1;9,413463E-1;;
30/11/2021  10:22:50,455922;9,351353E-1;9,583344E-2;1,054102E-1;9,411500E-1;;
30/11/2021  10:22:50,456022;9,358923E-1;9,647060E-2;1,050943E-1;9,409530E-1;;
30/11/2021  10:22:50,456122;9,360086E-1;9,838208E-2;1,066739E-1;9,407556E-1;;
30/11/2021  10:22:50,456222;9,360145E-1;3,402892E-2;1,685966E-1;9,405580E-1;;
30/11/2021  10:22:50,456322;9,353291E-1;1,009307E-1;1,006712E-1;9,403607E-1;;
30/11/2021  10:22:50,456422;9,348939E-1;1,031608E-1;1,145722E-1;9,401640E-1;;
30/11/2021  10:22:50,456522;9,352516E-1;1,139925E-1;1,259458E-1;9,399681E-1;;
30/11/2021  10:22:50,456622;9,354691E-1;1,292843E-1;1,335282E-1;9,397732E-1;;
30/11/2021  10:22:50,456722;9,357016E-1;1,448948E-1;1,291051E-1;9,395796E-1;;
30/11/2021  10:22:50,456822;9,356479E-1;1,608238E-1;1,430061E-1;9,393876E-1;;
30/11/2021  10:22:50,456922;9,354602E-1;1,468062E-1;1,471132E-1;9,391975E-1;;
30/11/2021  10:22:50,457022;9,353559E-1;1,433019E-1;1,218387E-1;9,390096E-1;;
30/11/2021  10:22:50,457122;9,352695E-1;1,554079E-1;1,600664E-1;9,388243E-1;;
30/11/2021  10:22:50,457222;9,356927E-1;1,499920E-1;1,594346E-1;9,386418E-1;;
30/11/2021  10:22:50,457322;9,356748E-1;9,169190E-2;1,272095E-1;9,384622E-1;;
30/11/2021  10:22:50,457422;9,362380E-1;1,455319E-1;1,366875E-1;9,382861E-1;;
30/11/2021  10:22:50,457522;9,360741E-1;1,159040E-1;1,660692E-1;9,381136E-1;;
30/11/2021  10:22:50,457622;9,358327E-1;2,108408E-1;1,764949E-1;9,379452E-1;;
30/11/2021  10:22:50,457722;9,351502E-1;1,225942E-1;1,259458E-1;9,377810E-1;;
30/11/2021  10:22:50,457822;9,356599E-1;1,474434E-1;1,569071E-1;9,376214E-1;;
30/11/2021  10:22:50,457922;9,357523E-1;1,340630E-1;1,316326E-1;9,374664E-1;;
30/11/2021  10:22:50,458022;9,362351E-1;1,146297E-1;1,092014E-1;9,373162E-1;;
30/11/2021  10:22:50,458122;9,360712E-1;1,165411E-1;1,237343E-1;9,371710E-1;;
30/11/2021  10:22:50,458222;9,359996E-1;9,870066E-2;8,708615E-2;9,370310E-1;;
30/11/2021  10:22:50,458322;9,354781E-1;1,260985E-1;1,306848E-1;9,368965E-1;;
30/11/2021  10:22:50,458422;9,349446E-1;1,308772E-1;1,218387E-1;9,367674E-1;;
30/11/2021  10:22:50,458522;9,348939E-1;6,652408E-2;9,719598E-2;9,366437E-1;;
30/11/2021  10:22:50,458622;9,347866E-1;1,241871E-1;1,246821E-1;9,365252E-1;;
30/11/2021  10:22:50,458722;9,353201E-1;1,598680E-1;1,764949E-1;9,364120E-1;;
30/11/2021  10:22:50,458822;9,355526E-1;1,241871E-1;1,028828E-1;9,363037E-1;;
30/11/2021  10:22:50,458922;9,342234E-1;1,216384E-1;1,370034E-1;9,362005E-1;;
30/11/2021  10:22:50,459022;9,335886E-1;1,311958E-1;1,395309E-1;9,361021E-1;;
30/11/2021  10:22:50,459122;9,335975E-1;1,388417E-1;1,357397E-1;9,360082E-1;;
30/11/2021  10:22:50,459222;9,334217E-1;1,210013E-1;1,218387E-1;9,359184E-1;;
30/11/2021  10:22:50,459322;9,339671E-1;1,302401E-1;1,291051E-1;9,358324E-1;;
30/11/2021  10:22:50,459422;9,334813E-1;1,318330E-1;1,205749E-1;9,357497E-1;;
30/11/2021  10:22:50,459522;9,337435E-1;1,327887E-1;1,253139E-1;9,356702E-1;;
30/11/2021  10:22:50,459622;9,338508E-1;1,251428E-1;1,392149E-1;9,355936E-1;;
30/11/2021  10:22:50,459722;9,333233E-1;1,598680E-1;1,932393E-1;9,355196E-1;;
30/11/2021  10:22:50,459822;9,328167E-1;1,117624E-1;9,624818E-2;9,354480E-1;;
30/11/2021  10:22:50,459922;9,333323E-1;1,372488E-1;1,268936E-1;9,353786E-1;;
30/11/2021  10:22:50,460022;9,342025E-1;1,235499E-1;1,325804E-1;9,353110E-1;;
30/11/2021  10:22:50,460122;9,343634E-1;1,222756E-1;1,180475E-1;9,352453E-1;;
30/11/2021  10:22:50,460222;9,346019E-1;1,490363E-1;1,572231E-1;9,351813E-1;;
30/11/2021  10:22:50,460322;9,345512E-1;1,171783E-1;1,152041E-1;9,351193E-1;;
30/11/2021  10:22:50,460422;9,341846E-1;3,191580E-1;3,088704E-1;9,350592E-1;;
30/11/2021  10:22:50,460522;9,346495E-1;1,289658E-1;1,310007E-1;9,350012E-1;;
30/11/2021  10:22:50,460622;9,349565E-1;1,318330E-1;1,316326E-1;9,349453E-1;;
30/11/2021  10:22:50,460722;9,360920E-1;1,311958E-1;1,240502E-1;9,348916E-1;;
30/11/2021  10:22:50,460822;9,363245E-1;1,264171E-1;1,224705E-1;9,348405E-1;;
30/11/2021  10:22:50,460922;9,365599E-1;1,251428E-1;1,231024E-1;9,347922E-1;;
30/11/2021  10:22:50,461022;9,368043E-1;5,983390E-2;9,245700E-2;9,347473E-1;;
30/11/2021  10:22:50,461122;9,365838E-1;9,774492E-2;1,092014E-1;9,347060E-1;;
30/11/2021  10:22:50,461222;9,373914E-1;1,232313E-1;1,253139E-1;9,346687E-1;;
30/11/2021  10:22:50,461322;9,376865E-1;1,286472E-1;1,284732E-1;9,346358E-1;;
30/11/2021  10:22:50,461422;9,388995E-1;5,824100E-2;9,372073E-2;9,346077E-1;;
30/11/2021  10:22:50,461522;9,387147E-1;1,018865E-1;1,028828E-1;9,345848E-1;;
30/11/2021  10:22:50,461622;9,387594E-1;1,187712E-1;1,088855E-1;9,345677E-1;;
30/11/2021  10:22:50,461722;9,390902E-1;9,647060E-2;1,035146E-1;9,345568E-1;;
30/11/2021  10:22:50,461822;9,379458E-1;1,283286E-1;1,442698E-1;9,345524E-1;;
30/11/2021  10:22:50,461922;9,389799E-1;1,585937E-1;1,720719E-1;9,345548E-1;;
30/11/2021  10:22:50,462022;9,395730E-1;3,339176E-2;8,234717E-2;9,345640E-1;;
30/11/2021  10:22:50,462122;9,394985E-1;1,359745E-1;1,332122E-1;9,345803E-1;;
30/11/2021  10:22:50,462222;9,400797E-1;1,407532E-1;1,657532E-1;9,346039E-1;;
30/11/2021  10:22:50,462322;9,394359E-1;1,235499E-1;1,073058E-1;9,346349E-1;;
30/11/2021  10:22:50,462422;9,393912E-1;1,117624E-1;9,056141E-2;9,346734E-1;;
30/11/2021  10:22:50,462522;9,391289E-1;1,308772E-1;1,231024E-1;9,347193E-1;;
30/11/2021  10:22:50,462622;9,397757E-1;1,299215E-1;1,297370E-1;9,347726E-1;;
30/11/2021  10:22:50,462722;9,407115E-1;1,114439E-1;1,000394E-1;9,348331E-1;;
30/11/2021  10:22:50,462822;9,408367E-1;1,155854E-1;1,234183E-1;9,349007E-1;;
30/11/2021  10:22:50,462922;9,402048E-1;1,264171E-1;1,057261E-1;9,349754E-1;;
30/11/2021  10:22:50,463022;9,405386E-1;1,044351E-1;9,435259E-2;9,350572E-1;;
30/11/2021  10:22:50,463122;9,400439E-1;8,054160E-2;6,117973E-2;9,351458E-1;;
30/11/2021  10:22:50,463222;9,396445E-1;1,423461E-1;1,531159E-1;9,352411E-1;;
30/11/2021  10:22:50,463322;9,405982E-1;1,143111E-1;9,308886E-2;9,353425E-1;;
30/11/2021  10:22:50,463422;9,406906E-1;1,608238E-1;1,717559E-1;9,354498E-1;;
30/11/2021  10:22:50,463522;9,411615E-1;1,350188E-1;1,439539E-1;9,355627E-1;;
30/11/2021  10:22:50,463622;9,415579E-1;1,356559E-1;1,606983E-1;9,356810E-1;;
30/11/2021  10:22:50,463722;9,405356E-1;1,200455E-1;1,215227E-1;9,358044E-1;;
30/11/2021  10:22:50,463822;9,396863E-1;9,392196E-2;1,035146E-1;9,359326E-1;;
30/11/2021  10:22:50,463922;9,404552E-1;1,073023E-1;1,129926E-1;9,360652E-1;;
30/11/2021  10:22:50,464022;9,405446E-1;1,069837E-1;1,183634E-1;9,362017E-1;;
30/11/2021  10:22:50,464122;9,414923E-1;1,031608E-1;1,114129E-1;9,363415E-1;;
30/11/2021  10:22:50,464222;9,413046E-1;1,069837E-1;1,161519E-1;9,364843E-1;;
30/11/2021  10:22:50,464322;9,412777E-1;1,044351E-1;1,148882E-1;9,366299E-1;;
30/11/2021  10:22:50,464422;9,405714E-1;8,500172E-2;9,182514E-2;9,367780E-1;;
30/11/2021  10:22:50,464522;9,404582E-1;8,086018E-2;7,666040E-2;9,369281E-1;;
30/11/2021  10:22:50,464622;9,400826E-1;9,105474E-2;9,751191E-2;9,370797E-1;;
30/11/2021  10:22:50,464722;9,407353E-1;7,703722E-2;9,150920E-2;9,372324E-1;;
30/11/2021  10:22:50,464822;9,412569E-1;1,206827E-1;1,559593E-1;9,373856E-1;;
30/11/2021  10:22:50,464922;9,407323E-1;1,327887E-1;1,505885E-1;9,375390E-1;;
30/11/2021  10:22:50,465022;9,414357E-1;1,305587E-1;1,275255E-1;9,376923E-1;;
30/11/2021  10:22:50,465122;9,410959E-1;1,534964E-1;1,322644E-1;9,378450E-1;;
30/11/2021  10:22:50,465222;9,413940E-1;1,812129E-1;1,534319E-1;9,379971E-1;;
30/11/2021  10:22:50,465322;9,419841E-1;1,649653E-1;1,569071E-1;9,381482E-1;;
30/11/2021  10:22:50,465422;9,431017E-1;1,656025E-1;1,480610E-1;9,382982E-1;;
30/11/2021  10:22:50,465522;9,400260E-1;1,452133E-1;1,619620E-1;9,384469E-1;;
30/11/2021  10:22:50,465622;9,407681E-1;1,114439E-1;1,155200E-1;9,385943E-1;;
30/11/2021  10:22:50,465722;9,404939E-1;1,251428E-1;1,208909E-1;9,387398E-1;;
30/11/2021  10:22:50,465822;9,407562E-1;1,184526E-1;1,202590E-1;9,388831E-1;;
30/11/2021  10:22:50,465922;9,413612E-1;1,257800E-1;1,332122E-1;9,390238E-1;;
30/11/2021  10:22:50,466022;9,414178E-1;7,735580E-2;8,266311E-2;9,391616E-1;;
30/11/2021  10:22:50,466122;9,419602E-1;1,452133E-1;1,449017E-1;9,392964E-1;;
30/11/2021  10:22:50,466222;9,424013E-1;8,563888E-2;2,421569E-2;9,394282E-1;;
30/11/2021  10:22:50,466322;9,423119E-1;1,780271E-1;1,581709E-1;9,395569E-1;;
30/11/2021  10:22:50,466422;9,420496E-1;1,337445E-1;1,423743E-1;9,396827E-1;;
30/11/2021  10:22:50,466522;9,423089E-1;1,254614E-1;1,231024E-1;9,398054E-1;;
30/11/2021  10:22:50,466622;9,427798E-1;7,831154E-2;9,372073E-2;9,399253E-1;;
30/11/2021  10:22:50,466722;9,432537E-1;1,273729E-1;1,265777E-1;9,400423E-1;;
30/11/2021  10:22:50,466822;9,438110E-1;1,483991E-1;1,363715E-1;9,401566E-1;;
30/11/2021  10:22:50,466922;9,438885E-1;1,773899E-1;2,087200E-1;9,402685E-1;;
30/11/2021  10:22:50,467022;9,438766E-1;1,311958E-1;1,581709E-1;9,403783E-1;;
30/11/2021  10:22:50,467122;9,435159E-1;1,241871E-1;1,313166E-1;9,404862E-1;;
30/11/2021  10:22:50,467222;9,434623E-1;1,264171E-1;1,237343E-1;9,405924E-1;;
30/11/2021  10:22:50,467322;9,439213E-1;1,254614E-1;1,240502E-1;9,406971E-1;;
30/11/2021  10:22:50,467422;9,437246E-1;6,620550E-2;8,139938E-2;9,408003E-1;;
30/11/2021  10:22:50,467522;9,437305E-1;1,162226E-1;1,152041E-1;9,409022E-1;;
30/11/2021  10:22:50,467622;9,439093E-1;1,245056E-1;1,294210E-1;9,410028E-1;;
30/11/2021  10:22:50,467722;9,435249E-1;1,433019E-1;1,183634E-1;9,411022E-1;;
30/11/2021  10:22:50,467822;9,429646E-1;7,735580E-2;9,403666E-2;9,412004E-1;;
30/11/2021  10:22:50,467922;9,426606E-1;1,178155E-1;1,256299E-1;9,412973E-1;;
30/11/2021  10:22:50,468022;9,430391E-1;8,691320E-2;1,054102E-1;9,413927E-1;;
30/11/2021  10:22:50,468122;9,426278E-1;1,490363E-1;1,458495E-1;9,414865E-1;;
30/11/2021  10:22:50,468222;9,428126E-1;1,605052E-1;1,588027E-1;9,415785E-1;;
30/11/2021  10:22:50,468322;9,426904E-1;1,254614E-1;1,265777E-1;9,416684E-1;;
30/11/2021  10:22:50,468422;9,420705E-1;1,315144E-1;1,341600E-1;9,417561E-1;;
30/11/2021  10:22:50,468522;9,413969E-1;1,410718E-1;1,556434E-1;9,418414E-1;;
30/11/2021  10:22:50,468622;9,421569E-1;1,165411E-1;1,218387E-1;9,419239E-1;;
30/11/2021  10:22:50,468722;9,419662E-1;1,238685E-1;1,158360E-1;9,420034E-1;;
30/11/2021  10:22:50,468822;9,421182E-1;1,270543E-1;1,256299E-1;9,420795E-1;;
30/11/2021  10:22:50,468922;9,423059E-1;1,311958E-1;1,129926E-1;9,421522E-1;;
30/11/2021  10:22:50,469022;9,421867E-1;1,327887E-1;1,543797E-1;9,422213E-1;;
30/11/2021  10:22:50,469122;9,418440E-1;1,101695E-1;9,150920E-2;9,422868E-1;;
30/11/2021  10:22:50,469222;9,416205E-1;7,385142E-2;9,751191E-2;9,423484E-1;;
30/11/2021  10:22:50,469322;9,425682E-1;1,340630E-1;1,287892E-1;9,424062E-1;;
30/11/2021  10:22:50,469422;9,429378E-1;1,480806E-1;1,777586E-1;9,424601E-1;;
30/11/2021  10:22:50,469522;9,431732E-1;1,305587E-1;1,186794E-1;9,425102E-1;;
30/11/2021  10:22:50,469622;9,429944E-1;1,184526E-1;1,316326E-1;9,425567E-1;;
30/11/2021  10:22:50,469722;9,432835E-1;1,225942E-1;1,294210E-1;9,425998E-1;;
30/11/2021  10:22:50,469822;9,424907E-1;2,156195E-1;1,963986E-1;9,426397E-1;;
30/11/2021  10:22:50,469922;9,435636E-1;1,296029E-1;1,328963E-1;9,426766E-1;;
30/11/2021  10:22:50,470022;9,435636E-1;1,289658E-1;1,174156E-1;9,427107E-1;;
30/11/2021  10:22:50,470122;9,432090E-1;1,037979E-1;1,145722E-1;9,427421E-1;;
30/11/2021  10:22:50,470222;9,440256E-1;1,436204E-1;1,480610E-1;9,427712E-1;;
30/11/2021  10:22:50,470322;9,444309E-1;1,292843E-1;1,234183E-1;9,427983E-1;;
30/11/2021  10:22:50,470422;9,442521E-1;1,292843E-1;1,224705E-1;9,428237E-1;;
30/11/2021  10:22:50,470522;9,437544E-1;1,445762E-1;1,625939E-1;9,428476E-1;;
30/11/2021  10:22:50,470622;9,437424E-1;1,506292E-1;1,594346E-1;9,428705E-1;;
30/11/2021  10:22:50,470722;9,443534E-1;1,098510E-1;9,751191E-2;9,428925E-1;;
30/11/2021  10:22:50,470822;9,445531E-1;1,327887E-1;1,395309E-1;9,429138E-1;;
30/11/2021  10:22:50,470922;9,443921E-1;1,286472E-1;1,385831E-1;9,429347E-1;;
30/11/2021  10:22:50,471022;9,443057E-1;1,139925E-1;1,199431E-1;9,429554E-1;;
30/11/2021  10:22:50,471122;9,437156E-1;-1,280234E-2;9,214107E-2;9,429761E-1;;
30/11/2021  10:22:50,471222;9,439153E-1;1,139925E-1;1,278414E-1;9,429969E-1;;
30/11/2021  10:22:50,471322;9,434265E-1;9,232906E-2;1,092014E-1;9,430179E-1;;
30/11/2021  10:22:50,471422;9,436918E-1;1,139925E-1;1,272095E-1;9,430390E-1;;
30/11/2021  10:22:50,471522;9,432626E-1;6,397544E-2;8,645429E-2;9,430601E-1;;
30/11/2021  10:22:50,471622;9,436888E-1;1,031608E-1;1,054102E-1;9,430813E-1;;
30/11/2021  10:22:50,471722;9,433788E-1;7,958586E-2;7,602853E-2;9,431024E-1;;
30/11/2021  10:22:50,471822;9,426338E-1;1,006121E-1;1,104651E-1;9,431234E-1;;
30/11/2021  10:22:50,471922;9,418827E-1;1,063466E-1;1,076217E-1;9,431441E-1;;
30/11/2021  10:22:50,472022;9,422523E-1;1,123996E-1;1,259458E-1;9,431642E-1;;
30/11/2021  10:22:50,472122;9,425622E-1;8,404598E-2;1,066739E-1;9,431834E-1;;
30/11/2021  10:22:50,472222;9,424401E-1;1,388417E-1;1,313166E-1;9,432014E-1;;
30/11/2021  10:22:50,472322;9,417963E-1;1,098510E-1;1,016190E-1;9,432182E-1;;
30/11/2021  10:22:50,472422;9,411913E-1;-1,789962E-2;2,832280E-2;9,432334E-1;;
30/11/2021  10:22:50,472522;9,406906E-1;1,085766E-1;1,932393E-1;9,432467E-1;;
30/11/2021  10:22:50,472622;9,407085E-1;1,251428E-1;1,739675E-1;9,432577E-1;;
30/11/2021  10:22:50,472722;9,405148E-1;6,524976E-2;9,466852E-2;9,432661E-1;;
30/11/2021  10:22:50,472822;9,405118E-1;1,442576E-1;1,452176E-1;9,432714E-1;;
30/11/2021  10:22:50,472922;9,399902E-1;1,315144E-1;1,493248E-1;9,432733E-1;;
30/11/2021  10:22:50,473022;9,402942E-1;1,350188E-1;1,294210E-1;9,432716E-1;;
30/11/2021  10:22:50,473122;9,398472E-1;1,273729E-1;1,227865E-1;9,432659E-1;;
30/11/2021  10:22:50,473222;9,390932E-1;1,417090E-1;1,758630E-1;9,432559E-1;;
30/11/2021  10:22:50,473322;9,389680E-1;1,640096E-1;1,862888E-1;9,432415E-1;;
30/11/2021  10:22:50,473422;9,394806E-1;1,146297E-1;1,028828E-1;9,432222E-1;;
30/11/2021  10:22:50,473522;9,394240E-1;1,404346E-1;1,588027E-1;9,431978E-1;;
30/11/2021  10:22:50,473622;9,390693E-1;1,280100E-1;1,158360E-1;9,431683E-1;;
30/11/2021  10:22:50,473722;9,391915E-1;1,286472E-1;1,218387E-1;9,431335E-1;;
30/11/2021  10:22:50,473822;9,382408E-1;9,424054E-2;7,508074E-2;9,430933E-1;;
30/11/2021  10:22:50,473922;9,383898E-1;1,171783E-1;1,347919E-1;9,430478E-1;;
30/11/2021  10:22:50,474022;9,382140E-1;1,197269E-1;1,057261E-1;9,429967E-1;;
30/11/2021  10:22:50,474122;9,386461E-1;1,369303E-1;1,509044E-1;9,429400E-1;;
30/11/2021  10:22:50,474222;9,389799E-1;1,359745E-1;1,597505E-1;9,428777E-1;;
30/11/2021  10:22:50,474322;9,387892E-1;1,382046E-1;1,559593E-1;9,428101E-1;;
30/11/2021  10:22:50,474422;9,383302E-1;1,200455E-1;1,208909E-1;9,427372E-1;;
30/11/2021  10:22:50,474522;9,377997E-1;1,283286E-1;1,322644E-1;9,426592E-1;;
30/11/2021  10:22:50,474622;9,374779E-1;1,353374E-1;1,373193E-1;9,425763E-1;;
30/11/2021  10:22:50,474722;9,376597E-1;1,267357E-1;1,338441E-1;9,424885E-1;;
30/11/2021  10:22:50,474822;9,379309E-1;1,369303E-1;1,351078E-1;9,423959E-1;;
30/11/2021  10:22:50,474922;9,377699E-1;1,350188E-1;1,360556E-1;9,422987E-1;;
30/11/2021  10:22:50,475022;9,375911E-1;1,302401E-1;1,291051E-1;9,421970E-1;;
30/11/2021  10:22:50,475122;9,373765E-1;1,302401E-1;1,272095E-1;9,420911E-1;;
30/11/2021  10:22:50,475222;9,376328E-1;1,190898E-1;9,340479E-2;9,419812E-1;;
30/11/2021  10:22:50,475322;9,372186E-1;8,436456E-2;9,245700E-2;9,418675E-1;;
30/11/2021  10:22:50,475422;9,374630E-1;1,047537E-1;1,016190E-1;9,417503E-1;;
30/11/2021  10:22:50,475522;9,372663E-1;2,415294E-2;7,350108E-2;9,416297E-1;;
30/11/2021  10:22:50,475622;9,371619E-1;1,331073E-1;1,388990E-1;9,415061E-1;;
30/11/2021  10:22:50,475722;9,373706E-1;1,270543E-1;1,208909E-1;9,413798E-1;;
30/11/2021  10:22:50,475822;9,355585E-1;1,350188E-1;1,351078E-1;9,412510E-1;;
30/11/2021  10:22:50,475922;9,351026E-1;1,397975E-1;1,414265E-1;9,411197E-1;;
30/11/2021  10:22:50,476022;9,349714E-1;1,213198E-1;1,379512E-1;9,409860E-1;;
30/11/2021  10:22:50,476122;9,348582E-1;1,372488E-1;1,382671E-1;9,408497E-1;;
30/11/2021  10:22:50,476222;9,346197E-1;1,143111E-1;1,246821E-1;9,407107E-1;;
30/11/2021  10:22:50,476322;9,345363E-1;1,273729E-1;1,259458E-1;9,405690E-1;;
30/11/2021  10:22:50,476422;9,330819E-1;1,305587E-1;1,256299E-1;9,404245E-1;;
30/11/2021  10:22:50,476522;9,331266E-1;1,321516E-1;1,265777E-1;9,402771E-1;;
30/11/2021  10:22:50,476622;9,317408E-1;1,264171E-1;1,240502E-1;9,401264E-1;;
30/11/2021  10:22:50,476722;9,317497E-1;1,260985E-1;1,284732E-1;9,399722E-1;;
30/11/2021  10:22:50,476822;9,316186E-1;1,260985E-1;1,300529E-1;9,398142E-1;;
30/11/2021  10:22:50,476922;9,311745E-1;1,213198E-1;7,508074E-2;9,396520E-1;;
30/11/2021  10:22:50,477022;9,309361E-1;1,436204E-1;1,809180E-1;9,394854E-1;;
30/11/2021  10:22:50,477122;9,304533E-1;1,254614E-1;1,341600E-1;9,393141E-1;;
30/11/2021  10:22:50,477222;9,297917E-1;1,362931E-1;1,366875E-1;9,391380E-1;;
30/11/2021  10:22:50,477322;9,291509E-1;1,394789E-1;1,388990E-1;9,389568E-1;;
30/11/2021  10:22:50,477422;9,292582E-1;9,615202E-2;1,550115E-1;9,387702E-1;;
30/11/2021  10:22:50,477522;9,297708E-1;1,289658E-1;1,174156E-1;9,385781E-1;;
30/11/2021  10:22:50,477622;9,296248E-1;1,455319E-1;1,698603E-1;9,383803E-1;;
30/11/2021  10:22:50,477722;9,293416E-1;1,174969E-1;1,259458E-1;9,381769E-1;;
30/11/2021  10:22:50,477822;9,284446E-1;1,206827E-1;1,199431E-1;9,379681E-1;;
30/11/2021  10:22:50,477922;9,290168E-1;1,034794E-1;9,403666E-2;9,377539E-1;;
30/11/2021  10:22:50,478022;9,287456E-1;1,337445E-1;1,401627E-1;9,375344E-1;;
30/11/2021  10:22:50,478122;9,298393E-1;1,337445E-1;1,347919E-1;9,373098E-1;;
30/11/2021  10:22:50,478222;9,299407E-1;1,531778E-1;1,426902E-1;9,370806E-1;;
30/11/2021  10:22:50,478322;9,299288E-1;1,187712E-1;9,845971E-2;9,368472E-1;;
30/11/2021  10:22:50,478422;9,302029E-1;1,178155E-1;1,167838E-1;9,366102E-1;;
30/11/2021  10:22:50,478522;9,298244E-1;1,321516E-1;1,426902E-1;9,363703E-1;;
30/11/2021  10:22:50,478622;9,295920E-1;1,378860E-1;1,366875E-1;9,361281E-1;;
30/11/2021  10:22:50,478722;9,304950E-1;1,296029E-1;1,281573E-1;9,358840E-1;;
30/11/2021  10:22:50,478822;9,310970E-1;1,273729E-1;1,265777E-1;9,356389E-1;;
30/11/2021  10:22:50,478922;9,316871E-1;1,331073E-1;1,332122E-1;9,353934E-1;;
30/11/2021  10:22:50,479022;9,317974E-1;1,847173E-1;2,238847E-1;9,351485E-1;;
30/11/2021  10:22:50,479122;9,314129E-1;1,417090E-1;1,338441E-1;9,349051E-1;;
30/11/2021  10:22:50,479222;9,321908E-1;1,076209E-1;1,161519E-1;9,346639E-1;;
30/11/2021  10:22:50,479322;9,323488E-1;1,066652E-1;1,161519E-1;9,344259E-1;;
30/11/2021  10:22:50,479422;9,325186E-1;1,092138E-1;1,212068E-1;9,341920E-1;;
30/11/2021  10:22:50,479522;9,328494E-1;1,149482E-1;1,085695E-1;9,339628E-1;;
30/11/2021  10:22:50,479622;9,338866E-1;1,015679E-1;1,133085E-1;9,337393E-1;;
30/11/2021  10:22:50,479722;9,343426E-1;1,117624E-1;1,303688E-1;9,335223E-1;;
30/11/2021  10:22:50,479822;9,345125E-1;9,901924E-2;1,000394E-1;9,333128E-1;;
30/11/2021  10:22:50,479922;9,348641E-1;1,872659E-1;2,330467E-1;9,331117E-1;;
30/11/2021  10:22:50,480022;9,356688E-1;1,066652E-1;1,193112E-1;9,329198E-1;;
30/11/2021  10:22:50,480122;9,359668E-1;9,424054E-2;1,158360E-1;9,327379E-1;;
30/11/2021  10:22:50,480222;9,365987E-1;1,200455E-1;1,436380E-1;9,325671E-1;;
30/11/2021  10:22:50,480322;9,369652E-1;9,583344E-2;1,104651E-1;9,324080E-1;;
30/11/2021  10:22:50,480422;9,373199E-1;9,424054E-2;1,155200E-1;9,322614E-1;;
30/11/2021  10:22:50,480522;9,373467E-1;1,136739E-1;1,231024E-1;9,321281E-1;;
30/11/2021  10:22:50,480622;9,374719E-1;1,452133E-1;1,600664E-1;9,320087E-1;;
30/11/2021  10:22:50,480722;9,374093E-1;1,347002E-1;1,338441E-1;9,319037E-1;;
30/11/2021  10:22:50,480822;9,380709E-1;1,547707E-1;1,344760E-1;9,318134E-1;;
30/11/2021  10:22:50,480922;9,392958E-1;1,624167E-1;1,486929E-1;9,317382E-1;;
30/11/2021  10:22:50,481022;9,387296E-1;1,700626E-1;1,505885E-1;9,316784E-1;;
30/11/2021  10:22:50,481122;9,398233E-1;1,557265E-1;1,505885E-1;9,316344E-1;;
30/11/2021  10:22:50,481222;9,394091E-1;1,311958E-1;1,215227E-1;9,316064E-1;;
30/11/2021  10:22:50,481322;9,391856E-1;6,939130E-2;9,972343E-2;9,315945E-1;;
30/11/2021  10:22:50,481422;9,395521E-1;1,388417E-1;1,335282E-1;9,315987E-1;;
30/11/2021  10:22:50,481522;9,396863E-1;1,385232E-1;1,654373E-1;9,316190E-1;;
30/11/2021  10:22:50,481622;9,407621E-1;1,382046E-1;1,129926E-1;9,316552E-1;;
30/11/2021  10:22:50,481722;9,403777E-1;1,251428E-1;1,417424E-1;9,317071E-1;;
30/11/2021  10:22:50,481822;9,403211E-1;1,229127E-1;1,379512E-1;9,317745E-1;;
30/11/2021  10:22:50,481922;9,397071E-1;1,905566E-2;6,970989E-2;9,318571E-1;;
30/11/2021  10:22:50,482022;9,396952E-1;1,276914E-1;1,284732E-1;9,319544E-1;;
30/11/2021  10:22:50,482122;9,402138E-1;1,366117E-1;1,325804E-1;9,320657E-1;;
30/11/2021  10:22:50,482222;9,402793E-1;1,302401E-1;1,215227E-1;9,321905E-1;;
30/11/2021  10:22:50,482322;9,410870E-1;1,636910E-1;1,572231E-1;9,323282E-1;;
30/11/2021  10:22:50,482422;9,411406E-1;5,632952E-2;2,105637E-2;9,324781E-1;;
30/11/2021  10:22:50,482522;9,404939E-1;1,420275E-1;1,673329E-1;9,326397E-1;;
30/11/2021  10:22:50,482622;9,405654E-1;1,117624E-1;1,009872E-1;9,328123E-1;;
30/11/2021  10:22:50,482722;9,414566E-1;6,270112E-2;8,898175E-2;9,329953E-1;;
30/11/2021  10:22:50,482822;9,416473E-1;1,248242E-1;1,300529E-1;9,331879E-1;;
30/11/2021  10:22:50,482922;9,429705E-1;1,420275E-1;1,445858E-1;9,333895E-1;;
30/11/2021  10:22:50,483022;9,435010E-1;4,772786E-2;7,065769E-2;9,335998E-1;;
30/11/2021  10:22:50,483122;9,439660E-1;1,229127E-1;1,142563E-1;9,338183E-1;;
30/11/2021  10:22:50,483222;9,436799E-1;9,424054E-2;1,496407E-1;9,340448E-1;;
30/11/2021  10:22:50,483322;9,440852E-1;1,289658E-1;1,341600E-1;9,342790E-1;;
30/11/2021  10:22:50,483422;9,447945E-1;1,225942E-1;1,240502E-1;9,345205E-1;;
30/11/2021  10:22:50,483522;9,455634E-1;1,235499E-1;1,300529E-1;9,347690E-1;;
30/11/2021  10:22:50,483622;9,463681E-1;1,343816E-1;1,344760E-1;9,350243E-1;;
30/11/2021  10:22:50,483722;9,465916E-1;1,235499E-1;1,231024E-1;9,352862E-1;;
30/11/2021  10:22:50,483822;9,466482E-1;5,983390E-2;8,708615E-2;9,355548E-1;;
30/11/2021  10:22:50,483922;9,468569E-1;1,206827E-1;1,107811E-1;9,358297E-1;;
30/11/2021  10:22:50,484022;9,465916E-1;1,213198E-1;1,139404E-1;9,361108E-1;;
30/11/2021  10:22:50,484122;9,474172E-1;1,206827E-1;1,208909E-1;9,363978E-1;;
30/11/2021  10:22:50,484222;9,481324E-1;1,146297E-1;1,249980E-1;9,366904E-1;;
30/11/2021  10:22:50,484322;9,485825E-1;1,136739E-1;1,073058E-1;9,369884E-1;;
30/11/2021  10:22:50,484422;9,489848E-1;1,174969E-1;1,016190E-1;9,372916E-1;;
30/11/2021  10:22:50,484522;9,485348E-1;4,390490E-2;5,865227E-2;9,375997E-1;;
30/11/2021  10:22:50,484622;9,478791E-1;5,919674E-2;1,101492E-1;9,379127E-1;;
30/11/2021  10:22:50,484722;9,485169E-1;1,238685E-1;1,294210E-1;9,382300E-1;;
30/11/2021  10:22:50,484822;9,496285E-1;3,498466E-2;6,497092E-2;9,385512E-1;;
30/11/2021  10:22:50,484922;9,493722E-1;1,139925E-1;1,120448E-1;9,388758E-1;;
30/11/2021  10:22:50,485022;9,495898E-1;1,493549E-1;1,701763E-1;9,392037E-1;;
30/11/2021  10:22:50,485122;9,494557E-1;1,190898E-1;1,196272E-1;9,395344E-1;;
30/11/2021  10:22:50,485222;9,489490E-1;1,200455E-1;1,155200E-1;9,398674E-1;;
30/11/2021  10:22:50,485322;9,484454E-1;1,206827E-1;1,044624E-1;9,402022E-1;;
30/11/2021  10:22:50,485422;9,479119E-1;6,811698E-2;8,392683E-2;9,405382E-1;;
30/11/2021  10:22:50,485522;9,483440E-1;2,988738E-2;6,275939E-2;9,408746E-1;;
30/11/2021  10:22:50,485622;9,483530E-1;1,522221E-1;1,594346E-1;9,412105E-1;;
30/11/2021  10:22:50,485722;9,484960E-1;9,806350E-2;7,634447E-2;9,415453E-1;;
30/11/2021  10:22:50,485822;9,478433E-1;9,360338E-2;8,898175E-2;9,418781E-1;;
30/11/2021  10:22:50,485922;9,472056E-1;1,203641E-1;1,240502E-1;9,422083E-1;;
30/11/2021  10:22:50,486022;9,464247E-1;1,178155E-1;1,537478E-1;9,425349E-1;;
30/11/2021  10:22:50,486122;9,470089E-1;9,137332E-2;7,476481E-2;9,428571E-1;;
30/11/2021  10:22:50,486222;9,471340E-1;1,280100E-1;1,366875E-1;9,431740E-1;;
30/11/2021  10:22:50,486322;9,469016E-1;1,429833E-1;1,518522E-1;9,434847E-1;;
30/11/2021  10:22:50,486422;9,462459E-1;1,410718E-1;1,556434E-1;9,437885E-1;;
30/11/2021  10:22:50,486522;9,459956E-1;1,235499E-1;1,183634E-1;9,440846E-1;;
30/11/2021  10:22:50,486622;9,453220E-1;1,302401E-1;1,291051E-1;9,443723E-1;;
30/11/2021  10:22:50,486722;9,447200E-1;1,331073E-1;1,278414E-1;9,446508E-1;;
30/11/2021  10:22:50,486822;9,450717E-1;1,095324E-1;1,177316E-1;9,449192E-1;;
30/11/2021  10:22:50,486922;9,448541E-1;1,187712E-1;1,196272E-1;9,451767E-1;;
30/11/2021  10:22:50,487022;9,448154E-1;1,206827E-1;1,224705E-1;9,454228E-1;;
30/11/2021  10:22:50,487122;9,450329E-1;1,305587E-1;1,253139E-1;9,456567E-1;;
30/11/2021  10:22:50,487222;9,435726E-1;1,238685E-1;1,054102E-1;9,458782E-1;;
30/11/2021  10:22:50,487322;9,426844E-1;1,420275E-1;1,395309E-1;9,460865E-1;;
30/11/2021  10:22:50,487422;9,429139E-1;1,480806E-1;1,562753E-1;9,462811E-1;;
30/11/2021  10:22:50,487522;9,426010E-1;7,703722E-2;7,634447E-2;9,464614E-1;;
30/11/2021  10:22:50,487622;9,430212E-1;1,289658E-1;1,461654E-1;9,466269E-1;;
30/11/2021  10:22:50,487722;9,423268E-1;1,028422E-1;9,340479E-2;9,467773E-1;;
30/11/2021  10:22:50,487822;9,421808E-1;9,806350E-2;1,152041E-1;9,469122E-1;;
30/11/2021  10:22:50,487922;9,415072E-1;1,006121E-1;1,082536E-1;9,470314E-1;;
30/11/2021  10:22:50,488022;9,413701E-1;1,012493E-1;1,123607E-1;9,471348E-1;;
30/11/2021  10:22:50,488122;9,420377E-1;1,079395E-1;1,107811E-1;9,472220E-1;;
30/11/2021  10:22:50,488222;9,420914E-1;1,225942E-1;1,265777E-1;9,472932E-1;;
30/11/2021  10:22:50,488322;9,420735E-1;9,710776E-2;1,136244E-1;9,473484E-1;;
30/11/2021  10:22:50,488422;9,424907E-1;9,232906E-2;1,013031E-1;9,473879E-1;;
30/11/2021  10:22:50,488522;9,427440E-1;9,360338E-2;1,022509E-1;9,474121E-1;;
30/11/2021  10:22:50,488622;9,423328E-1;9,455912E-2;8,708615E-2;9,474215E-1;;
30/11/2021  10:22:50,488722;9,424907E-1;6,429402E-2;6,339125E-2;9,474166E-1;;
30/11/2021  10:22:50,488822;9,436471E-1;1,114439E-1;1,155200E-1;9,473980E-1;;
30/11/2021  10:22:50,488922;9,432835E-1;1,362931E-1;1,594346E-1;9,473665E-1;;
30/11/2021  10:22:50,489022;9,435666E-1;1,697440E-1;2,260962E-1;9,473229E-1;;
30/11/2021  10:22:50,489122;9,438944E-1;1,573194E-1;1,518522E-1;9,472680E-1;;
30/11/2021  10:22:50,489222;9,437216E-1;1,630538E-1;1,499566E-1;9,472027E-1;;
30/11/2021  10:22:50,489322;9,434772E-1;1,627352E-1;1,436380E-1;9,471279E-1;;
30/11/2021  10:22:50,489422;9,440017E-1;1,544522E-1;1,546956E-1;9,470446E-1;;
30/11/2021  10:22:50,489522;9,444518E-1;1,554079E-1;1,518522E-1;9,469534E-1;;
30/11/2021  10:22:50,489622;9,447438E-1;1,366117E-1;1,253139E-1;9,468555E-1;;
30/11/2021  10:22:50,489722;9,444994E-1;1,366117E-1;1,291051E-1;9,467518E-1;;
30/11/2021  10:22:50,489822;9,441209E-1;1,229127E-1;1,278414E-1;9,466431E-1;;
30/11/2021  10:22:50,489922;9,433252E-1;1,343816E-1;1,316326E-1;9,465304E-1;;
30/11/2021  10:22:50,490022;9,429795E-1;1,232313E-1;1,092014E-1;9,464142E-1;;
30/11/2021  10:22:50,490122;9,429765E-1;1,327887E-1;1,385831E-1;9,462952E-1;;
30/11/2021  10:22:50,490222;9,426338E-1;1,229127E-1;1,114129E-1;9,461736E-1;;
30/11/2021  10:22:50,490322;9,435398E-1;1,652839E-1;1,553275E-1;9,460500E-1;;
30/11/2021  10:22:50,490422;9,431792E-1;1,251428E-1;9,972343E-2;9,459248E-1;;
30/11/2021  10:22:50,490522;9,426338E-1;9,870066E-2;9,340479E-2;9,457984E-1;;
30/11/2021  10:22:50,490622;9,417635E-1;1,286472E-1;1,208909E-1;9,456713E-1;;
30/11/2021  10:22:50,490722;9,418708E-1;1,283286E-1;1,278414E-1;9,455436E-1;;
30/11/2021  10:22:50,490822;9,422374E-1;1,257800E-1;1,249980E-1;9,454155E-1;;
30/11/2021  10:22:50,490922;9,429646E-1;1,149482E-1;1,546956E-1;9,452873E-1;;
30/11/2021  10:22:50,491022;9,429646E-1;1,190898E-1;1,328963E-1;9,451592E-1;;
30/11/2021  10:22:50,491122;9,431255E-1;1,436204E-1;1,528000E-1;9,450317E-1;;
30/11/2021  10:22:50,491222;9,418649E-1;1,337445E-1;1,316326E-1;9,449051E-1;;
30/11/2021  10:22:50,491322;9,420824E-1;1,178155E-1;1,205749E-1;9,447797E-1;;
30/11/2021  10:22:50,491422;9,423447E-1;1,327887E-1;1,234183E-1;9,446556E-1;;
30/11/2021  10:22:50,491522;9,427709E-1;1,334259E-1;1,322644E-1;9,445330E-1;;
30/11/2021  10:22:50,491622;9,435368E-1;1,229127E-1;1,278414E-1;9,444122E-1;;
30/11/2021  10:22:50,491722;9,434146E-1;1,257800E-1;1,145722E-1;9,442935E-1;;
30/11/2021  10:22:50,491822;9,431017E-1;1,280100E-1;1,382671E-1;9,441774E-1;;
30/11/2021  10:22:50,491922;9,425831E-1;1,302401E-1;1,272095E-1;9,440642E-1;;
30/11/2021  10:22:50,492022;9,421957E-1;1,808943E-1;2,406291E-1;9,439540E-1;;
30/11/2021  10:22:50,492122;9,427142E-1;1,114439E-1;1,199431E-1;9,438470E-1;;
30/11/2021  10:22:50,492222;9,431106E-1;1,101695E-1;1,202590E-1;9,437433E-1;;
30/11/2021  10:22:50,492322;9,432894E-1;1,267357E-1;1,404787E-1;9,436430E-1;;
30/11/2021  10:22:50,492422;9,430689E-1;1,522221E-1;1,663851E-1;9,435464E-1;;
30/11/2021  10:22:50,492522;9,425652E-1;1,292843E-1;1,297370E-1;9,434536E-1;;
30/11/2021  10:22:50,492622;9,418708E-1;1,353374E-1;1,354238E-1;9,433647E-1;;
30/11/2021  10:22:50,492722;9,412897E-1;1,687883E-1;1,717559E-1;9,432796E-1;;
30/11/2021  10:22:50,492822;9,418231E-1;1,165411E-1;1,379512E-1;9,431981E-1;;
30/11/2021  10:22:50,492922;9,422702E-1;1,260985E-1;1,246821E-1;9,431200E-1;;
30/11/2021  10:22:50,493022;9,420019E-1;1,292843E-1;1,325804E-1;9,430452E-1;;
30/11/2021  10:22:50,493122;9,416890E-1;1,210013E-1;8,582243E-2;9,429737E-1;;
30/11/2021  10:22:50,493222;9,418321E-1;1,496735E-1;1,837613E-1;9,429054E-1;;
30/11/2021  10:22:50,493322;9,411019E-1;1,608238E-1;2,055607E-1;9,428400E-1;;
30/11/2021  10:22:50,493422;9,410572E-1;1,327887E-1;1,306848E-1;9,427773E-1;;
30/11/2021  10:22:50,493522;9,414685E-1;1,159040E-1;1,117289E-1;9,427173E-1;;
30/11/2021  10:22:50,493622;9,417099E-1;1,388417E-1;1,764949E-1;9,426596E-1;;
30/11/2021  10:22:50,493722;9,418857E-1;1,159040E-1;1,215227E-1;9,426041E-1;;
30/11/2021  10:22:50,493822;9,416622E-1;1,245056E-1;1,322644E-1;9,425508E-1;;
30/11/2021  10:22:50,493922;9,410334E-1;1,519035E-1;1,875525E-1;9,424996E-1;;
30/11/2021  10:22:50,494022;9,407025E-1;1,366117E-1;1,423743E-1;9,424504E-1;;
30/11/2021  10:22:50,494122;9,407264E-1;1,334259E-1;1,338441E-1;9,424029E-1;;
30/11/2021  10:22:50,494222;9,411555E-1;1,315144E-1;1,351078E-1;9,423569E-1;;
30/11/2021  10:22:50,494322;9,415340E-1;1,283286E-1;1,256299E-1;9,423123E-1;;
30/11/2021  10:22:50,494422;9,414655E-1;1,391603E-1;1,370034E-1;9,422689E-1;;
30/11/2021  10:22:50,494522;9,406876E-1;1,143111E-1;1,117289E-1;9,422268E-1;;
30/11/2021  10:22:50,494622;9,408247E-1;9,997498E-2;9,845971E-2;9,421858E-1;;
30/11/2021  10:22:50,494722;9,408903E-1;7,321426E-2;8,929768E-2;9,421457E-1;;
30/11/2021  10:22:50,494822;9,412569E-1;1,506292E-1;1,430061E-1;9,421066E-1;;
30/11/2021  10:22:50,494922;9,415728E-1;1,168597E-1;9,814378E-2;9,420682E-1;;
30/11/2021  10:22:50,495022;9,423208E-1;1,391603E-1;1,347919E-1;9,420308E-1;;
30/11/2021  10:22:50,495122;9,416711E-1;1,041165E-1;1,003553E-1;9,419943E-1;;
30/11/2021  10:22:50,495222;9,418559E-1;1,662396E-1;1,667010E-1;9,419589E-1;;
30/11/2021  10:22:50,495322;9,418649E-1;1,254614E-1;1,338441E-1;9,419247E-1;;
30/11/2021  10:22:50,495422;9,416413E-1;1,331073E-1;1,328963E-1;9,418919E-1;;
30/11/2021  10:22:50,495522;9,423655E-1;1,283286E-1;1,322644E-1;9,418604E-1;;
30/11/2021  10:22:50,495622;9,425712E-1;1,452133E-1;1,433221E-1;9,418304E-1;;
30/11/2021  10:22:50,495722;9,427917E-1;1,318330E-1;1,066739E-1;9,418020E-1;;
30/11/2021  10:22:50,495822;9,433341E-1;1,353374E-1;1,215227E-1;9,417756E-1;;
30/11/2021  10:22:50,495922;9,430003E-1;1,031608E-1;7,824006E-2;9,417513E-1;;
30/11/2021  10:22:50,496022;9,432298E-1;1,108067E-1;1,013031E-1;9,417293E-1;;
30/11/2021  10:22:50,496122;9,429080E-1;1,155854E-1;1,325804E-1;9,417100E-1;;
30/11/2021  10:22:50,496222;9,443325E-1;1,139925E-1;1,177316E-1;9,416934E-1;;
30/11/2021  10:22:50,496322;9,440941E-1;1,060280E-1;1,095173E-1;9,416799E-1;;
30/11/2021  10:22:50,496422;9,438080E-1;1,012493E-1;8,708615E-2;9,416697E-1;;
30/11/2021  10:22:50,496522;9,438050E-1;-7,938556E-2;2,579535E-2;9,416630E-1;;
30/11/2021  10:22:50,496622;9,444607E-1;1,108067E-1;1,458495E-1;9,416600E-1;;
30/11/2021  10:22:50,496722;9,445888E-1;7,958586E-2;9,214107E-2;9,416608E-1;;
30/11/2021  10:22:50,496822;9,448362E-1;9,901924E-2;1,117289E-1;9,416657E-1;;
30/11/2021  10:22:50,496922;9,455366E-1;8,404598E-2;1,031987E-1;9,416749E-1;;
30/11/2021  10:22:50,497022;9,464337E-1;9,551486E-2;1,133085E-1;9,416885E-1;;
30/11/2021  10:22:50,497122;9,463591E-1;1,069837E-1;1,287892E-1;9,417071E-1;;
30/11/2021  10:22:50,497222;9,465260E-1;1,238685E-1;1,319485E-1;9,417309E-1;;
30/11/2021  10:22:50,497322;9,465678E-1;1,324701E-1;1,328963E-1;9,417602E-1;;
30/11/2021  10:22:50,497422;9,469850E-1;9,774492E-2;6,623464E-2;9,417953E-1;;
30/11/2021  10:22:50,497522;9,471817E-1;1,671954E-1;1,556434E-1;9,418365E-1;;
30/11/2021  10:22:50,497622;9,475781E-1;1,675139E-1;1,404787E-1;9,418839E-1;;
30/11/2021  10:22:50,497722;9,480847E-1;1,894960E-1;1,891322E-1;9,419377E-1;;
30/11/2021  10:22:50,497822;9,480162E-1;1,531778E-1;1,360556E-1;9,419982E-1;;
30/11/2021  10:22:50,497922;9,480222E-1;8,086018E-2;8,045158E-2;9,420655E-1;;
30/11/2021  10:22:50,498022;9,477182E-1;1,299215E-1;1,452176E-1;9,421397E-1;;
30/11/2021  10:22:50,498122;9,467376E-1;1,248242E-1;1,278414E-1;9,422208E-1;;
30/11/2021  10:22:50,498222;9,476556E-1;1,331073E-1;1,313166E-1;9,423085E-1;;
30/11/2021  10:22:50,498322;9,481414E-1;1,426647E-1;1,486929E-1;9,424026E-1;;
30/11/2021  10:22:50,498422;9,482844E-1;1,232313E-1;1,862888E-1;9,425030E-1;;
30/11/2021  10:22:50,498522;9,479625E-1;1,353374E-1;1,578549E-1;9,426094E-1;;
30/11/2021  10:22:50,498622;9,473635E-1;1,257800E-1;1,212068E-1;9,427216E-1;;
30/11/2021  10:22:50,498722;9,471310E-1;1,340630E-1;1,344760E-1;9,428394E-1;;
30/11/2021  10:22:50,498822;9,467049E-1;1,327887E-1;1,268936E-1;9,429621E-1;;
30/11/2021  10:22:50,498922;9,467168E-1;1,181340E-1;1,253139E-1;9,430893E-1;;
30/11/2021  10:22:50,499022;9,471519E-1;1,286472E-1;1,310007E-1;9,432204E-1;;
30/11/2021  10:22:50,499122;9,463323E-1;1,296029E-1;1,328963E-1;9,433547E-1;;
30/11/2021  10:22:50,499222;9,459985E-1;1,280100E-1;1,259458E-1;9,434917E-1;;
30/11/2021  10:22:50,499322;9,452296E-1;6,174538E-2;5,043804E-2;9,436308E-1;;
30/11/2021  10:22:50,499422;9,446425E-1;1,260985E-1;1,499566E-1;9,437710E-1;;
30/11/2021  10:22:50,499522;9,440643E-1;1,391603E-1;1,328963E-1;9,439115E-1;;
30/11/2021  10:22:50,499622;9,436471E-1;1,006121E-1;1,003553E-1;9,440514E-1;;
30/11/2021  10:22:50,499722;9,435755E-1;1,251428E-1;1,272095E-1;9,441897E-1;;
30/11/2021  10:22:50,499822;9,429914E-1;1,331073E-1;1,524841E-1;9,443254E-1;;
30/11/2021  10:22:50,499922;9,422344E-1;1,321516E-1;1,370034E-1;9,444576E-1;;
30/11/2021  10:22:50,500022;9,412122E-1;1,296029E-1;1,278414E-1;9,445852E-1;;
30/11/2021  10:22:50,500122;9,408575E-1;1,311958E-1;1,426902E-1;9,447073E-1;;
30/11/2021  10:22:50,500222;9,408545E-1;1,324701E-1;1,328963E-1;9,448228E-1;;
30/11/2021  10:22:50,500322;9,404492E-1;1,410718E-1;1,388990E-1;9,449306E-1;;
30/11/2021  10:22:50,500422;9,395819E-1;1,162226E-1;1,332122E-1;9,450299E-1;;
30/11/2021  10:22:50,500522;9,392958E-1;1,270543E-1;1,224705E-1;9,451198E-1;;
30/11/2021  10:22:50,500622;9,381663E-1;1,286472E-1;1,170997E-1;9,451994E-1;;
30/11/2021  10:22:50,500722;9,374987E-1;1,210013E-1;1,259458E-1;9,452678E-1;;
30/11/2021  10:22:50,500822;9,368848E-1;1,433019E-1;1,742834E-1;9,453241E-1;;
30/11/2021  10:22:50,500922;9,364049E-1;1,232313E-1;1,136244E-1;9,453675E-1;;
30/11/2021  10:22:50,501022;9,367089E-1;1,286472E-1;1,300529E-1;9,453972E-1;;
30/11/2021  10:22:50,501122;9,359847E-1;5,951532E-2;4,222381E-2;9,454124E-1;;
30/11/2021  10:22:50,501222;9,348641E-1;1,117624E-1;1,265777E-1;9,454127E-1;;
30/11/2021  10:22:50,501322;9,351026E-1;1,445762E-1;1,417424E-1;9,453975E-1;;
30/11/2021  10:22:50,501422;9,349297E-1;1,302401E-1;1,268936E-1;9,453663E-1;;
30/11/2021  10:22:50,501522;9,341727E-1;1,280100E-1;1,262617E-1;9,453188E-1;;
30/11/2021  10:22:50,501622;9,345363E-1;1,270543E-1;1,278414E-1;9,452548E-1;;
30/11/2021  10:22:50,501722;9,342651E-1;4,486064E-2;9,940750E-2;9,451741E-1;;
30/11/2021  10:22:50,501822;9,344648E-1;1,334259E-1;1,322644E-1;9,450769E-1;;
30/11/2021  10:22:50,501922;9,343187E-1;1,174969E-1;1,193112E-1;9,449633E-1;;
30/11/2021  10:22:50,502022;9,340565E-1;1,276914E-1;1,193112E-1;9,448335E-1;;
30/11/2021  10:22:50,502122;9,336541E-1;3,530324E-2;6,591871E-2;9,446880E-1;;
30/11/2021  10:22:50,502222;9,339939E-1;4,804644E-2;9,435259E-2;9,445271E-1;;
30/11/2021  10:22:50,502322;9,342919E-1;1,299215E-1;1,272095E-1;9,443514E-1;;
30/11/2021  10:22:50,502422;9,346287E-1;5,537378E-2;1,436380E-1;9,441615E-1;;
30/11/2021  10:22:50,502522;9,345125E-1;1,181340E-1;1,019350E-1;9,439582E-1;;
30/11/2021  10:22:50,502622;9,344409E-1;1,025236E-1;1,019350E-1;9,437424E-1;;
30/11/2021  10:22:50,502722;9,337584E-1;1,264171E-1;1,278414E-1;9,435149E-1;;
30/11/2021  10:22:50,502822;9,338955E-1;1,235499E-1;1,338441E-1;9,432767E-1;;
30/11/2021  10:22:50,502922;9,342144E-1;7,586778E-3;5,991600E-2;9,430285E-1;;
30/11/2021  10:22:50,503022;9,349953E-1;1,499920E-1;1,531159E-1;9,427712E-1;;
30/11/2021  10:22:50,503122;9,352635E-1;1,245056E-1;1,275255E-1;9,425060E-1;;
30/11/2021  10:22:50,503222;9,355466E-1;1,531778E-1;1,616461E-1;9,422338E-1;;
30/11/2021  10:22:50,503322;9,352128E-1;1,378860E-1;1,287892E-1;9,419560E-1;;
30/11/2021  10:22:50,503422;9,344767E-1;1,143111E-1;1,123607E-1;9,416737E-1;;
30/11/2021  10:22:50,503522;9,349357E-1;1,146297E-1;1,057261E-1;9,413879E-1;;
30/11/2021  10:22:50,503622;9,350280E-1;1,315144E-1;1,303688E-1;9,410996E-1;;
30/11/2021  10:22:50,503722;9,354602E-1;1,299215E-1;1,272095E-1;9,408096E-1;;
30/11/2021  10:22:50,503822;9,354125E-1;1,366117E-1;1,237343E-1;9,405192E-1;;
30/11/2021  10:22:50,503922;9,351979E-1;1,308772E-1;1,420583E-1;9,402291E-1;;
30/11/2021  10:22:50,504022;9,344946E-1;1,359745E-1;1,360556E-1;9,399404E-1;;
30/11/2021  10:22:50,504122;9,340475E-1;1,586986E-2;8,392683E-2;9,396537E-1;;
30/11/2021  10:22:50,504222;9,336213E-1;1,044351E-1;1,145722E-1;9,393698E-1;;
30/11/2021  10:22:50,504322;9,334127E-1;1,022050E-1;1,177316E-1;9,390890E-1;;
30/11/2021  10:22:50,504422;9,336631E-1;1,108067E-1;1,193112E-1;9,388117E-1;;
30/11/2021  10:22:50,504522;9,328614E-1;1,273729E-1;1,534319E-1;9,385384E-1;;
30/11/2021  10:22:50,504622;9,332071E-1;9,583344E-2;1,060421E-1;9,382692E-1;;
30/11/2021  10:22:50,504722;9,319732E-1;1,076209E-1;1,177316E-1;9,380046E-1;;
30/11/2021  10:22:50,504822;9,317855E-1;1,515849E-1;1,509044E-1;9,377445E-1;;
30/11/2021  10:22:50,504922;9,311388E-1;-1,152802E-2;5,486109E-2;9,374890E-1;;
30/11/2021  10:22:50,505022;9,309123E-1;9,009900E-2;1,000394E-1;9,372380E-1;;
30/11/2021  10:22:50,505122;9,317587E-1;9,105474E-2;1,003553E-1;9,369914E-1;;
30/11/2021  10:22:50,505222;9,311954E-1;8,595746E-2;8,961361E-2;9,367492E-1;;
30/11/2021  10:22:50,505322;9,311090E-1;1,108067E-1;1,243661E-1;9,365113E-1;;
30/11/2021  10:22:50,505422;9,306828E-1;1,280100E-1;1,499566E-1;9,362778E-1;;
30/11/2021  10:22:50,505522;9,299943E-1;9,997498E-2;1,224705E-1;9,360485E-1;;
30/11/2021  10:22:50,505622;9,301970E-1;8,691320E-2;9,340479E-2;9,358233E-1;;
30/11/2021  10:22:50,505722;9,308675E-1;1,162226E-1;1,249980E-1;9,356021E-1;;
30/11/2021  10:22:50,505822;9,305576E-1;1,611423E-1;1,297370E-1;9,353848E-1;;
30/11/2021  10:22:50,505922;9,301493E-1;1,538150E-1;1,531159E-1;9,351714E-1;;
30/11/2021  10:22:50,506022;9,297499E-1;1,576380E-1;1,477451E-1;9,349620E-1;;
30/11/2021  10:22:50,506122;9,298900E-1;1,442576E-1;1,439539E-1;9,347563E-1;;
30/11/2021  10:22:50,506222;9,293923E-1;1,350188E-1;1,341600E-1;9,345544E-1;;
30/11/2021  10:22:50,506322;9,303073E-1;1,315144E-1;1,319485E-1;9,343561E-1;;
30/11/2021  10:22:50,506422;9,297350E-1;1,315144E-1;1,158360E-1;9,341613E-1;;
30/11/2021  10:22:50,506522;9,299496E-1;1,206827E-1;1,193112E-1;9,339702E-1;;
30/11/2021  10:22:50,506622;9,294370E-1;3,020596E-2;2,105637E-2;9,337827E-1;;
30/11/2021  10:22:50,506722;9,289870E-1;3,944478E-2;7,413294E-2;9,335988E-1;;
30/11/2021  10:22:50,506822;9,296188E-1;-8,660802E-3;7,255328E-2;9,334183E-1;;
30/11/2021  10:22:50,506922;9,300450E-1;1,350188E-1;1,480610E-1;9,332414E-1;;
30/11/2021  10:22:50,507022;9,309272E-1;1,232313E-1;1,215227E-1;9,330680E-1;;
30/11/2021  10:22:50,507122;9,316871E-1;1,139925E-1;1,136244E-1;9,328985E-1;;
30/11/2021  10:22:50,507222;9,315411E-1;7,098420E-2;7,476481E-2;9,327332E-1;;
30/11/2021  10:22:50,507322;9,309659E-1;1,659210E-1;1,679647E-1;9,325725E-1;;
30/11/2021  10:22:50,507422;9,308050E-1;1,757970E-1;1,420583E-1;9,324167E-1;;
30/11/2021  10:22:50,507522;9,320299E-1;1,251428E-1;1,303688E-1;9,322661E-1;;
30/11/2021  10:22:50,507622;9,325544E-1;1,120810E-1;1,050943E-1;9,321211E-1;;
30/11/2021  10:22:50,507722;9,339402E-1;1,299215E-1;1,291051E-1;9,319820E-1;;
30/11/2021  10:22:50,507822;9,348522E-1;1,315144E-1;1,316326E-1;9,318494E-1;;
30/11/2021  10:22:50,507922;9,350340E-1;1,321516E-1;1,262617E-1;9,317242E-1;;
30/11/2021  10:22:50,508022;9,351026E-1;6,939130E-2;9,498445E-2;9,316071E-1;;
30/11/2021  10:22:50,508122;9,357880E-1;1,139925E-1;1,009872E-1;9,314988E-1;;
30/11/2021  10:22:50,508222;9,367656E-1;1,267357E-1;1,351078E-1;9,314000E-1;;
30/11/2021  10:22:50,508322;9,376120E-1;1,260985E-1;1,224705E-1;9,313114E-1;;
30/11/2021  10:22:50,508422;9,382796E-1;1,210013E-1;1,243661E-1;9,312340E-1;;
30/11/2021  10:22:50,508522;9,390574E-1;5,155082E-2;3,906449E-2;9,311684E-1;;
30/11/2021  10:22:50,508622;9,392631E-1;9,647060E-2;9,277293E-2;9,311154E-1;;
30/11/2021  10:22:50,508722;9,393346E-1;1,047537E-1;1,310007E-1;9,310760E-1;;
30/11/2021  10:22:50,508822;9,397429E-1;1,347002E-1;1,398468E-1;9,310505E-1;;
30/11/2021  10:22:50,508922;9,400677E-1;1,280100E-1;1,281573E-1;9,310397E-1;;
30/11/2021  10:22:50,509022;9,412926E-1;1,315144E-1;1,341600E-1;9,310438E-1;;
30/11/2021  10:22:50,509122;9,413224E-1;1,388417E-1;1,866047E-1;9,310634E-1;;
30/11/2021  10:22:50,509222;9,411734E-1;1,369303E-1;1,388990E-1;9,310989E-1;;
30/11/2021  10:22:50,509322;9,407592E-1;1,356559E-1;1,199431E-1;9,311504E-1;;
30/11/2021  10:22:50,509422;9,408814E-1;1,299215E-1;1,205749E-1;9,312179E-1;;
30/11/2021  10:22:50,509522;9,408545E-1;-5,676638E-2;1,568552E-2;9,313015E-1;;
30/11/2021  10:22:50,509622;9,413522E-1;1,337445E-1;1,354238E-1;9,314007E-1;;
30/11/2021  10:22:50,509722;9,419364E-1;1,340630E-1;1,227865E-1;9,315153E-1;;
30/11/2021  10:22:50,509822;9,422195E-1;1,229127E-1;1,259458E-1;9,316449E-1;;
30/11/2021  10:22:50,509922;9,420943E-1;1,187712E-1;1,025668E-1;9,317894E-1;;
30/11/2021  10:22:50,510022;9,419543E-1;1,098510E-1;1,054102E-1;9,319482E-1;;
30/11/2021  10:22:50,510122;9,419721E-1;1,311958E-1;1,493248E-1;9,321210E-1;;
30/11/2021  10:22:50,510222;9,415460E-1;1,299215E-1;1,297370E-1;9,323069E-1;;
30/11/2021  10:22:50,510322;9,427917E-1;1,356559E-1;1,414265E-1;9,325055E-1;;
30/11/2021  10:22:50,510422;9,436918E-1;1,550893E-1;1,723878E-1;9,327160E-1;;
30/11/2021  10:22:50,510522;9,444518E-1;1,324701E-1;1,218387E-1;9,329379E-1;;
30/11/2021  10:22:50,510622;9,442551E-1;1,598680E-1;1,733356E-1;9,331708E-1;;
30/11/2021  10:22:50,510722;9,440524E-1;1,286472E-1;1,262617E-1;9,334144E-1;;
30/11/2021  10:22:50,510822;9,433997E-1;1,343816E-1;1,319485E-1;9,336679E-1;;
30/11/2021  10:22:50,510922;9,440613E-1;1,347002E-1;1,306848E-1;9,339309E-1;;
30/11/2021  10:22:50,511022;9,445173E-1;1,197269E-1;1,281573E-1;9,342026E-1;;
30/11/2021  10:22:50,511122;9,450925E-1;1,254614E-1;1,278414E-1;9,344822E-1;;
30/11/2021  10:22:50,511222;9,444875E-1;1,273729E-1;1,215227E-1;9,347693E-1;;
30/11/2021  10:22:50,511322;9,441209E-1;1,289658E-1;1,259458E-1;9,350631E-1;;
30/11/2021  10:22:50,511422;9,438378E-1;7,002846E-2;7,444887E-2;9,353629E-1;;
30/11/2021  10:22:50,511522;9,430003E-1;1,353374E-1;1,426902E-1;9,356678E-1;;
30/11/2021  10:22:50,511622;9,439451E-1;1,286472E-1;1,313166E-1;9,359767E-1;;
30/11/2021  10:22:50,511722;9,444905E-1;1,178155E-1;1,174156E-1;9,362888E-1;;
30/11/2021  10:22:50,511822;9,453578E-1;1,448948E-1;1,613302E-1;9,366032E-1;;
30/11/2021  10:22:50,511922;9,452296E-1;1,385232E-1;1,553275E-1;9,369192E-1;;
30/11/2021  10:22:50,512022;9,448571E-1;1,280100E-1;1,253139E-1;9,372364E-1;;
30/11/2021  10:22:50,512122;9,448004E-1;1,423461E-1;1,360556E-1;9,375540E-1;;
30/11/2021  10:22:50,512222;9,456856E-1;1,331073E-1;1,272095E-1;9,378715E-1;;
30/11/2021  10:22:50,512322;9,457184E-1;1,280100E-1;1,319485E-1;9,381882E-1;;
30/11/2021  10:22:50,512422;9,465141E-1;1,280100E-1;1,208909E-1;9,385037E-1;;
30/11/2021  10:22:50,512522;9,472801E-1;1,092138E-1;1,275255E-1;9,388176E-1;;
30/11/2021  10:22:50,512622;9,469016E-1;1,127182E-1;1,164678E-1;9,391296E-1;;
30/11/2021  10:22:50,512722;9,472830E-1;1,057094E-1;1,076217E-1;9,394396E-1;;
30/11/2021  10:22:50,512822;9,472979E-1;5,091366E-2;5,454516E-2;9,397473E-1;;
30/11/2021  10:22:50,512922;9,473874E-1;1,146297E-1;1,407946E-1;9,400525E-1;;
30/11/2021  10:22:50,513022;9,477927E-1;9,870066E-2;1,035146E-1;9,403550E-1;;
30/11/2021  10:22:50,513122;9,486212E-1;1,069837E-1;1,101492E-1;9,406546E-1;;
30/11/2021  10:22:50,513222;9,487464E-1;7,735580E-2;1,186794E-1;9,409511E-1;;
30/11/2021  10:22:50,513322;9,491904E-1;8,946184E-2;1,013031E-1;9,412446E-1;;
30/11/2021  10:22:50,513422;9,488656E-1;1,012493E-1;1,114129E-1;9,415351E-1;;
30/11/2021  10:22:50,513522;9,484811E-1;1,031608E-1;1,126766E-1;9,418226E-1;;
30/11/2021  10:22:50,513622;9,482963E-1;1,066652E-1;1,199431E-1;9,421068E-1;;
30/11/2021  10:22:50,513722;9,483738E-1;1,104881E-1;1,291051E-1;9,423877E-1;;
30/11/2021  10:22:50,513822;9,488149E-1;1,270543E-1;1,218387E-1;9,426649E-1;;
30/11/2021  10:22:50,513922;9,480847E-1;1,436204E-1;1,395309E-1;9,429381E-1;;
30/11/2021  10:22:50,514022;9,471549E-1;1,487177E-1;1,379512E-1;9,432072E-1;;
30/11/2021  10:22:50,514122;9,469105E-1;1,662396E-1;1,471132E-1;9,434717E-1;;
30/11/2021  10:22:50,514222;9,465737E-1;1,362931E-1;1,180475E-1;9,437311E-1;;
30/11/2021  10:22:50,514322;9,458942E-1;1,614609E-1;1,351078E-1;9,439846E-1;;
30/11/2021  10:22:50,514422;9,461565E-1;1,366117E-1;1,161519E-1;9,442319E-1;;
30/11/2021  10:22:50,514522;9,451909E-1;1,401161E-1;1,370034E-1;9,444720E-1;;
30/11/2021  10:22:50,514622;9,449673E-1;6,556834E-2;6,023194E-2;9,447045E-1;;
30/11/2021  10:22:50,514722;9,449435E-1;8,786894E-2;9,403666E-2;9,449287E-1;;
30/11/2021  10:22:50,514822;9,437573E-1;1,229127E-1;1,278414E-1;9,451438E-1;;
30/11/2021  10:22:50,514922;9,437067E-1;1,273729E-1;1,287892E-1;9,453492E-1;;
30/11/2021  10:22:50,515022;9,434742E-1;1,289658E-1;1,328963E-1;9,455442E-1;;
30/11/2021  10:22:50,515122;9,435666E-1;1,321516E-1;1,341600E-1;9,457281E-1;;
30/11/2021  10:22:50,515222;9,434176E-1;1,127182E-1;1,379512E-1;9,459004E-1;;
30/11/2021  10:22:50,515322;9,422225E-1;2,560792E-1;2,118793E-1;9,460607E-1;;
30/11/2021  10:22:50,515422;9,417903E-1;1,334259E-1;1,310007E-1;9,462083E-1;;
30/11/2021  10:22:50,515522;9,409529E-1;1,225942E-1;1,189953E-1;9,463427E-1;;
30/11/2021  10:22:50,515622;9,399873E-1;1,331073E-1;1,231024E-1;9,464634E-1;;
30/11/2021  10:22:50,515722;9,400588E-1;1,321516E-1;1,246821E-1;9,465697E-1;;
30/11/2021  10:22:50,515822;9,396535E-1;1,181340E-1;1,310007E-1;9,466610E-1;;
30/11/2021  10:22:50,515922;9,391617E-1;1,264171E-1;1,000394E-1;9,467368E-1;;
30/11/2021  10:22:50,516022;9,384524E-1;1,200455E-1;1,268936E-1;9,467967E-1;;
30/11/2021  10:22:50,516122;9,375613E-1;1,305587E-1;1,360556E-1;9,468403E-1;;
30/11/2021  10:22:50,516222;9,366344E-1;1,493549E-1;1,771268E-1;9,468670E-1;;
30/11/2021  10:22:50,516322;9,362172E-1;1,264171E-1;1,300529E-1;9,468765E-1;;
30/11/2021  10:22:50,516422;9,365599E-1;1,127182E-1;1,335282E-1;9,468682E-1;;
30/11/2021  10:22:50,516522;9,365510E-1;7,576290E-2;1,294210E-1;9,468420E-1;;
30/11/2021  10:22:50,516622;9,364020E-1;1,050723E-1;1,231024E-1;9,467977E-1;;
30/11/2021  10:22:50,516722;9,360115E-1;1,337445E-1;1,287892E-1;9,467353E-1;;
30/11/2021  10:22:50,516822;9,353320E-1;1,375674E-1;1,379512E-1;9,466550E-1;;
30/11/2021  10:22:50,516922;9,349953E-1;2,334600E-1;2,102996E-1;9,465570E-1;;
30/11/2021  10:22:50,517022;9,352844E-1;1,378860E-1;1,325804E-1;9,464413E-1;;
30/11/2021  10:22:50,517122;9,361606E-1;1,225942E-1;1,022509E-1;9,463084E-1;;
30/11/2021  10:22:50,517222;9,361546E-1;1,299215E-1;1,287892E-1;9,461587E-1;;
30/11/2021  10:22:50,517322;9,360324E-1;9,232906E-2;5,770448E-2;9,459930E-1;;
30/11/2021  10:22:50,517422;9,356241E-1;1,710183E-1;2,024013E-1;9,458120E-1;;
30/11/2021  10:22:50,517522;9,356181E-1;2,111594E-1;2,349423E-1;9,456166E-1;;
30/11/2021  10:22:50,517622;9,352098E-1;1,213198E-1;1,117289E-1;9,454076E-1;;
30/11/2021  10:22:50,517722;9,359907E-1;1,044351E-1;9,877564E-2;9,451857E-1;;
30/11/2021  10:22:50,517822;9,361457E-1;1,292843E-1;1,347919E-1;9,449520E-1;;
30/11/2021  10:22:50,517922;9,363632E-1;9,678918E-2;1,287892E-1;9,447073E-1;;
30/11/2021  10:22:50,518022;9,357821E-1;1,331073E-1;1,758630E-1;9,444529E-1;;
30/11/2021  10:22:50,518122;9,356927E-1;1,388417E-1;1,616461E-1;9,441897E-1;;
30/11/2021  10:22:50,518222;9,354006E-1;1,241871E-1;1,262617E-1;9,439188E-1;;
30/11/2021  10:22:50,518322;9,356927E-1;1,356559E-1;1,385831E-1;9,436411E-1;;
30/11/2021  10:22:50,518422;9,361159E-1;1,289658E-1;1,335282E-1;9,433575E-1;;
30/11/2021  10:22:50,518522;9,361397E-1;1,174969E-1;1,133085E-1;9,430691E-1;;
30/11/2021  10:22:50,518622;9,361963E-1;1,219570E-1;1,196272E-1;9,427770E-1;;
30/11/2021  10:22:50,518722;9,365838E-1;7,640006E-2;1,025668E-1;9,424821E-1;;
30/11/2021  10:22:50,518822;9,360413E-1;2,702016E-2;8,519056E-2;9,421855E-1;;
30/11/2021  10:22:50,518922;9,359877E-1;2,001140E-2;5,422923E-2;9,418883E-1;;
30/11/2021  10:22:50,519022;9,361278E-1;8,532030E-2;1,123607E-1;9,415912E-1;;
30/11/2021  10:22:50,519122;9,368580E-1;5,824100E-2;1,215227E-1;9,412952E-1;;
30/11/2021  10:22:50,519222;9,372305E-1;1,404346E-1;1,461654E-1;9,410012E-1;;
30/11/2021  10:22:50,519322;9,370010E-1;9,073616E-2;1,000394E-1;9,407102E-1;;
30/11/2021  10:22:50,519422;9,360026E-1;1,350188E-1;1,461654E-1;9,404230E-1;;
30/11/2021  10:22:50,519522;9,355585E-1;1,592309E-1;1,502726E-1;9,401404E-1;;
30/11/2021  10:22:50,519622;9,354632E-1;1,273729E-1;1,360556E-1;9,398629E-1;;
30/11/2021  10:22:50,519722;9,358685E-1;1,276914E-1;1,291051E-1;9,395910E-1;;
30/11/2021  10:22:50,519822;9,361993E-1;1,340630E-1;1,284732E-1;9,393250E-1;;
30/11/2021  10:22:50,519922;9,360264E-1;1,289658E-1;1,303688E-1;9,390655E-1;;
30/11/2021  10:22:50,520022;9,356479E-1;1,324701E-1;1,177316E-1;9,388128E-1;;
30/11/2021  10:22:50,520122;9,351622E-1;1,139925E-1;1,373193E-1;9,385673E-1;;
30/11/2021  10:22:50,520222;9,344916E-1;1,165411E-1;1,000394E-1;9,383292E-1;;
30/11/2021  10:22:50,520322;9,349804E-1;1,168597E-1;1,120448E-1;9,380985E-1;;
30/11/2021  10:22:50,520422;9,344707E-1;1,311958E-1;1,300529E-1;9,378753E-1;;
30/11/2021  10:22:50,520522;9,352724E-1;1,280100E-1;1,423743E-1;9,376597E-1;;
30/11/2021  10:22:50,520622;9,348194E-1;1,238685E-1;1,161519E-1;9,374516E-1;;
30/11/2021  10:22:50,520722;9,343307E-1;1,085766E-1;1,022509E-1;9,372510E-1;;
30/11/2021  10:22:50,520822;9,337644E-1;2,988738E-2;8,424277E-2;9,370580E-1;;
30/11/2021  10:22:50,520922;9,336184E-1;3,657756E-2;7,350108E-2;9,368723E-1;;
30/11/2021  10:22:50,521022;9,334097E-1;1,203641E-1;1,215227E-1;9,366938E-1;;
30/11/2021  10:22:50,521122;9,341667E-1;9,296622E-2;1,499566E-1;9,365221E-1;;
30/11/2021  10:22:50,521222;9,342860E-1;1,123996E-1;1,177316E-1;9,363570E-1;;
30/11/2021  10:22:50,521322;9,346555E-1;1,063466E-1;1,208909E-1;9,361986E-1;;
30/11/2021  10:22:50,521422;9,344320E-1;1,047537E-1;1,003553E-1;9,360467E-1;;
30/11/2021  10:22:50,521522;9,343664E-1;1,184526E-1;1,202590E-1;9,359013E-1;;
30/11/2021  10:22:50,521622;9,339224E-1;-7,396970E-2;-3,107241E-2;9,357623E-1;;
30/11/2021  10:22:50,521722;9,344350E-1;1,034794E-1;1,221546E-1;9,356297E-1;;
30/11/2021  10:22:50,521822;9,353052E-1;9,647060E-2;9,688005E-2;9,355034E-1;;
30/11/2021  10:22:50,521922;9,354602E-1;8,914326E-2;9,372073E-2;9,353834E-1;;
30/11/2021  10:22:50,522022;9,352456E-1;6,556834E-2;5,644075E-2;9,352698E-1;;
30/11/2021  10:22:50,522122;9,340773E-1;6,907272E-2;8,361090E-2;9,351626E-1;;
30/11/2021  10:22:50,522222;9,337912E-1;1,315144E-1;1,433221E-1;9,350617E-1;;
30/11/2021  10:22:50,522322;9,338896E-1;1,643281E-1;1,758630E-1;9,349670E-1;;
30/11/2021  10:22:50,522422;9,344677E-1;1,573194E-1;1,332122E-1;9,348781E-1;;
30/11/2021  10:22:50,522522;9,346257E-1;1,675139E-1;1,445858E-1;9,347949E-1;;
30/11/2021  10:22:50,522622;9,352754E-1;1,633724E-1;1,398468E-1;9,347172E-1;;
30/11/2021  10:22:50,522722;9,345721E-1;2,066993E-1;2,219891E-1;9,346449E-1;;
30/11/2021  10:22:50,522822;9,348433E-1;1,420275E-1;1,319485E-1;9,345781E-1;;
30/11/2021  10:22:50,522922;9,349893E-1;1,388417E-1;1,328963E-1;9,345166E-1;;
30/11/2021  10:22:50,523022;9,350012E-1;1,359745E-1;1,306848E-1;9,344603E-1;;
30/11/2021  10:22:50,523122;9,358387E-1;1,216384E-1;1,268936E-1;9,344091E-1;;
30/11/2021  10:22:50,523222;9,362112E-1;1,108067E-1;1,221546E-1;9,343631E-1;;
30/11/2021  10:22:50,523322;9,366493E-1;1,251428E-1;1,199431E-1;9,343224E-1;;
30/11/2021  10:22:50,523422;9,362529E-1;1,213198E-1;1,152041E-1;9,342871E-1;;
30/11/2021  10:22:50,523522;9,366583E-1;1,168597E-1;9,940750E-2;9,342574E-1;;
30/11/2021  10:22:50,523622;9,369295E-1;1,013542E-2;7,792413E-2;9,342332E-1;;
30/11/2021  10:22:50,523722;9,374808E-1;1,076209E-1;1,038306E-1;9,342148E-1;;
30/11/2021  10:22:50,523822;9,385090E-1;1,292843E-1;1,414265E-1;9,342024E-1;;
30/11/2021  10:22:50,523922;9,391528E-1;1,327887E-1;1,515363E-1;9,341961E-1;;
30/11/2021  10:22:50,524022;9,389769E-1;1,225942E-1;1,360556E-1;9,341964E-1;;
30/11/2021  10:22:50,524122;9,389799E-1;1,245056E-1;1,240502E-1;9,342036E-1;;
30/11/2021  10:22:50,524222;9,389978E-1;1,267357E-1;1,294210E-1;9,342179E-1;;
30/11/2021  10:22:50,524322;9,390127E-1;1,260985E-1;1,512204E-1;9,342396E-1;;
30/11/2021  10:22:50,524422;9,399664E-1;1,315144E-1;1,376353E-1;9,342687E-1;;
30/11/2021  10:22:50,524522;9,404701E-1;1,299215E-1;1,180475E-1;9,343053E-1;;
30/11/2021  10:22:50,524622;9,406340E-1;1,184526E-1;1,332122E-1;9,343497E-1;;
30/11/2021  10:22:50,524722;9,403121E-1;1,216384E-1;1,164678E-1;9,344021E-1;;
30/11/2021  10:22:50,524822;9,397369E-1;1,152668E-1;1,152041E-1;9,344625E-1;;
30/11/2021  10:22:50,524922;9,398532E-1;1,232313E-1;1,114129E-1;9,345308E-1;;
30/11/2021  10:22:50,525022;9,405356E-1;1,171783E-1;1,095173E-1;9,346069E-1;;
30/11/2021  10:22:50,525122;9,406698E-1;1,267357E-1;1,196272E-1;9,346906E-1;;
30/11/2021  10:22:50,525222;9,413820E-1;1,340630E-1;1,578549E-1;9,347817E-1;;
30/11/2021  10:22:50,525322;9,416711E-1;2,383436E-2;5,549295E-2;9,348803E-1;;
30/11/2021  10:22:50,525422;9,411228E-1;1,136739E-1;1,205749E-1;9,349861E-1;;
30/11/2021  10:22:50,525522;9,414208E-1;1,238685E-1;1,297370E-1;9,350991E-1;;
30/11/2021  10:22:50,525622;9,413820E-1;1,200455E-1;1,215227E-1;9,352191E-1;;
30/11/2021  10:22:50,525722;9,423477E-1;1,267357E-1;1,234183E-1;9,353457E-1;;
30/11/2021  10:22:50,525822;9,434295E-1;1,324701E-1;1,316326E-1;9,354789E-1;;
30/11/2021  10:22:50,525922;9,442312E-1;1,076209E-1;8,329497E-2;9,356186E-1;;
30/11/2021  10:22:50,526022;9,437812E-1;1,251428E-1;1,265777E-1;9,357650E-1;;
30/11/2021  10:22:50,526122;9,440137E-1;1,136739E-1;1,170997E-1;9,359180E-1;;
30/11/2021  10:22:50,526222;9,445739E-1;1,127182E-1;1,117289E-1;9,360776E-1;;
30/11/2021  10:22:50,526322;9,439421E-1;4,963934E-2;5,896821E-2;9,362438E-1;;
30/11/2021  10:22:50,526422;9,448183E-1;7,417000E-2;1,028828E-1;9,364165E-1;;
30/11/2021  10:22:50,526522;9,452922E-1;1,229127E-1;1,208909E-1;9,365955E-1;;
30/11/2021  10:22:50,526622;9,459538E-1;9,041758E-2;8,045158E-2;9,367808E-1;;
30/11/2021  10:22:50,526722;9,455336E-1;1,012493E-1;1,088855E-1;9,369723E-1;;
30/11/2021  10:22:50,526822;9,456826E-1;9,806350E-2;1,101492E-1;9,371698E-1;;
30/11/2021  10:22:50,526922;9,456081E-1;1,225942E-1;1,467973E-1;9,373733E-1;;
30/11/2021  10:22:50,527022;9,450925E-1;1,382046E-1;1,414265E-1;9,375824E-1;;
30/11/2021  10:22:50,527122;9,456081E-1;1,299215E-1;1,262617E-1;9,377967E-1;;
30/11/2021  10:22:50,527222;9,455396E-1;1,276914E-1;1,240502E-1;9,380159E-1;;
30/11/2021  10:22:50,527322;9,459777E-1;1,296029E-1;1,284732E-1;9,382396E-1;;
30/11/2021  10:22:50,527422;9,453369E-1;2,232654E-1;2,491593E-1;9,384673E-1;;
30/11/2021  10:22:50,527522;9,443862E-1;1,340630E-1;1,373193E-1;9,386985E-1;;
30/11/2021  10:22:50,527622;9,442610E-1;1,248242E-1;1,167838E-1;9,389325E-1;;
30/11/2021  10:22:50,527722;9,442163E-1;1,299215E-1;1,249980E-1;9,391687E-1;;
30/11/2021  10:22:50,527822;9,438944E-1;1,264171E-1;1,249980E-1;9,394062E-1;;
30/11/2021  10:22:50,527922;9,442014E-1;1,101695E-1;9,403666E-2;9,396442E-1;;
30/11/2021  10:22:50,528022;9,433818E-1;1,417090E-1;1,518522E-1;9,398819E-1;;
30/11/2021  10:22:50,528122;9,427440E-1;1,318330E-1;1,553275E-1;9,401185E-1;;
30/11/2021  10:22:50,528222;9,421629E-1;1,264171E-1;1,256299E-1;9,403531E-1;;
30/11/2021  10:22:50,528322;9,419632E-1;1,563636E-1;1,606983E-1;9,405847E-1;;
30/11/2021  10:22:50,528422;9,415430E-1;1,289658E-1;1,632258E-1;9,408124E-1;;
30/11/2021  10:22:50,528522;9,413761E-1;1,194084E-1;1,189953E-1;9,410351E-1;;
30/11/2021  10:22:50,528622;9,410214E-1;1,334259E-1;1,265777E-1;9,412520E-1;;
30/11/2021  10:22:50,528722;9,402644E-1;1,394789E-1;1,644895E-1;9,414620E-1;;
30/11/2021  10:22:50,528822;9,387624E-1;1,388417E-1;1,322644E-1;9,416643E-1;;
30/11/2021  10:22:50,528922;9,374331E-1;1,359745E-1;1,294210E-1;9,418578E-1;;
30/11/2021  10:22:50,529022;9,367328E-1;1,299215E-1;1,126766E-1;9,420412E-1;;
30/11/2021  10:22:50,529122;9,357344E-1;7,257710E-2;8,740209E-2;9,422132E-1;;
30/11/2021  10:22:50,529222;9,353916E-1;1,123996E-1;1,016190E-1;9,423726E-1;;
30/11/2021  10:22:50,529322;9,343664E-1;1,280100E-1;1,363715E-1;9,425181E-1;;
30/11/2021  10:22:50,529422;9,337823E-1;4,645354E-2;7,034176E-2;9,426485E-1;;
30/11/2021  10:22:50,529522;9,321431E-1;1,057094E-1;1,009872E-1;9,427625E-1;;
30/11/2021  10:22:50,529622;9,316275E-1;1,395838E-2;5,359736E-2;9,428591E-1;;
30/11/2021  10:22:50,529722;9,311149E-1;1,088952E-1;1,256299E-1;9,429370E-1;;
30/11/2021  10:22:50,529822;9,310791E-1;1,012493E-1;9,845971E-2;9,429952E-1;;
30/11/2021  10:22:50,529922;9,315143E-1;9,232906E-2;1,110970E-1;9,430328E-1;;
30/11/2021  10:22:50,530022;9,307007E-1;8,595746E-2;9,024547E-2;9,430493E-1;;
30/11/2021  10:22:50,530122;9,304831E-1;1,101695E-1;1,493248E-1;9,430442E-1;;
30/11/2021  10:22:50,530222;9,297708E-1;1,047537E-1;1,351078E-1;9,430172E-1;;
30/11/2021  10:22:50,530322;9,287664E-1;9,328480E-2;1,095173E-1;9,429681E-1;;
30/11/2021  10:22:50,530422;9,286532E-1;1,123996E-1;1,281573E-1;9,428966E-1;;
30/11/2021  10:22:50,530522;9,292522E-1;1,241871E-1;1,338441E-1;9,428027E-1;;
30/11/2021  10:22:50,530622;9,298781E-1;1,031608E-1;1,013031E-1;9,426864E-1;;
30/11/2021  10:22:50,530722;9,287247E-1;1,245056E-1;1,303688E-1;9,425482E-1;;
30/11/2021  10:22:50,530822;9,280363E-1;1,423461E-1;1,016190E-1;9,423886E-1;;
30/11/2021  10:22:50,530922;9,283790E-1;1,439390E-1;1,063580E-1;9,422079E-1;;
30/11/2021  10:22:50,531022;9,276488E-1;1,483991E-1;1,701763E-1;9,420068E-1;;
30/11/2021  10:22:50,531122;9,280065E-1;1,509478E-1;1,433221E-1;9,417859E-1;;
30/11/2021  10:22:50,531222;9,281465E-1;-1,343950E-2;7,065769E-2;9,415458E-1;;
30/11/2021  10:22:50,531322;9,280541E-1;5,409946E-2;1,044624E-1;9,412875E-1;;
30/11/2021  10:22:50,531422;9,278604E-1;1,219570E-1;1,227865E-1;9,410120E-1;;
30/11/2021  10:22:50,531522;9,278753E-1;1,491412E-2;6,718244E-2;9,407201E-1;;
30/11/2021  10:22:50,531622;9,278187E-1;1,321516E-1;1,335282E-1;9,404130E-1;;
30/11/2021  10:22:50,531722;9,280959E-1;1,225942E-1;1,310007E-1;9,400918E-1;;
30/11/2021  10:22:50,531822;9,287813E-1;1,248242E-1;1,325804E-1;9,397577E-1;;
30/11/2021  10:22:50,531922;9,291777E-1;1,356559E-1;1,325804E-1;9,394120E-1;;
30/11/2021  10:22:50,532022;9,296665E-1;1,311958E-1;1,351078E-1;9,390563E-1;;
30/11/2021  10:22:50,532122;9,301314E-1;1,413904E-1;1,268936E-1;9,386919E-1;;
30/11/2021  10:22:50,532222;9,303669E-1;1,181340E-1;1,341600E-1;9,383206E-1;;
30/11/2021  10:22:50,532322;9,308705E-1;1,098510E-1;1,193112E-1;9,379440E-1;;
30/11/2021  10:22:50,532422;9,317616E-1;1,296029E-1;1,243661E-1;9,375638E-1;;
30/11/2021  10:22:50,532522;9,328494E-1;1,254614E-1;1,237343E-1;9,371818E-1;;
30/11/2021  10:22:50,532622;9,332071E-1;1,197269E-1;1,354238E-1;9,367997E-1;;
30/11/2021  10:22:50,532722;9,339939E-1;1,630538E-1;1,420583E-1;9,364195E-1;;
30/11/2021  10:22:50,532822;9,342383E-1;1,343816E-1;1,423743E-1;9,360432E-1;;
30/11/2021  10:22:50,532922;9,338896E-1;1,417090E-1;1,575390E-1;9,356725E-1;;
30/11/2021  10:22:50,533022;9,349118E-1;1,942747E-1;2,036651E-1;9,353090E-1;;
30/11/2021  10:22:50,533122;9,354632E-1;1,318330E-1;1,335282E-1;9,349545E-1;;
30/11/2021  10:22:50,533222;9,357463E-1;1,305587E-1;1,332122E-1;9,346105E-1;;
30/11/2021  10:22:50,533322;9,369056E-1;1,283286E-1;1,170997E-1;9,342784E-1;;
30/11/2021  10:22:50,533422;9,370219E-1;1,321516E-1;1,417424E-1;9,339599E-1;;
30/11/2021  10:22:50,533522;9,365510E-1;1,270543E-1;1,180475E-1;9,336562E-1;;
30/11/2021  10:22:50,533622;9,365331E-1;1,337445E-1;1,249980E-1;9,333686E-1;;
30/11/2021  10:22:50,533722;9,368699E-1;1,165411E-1;1,114129E-1;9,330980E-1;;
30/11/2021  10:22:50,533822;9,370546E-1;1,181340E-1;1,224705E-1;9,328453E-1;;
30/11/2021  10:22:50,533922;9,382110E-1;9,424054E-2;9,277293E-2;9,326111E-1;;
30/11/2021  10:22:50,534022;9,381365E-1;1,270543E-1;1,231024E-1;9,323961E-1;;
30/11/2021  10:22:50,534122;9,381901E-1;1,184526E-1;9,877564E-2;9,322010E-1;;
30/11/2021  10:22:50,534222;9,374719E-1;1,318330E-1;1,404787E-1;9,320263E-1;;
30/11/2021  10:22:50,534322;9,385657E-1;4,263058E-2;1,060421E-1;9,318720E-1;;
30/11/2021  10:22:50,534422;9,380560E-1;1,506292E-1;1,704922E-1;9,317385E-1;;
30/11/2021  10:22:50,534522;9,389948E-1;1,216384E-1;1,287892E-1;9,316258E-1;;
30/11/2021  10:22:50,534622;9,393286E-1;1,324701E-1;1,363715E-1;9,315338E-1;;
30/11/2021  10:22:50,534722;9,398323E-1;1,321516E-1;1,502726E-1;9,314625E-1;;
30/11/2021  10:22:50,534822;9,396088E-1;1,426647E-1;1,379512E-1;9,314120E-1;;
30/11/2021  10:22:50,534922;9,397488E-1;1,235499E-1;1,215227E-1;9,313820E-1;;
30/11/2021  10:22:50,535022;9,397488E-1;1,219570E-1;1,341600E-1;9,313723E-1;;
30/11/2021  10:22:50,535122;9,394419E-1;1,423461E-1;1,401627E-1;9,313825E-1;;
30/11/2021  10:22:50,535222;9,397548E-1;1,213198E-1;1,265777E-1;9,314121E-1;;
30/11/2021  10:22:50,535322;9,397488E-1;1,353374E-1;1,322644E-1;9,314605E-1;;
30/11/2021  10:22:50,535422;9,393346E-1;1,318330E-1;1,231024E-1;9,315270E-1;;
30/11/2021  10:22:50,535522;9,387594E-1;1,299215E-1;1,193112E-1;9,316109E-1;;
30/11/2021  10:22:50,535622;9,384465E-1;9,870066E-2;1,003553E-1;9,317113E-1;;
30/11/2021  10:22:50,535722;9,378474E-1;7,767438E-2;9,814378E-2;9,318270E-1;;
30/11/2021  10:22:50,535822;9,379428E-1;1,401161E-1;1,319485E-1;9,319569E-1;;
30/11/2021  10:22:50,535922;9,383451E-1;1,461691E-1;1,685966E-1;9,320998E-1;;
30/11/2021  10:22:50,536022;9,373437E-1;1,445762E-1;1,701763E-1;9,322545E-1;;
30/11/2021  10:22:50,536122;9,372007E-1;1,490363E-1;2,254644E-1;9,324198E-1;;
30/11/2021  10:22:50,536222;9,370040E-1;1,311958E-1;1,272095E-1;9,325943E-1;;
30/11/2021  10:22:50,536322;9,364646E-1;1,311958E-1;1,268936E-1;9,327767E-1;;
30/11/2021  10:22:50,536422;9,362082E-1;1,318330E-1;1,148882E-1;9,329657E-1;;
30/11/2021  10:22:50,536522;9,366672E-1;1,321516E-1;1,370034E-1;9,331599E-1;;
30/11/2021  10:22:50,536622;9,377818E-1;1,238685E-1;1,199431E-1;9,333582E-1;;
30/11/2021  10:22:50,536722;9,381127E-1;1,296029E-1;1,556434E-1;9,335594E-1;;
30/11/2021  10:22:50,536822;9,382408E-1;1,241871E-1;1,114129E-1;9,337628E-1;;
30/11/2021  10:22:50,536922;9,378414E-1;1,149482E-1;1,079377E-1;9,339676E-1;;
30/11/2021  10:22:50,537022;9,383690E-1;1,283286E-1;1,193112E-1;9,341731E-1;;
30/11/2021  10:22:50,537122;9,389918E-1;1,375674E-1;1,212068E-1;9,343787E-1;;
30/11/2021  10:22:50,537222;9,393256E-1;1,305587E-1;1,155200E-1;9,345838E-1;;
30/11/2021  10:22:50,537322;9,403181E-1;1,557265E-1;1,736515E-1;9,347882E-1;;
30/11/2021  10:22:50,537422;9,410155E-1;1,254614E-1;1,360556E-1;9,349916E-1;;
30/11/2021  10:22:50,537522;9,405088E-1;1,213198E-1;1,385831E-1;9,351938E-1;;
30/11/2021  10:22:50,537622;9,406101E-1;1,273729E-1;1,354238E-1;9,353949E-1;;
30/11/2021  10:22:50,537722;9,404283E-1;1,146297E-1;1,227865E-1;9,355947E-1;;
30/11/2021  10:22:50,537822;9,406042E-1;1,041165E-1;1,114129E-1;9,357930E-1;;
30/11/2021  10:22:50,537922;9,412092E-1;1,053908E-1;1,196272E-1;9,359898E-1;;
30/11/2021  10:22:50,538022;9,423953E-1;6,907272E-2;8,392683E-2;9,361849E-1;;
30/11/2021  10:22:50,538122;9,417903E-1;1,117624E-1;1,174156E-1;9,363783E-1;;
30/11/2021  10:22:50,538222;9,417993E-1;9,328480E-2;1,085695E-1;9,365702E-1;;
30/11/2021  10:22:50,538322;9,416801E-1;1,015679E-1;1,126766E-1;9,367606E-1;;
30/11/2021  10:22:50,538422;9,419721E-1;1,047537E-1;1,126766E-1;9,369495E-1;;
30/11/2021  10:22:50,538522;9,431881E-1;1,136739E-1;1,512204E-1;9,371367E-1;;
30/11/2021  10:22:50,538622;9,440941E-1;9,487770E-2;1,098333E-1;9,373224E-1;;
30/11/2021  10:22:50,538722;9,448422E-1;5,887816E-2;7,192142E-2;9,375070E-1;;
30/11/2021  10:22:50,538822;9,448779E-1;1,337445E-1;1,490088E-1;9,376907E-1;;
30/11/2021  10:22:50,538922;9,450240E-1;1,165411E-1;1,224705E-1;9,378740E-1;;
30/11/2021  10:22:50,539022;9,456320E-1;1,468062E-1;1,594346E-1;9,380573E-1;;
30/11/2021  10:22:50,539122;9,465678E-1;1,327887E-1;1,259458E-1;9,382410E-1;;
30/11/2021  10:22:50,539222;9,474499E-1;1,595494E-1;1,417424E-1;9,384255E-1;;
30/11/2021  10:22:50,539322;9,484960E-1;1,668768E-1;1,518522E-1;9,386113E-1;;
30/11/2021  10:22:50,539422;9,491606E-1;1,675139E-1;1,641736E-1;9,387992E-1;;
30/11/2021  10:22:50,539522;9,487762E-1;1,598680E-1;1,436380E-1;9,389898E-1;;
30/11/2021  10:22:50,539622;9,487613E-1;1,455319E-1;1,404787E-1;9,391837E-1;;
30/11/2021  10:22:50,539722;9,492739E-1;1,299215E-1;1,259458E-1;9,393814E-1;;
30/11/2021  10:22:50,539822;9,492947E-1;1,308772E-1;1,313166E-1;9,395831E-1;;
30/11/2021  10:22:50,539922;9,497477E-1;1,241871E-1;1,275255E-1;9,397894E-1;;
30/11/2021  10:22:50,540022;9,501143E-1;1,063466E-1;9,593225E-2;9,400003E-1;;
30/11/2021  10:22:50,540122;9,497925E-1;9,870066E-2;7,255328E-2;9,402160E-1;;
30/11/2021  10:22:50,540222;9,494080E-1;1,299215E-1;1,417424E-1;9,404368E-1;;
30/11/2021  10:22:50,540322;9,489848E-1;1,267357E-1;1,281573E-1;9,406624E-1;;
30/11/2021  10:22:50,540422;9,481145E-1;1,480806E-1;1,540637E-1;9,408927E-1;;
30/11/2021  10:22:50,540522;9,484096E-1;1,433019E-1;1,521681E-1;9,411272E-1;;
30/11/2021  10:22:50,540622;9,480192E-1;1,143111E-1;1,436380E-1;9,413654E-1;;
30/11/2021  10:22:50,540722;9,477539E-1;1,273729E-1;1,237343E-1;9,416068E-1;;
30/11/2021  10:22:50,540822;9,471281E-1;1,331073E-1;1,518522E-1;9,418505E-1;;
30/11/2021  10:22:50,540922;9,458883E-1;1,095324E-1;1,231024E-1;9,420959E-1;;
30/11/2021  10:22:50,541022;9,457035E-1;1,311958E-1;1,306848E-1;9,423420E-1;;
30/11/2021  10:22:50,541122;9,450180E-1;1,280100E-1;1,303688E-1;9,425877E-1;;
30/11/2021  10:22:50,541222;9,451819E-1;1,251428E-1;1,357397E-1;9,428320E-1;;
30/11/2021  10:22:50,541322;9,448124E-1;1,178155E-1;1,003553E-1;9,430737E-1;;
30/11/2021  10:22:50,541422;9,441299E-1;1,359745E-1;1,278414E-1;9,433118E-1;;
30/11/2021  10:22:50,541522;9,443027E-1;1,041165E-1;9,688005E-2;9,435454E-1;;
30/11/2021  10:22:50,541622;9,435368E-1;1,311958E-1;1,246821E-1;9,437733E-1;;
30/11/2021  10:22:50,541722;9,431255E-1;1,302401E-1;1,370034E-1;9,439946E-1;;
30/11/2021  10:22:50,541822;9,420616E-1;1,337445E-1;1,483770E-1;9,442084E-1;;
30/11/2021  10:22:50,541922;9,424371E-1;8,978042E-2;9,435259E-2;9,444135E-1;;
30/11/2021  10:22:50,542022;9,427977E-1;1,162226E-1;1,183634E-1;9,446090E-1;;
30/11/2021  10:22:50,542122;9,419632E-1;1,264171E-1;1,366875E-1;9,447942E-1;;
30/11/2021  10:22:50,542222;9,409171E-1;1,761156E-1;2,159864E-1;9,449683E-1;;
30/11/2021  10:22:50,542322;9,398055E-1;1,611423E-1;1,768108E-1;9,451306E-1;;
30/11/2021  10:22:50,542422;9,392124E-1;1,353374E-1;1,316326E-1;9,452800E-1;;
30/11/2021  10:22:50,542522;9,381872E-1;1,171783E-1;1,275255E-1;9,454158E-1;;
30/11/2021  10:22:50,542622;9,385686E-1;1,343816E-1;1,325804E-1;9,455370E-1;;
30/11/2021  10:22:50,542722;9,381335E-1;1,063466E-1;1,050943E-1;9,456427E-1;;
30/11/2021  10:22:50,542822;9,377908E-1;1,165411E-1;1,104651E-1;9,457324E-1;;
30/11/2021  10:22:50,542922;9,374182E-1;1,260985E-1;1,300529E-1;9,458054E-1;;
30/11/2021  10:22:50,543022;9,364556E-1;1,589123E-1;1,509044E-1;9,458613E-1;;
30/11/2021  10:22:50,543122;9,363066E-1;-2,618270E-2;6,749837E-2;9,458995E-1;;
30/11/2021  10:22:50,543222;9,364675E-1;1,232313E-1;1,243661E-1;9,459198E-1;;
30/11/2021  10:22:50,543322;9,362738E-1;1,703812E-1;1,565912E-1;9,459218E-1;;
30/11/2021  10:22:50,543422;9,364795E-1;1,417090E-1;1,471132E-1;9,459055E-1;;
30/11/2021  10:22:50,543522;9,362142E-1;1,127182E-1;1,145722E-1;9,458709E-1;;
30/11/2021  10:22:50,543622;9,357731E-1;1,910889E-1;2,014535E-1;9,458183E-1;;
30/11/2021  10:22:50,543722;9,357016E-1;1,305587E-1;1,351078E-1;9,457478E-1;;
30/11/2021  10:22:50,543822;9,352218E-1;1,343816E-1;1,455336E-1;9,456597E-1;;
30/11/2021  10:22:50,543922;9,357135E-1;1,241871E-1;1,281573E-1;9,455544E-1;;
30/11/2021  10:22:50,544022;9,363453E-1;1,254614E-1;1,167838E-1;9,454323E-1;;
30/11/2021  10:22:50,544122;9,363126E-1;1,184526E-1;1,224705E-1;9,452942E-1;;
30/11/2021  10:22:50,544222;9,360950E-1;1,375674E-1;1,098333E-1;9,451408E-1;;
30/11/2021  10:22:50,544322;9,353469E-1;1,114439E-1;1,411105E-1;9,449730E-1;;
30/11/2021  10:22:50,544422;9,350847E-1;7,767438E-2;7,192142E-2;9,447914E-1;;
30/11/2021  10:22:50,544522;9,350161E-1;1,184526E-1;1,145722E-1;9,445969E-1;;
30/11/2021  10:22:50,544622;9,353440E-1;1,194084E-1;1,193112E-1;9,443902E-1;;
30/11/2021  10:22:50,544722;9,360592E-1;1,649653E-1;1,828136E-1;9,441721E-1;;
30/11/2021  10:22:50,544822;9,358059E-1;9,551486E-2;1,117289E-1;9,439436E-1;;
30/11/2021  10:22:50,544922;9,356479E-1;1,302401E-1;1,370034E-1;9,437056E-1;;
30/11/2021  10:22:50,545022;9,352218E-1;1,232313E-1;1,284732E-1;9,434592E-1;;
30/11/2021  10:22:50,545122;9,351473E-1;1,130368E-1;1,638576E-1;9,432053E-1;;
30/11/2021  10:22:50,545222;9,358208E-1;1,232313E-1;1,196272E-1;9,429448E-1;;
30/11/2021  10:22:50,545322;9,356062E-1;1,187712E-1;1,205749E-1;9,426785E-1;;
30/11/2021  10:22:50,545422;9,365689E-1;1,225942E-1;1,183634E-1;9,424077E-1;;
30/11/2021  10:22:50,545522;9,364347E-1;1,315144E-1;1,366875E-1;9,421332E-1;;
30/11/2021  10:22:50,545622;9,363304E-1;8,086018E-2;9,751191E-2;9,418561E-1;;
30/11/2021  10:22:50,545722;9,361367E-1;1,334259E-1;1,319485E-1;9,415776E-1;;
30/11/2021  10:22:50,545822;9,361933E-1;1,455319E-1;1,824976E-1;9,412986E-1;;
30/11/2021  10:22:50,545922;9,363006E-1;7,576290E-2;7,128955E-2;9,410199E-1;;
30/11/2021  10:22:50,546022;9,366165E-1;8,223938E-3;4,569906E-2;9,407426E-1;;
30/11/2021  10:22:50,546122;9,366165E-1;1,025236E-1;1,019350E-1;9,404674E-1;;
30/11/2021  10:22:50,546222;9,356539E-1;4,709070E-2;4,569906E-2;9,401951E-1;;
30/11/2021  10:22:50,546322;9,352039E-1;3,339176E-2;5,960007E-2;9,399265E-1;;
30/11/2021  10:22:50,546422;9,347747E-1;9,487770E-2;1,139404E-1;9,396621E-1;;
30/11/2021  10:22:50,546522;9,343634E-1;1,241871E-1;1,366875E-1;9,394021E-1;;
30/11/2021  10:22:50,546622;9,342621E-1;5,218798E-2;4,759465E-2;9,391469E-1;;
30/11/2021  10:22:50,546722;9,343873E-1;9,742634E-2;1,047783E-1;9,388967E-1;;
30/11/2021  10:22:50,546822;9,343277E-1;3,434750E-2;5,138584E-2;9,386516E-1;;
30/11/2021  10:22:50,546922;9,342412E-1;8,691320E-2;9,498445E-2;9,384117E-1;;
30/11/2021  10:22:50,547022;9,332548E-1;7,799296E-2;7,065769E-2;9,381773E-1;;
30/11/2021  10:22:50,547122;9,326975E-1;1,082581E-1;1,073058E-1;9,379484E-1;;
30/11/2021  10:22:50,547222;9,326229E-1;1,114439E-1;1,177316E-1;9,377248E-1;;
30/11/2021  10:22:50,547322;9,324680E-1;1,171783E-1;1,249980E-1;9,375063E-1;;
30/11/2021  10:22:50,547422;9,331207E-1;1,305587E-1;1,275255E-1;9,372930E-1;;
30/11/2021  10:22:50,547522;9,326736E-1;1,471248E-1;1,354238E-1;9,370845E-1;;
30/11/2021  10:22:50,547622;9,329985E-1;1,528593E-1;1,265777E-1;9,368810E-1;;
30/11/2021  10:22:50,547722;9,329895E-1;1,487177E-1;1,063580E-1;9,366823E-1;;
30/11/2021  10:22:50,547822;9,323398E-1;2,351578E-2;8,708615E-2;9,364885E-1;;
30/11/2021  10:22:50,547922;9,331832E-1;1,082581E-1;9,435259E-2;9,362995E-1;;
30/11/2021  10:22:50,548022;9,334723E-1;1,238685E-1;1,534319E-1;9,361153E-1;;
30/11/2021  10:22:50,548122;9,339760E-1;1,267357E-1;1,815498E-1;9,359361E-1;;
30/11/2021  10:22:50,548222;9,340267E-1;1,114439E-1;1,193112E-1;9,357621E-1;;
30/11/2021  10:22:50,548322;9,336064E-1;1,248242E-1;1,183634E-1;9,355934E-1;;
30/11/2021  10:22:50,548422;9,341578E-1;1,111253E-1;1,167838E-1;9,354303E-1;;
30/11/2021  10:22:50,548522;9,341250E-1;1,280100E-1;1,562753E-1;9,352730E-1;;
30/11/2021  10:22:50,548622;9,342472E-1;1,031608E-1;8,961361E-2;9,351217E-1;;
30/11/2021  10:22:50,548722;9,351443E-1;1,286472E-1;1,174156E-1;9,349765E-1;;
30/11/2021  10:22:50,548822;9,352367E-1;1,375674E-1;1,534319E-1;9,348377E-1;;
30/11/2021  10:22:50,548922;9,349506E-1;1,283286E-1;1,202590E-1;9,347057E-1;;
30/11/2021  10:22:50,549022;9,350251E-1;1,292843E-1;1,148882E-1;9,345806E-1;;
30/11/2021  10:22:50,549122;9,345959E-1;1,187712E-1;9,909157E-2;9,344627E-1;;
30/11/2021  10:22:50,549222;9,347658E-1;1,079395E-1;1,013031E-1;9,343521E-1;;
30/11/2021  10:22:50,549322;9,353320E-1;1,136739E-1;1,013031E-1;9,342488E-1;;
30/11/2021  10:22:50,549422;9,354036E-1;1,614609E-1;1,853410E-1;9,341530E-1;;
30/11/2021  10:22:50,549522;9,363960E-1;1,356559E-1;8,455870E-2;9,340646E-1;;
30/11/2021  10:22:50,549622;9,367417E-1;1,248242E-1;1,509044E-1;9,339839E-1;;
30/11/2021  10:22:50,549722;9,372603E-1;1,458505E-1;1,461654E-1;9,339112E-1;;
30/11/2021  10:22:50,549822;9,379040E-1;1,324701E-1;1,322644E-1;9,338468E-1;;
30/11/2021  10:22:50,549922;9,386431E-1;1,251428E-1;1,262617E-1;9,337911E-1;;
30/11/2021  10:22:50,550022;9,394061E-1;1,222756E-1;1,303688E-1;9,337445E-1;;
30/11/2021  10:22:50,550122;9,417754E-1;9,933782E-2;1,016190E-1;9,337075E-1;;
30/11/2021  10:22:50,550222;9,416860E-1;1,324701E-1;1,335282E-1;9,336809E-1;;
30/11/2021  10:22:50,550322;9,417725E-1;1,245056E-1;1,227865E-1;9,336654E-1;;
30/11/2021  10:22:50,550422;9,426576E-1;1,315144E-1;1,249980E-1;9,336617E-1;;
30/11/2021  10:22:50,550522;9,428811E-1;1,123996E-1;1,133085E-1;9,336705E-1;;
30/11/2021  10:22:50,550622;9,437037E-1;1,783457E-1;1,802861E-1;9,336924E-1;;
30/11/2021  10:22:50,550722;9,447379E-1;1,104881E-1;1,148882E-1;9,337279E-1;;
30/11/2021  10:22:50,550822;9,453756E-1;1,117624E-1;1,433221E-1;9,337775E-1;;
30/11/2021  10:22:50,550922;9,458436E-1;3,657756E-2;5,580889E-2;9,338420E-1;;
30/11/2021  10:22:50,551022;9,459061E-1;2,861306E-2;7,760819E-2;9,339217E-1;;
30/11/2021  10:22:50,551122;9,457720E-1;1,225942E-1;1,259458E-1;9,340170E-1;;
30/11/2021  10:22:50,551222;9,459121E-1;1,254614E-1;1,341600E-1;9,341283E-1;;
30/11/2021  10:22:50,551322;9,465797E-1;1,184526E-1;1,294210E-1;9,342554E-1;;
30/11/2021  10:22:50,551422;9,472801E-1;1,267357E-1;1,174156E-1;9,343985E-1;;
30/11/2021  10:22:50,551522;9,472979E-1;1,315144E-1;1,335282E-1;9,345576E-1;;
30/11/2021  10:22:50,551622;9,466423E-1;1,327887E-1;1,319485E-1;9,347324E-1;;
30/11/2021  10:22:50,551722;9,464486E-1;1,356559E-1;1,354238E-1;9,349227E-1;;
30/11/2021  10:22:50,551822;9,462966E-1;1,375674E-1;1,398468E-1;9,351281E-1;;
30/11/2021  10:22:50,551922;9,466393E-1;1,162226E-1;1,189953E-1;9,353478E-1;;
30/11/2021  10:22:50,552022;9,471579E-1;1,276914E-1;1,268936E-1;9,355812E-1;;
30/11/2021  10:22:50,552122;9,471638E-1;1,382046E-1;1,417424E-1;9,358276E-1;;
30/11/2021  10:22:50,552222;9,475542E-1;9,774492E-2;5,359736E-2;9,360863E-1;;
30/11/2021  10:22:50,552322;9,470536E-1;1,426647E-1;1,885003E-1;9,363566E-1;;
30/11/2021  10:22:50,552422;9,471847E-1;1,324701E-1;1,347919E-1;9,366376E-1;;
30/11/2021  10:22:50,552522;9,470238E-1;1,388417E-1;1,354238E-1;9,369286E-1;;
30/11/2021  10:22:50,552622;9,472026E-1;1,241871E-1;1,275255E-1;9,372285E-1;;
30/11/2021  10:22:50,552722;9,477480E-1;5,993878E-3;1,016190E-1;9,375365E-1;;
30/11/2021  10:22:50,552822;9,484722E-1;1,347002E-1;1,297370E-1;9,378517E-1;;
30/11/2021  10:22:50,552922;9,478940E-1;1,754784E-1;1,970305E-1;9,381732E-1;;
30/11/2021  10:22:50,553022;9,475691E-1;1,299215E-1;1,268936E-1;9,385004E-1;;
30/11/2021  10:22:50,553122;9,472830E-1;1,299215E-1;1,249980E-1;9,388323E-1;;
30/11/2021  10:22:50,553222;9,463562E-1;1,245056E-1;1,107811E-1;9,391679E-1;;
30/11/2021  10:22:50,553322;9,469492E-1;1,433019E-1;1,344760E-1;9,395061E-1;;
30/11/2021  10:22:50,553422;9,468569E-1;6,206396E-2;5,865227E-2;9,398459E-1;;
30/11/2021  10:22:50,553522;9,466125E-1;1,417090E-1;1,392149E-1;9,401862E-1;;
30/11/2021  10:22:50,553622;9,460879E-1;1,308772E-1;1,161519E-1;9,405259E-1;;
30/11/2021  10:22:50,553722;9,453280E-1;1,305587E-1;1,265777E-1;9,408641E-1;;
30/11/2021  10:22:50,553822;9,446991E-1;1,299215E-1;1,335282E-1;9,411995E-1;;
30/11/2021  10:22:50,553922;9,440852E-1;1,468062E-1;1,692285E-1;9,415309E-1;;
30/11/2021  10:22:50,554022;9,446127E-1;1,433019E-1;1,385831E-1;9,418570E-1;;
30/11/2021  10:22:50,554122;9,448511E-1;1,260985E-1;1,262617E-1;9,421768E-1;;
30/11/2021  10:22:50,554222;9,448720E-1;1,611423E-1;1,572231E-1;9,424892E-1;;
30/11/2021  10:22:50,554322;9,436828E-1;1,468062E-1;1,973464E-1;9,427933E-1;;
30/11/2021  10:22:50,554422;9,435577E-1;1,216384E-1;1,287892E-1;9,430881E-1;;
30/11/2021  10:22:50,554522;9,423328E-1;1,069837E-1;1,189953E-1;9,433729E-1;;
30/11/2021  10:22:50,554622;9,426248E-1;1,162226E-1;1,291051E-1;9,436466E-1;;
30/11/2021  10:22:50,554722;9,432149E-1;1,130368E-1;1,208909E-1;9,439082E-1;;
30/11/2021  10:22:50,554822;9,433043E-1;1,162226E-1;1,133085E-1;9,441571E-1;;
30/11/2021  10:22:50,554922;9,429735E-1;9,965640E-2;1,202590E-1;9,443927E-1;;
30/11/2021  10:22:50,555022;9,422016E-1;1,047537E-1;1,287892E-1;9,446146E-1;;
30/11/2021  10:22:50,555122;9,422434E-1;9,774492E-2;1,066739E-1;9,448222E-1;;
30/11/2021  10:22:50,555222;9,419870E-1;-1,598814E-2;9,214107E-2;9,450152E-1;;
30/11/2021  10:22:50,555322;9,424430E-1;-2,458980E-2;5,486109E-2;9,451932E-1;;
30/11/2021  10:22:50,555422;9,429825E-1;3,339176E-2;8,929768E-2;9,453561E-1;;
30/11/2021  10:22:50,555522;9,431315E-1;1,267357E-1;1,496407E-1;9,455037E-1;;
30/11/2021  10:22:50,555622;9,428484E-1;1,394789E-1;1,417424E-1;9,456362E-1;;
30/11/2021  10:22:50,555722;9,426844E-1;1,305587E-1;1,325804E-1;9,457538E-1;;
30/11/2021  10:22:50,555822;9,424252E-1;1,490363E-1;1,392149E-1;9,458568E-1;;
30/11/2021  10:22:50,555922;9,428036E-1;1,611423E-1;1,591187E-1;9,459453E-1;;
30/11/2021  10:22:50,556022;9,430749E-1;1,786642E-1;1,651214E-1;9,460196E-1;;
30/11/2021  10:22:50,556122;9,441865E-1;1,684697E-1;1,515363E-1;9,460801E-1;;
30/11/2021  10:22:50,556222;9,439749E-1;1,678325E-1;1,606983E-1;9,461276E-1;;
30/11/2021  10:22:50,556322;9,441686E-1;1,528593E-1;1,363715E-1;9,461626E-1;;
30/11/2021  10:22:50,556422;9,437186E-1;4,963934E-2;8,677022E-2;9,461859E-1;;
30/11/2021  10:22:50,556522;9,431166E-1;1,190898E-1;1,145722E-1;9,461981E-1;;
30/11/2021  10:22:50,556622;9,435636E-1;1,133553E-1;1,170997E-1;9,461999E-1;;
30/11/2021  10:22:50,556722;9,440166E-1;1,210013E-1;1,208909E-1;9,461918E-1;;
30/11/2021  10:22:50,556822;9,442759E-1;1,512664E-1;1,730197E-1;9,461746E-1;;
30/11/2021  10:22:50,556922;9,447677E-1;-7,067902E-3;6,149566E-2;9,461488E-1;;
30/11/2021  10:22:50,557022;9,440882E-1;1,248242E-1;1,404787E-1;9,461154E-1;;
30/11/2021  10:22:50,557122;9,432507E-1;1,315144E-1;1,351078E-1;9,460749E-1;;
30/11/2021  10:22:50,557222;9,431076E-1;1,289658E-1;1,439539E-1;9,460281E-1;;
30/11/2021  10:22:50,557322;9,435994E-1;1,299215E-1;1,344760E-1;9,459754E-1;;
30/11/2021  10:22:50,557422;9,435577E-1;1,241871E-1;1,253139E-1;9,459172E-1;;
30/11/2021  10:22:50,557522;9,438050E-1;1,283286E-1;1,287892E-1;9,458541E-1;;
30/11/2021  10:22:50,557622;9,432060E-1;1,334259E-1;1,613302E-1;9,457866E-1;;
30/11/2021  10:22:50,557722;9,428424E-1;1,267357E-1;1,041465E-1;9,457151E-1;;
30/11/2021  10:22:50,557822;9,426219E-1;1,152668E-1;9,593225E-2;9,456401E-1;;
30/11/2021  10:22:50,557922;9,422761E-1;1,499920E-1;1,306848E-1;9,455618E-1;;
30/11/2021  10:22:50,558022;9,426725E-1;1,276914E-1;1,120448E-1;9,454804E-1;;
30/11/2021  10:22:50,558122;9,431255E-1;6,142680E-2;9,624818E-2;9,453963E-1;;
30/11/2021  10:22:50,558222;9,431076E-1;8,213450E-2;8,929768E-2;9,453098E-1;;
30/11/2021  10:22:50,558322;9,428722E-1;4,740928E-2;6,212753E-2;9,452213E-1;;
30/11/2021  10:22:50,558422;9,428066E-1;1,687883E-1;1,723878E-1;9,451311E-1;;
30/11/2021  10:22:50,558522;9,426993E-1;1,359745E-1;1,534319E-1;9,450395E-1;;
30/11/2021  10:22:50,558622;9,428335E-1;1,308772E-1;1,388990E-1;9,449470E-1;;
30/11/2021  10:22:50,558722;9,436858E-1;1,165411E-1;1,259458E-1;9,448537E-1;;
30/11/2021  10:22:50,558822;9,437633E-1;1,254614E-1;1,287892E-1;9,447600E-1;;
30/11/2021  10:22:50,558922;9,443236E-1;1,245056E-1;1,306848E-1;9,446666E-1;;
30/11/2021  10:22:50,559022;9,441269E-1;1,321516E-1;1,262617E-1;9,445737E-1;;
30/11/2021  10:22:50,559122;9,443653E-1;1,299215E-1;1,221546E-1;9,444821E-1;;
30/11/2021  10:22:50,559222;9,442998E-1;1,264171E-1;1,253139E-1;9,443921E-1;;
30/11/2021  10:22:50,559322;9,438020E-1;1,324701E-1;1,325804E-1;9,443042E-1;;
30/11/2021  10:22:50,559422;9,446693E-1;1,302401E-1;1,338441E-1;9,442187E-1;;
30/11/2021  10:22:50,559522;9,445799E-1;9,774492E-2;1,000394E-1;9,441360E-1;;
30/11/2021  10:22:50,559622;9,446485E-1;1,280100E-1;1,215227E-1;9,440564E-1;;
30/11/2021  10:22:50,559722;9,448899E-1;1,073023E-1;1,025668E-1;9,439804E-1;;
30/11/2021  10:22:50,559822;9,441418E-1;2,170918E-3;6,402312E-2;9,439082E-1;;
30/11/2021  10:22:50,559922;9,437752E-1;1,366117E-1;1,644895E-1;9,438399E-1;;
30/11/2021  10:22:50,560022;9,437722E-1;1,378860E-1;1,493248E-1;9,437758E-1;;
30/11/2021  10:22:50,560122;9,442521E-1;8,818752E-2;9,308886E-2;9,437158E-1;;
30/11/2021  10:22:50,560222;9,438944E-1;1,037979E-1;1,215227E-1;9,436598E-1;;
30/11/2021  10:22:50,560322;9,440822E-1;1,286472E-1;1,534319E-1;9,436080E-1;;
30/11/2021  10:22:50,560422;9,436232E-1;1,232313E-1;1,253139E-1;9,435603E-1;;
30/11/2021  10:22:50,560522;9,428126E-1;1,286472E-1;1,205749E-1;9,435165E-1;;
30/11/2021  10:22:50,560622;9,430272E-1;1,993719E-1;1,828136E-1;9,434766E-1;;
30/11/2021  10:22:50,560722;9,434057E-1;1,598680E-1;1,490088E-1;9,434402E-1;;
30/11/2021  10:22:50,560822;9,441358E-1;1,292843E-1;1,136244E-1;9,434072E-1;;
30/11/2021  10:22:50,560922;9,448154E-1;1,732484E-1;2,096678E-1;9,433775E-1;;
30/11/2021  10:22:50,561022;9,444428E-1;1,159040E-1;1,022509E-1;9,433511E-1;;
30/11/2021  10:22:50,561122;9,446842E-1;7,544432E-2;8,550650E-2;9,433281E-1;;
30/11/2021  10:22:50,561222;9,448243E-1;1,057094E-1;8,108345E-2;9,433086E-1;;
30/11/2021  10:22:50,561322;9,452773E-1;9,678918E-2;7,792413E-2;9,432927E-1;;
30/11/2021  10:22:50,561422;9,461922E-1;1,095324E-1;8,803395E-2;9,432805E-1;;
30/11/2021  10:22:50,561522;9,471757E-1;1,563636E-1;1,581709E-1;9,432723E-1;;
30/11/2021  10:22:50,561622;9,480251E-1;1,257800E-1;1,278414E-1;9,432683E-1;;
30/11/2021  10:22:50,561722;9,478731E-1;1,251428E-1;1,420583E-1;9,432692E-1;;
30/11/2021  10:22:50,561822;9,475483E-1;1,388417E-1;1,546956E-1;9,432754E-1;;
30/11/2021  10:22:50,561922;9,471966E-1;1,238685E-1;1,227865E-1;9,432872E-1;;
30/11/2021  10:22:50,562022;9,479149E-1;1,251428E-1;1,253139E-1;9,433049E-1;;
30/11/2021  10:22:50,562122;9,485258E-1;1,286472E-1;1,275255E-1;9,433287E-1;;
30/11/2021  10:22:50,562222;9,489759E-1;1,347002E-1;1,291051E-1;9,433588E-1;;
30/11/2021  10:22:50,562322;9,490355E-1;1,417090E-1;1,360556E-1;9,433955E-1;;
30/11/2021  10:22:50,562422;9,485795E-1;1,455319E-1;1,363715E-1;9,434391E-1;;
30/11/2021  10:22:50,562522;9,477569E-1;1,216384E-1;1,126766E-1;9,434895E-1;;
30/11/2021  10:22:50,562622;9,475125E-1;9,583344E-2;8,550650E-2;9,435469E-1;;
30/11/2021  10:22:50,562722;9,481116E-1;7,193994E-2;8,803395E-2;9,436108E-1;;
30/11/2021  10:22:50,562822;9,484156E-1;8,532030E-2;1,167838E-1;9,436811E-1;;
30/11/2021  10:22:50,562922;9,487017E-1;9,933782E-2;7,792413E-2;9,437575E-1;;
30/11/2021  10:22:50,563022;9,493305E-1;1,095324E-1;1,272095E-1;9,438400E-1;;
30/11/2021  10:22:50,563122;9,484930E-1;1,162226E-1;1,205749E-1;9,439283E-1;;
30/11/2021  10:22:50,563222;9,482546E-1;1,092138E-1;1,183634E-1;9,440222E-1;;
30/11/2021  10:22:50,563322;9,484454E-1;1,025236E-1;1,063580E-1;9,441215E-1;;
30/11/2021  10:22:50,563422;9,491129E-1;9,997498E-2;1,142563E-1;9,442258E-1;;
30/11/2021  10:22:50,563522;9,498133E-1;9,997498E-2;1,076217E-1;9,443349E-1;;
30/11/2021  10:22:50,563622;9,503438E-1;9,328480E-2;1,180475E-1;9,444485E-1;;
30/11/2021  10:22:50,563722;9,504422E-1;9,519628E-2;1,104651E-1;9,445666E-1;;
30/11/2021  10:22:50,563822;9,504511E-1;9,901924E-2;1,054102E-1;9,446891E-1;;
30/11/2021  10:22:50,563922;9,494140E-1;1,108067E-1;1,110970E-1;9,448160E-1;;
30/11/2021  10:22:50,564022;9,501441E-1;1,037979E-1;1,164678E-1;9,449470E-1;;
30/11/2021  10:22:50,564122;9,506091E-1;1,264171E-1;1,316326E-1;9,450818E-1;;
30/11/2021  10:22:50,564222;9,515985E-1;1,353374E-1;1,502726E-1;9,452203E-1;;
30/11/2021  10:22:50,564322;9,514793E-1;1,710183E-1;1,774427E-1;9,453623E-1;;
30/11/2021  10:22:50,564422;9,514733E-1;1,847173E-1;2,008217E-1;9,455078E-1;;
30/11/2021  10:22:50,564522;9,512141E-1;1,573194E-1;1,521681E-1;9,456568E-1;;
30/11/2021  10:22:50,564622;9,507491E-1;1,560451E-1;1,518522E-1;9,458090E-1;;
30/11/2021  10:22:50,564722;9,506180E-1;1,362931E-1;1,325804E-1;9,459641E-1;;
30/11/2021  10:22:50,564822;9,513631E-1;1,197269E-1;1,392149E-1;9,461218E-1;;
30/11/2021  10:22:50,564922;9,509369E-1;1,130368E-1;1,047783E-1;9,462819E-1;;
30/11/2021  10:22:50,565022;9,508475E-1;1,066652E-1;1,584868E-1;9,464439E-1;;
30/11/2021  10:22:50,565122;9,496643E-1;1,292843E-1;1,265777E-1;9,466074E-1;;
30/11/2021  10:22:50,565222;9,496971E-1;1,136739E-1;1,085695E-1;9,467719E-1;;
30/11/2021  10:22:50,565322;9,490057E-1;1,264171E-1;1,177316E-1;9,469369E-1;;
30/11/2021  10:22:50,565422;9,491517E-1;1,280100E-1;1,354238E-1;9,471016E-1;;
30/11/2021  10:22:50,565522;9,432894E-1;1,194084E-1;1,246821E-1;9,472651E-1;;
30/11/2021  10:22:50,565622;9,436232E-1;1,165411E-1;1,249980E-1;9,474262E-1;;
30/11/2021  10:22:50,565722;9,442878E-1;8,149734E-2;7,918786E-2;9,475832E-1;;
30/11/2021  10:22:50,565822;9,449822E-1;1,034794E-1;8,961361E-2;9,477346E-1;;
30/11/2021  10:22:50,565922;9,452028E-1;1,095324E-1;1,300529E-1;9,478793E-1;;
30/11/2021  10:22:50,566022;9,454770E-1;1,076209E-1;1,199431E-1;9,480163E-1;;
30/11/2021  10:22:50,566122;9,455634E-1;1,120810E-1;1,167838E-1;9,481449E-1;;
30/11/2021  10:22:50,566222;9,458763E-1;9,742634E-2;1,142563E-1;9,482646E-1;;
30/11/2021  10:22:50,566322;9,465260E-1;1,092138E-1;1,442698E-1;9,483749E-1;;
30/11/2021  10:22:50,566422;9,470118E-1;1,066652E-1;1,114129E-1;9,484757E-1;;
30/11/2021  10:22:50,566522;9,465648E-1;9,806350E-2;1,499566E-1;9,485669E-1;;
30/11/2021  10:22:50,566622;9,466006E-1;1,184526E-1;1,303688E-1;9,486485E-1;;
30/11/2021  10:22:50,566722;9,464605E-1;1,232313E-1;1,341600E-1;9,487206E-1;;
30/11/2021  10:22:50,566822;9,463234E-1;1,385232E-1;1,376353E-1;9,487834E-1;;
30/11/2021  10:22:50,566922;9,464486E-1;3,179886E-2;5,422923E-2;9,488368E-1;;
30/11/2021  10:22:50,567022;9,467436E-1;1,601866E-1;1,272095E-1;9,488810E-1;;
30/11/2021  10:22:50,567122;9,470536E-1;1,840801E-1;1,673329E-1;9,489164E-1;;
30/11/2021  10:22:50,567222;9,464515E-1;1,420275E-1;7,981972E-2;9,489431E-1;;
30/11/2021  10:22:50,567322;9,462519E-1;2,108408E-1;2,087200E-1;9,489615E-1;;
30/11/2021  10:22:50,567422;9,455068E-1;1,308772E-1;1,385831E-1;9,489717E-1;;
30/11/2021  10:22:50,567522;9,459210E-1;1,394789E-1;1,543797E-1;9,489741E-1;;
30/11/2021  10:22:50,567622;9,458644E-1;1,222756E-1;1,167838E-1;9,489687E-1;;
30/11/2021  10:22:50,567722;9,460671E-1;1,041165E-1;1,196272E-1;9,489559E-1;;
30/11/2021  10:22:50,567822;9,467734E-1;1,216384E-1;1,098333E-1;9,489358E-1;;
30/11/2021  10:22:50,567922;9,468807E-1;1,280100E-1;1,606983E-1;9,489089E-1;;
30/11/2021  10:22:50,568022;9,469373E-1;1,127182E-1;1,101492E-1;9,488757E-1;;
30/11/2021  10:22:50,568122;9,465499E-1;1,178155E-1;1,208909E-1;9,488368E-1;;
30/11/2021  10:22:50,568222;9,465529E-1;1,181340E-1;1,205749E-1;9,487925E-1;;
30/11/2021  10:22:50,568322;9,476019E-1;1,178155E-1;1,249980E-1;9,487434E-1;;
30/11/2021  10:22:50,568422;9,479953E-1;1,117624E-1;1,082536E-1;9,486900E-1;;
30/11/2021  10:22:50,568522;9,486242E-1;1,203641E-1;1,180475E-1;9,486330E-1;;
30/11/2021  10:22:50,568622;9,488239E-1;1,343816E-1;1,388990E-1;9,485731E-1;;
30/11/2021  10:22:50,568722;9,483083E-1;1,369303E-1;1,351078E-1;9,485112E-1;;
30/11/2021  10:22:50,568822;9,480490E-1;9,264764E-2;1,834454E-1;9,484479E-1;;
30/11/2021  10:22:50,568922;9,486003E-1;8,723178E-2;1,073058E-1;9,483838E-1;;
30/11/2021  10:22:50,569022;9,488179E-1;7,958586E-2;1,129926E-1;9,483195E-1;;
30/11/2021  10:22:50,569122;9,494050E-1;1,267357E-1;1,392149E-1;9,482556E-1;;
30/11/2021  10:22:50,569222;9,491517E-1;1,098510E-1;1,155200E-1;9,481926E-1;;
30/11/2021  10:22:50,569322;9,493096E-1;1,573194E-1;1,648054E-1;9,481312E-1;;
30/11/2021  10:22:50,569422;9,486570E-1;1,350188E-1;1,373193E-1;9,480719E-1;;
30/11/2021  10:22:50,569522;9,476288E-1;1,283286E-1;1,373193E-1;9,480150E-1;;
30/11/2021  10:22:50,569622;9,479536E-1;1,210013E-1;1,303688E-1;9,479607E-1;;
30/11/2021  10:22:50,569722;9,483410E-1;1,289658E-1;1,287892E-1;9,479091E-1;;
30/11/2021  10:22:50,569822;9,479387E-1;1,245056E-1;1,313166E-1;9,478604E-1;;
30/11/2021  10:22:50,569922;9,479715E-1;1,194084E-1;1,095173E-1;9,478145E-1;;
30/11/2021  10:22:50,570022;9,472741E-1;-5,475002E-3;5,233363E-2;9,477715E-1;;
30/11/2021  10:22:50,570122;9,467794E-1;1,082581E-1;8,929768E-2;9,477313E-1;;
30/11/2021  10:22:50,570222;9,467019E-1;1,366117E-1;1,294210E-1;9,476938E-1;;
30/11/2021  10:22:50,570322;9,466989E-1;1,302401E-1;1,351078E-1;9,476587E-1;;
30/11/2021  10:22:50,570422;9,466512E-1;1,522221E-1;1,616461E-1;9,476257E-1;;
30/11/2021  10:22:50,570522;9,473277E-1;9,870066E-2;1,110970E-1;9,475946E-1;;
30/11/2021  10:22:50,570622;9,473248E-1;1,235499E-1;1,344760E-1;9,475653E-1;;
30/11/2021  10:22:50,570722;9,466840E-1;2,140266E-1;1,843932E-1;9,475378E-1;;
30/11/2021  10:22:50,570822;9,459926E-1;8,882468E-2;1,316326E-1;9,475117E-1;;
30/11/2021  10:22:50,570922;9,459687E-1;1,267357E-1;1,319485E-1;9,474870E-1;;
30/11/2021  10:22:50,571022;9,464664E-1;1,289658E-1;1,268936E-1;9,474633E-1;;
30/11/2021  10:22:50,571122;9,461028E-1;1,276914E-1;1,268936E-1;9,474403E-1;;
30/11/2021  10:22:50,571222;9,465499E-1;1,334259E-1;1,436380E-1;9,474180E-1;;
30/11/2021  10:22:50,571322;9,463323E-1;1,057094E-1;1,114129E-1;9,473960E-1;;
30/11/2021  10:22:50,571422;9,454263E-1;6,333828E-2;9,751191E-2;9,473743E-1;;
30/11/2021  10:22:50,571522;9,450836E-1;5,728526E-2;4,127601E-2;9,473527E-1;;
30/11/2021  10:22:50,571622;9,447736E-1;1,410718E-1;1,464814E-1;9,473308E-1;;
30/11/2021  10:22:50,571722;9,449018E-1;1,280100E-1;1,193112E-1;9,473082E-1;;
30/11/2021  10:22:50,571822;9,449852E-1;9,615202E-2;9,814378E-2;9,472847E-1;;
30/11/2021  10:22:50,571922;9,442998E-1;2,351578E-2;2,042450E-2;9,472600E-1;;
30/11/2021  10:22:50,572022;9,438766E-1;1,283286E-1;1,310007E-1;9,472337E-1;;
30/11/2021  10:22:50,572122;9,429229E-1;6,875414E-2;9,688005E-2;9,472055E-1;;
30/11/2021  10:22:50,572222;9,426427E-1;1,130368E-1;1,654373E-1;9,471749E-1;;
30/11/2021  10:22:50,572322;9,425086E-1;1,187712E-1;1,136244E-1;9,471415E-1;;
30/11/2021  10:22:50,572422;9,424222E-1;1,388417E-1;1,335282E-1;9,471048E-1;;
30/11/2021  10:22:50,572522;9,425920E-1;1,190898E-1;1,142563E-1;9,470643E-1;;
30/11/2021  10:22:50,572622;9,423536E-1;1,162226E-1;1,629098E-1;9,470197E-1;;
30/11/2021  10:22:50,572722;9,411913E-1;1,299215E-1;1,120448E-1;9,469708E-1;;
30/11/2021  10:22:50,572822;9,411675E-1;1,289658E-1;1,221546E-1;9,469172E-1;;
30/11/2021  10:22:50,572922;9,412032E-1;1,286472E-1;1,259458E-1;9,468585E-1;;
30/11/2021  10:22:50,573022;9,418589E-1;1,302401E-1;1,294210E-1;9,467945E-1;;
30/11/2021  10:22:50,573122;9,420139E-1;1,289658E-1;1,278414E-1;9,467250E-1;;
30/11/2021  10:22:50,573222;9,421241E-1;1,407532E-1;1,370034E-1;9,466501E-1;;
30/11/2021  10:22:50,573322;9,423626E-1;1,206827E-1;1,098333E-1;9,465698E-1;;
30/11/2021  10:22:50,573422;9,418112E-1;1,139925E-1;9,308886E-2;9,464845E-1;;
30/11/2021  10:22:50,573522;9,417218E-1;2,447152E-2;7,760819E-2;9,463942E-1;;
30/11/2021  10:22:50,573622;9,414059E-1;-1,598814E-2;6,117973E-2;9,462991E-1;;
30/11/2021  10:22:50,573722;9,420884E-1;1,136739E-1;1,357397E-1;9,461995E-1;;
30/11/2021  10:22:50,573822;9,421748E-1;1,531778E-1;1,600664E-1;9,460955E-1;;
30/11/2021  10:22:50,573922;9,420914E-1;8,818752E-2;1,256299E-1;9,459874E-1;;
30/11/2021  10:22:50,574022;9,420437E-1;1,178155E-1;1,212068E-1;9,458758E-1;;
30/11/2021  10:22:50,574122;9,415668E-1;9,933782E-2;1,126766E-1;9,457608E-1;;
30/11/2021  10:22:50,574222;9,416890E-1;1,092138E-1;1,237343E-1;9,456428E-1;;
30/11/2021  10:22:50,574322;9,415162E-1;9,678918E-2;1,177316E-1;9,455221E-1;;
30/11/2021  10:22:50,574422;9,419990E-1;9,583344E-2;1,022509E-1;9,453990E-1;;
30/11/2021  10:22:50,574522;9,415698E-1;1,031608E-1;1,278414E-1;9,452738E-1;;
30/11/2021  10:22:50,574622;9,418976E-1;1,047537E-1;1,085695E-1;9,451468E-1;;
30/11/2021  10:22:50,574722;9,415549E-1;9,774492E-2;9,972343E-2;9,450185E-1;;
30/11/2021  10:22:50,574822;9,408128E-1;9,328480E-2;9,340479E-2;9,448891E-1;;
30/11/2021  10:22:50,574922;9,402287E-1;9,073616E-2;9,340479E-2;9,447587E-1;;
30/11/2021  10:22:50,575022;9,408188E-1;1,194084E-1;1,199431E-1;9,446276E-1;;
30/11/2021  10:22:50,575122;9,409827E-1;1,429833E-1;1,894481E-1;9,444958E-1;;
30/11/2021  10:22:50,575222;9,406191E-1;1,194084E-1;1,161519E-1;9,443636E-1;;
30/11/2021  10:22:50,575322;9,406042E-1;1,407532E-1;1,411105E-1;9,442310E-1;;
30/11/2021  10:22:50,575422;9,392988E-1;1,678325E-1;1,515363E-1;9,440982E-1;;
30/11/2021  10:22:50,575522;9,391170E-1;1,764342E-1;1,572231E-1;9,439653E-1;;
30/11/2021  10:22:50,575622;9,384733E-1;1,417090E-1;1,442698E-1;9,438321E-1;;
30/11/2021  10:22:50,575722;9,388667E-1;1,401161E-1;1,366875E-1;9,436985E-1;;
30/11/2021  10:22:50,575822;9,391409E-1;8,372740E-2;8,076751E-2;9,435644E-1;;
30/11/2021  10:22:50,575922;9,386700E-1;1,146297E-1;1,164678E-1;9,434297E-1;;
30/11/2021  10:22:50,576022;9,387564E-1;1,171783E-1;1,180475E-1;9,432944E-1;;
30/11/2021  10:22:50,576122;9,386849E-1;1,260985E-1;1,076217E-1;9,431586E-1;;
30/11/2021  10:22:50,576222;9,373855E-1;1,296029E-1;1,104651E-1;9,430221E-1;;
30/11/2021  10:22:50,576322;9,378355E-1;1,433019E-1;1,464814E-1;9,428850E-1;;
30/11/2021  10:22:50,576422;9,378206E-1;1,127182E-1;1,069899E-1;9,427470E-1;;
30/11/2021  10:22:50,576522;9,377878E-1;1,168597E-1;1,360556E-1;9,426082E-1;;
30/11/2021  10:22:50,576622;9,382527E-1;2,287862E-2;4,411940E-2;9,424686E-1;;
30/11/2021  10:22:50,576722;9,380799E-1;9,933782E-2;9,498445E-2;9,423282E-1;;
30/11/2021  10:22:50,576822;9,374093E-1;1,174969E-1;1,316326E-1;9,421871E-1;;
30/11/2021  10:22:50,576922;9,369414E-1;1,225942E-1;1,215227E-1;9,420455E-1;;
30/11/2021  10:22:50,577022;9,367775E-1;1,219570E-1;1,215227E-1;9,419032E-1;;
30/11/2021  10:22:50,577122;9,375196E-1;1,149482E-1;1,186794E-1;9,417604E-1;;
30/11/2021  10:22:50,577222;9,374063E-1;1,289658E-1;1,306848E-1;9,416169E-1;;
30/11/2021  10:22:50,577322;9,375345E-1;1,292843E-1;1,240502E-1;9,414729E-1;;
30/11/2021  10:22:50,577422;9,366970E-1;1,232313E-1;1,202590E-1;9,413287E-1;;
30/11/2021  10:22:50,577522;9,362380E-1;1,273729E-1;1,256299E-1;9,411842E-1;;
30/11/2021  10:22:50,577622;9,364646E-1;1,334259E-1;1,278414E-1;9,410396E-1;;
30/11/2021  10:22:50,577722;9,369384E-1;1,308772E-1;1,246821E-1;9,408947E-1;;
30/11/2021  10:22:50,577822;9,372961E-1;6,875414E-2;8,708615E-2;9,407497E-1;;
30/11/2021  10:22:50,577922;9,374868E-1;9,487770E-2;1,411105E-1;9,406049E-1;;
30/11/2021  10:22:50,578022;9,373348E-1;1,174969E-1;1,325804E-1;9,404605E-1;;
30/11/2021  10:22:50,578122;9,374928E-1;1,270543E-1;1,262617E-1;9,403168E-1;;
30/11/2021  10:22:50,578222;9,367775E-1;1,187712E-1;1,212068E-1;9,401740E-1;;
30/11/2021  10:22:50,578322;9,373020E-1;1,225942E-1;1,212068E-1;9,400325E-1;;
30/11/2021  10:22:50,578422;9,378862E-1;1,299215E-1;1,490088E-1;9,398924E-1;;
30/11/2021  10:22:50,578522;9,377848E-1;1,302401E-1;1,224705E-1;9,397540E-1;;
30/11/2021  10:22:50,578622;9,383988E-1;1,506292E-1;1,897641E-1;9,396178E-1;;
30/11/2021  10:22:50,578722;9,392422E-1;1,241871E-1;1,227865E-1;9,394840E-1;;
30/11/2021  10:22:50,578822;9,380858E-1;1,187712E-1;1,231024E-1;9,393532E-1;;
30/11/2021  10:22:50,578922;9,380709E-1;1,257800E-1;1,249980E-1;9,392259E-1;;
30/11/2021  10:22:50,579022;9,391945E-1;1,331073E-1;1,338441E-1;9,391022E-1;;
30/11/2021  10:22:50,579122;9,391260E-1;1,041165E-1;8,266311E-2;9,389827E-1;;
30/11/2021  10:22:50,579222;9,397161E-1;1,353374E-1;1,351078E-1;9,388676E-1;;
30/11/2021  10:22:50,579322;9,400797E-1;1,429833E-1;1,262617E-1;9,387575E-1;;
30/11/2021  10:22:50,579422;9,396922E-1;1,308772E-1;1,335282E-1;9,386528E-1;;
30/11/2021  10:22:50,579522;9,394538E-1;1,210013E-1;1,335282E-1;9,385539E-1;;
30/11/2021  10:22:50,579622;9,398591E-1;1,538150E-1;1,474292E-1;9,384611E-1;;
30/11/2021  10:22:50,579722;9,400797E-1;7,703722E-2;7,729226E-2;9,383747E-1;;
30/11/2021  10:22:50,579822;9,401869E-1;1,260985E-1;1,297370E-1;9,382948E-1;;
30/11/2021  10:22:50,579922;9,407383E-1;9,965640E-2;1,259458E-1;9,382218E-1;;
30/11/2021  10:22:50,580022;9,409886E-1;1,560451E-1;1,859729E-1;9,381559E-1;;
30/11/2021  10:22:50,580122;9,406459E-1;1,413904E-1;1,411105E-1;9,380973E-1;;
30/11/2021  10:22:50,580222;9,393644E-1;1,362931E-1;1,335282E-1;9,380462E-1;;
30/11/2021  10:22:50,580322;9,397608E-1;1,353374E-1;1,338441E-1;9,380025E-1;;
30/11/2021  10:22:50,580422;9,404403E-1;1,216384E-1;1,174156E-1;9,379662E-1;;
30/11/2021  10:22:50,580522;9,403628E-1;7,289568E-2;9,056141E-2;9,379371E-1;;
30/11/2021  10:22:50,580622;9,397071E-1;1,241871E-1;1,322644E-1;9,379151E-1;;
30/11/2021  10:22:50,580722;9,397071E-1;1,289658E-1;1,379512E-1;9,378999E-1;;
30/11/2021  10:22:50,580822;9,392452E-1;1,267357E-1;1,186794E-1;9,378915E-1;;
30/11/2021  10:22:50,580922;9,389591E-1;5,123224E-2;1,208909E-1;9,378893E-1;;
30/11/2021  10:22:50,581022;9,383392E-1;1,264171E-1;1,297370E-1;9,378929E-1;;
30/11/2021  10:22:50,581122;9,391200E-1;1,503106E-1;1,704922E-1;9,379019E-1;;
30/11/2021  10:22:50,581222;9,386014E-1;1,385232E-1;1,474292E-1;9,379156E-1;;
30/11/2021  10:22:50,581322;9,389471E-1;-5,475002E-3;9,530039E-2;9,379338E-1;;
30/11/2021  10:22:50,581422;9,386223E-1;1,324701E-1;1,341600E-1;9,379558E-1;;
30/11/2021  10:22:50,581522;9,379547E-1;1,372488E-1;1,370034E-1;9,379814E-1;;
30/11/2021  10:22:50,581622;9,380829E-1;1,401161E-1;1,436380E-1;9,380098E-1;;
30/11/2021  10:22:50,581722;9,372335E-1;1,315144E-1;1,310007E-1;9,380407E-1;;
30/11/2021  10:22:50,581822;9,382587E-1;1,429833E-1;1,284732E-1;9,380733E-1;;
30/11/2021  10:22:50,581922;9,377580E-1;1,302401E-1;1,294210E-1;9,381073E-1;;
30/11/2021  10:22:50,582022;9,385835E-1;1,337445E-1;1,237343E-1;9,381421E-1;;
30/11/2021  10:22:50,582122;9,376775E-1;1,241871E-1;1,363715E-1;9,381774E-1;;
30/11/2021  10:22:50,582222;9,369503E-1;5,855958E-2;9,530039E-2;9,382129E-1;;
30/11/2021  10:22:50,582322;9,368043E-1;1,076209E-1;1,000394E-1;9,382480E-1;;
30/11/2021  10:22:50,582422;9,368997E-1;1,012493E-1;1,085695E-1;9,382823E-1;;
30/11/2021  10:22:50,582522;9,370606E-1;1,139925E-1;1,483770E-1;9,383153E-1;;
30/11/2021  10:22:50,582622;9,367417E-1;7,990444E-2;9,182514E-2;9,383465E-1;;
30/11/2021  10:22:50,582722;9,365391E-1;9,487770E-2;1,249980E-1;9,383757E-1;;
30/11/2021  10:22:50,582822;9,362917E-1;1,041165E-1;1,199431E-1;9,384024E-1;;
30/11/2021  10:22:50,582922;9,354721E-1;1,139925E-1;1,129926E-1;9,384262E-1;;
30/11/2021  10:22:50,583022;9,353469E-1;1,047537E-1;1,199431E-1;9,384467E-1;;
30/11/2021  10:22:50,583122;9,349059E-1;1,085766E-1;1,186794E-1;9,384636E-1;;
30/11/2021  10:22:50,583222;9,350429E-1;9,105474E-2;1,041465E-1;9,384762E-1;;
30/11/2021  10:22:50,583322;9,349357E-1;1,073023E-1;1,332122E-1;9,384842E-1;;
30/11/2021  10:22:50,583422;9,351592E-1;1,079395E-1;9,877564E-2;9,384873E-1;;
30/11/2021  10:22:50,583522;9,347628E-1;8,595746E-2;7,350108E-2;9,384852E-1;;
30/11/2021  10:22:50,583622;9,343605E-1;1,936375E-1;1,941871E-1;9,384778E-1;;
30/11/2021  10:22:50,583722;9,347896E-1;5,282514E-2;8,834988E-2;9,384647E-1;;
30/11/2021  10:22:50,583822;9,353291E-1;7,799296E-2;1,142563E-1;9,384460E-1;;
30/11/2021  10:22:50,583922;9,356241E-1;1,203641E-1;1,142563E-1;9,384215E-1;;
30/11/2021  10:22:50,584022;9,354453E-1;6,949618E-3;5,738855E-2;9,383915E-1;;
30/11/2021  10:22:50,584122;9,362231E-1;1,499920E-1;1,502726E-1;9,383562E-1;;
30/11/2021  10:22:50,584222;9,356211E-1;1,930003E-1;1,632258E-1;9,383158E-1;;
30/11/2021  10:22:50,584322;9,351532E-1;1,238685E-1;1,278414E-1;9,382707E-1;;
30/11/2021  10:22:50,584422;9,356658E-1;1,152668E-1;8,297904E-2;9,382211E-1;;
30/11/2021  10:22:50,584522;9,361337E-1;1,229127E-1;1,256299E-1;9,381673E-1;;
30/11/2021  10:22:50,584622;9,359519E-1;9,169190E-2;1,022509E-1;9,381096E-1;;
30/11/2021  10:22:50,584722;9,359728E-1;1,127182E-1;1,193112E-1;9,380483E-1;;
30/11/2021  10:22:50,584822;9,368311E-1;1,168597E-1;1,129926E-1;9,379840E-1;;
30/11/2021  10:22:50,584922;9,359400E-1;1,168597E-1;1,231024E-1;9,379170E-1;;
30/11/2021  10:22:50,585022;9,350757E-1;1,235499E-1;1,278414E-1;9,378478E-1;;
30/11/2021  10:22:50,585122;9,352247E-1;1,324701E-1;1,423743E-1;9,377766E-1;;
30/11/2021  10:22:50,585222;9,359847E-1;1,146297E-1;1,167838E-1;9,377035E-1;;
30/11/2021  10:22:50,585322;9,360115E-1;1,439390E-1;1,363715E-1;9,376289E-1;;
30/11/2021  10:22:50,585422;9,348790E-1;1,123996E-1;1,139404E-1;9,375530E-1;;
30/11/2021  10:22:50,585522;9,346078E-1;4,804644E-2;7,887192E-2;9,374761E-1;;
30/11/2021  10:22:50,585622;9,337018E-1;1,334259E-1;1,467973E-1;9,373982E-1;;
30/11/2021  10:22:50,585722;9,336631E-1;1,362931E-1;1,562753E-1;9,373192E-1;;
30/11/2021  10:22:50,585822;9,342532E-1;1,273729E-1;1,556434E-1;9,372390E-1;;
30/11/2021  10:22:50,585922;9,337525E-1;1,296029E-1;1,325804E-1;9,371576E-1;;
30/11/2021  10:22:50,586022;9,337823E-1;1,350188E-1;1,546956E-1;9,370750E-1;;
30/11/2021  10:22:50,586122;9,338180E-1;1,350188E-1;1,126766E-1;9,369911E-1;;
30/11/2021  10:22:50,586222;9,331922E-1;1,178155E-1;1,177316E-1;9,369060E-1;;
30/11/2021  10:22:50,586322;9,333114E-1;1,652839E-1;1,518522E-1;9,368196E-1;;
30/11/2021  10:22:50,586422;9,330432E-1;-4,593466E-2;6,275939E-2;9,367319E-1;;
30/11/2021  10:22:50,586522;9,335468E-1;1,216384E-1;1,167838E-1;9,366429E-1;;
30/11/2021  10:22:50,586622;9,344171E-1;1,407532E-1;1,597505E-1;9,365526E-1;;
30/11/2021  10:22:50,586722;9,347121E-1;1,305587E-1;1,193112E-1;9,364613E-1;;
30/11/2021  10:22:50,586822;9,347777E-1;1,324701E-1;1,186794E-1;9,363692E-1;;
30/11/2021  10:22:50,586922;9,339700E-1;1,283286E-1;9,972343E-2;9,362767E-1;;
30/11/2021  10:22:50,587022;9,339730E-1;8,532030E-2;7,476481E-2;9,361841E-1;;
30/11/2021  10:22:50,587122;9,346376E-1;1,200455E-1;1,066739E-1;9,360916E-1;;
30/11/2021  10:22:50,587222;9,349178E-1;1,531778E-1;1,916596E-1;9,359994E-1;;
30/11/2021  10:22:50,587322;9,348313E-1;4,326774E-2;9,087734E-2;9,359080E-1;;
30/11/2021  10:22:50,587422;9,352307E-1;1,238685E-1;1,445858E-1;9,358175E-1;;
30/11/2021  10:22:50,587522;9,352695E-1;1,554079E-1;1,572231E-1;9,357285E-1;;
30/11/2021  10:22:50,587622;9,351115E-1;1,350188E-1;1,335282E-1;9,356412E-1;;
30/11/2021  10:22:50,587722;9,349982E-1;1,206827E-1;1,234183E-1;9,355560E-1;;
30/11/2021  10:22:50,587822;9,353946E-1;1,315144E-1;1,332122E-1;9,354731E-1;;
30/11/2021  10:22:50,587922;9,368013E-1;8,946184E-2;9,056141E-2;9,353929E-1;;
30/11/2021  10:22:50,588022;9,371143E-1;1,302401E-1;1,237343E-1;9,353157E-1;;
30/11/2021  10:22:50,588122;9,368937E-1;1,229127E-1;1,208909E-1;9,352422E-1;;
30/11/2021  10:22:50,588222;9,372364E-1;1,315144E-1;1,243661E-1;9,351729E-1;;
30/11/2021  10:22:50,588322;9,371500E-1;1,216384E-1;1,117289E-1;9,351081E-1;;
30/11/2021  10:22:50,588422;9,377193E-1;9,424054E-2;1,591187E-1;9,350484E-1;;
30/11/2021  10:22:50,588522;9,383541E-1;1,069837E-1;1,028828E-1;9,349941E-1;;
30/11/2021  10:22:50,588622;9,390544E-1;1,088952E-1;9,782784E-2;9,349457E-1;;
30/11/2021  10:22:50,588722;9,397518E-1;7,894870E-2;9,972343E-2;9,349038E-1;;
30/11/2021  10:22:50,588822;9,400200E-1;1,187712E-1;1,243661E-1;9,348689E-1;;
30/11/2021  10:22:50,588922;9,399008E-1;1,219570E-1;1,316326E-1;9,348416E-1;;
30/11/2021  10:22:50,589022;9,399455E-1;1,356559E-1;1,395309E-1;9,348224E-1;;
30/11/2021  10:22:50,589122;9,410781E-1;1,347002E-1;1,351078E-1;9,348117E-1;;
30/11/2021  10:22:50,589222;9,419364E-1;1,155854E-1;1,161519E-1;9,348099E-1;;
30/11/2021  10:22:50,589322;9,427023E-1;1,308772E-1;1,357397E-1;9,348176E-1;;
30/11/2021  10:22:50,589422;9,431106E-1;1,289658E-1;1,294210E-1;9,348352E-1;;
30/11/2021  10:22:50,589522;9,434861E-1;1,340630E-1;1,291051E-1;9,348634E-1;;
30/11/2021  10:22:50,589622;9,427709E-1;1,318330E-1;1,272095E-1;9,349027E-1;;
30/11/2021  10:22:50,589722;9,428484E-1;1,311958E-1;1,268936E-1;9,349533E-1;;
30/11/2021  10:22:50,589822;9,434891E-1;1,225942E-1;1,268936E-1;9,350154E-1;;
30/11/2021  10:22:50,589922;9,438617E-1;1,280100E-1;1,430061E-1;9,350892E-1;;
30/11/2021  10:22:50,590022;9,446991E-1;1,652839E-1;9,277293E-2;9,351747E-1;;
30/11/2021  10:22:50,590122;9,453041E-1;1,761156E-1;1,749153E-1;9,352720E-1;;
30/11/2021  10:22:50,590222;9,450150E-1;1,267357E-1;1,357397E-1;9,353812E-1;;
30/11/2021  10:22:50,590322;9,447647E-1;1,362931E-1;1,354238E-1;9,355025E-1;;
30/11/2021  10:22:50,590422;9,450180E-1;1,369303E-1;1,344760E-1;9,356357E-1;;
30/11/2021  10:22:50,590522;9,453220E-1;1,809992E-2;9,435259E-2;9,357806E-1;;
30/11/2021  10:22:50,590622;9,459479E-1;1,210013E-1;1,189953E-1;9,359369E-1;;
30/11/2021  10:22:50,590722;9,461893E-1;1,210013E-1;1,461654E-1;9,361045E-1;;
30/11/2021  10:22:50,590822;9,464396E-1;1,088952E-1;1,234183E-1;9,362831E-1;;
30/11/2021  10:22:50,590922;9,457959E-1;1,044351E-1;1,117289E-1;9,364724E-1;;
30/11/2021  10:22:50,591022;9,453458E-1;1,057094E-1;1,060421E-1;9,366719E-1;;
30/11/2021  10:22:50,591122;9,451193E-1;1,015679E-1;1,234183E-1;9,368812E-1;;
30/11/2021  10:22:50,591222;9,457959E-1;2,542726E-2;6,655058E-2;9,370994E-1;;
30/11/2021  10:22:50,591322;9,460492E-1;1,203641E-1;1,297370E-1;9,373260E-1;;
30/11/2021  10:22:50,591422;9,454591E-1;6,493118E-2;1,410586E-2;9,375602E-1;;
30/11/2021  10:22:50,591522;9,459270E-1;1,872659E-1;2,320989E-1;9,378013E-1;;
30/11/2021  10:22:50,591622;9,453309E-1;1,063466E-1;1,253139E-1;9,380487E-1;;
30/11/2021  10:22:50,591722;9,451998E-1;1,117624E-1;1,272095E-1;9,383015E-1;;
30/11/2021  10:22:50,591822;9,454978E-1;1,181340E-1;1,300529E-1;9,385588E-1;;
30/11/2021  10:22:50,591922;9,458287E-1;1,264171E-1;1,291051E-1;9,388199E-1;;
30/11/2021  10:22:50,592022;9,461386E-1;2,401502E-1;1,960827E-1;9,390840E-1;;
30/11/2021  10:22:50,592122;9,458167E-1;2,098851E-1;2,352583E-1;9,393504E-1;;
30/11/2021  10:22:50,592222;9,458853E-1;1,713369E-1;1,897641E-1;9,396185E-1;;
30/11/2021  10:22:50,592322;9,457184E-1;1,713369E-1;1,436380E-1;9,398875E-1;;
30/11/2021  10:22:50,592422;9,457839E-1;1,547707E-1;1,458495E-1;9,401567E-1;;
30/11/2021  10:22:50,592522;9,464396E-1;1,433019E-1;1,414265E-1;9,404255E-1;;
30/11/2021  10:22:50,592622;9,462429E-1;4,103768E-2;8,424277E-2;9,406932E-1;;
30/11/2021  10:22:50,592722;9,465231E-1;1,248242E-1;1,249980E-1;9,409595E-1;;
30/11/2021  10:22:50,592822;9,471966E-1;1,264171E-1;1,328963E-1;9,412237E-1;;
30/11/2021  10:22:50,592922;9,469582E-1;1,159040E-1;1,139404E-1;9,414855E-1;;
30/11/2021  10:22:50,593022;9,464277E-1;1,315144E-1;1,335282E-1;9,417445E-1;;
30/11/2021  10:22:50,593122;9,461565E-1;1,296029E-1;1,430061E-1;9,420003E-1;;
30/11/2021  10:22:50,593222;9,469940E-1;4,581638E-2;1,013031E-1;9,422525E-1;;
30/11/2021  10:22:50,593322;9,474589E-1;1,509478E-1;1,553275E-1;9,425007E-1;;
30/11/2021  10:22:50,593422;9,474201E-1;1,143111E-1;1,003553E-1;9,427446E-1;;
30/11/2021  10:22:50,593522;9,470506E-1;1,557265E-1;1,584868E-1;9,429840E-1;;
30/11/2021  10:22:50,593622;9,464128E-1;1,375674E-1;1,379512E-1;9,432187E-1;;
30/11/2021  10:22:50,593722;9,458048E-1;1,407532E-1;1,562753E-1;9,434483E-1;;
30/11/2021  10:22:50,593822;9,460015E-1;1,251428E-1;1,335282E-1;9,436725E-1;;
30/11/2021  10:22:50,593922;9,458108E-1;1,308772E-1;1,218387E-1;9,438906E-1;;
30/11/2021  10:22:50,594022;9,459151E-1;1,296029E-1;1,335282E-1;9,441024E-1;;
30/11/2021  10:22:50,594122;9,455306E-1;1,260985E-1;1,145722E-1;9,443074E-1;;
30/11/2021  10:22:50,594222;9,450329E-1;1,299215E-1;1,480610E-1;9,445052E-1;;
30/11/2021  10:22:50,594322;9,443892E-1;1,627352E-1;1,922915E-1;9,446955E-1;;
30/11/2021  10:22:50,594422;9,438676E-1;1,037979E-1;1,006712E-1;9,448777E-1;;
30/11/2021  10:22:50,594522;9,445471E-1;1,111253E-1;1,202590E-1;9,450513E-1;;
30/11/2021  10:22:50,594622;9,449286E-1;1,394789E-1;1,745993E-1;9,452159E-1;;
30/11/2021  10:22:50,594722;9,448779E-1;7,767438E-2;9,403666E-2;9,453712E-1;;
30/11/2021  10:22:50,594822;9,446693E-1;1,213198E-1;1,328963E-1;9,455171E-1;;
30/11/2021  10:22:50,594922;9,445710E-1;1,178155E-1;1,278414E-1;9,456534E-1;;
30/11/2021  10:22:50,595022;9,445531E-1;1,745227E-1;1,821817E-1;9,457800E-1;;
30/11/2021  10:22:50,595122;9,447110E-1;1,305587E-1;1,297370E-1;9,458969E-1;;
30/11/2021  10:22:50,595222;9,444160E-1;1,407532E-1;1,382671E-1;9,460041E-1;;
30/11/2021  10:22:50,595322;9,450121E-1;1,114439E-1;1,129926E-1;9,461015E-1;;
30/11/2021  10:22:50,595422;9,450538E-1;1,372488E-1;1,373193E-1;9,461894E-1;;
30/11/2021  10:22:50,595522;9,447230E-1;1,280100E-1;1,313166E-1;9,462680E-1;;
30/11/2021  10:22:50,595622;9,444011E-1;1,397975E-1;1,455336E-1;9,463373E-1;;
30/11/2021  10:22:50,595722;9,435487E-1;-1,726246E-2;7,444887E-2;9,463976E-1;;
30/11/2021  10:22:50,595822;9,436083E-1;1,633724E-1;1,347919E-1;9,464489E-1;;
30/11/2021  10:22:50,595922;9,437067E-1;8,213450E-2;6,655058E-2;9,464914E-1;;
30/11/2021  10:22:50,596022;9,433431E-1;7,990444E-2;1,000394E-1;9,465250E-1;;
30/11/2021  10:22:50,596122;9,429884E-1;1,159040E-1;8,771802E-2;9,465498E-1;;
30/11/2021  10:22:50,596222;9,426397E-1;1,254614E-1;1,262617E-1;9,465659E-1;;
30/11/2021  10:22:50,596322;9,421182E-1;1,742041E-1;1,695444E-1;9,465734E-1;;
30/11/2021  10:22:50,596422;9,412181E-1;1,273729E-1;1,310007E-1;9,465722E-1;;
30/11/2021  10:22:50,596522;9,411436E-1;1,162226E-1;1,268936E-1;9,465621E-1;;
30/11/2021  10:22:50,596622;9,409350E-1;1,225942E-1;1,161519E-1;9,465432E-1;;
30/11/2021  10:22:50,596722;9,408665E-1;1,257800E-1;1,196272E-1;9,465153E-1;;
30/11/2021  10:22:50,596822;9,404850E-1;1,248242E-1;1,215227E-1;9,464783E-1;;
30/11/2021  10:22:50,596922;9,401363E-1;1,260985E-1;9,308886E-2;9,464323E-1;;
30/11/2021  10:22:50,597022;9,397012E-1;1,334259E-1;1,202590E-1;9,463771E-1;;
30/11/2021  10:22:50,597122;9,395998E-1;1,245056E-1;1,170997E-1;9,463129E-1;;
30/11/2021  10:22:50,597222;9,400499E-1;1,162226E-1;1,202590E-1;9,462395E-1;;
30/11/2021  10:22:50,597322;9,400528E-1;1,092138E-1;1,110970E-1;9,461572E-1;;
30/11/2021  10:22:50,597422;9,394687E-1;1,337445E-1;1,272095E-1;9,460661E-1;;
30/11/2021  10:22:50,597522;9,393942E-1;1,037979E-1;1,000394E-1;9,459665E-1;;
30/11/2021  10:22:50,597622;9,395432E-1;1,210013E-1;1,082536E-1;9,458585E-1;;
30/11/2021  10:22:50,597722;9,394717E-1;1,213198E-1;1,477451E-1;9,457425E-1;;
30/11/2021  10:22:50,597822;9,395223E-1;1,401161E-1;1,613302E-1;9,456189E-1;;
30/11/2021  10:22:50,597922;9,395432E-1;8,086018E-2;9,150920E-2;9,454879E-1;;
30/11/2021  10:22:50,598022;9,399843E-1;1,308772E-1;1,249980E-1;9,453500E-1;;
30/11/2021  10:22:50,598122;9,399217E-1;1,388417E-1;1,493248E-1;9,452059E-1;;
30/11/2021  10:22:50,598222;9,398681E-1;1,311958E-1;1,212068E-1;9,450559E-1;;
30/11/2021  10:22:50,598322;9,394001E-1;1,184526E-1;1,139404E-1;9,449007E-1;;
30/11/2021  10:22:50,598422;9,388011E-1;1,831244E-1;1,850251E-1;9,447408E-1;;
30/11/2021  10:22:50,598522;9,389263E-1;1,251428E-1;1,486929E-1;9,445766E-1;;
30/11/2021  10:22:50,598622;9,391260E-1;1,327887E-1;1,101492E-1;9,444085E-1;;
30/11/2021  10:22:50,598722;9,395968E-1;1,633724E-1;1,654373E-1;9,442369E-1;;
30/11/2021  10:22:50,598822;9,392273E-1;1,006121E-1;9,972343E-2;9,440625E-1;;
30/11/2021  10:22:50,598922;9,382676E-1;1,289658E-1;1,240502E-1;9,438855E-1;;
30/11/2021  10:22:50,599022;9,377729E-1;1,063466E-1;8,834988E-2;9,437065E-1;;
30/11/2021  10:22:50,599122;9,374212E-1;2,383436E-2;7,729226E-2;9,435257E-1;;
30/11/2021  10:22:50,599222;9,376686E-1;9,615202E-2;8,582243E-2;9,433432E-1;;
30/11/2021  10:22:50,599322;9,377640E-1;1,286472E-1;1,420583E-1;9,431593E-1;;
30/11/2021  10:22:50,599422;9,372782E-1;1,060280E-1;1,278414E-1;9,429741E-1;;
30/11/2021  10:22:50,599522;9,367536E-1;1,085766E-1;1,401627E-1;9,427879E-1;;
30/11/2021  10:22:50,599622;9,359817E-1;1,299215E-1;1,347919E-1;9,426008E-1;;
30/11/2021  10:22:50,599722;9,356360E-1;1,146297E-1;1,180475E-1;9,424129E-1;;
30/11/2021  10:22:50,599822;9,359430E-1;1,002936E-1;1,095173E-1;9,422240E-1;;
30/11/2021  10:22:50,599922;9,355675E-1;1,044351E-1;1,126766E-1;9,420342E-1;;
30/11/2021  10:22:50,600022;9,360175E-1;1,073023E-1;1,139404E-1;9,418435E-1;;
30/11/2021  10:22:50,600122;9,351234E-1;9,678918E-2;1,076217E-1;9,416520E-1;;
30/11/2021  10:22:50,600222;9,346168E-1;1,088952E-1;1,224705E-1;9,414597E-1;;
30/11/2021  10:22:50,600322;9,342979E-1;1,327887E-1;1,319485E-1;9,412667E-1;;
30/11/2021  10:22:50,600422;9,340475E-1;1,324701E-1;1,164678E-1;9,410727E-1;;
30/11/2021  10:22:50,600522;9,341280E-1;1,219570E-1;1,212068E-1;9,408778E-1;;
30/11/2021  10:22:50,600622;9,340356E-1;1,283286E-1;1,092014E-1;9,406820E-1;;
30/11/2021  10:22:50,600722;9,340416E-1;1,343816E-1;1,142563E-1;9,404851E-1;;
30/11/2021  10:22:50,600822;9,341548E-1;1,640096E-1;1,572231E-1;9,402873E-1;;
30/11/2021  10:22:50,600922;9,336482E-1;1,417090E-1;1,370034E-1;9,400887E-1;;
30/11/2021  10:22:50,601022;9,332011E-1;1,260985E-1;1,243661E-1;9,398894E-1;;
30/11/2021  10:22:50,601122;9,319583E-1;1,264171E-1;1,332122E-1;9,396893E-1;;
30/11/2021  10:22:50,601222;9,325246E-1;1,267357E-1;1,325804E-1;9,394884E-1;;
30/11/2021  10:22:50,601322;9,333084E-1;1,130368E-1;1,148882E-1;9,392866E-1;;
30/11/2021  10:22:50,601422;9,328703E-1;1,305587E-1;1,335282E-1;9,390840E-1;;
30/11/2021  10:22:50,601522;9,319375E-1;1,232313E-1;1,208909E-1;9,388808E-1;;
30/11/2021  10:22:50,601622;9,320567E-1;1,276914E-1;1,300529E-1;9,386769E-1;;
30/11/2021  10:22:50,601722;9,310762E-1;1,264171E-1;1,256299E-1;9,384724E-1;;
30/11/2021  10:22:50,601822;9,313772E-1;1,324701E-1;1,291051E-1;9,382673E-1;;
30/11/2021  10:22:50,601922;9,310791E-1;1,276914E-1;1,215227E-1;9,380614E-1;;
30/11/2021  10:22:50,602022;9,319196E-1;1,273729E-1;1,338441E-1;9,378549E-1;;
30/11/2021  10:22:50,602122;9,319375E-1;2,861306E-2;2,484755E-2;9,376478E-1;;
30/11/2021  10:22:50,602222;9,317646E-1;2,283627E-1;3,047633E-1;9,374403E-1;;
30/11/2021  10:22:50,602322;9,320984E-1;1,238685E-1;1,212068E-1;9,372328E-1;;
30/11/2021  10:22:50,602422;9,315530E-1;1,276914E-1;1,284732E-1;9,370254E-1;;
30/11/2021  10:22:50,602522;9,323249E-1;1,308772E-1;1,322644E-1;9,368185E-1;;
30/11/2021  10:22:50,602622;9,326259E-1;1,025236E-1;1,648054E-1;9,366124E-1;;
30/11/2021  10:22:50,602722;9,336780E-1;1,254614E-1;1,221546E-1;9,364076E-1;;
30/11/2021  10:22:50,602822;9,332279E-1;1,410718E-1;1,654373E-1;9,362047E-1;;
30/11/2021  10:22:50,602922;9,330640E-1;1,254614E-1;1,227865E-1;9,360041E-1;;
30/11/2021  10:22:50,603022;9,335230E-1;1,302401E-1;1,272095E-1;9,358066E-1;;
30/11/2021  10:22:50,603122;9,334008E-1;1,235499E-1;1,196272E-1;9,356125E-1;;
30/11/2021  10:22:50,603222;9,341578E-1;1,347002E-1;1,442698E-1;9,354224E-1;;
30/11/2021  10:22:50,603322;9,345929E-1;1,197269E-1;1,268936E-1;9,352368E-1;;
30/11/2021  10:22:50,603422;9,348969E-1;1,496735E-1;1,401627E-1;9,350564E-1;;
30/11/2021  10:22:50,603522;9,354244E-1;1,264171E-1;9,814378E-2;9,348817E-1;;
30/11/2021  10:22:50,603622;9,358476E-1;1,143111E-1;1,145722E-1;9,347135E-1;;
30/11/2021  10:22:50,603722;9,353678E-1;1,318330E-1;1,442698E-1;9,345524E-1;;
30/11/2021  10:22:50,603822;9,349535E-1;1,302401E-1;1,313166E-1;9,343989E-1;;
30/11/2021  10:22:50,603922;9,360592E-1;1,289658E-1;1,291051E-1;9,342536E-1;;
30/11/2021  10:22:50,604022;9,367894E-1;1,302401E-1;1,316326E-1;9,341168E-1;;
30/11/2021  10:22:50,604122;9,368430E-1;1,286472E-1;1,319485E-1;9,339889E-1;;
30/11/2021  10:22:50,604222;9,367596E-1;1,557265E-1;1,992420E-1;9,338707E-1;;
30/11/2021  10:22:50,604322;9,359668E-1;1,372488E-1;1,370034E-1;9,337623E-1;;
30/11/2021  10:22:50,604422;9,360801E-1;1,165411E-1;1,196272E-1;9,336641E-1;;
30/11/2021  10:22:50,604522;9,358238E-1;1,289658E-1;1,284732E-1;9,335762E-1;;
30/11/2021  10:22:50,604622;9,360354E-1;1,276914E-1;1,278414E-1;9,334985E-1;;
30/11/2021  10:22:50,604722;9,361874E-1;1,088952E-1;1,085695E-1;9,334309E-1;;
30/11/2021  10:22:50,604822;9,359192E-1;1,254614E-1;1,300529E-1;9,333735E-1;;
30/11/2021  10:22:50,604922;9,356152E-1;1,289658E-1;1,471132E-1;9,333259E-1;;
30/11/2021  10:22:50,605022;9,352039E-1;1,308772E-1;1,370034E-1;9,332880E-1;;
30/11/2021  10:22:50,605122;9,353529E-1;1,570008E-1;1,575390E-1;9,332594E-1;;
30/11/2021  10:22:50,605222;9,352337E-1;1,264171E-1;1,275255E-1;9,332397E-1;;
30/11/2021  10:22:50,605322;9,353738E-1;7,831154E-2;1,313166E-1;9,332284E-1;;
30/11/2021  10:22:50,605422;9,360712E-1;1,257800E-1;1,262617E-1;9,332252E-1;;
30/11/2021  10:22:50,605522;9,357672E-1;9,901924E-2;1,164678E-1;9,332297E-1;;
30/11/2021  10:22:50,605622;9,349804E-1;1,292843E-1;1,319485E-1;9,332415E-1;;
30/11/2021  10:22:50,605722;9,355138E-1;1,385232E-1;1,347919E-1;9,332603E-1;;
30/11/2021  10:22:50,605822;9,356181E-1;1,490363E-1;1,597505E-1;9,332854E-1;;
30/11/2021  10:22:50,605922;9,358268E-1;1,178155E-1;1,363715E-1;9,333166E-1;;
30/11/2021  10:22:50,606022;9,367358E-1;1,362931E-1;1,297370E-1;9,333535E-1;;
30/11/2021  10:22:50,606122;9,375106E-1;1,299215E-1;1,221546E-1;9,333958E-1;;
30/11/2021  10:22:50,606222;9,371292E-1;1,203641E-1;1,031987E-1;9,334434E-1;;
30/11/2021  10:22:50,606322;9,381156E-1;1,665582E-1;1,521681E-1;9,334962E-1;;
30/11/2021  10:22:50,606422;9,375404E-1;1,337445E-1;1,401627E-1;9,335543E-1;;
30/11/2021  10:22:50,606522;9,379279E-1;1,442576E-1;1,632258E-1;9,336174E-1;;
30/11/2021  10:22:50,606622;9,390783E-1;1,276914E-1;1,189953E-1;9,336857E-1;;
30/11/2021  10:22:50,606722;9,399992E-1;1,251428E-1;1,385831E-1;9,337590E-1;;
30/11/2021  10:22:50,606822;9,401989E-1;1,777085E-1;1,531159E-1;9,338377E-1;;
30/11/2021  10:22:50,606922;9,409261E-1;1,340630E-1;1,426902E-1;9,339219E-1;;
30/11/2021  10:22:50,607022;9,410721E-1;1,547707E-1;1,752312E-1;9,340120E-1;;
30/11/2021  10:22:50,607122;9,408158E-1;1,474434E-1;1,430061E-1;9,341081E-1;;
30/11/2021  10:22:50,607222;9,412539E-1;1,420275E-1;1,347919E-1;9,342105E-1;;
30/11/2021  10:22:50,607322;9,425354E-1;1,315144E-1;1,224705E-1;9,343193E-1;;
30/11/2021  10:22:50,607422;9,429348E-1;1,060280E-1;1,095173E-1;9,344347E-1;;
30/11/2021  10:22:50,607522;9,435279E-1;1,273729E-1;1,546956E-1;9,345571E-1;;
30/11/2021  10:22:50,607622;9,439183E-1;1,650702E-2;1,568552E-2;9,346867E-1;;
30/11/2021  10:22:50,607722;9,441448E-1;1,117624E-1;1,474292E-1;9,348238E-1;;
30/11/2021  10:22:50,607822;9,445710E-1;7,480716E-2;9,688005E-2;9,349687E-1;;
30/11/2021  10:22:50,607922;9,458912E-1;-3,244942E-3;7,034176E-2;9,351216E-1;;
30/11/2021  10:22:50,608022;9,466125E-1;6,620550E-2;4,601499E-2;9,352828E-1;;
30/11/2021  10:22:50,608122;9,470327E-1;1,101695E-1;1,180475E-1;9,354528E-1;;
30/11/2021  10:22:50,608222;9,478761E-1;8,627604E-2;8,961361E-2;9,356318E-1;;
30/11/2021  10:22:50,608322;9,481145E-1;3,466608E-2;7,887192E-2;9,358203E-1;;
30/11/2021  10:22:50,608422;9,481741E-1;1,382046E-1;1,559593E-1;9,360185E-1;;
30/11/2021  10:22:50,608522;9,484960E-1;1,018865E-1;1,158360E-1;9,362268E-1;;
30/11/2021  10:22:50,608622;9,490891E-1;1,050723E-1;1,196272E-1;9,364452E-1;;
30/11/2021  10:22:50,608722;9,502067E-1;1,222756E-1;1,351078E-1;9,366739E-1;;
30/11/2021  10:22:50,608822;9,505226E-1;7,735580E-2;9,498445E-2;9,369129E-1;;
30/11/2021  10:22:50,608922;9,509727E-1;1,264171E-1;1,265777E-1;9,371625E-1;;
30/11/2021  10:22:50,609022;9,506895E-1;1,251428E-1;1,205749E-1;9,374227E-1;;
30/11/2021  10:22:50,609122;9,508385E-1;1,499920E-1;1,253139E-1;9,376934E-1;;
30/11/2021  10:22:50,609222;9,506538E-1;1,331073E-1;1,287892E-1;9,379746E-1;;
30/11/2021  10:22:50,609322;9,513780E-1;1,614609E-1;1,534319E-1;9,382659E-1;;
30/11/2021  10:22:50,609422;9,521111E-1;1,499920E-1;1,486929E-1;9,385670E-1;;
30/11/2021  10:22:50,609522;9,520128E-1;1,254614E-1;1,174156E-1;9,388775E-1;;
30/11/2021  10:22:50,609622;9,517595E-1;1,321516E-1;1,243661E-1;9,391972E-1;;
30/11/2021  10:22:50,609722;9,512021E-1;1,178155E-1;1,439539E-1;9,395256E-1;;
30/11/2021  10:22:50,609822;9,507819E-1;1,073023E-1;1,095173E-1;9,398621E-1;;
30/11/2021  10:22:50,609922;9,508594E-1;1,321516E-1;1,313166E-1;9,402057E-1;;
30/11/2021  10:22:50,610022;9,510680E-1;1,423461E-1;1,546956E-1;9,405557E-1;;
30/11/2021  10:22:50,610122;9,510680E-1;1,165411E-1;1,199431E-1;9,409113E-1;;
30/11/2021  10:22:50,610222;9,508058E-1;1,088952E-1;1,742834E-1;9,412714E-1;;
30/11/2021  10:22:50,610322;9,502633E-1;1,356559E-1;1,313166E-1;9,416352E-1;;
30/11/2021  10:22:50,610422;9,499564E-1;1,203641E-1;1,038306E-1;9,420016E-1;;
30/11/2021  10:22:50,610522;9,497835E-1;1,503106E-1;1,357397E-1;9,423696E-1;;
30/11/2021  10:22:50,610622;9,500666E-1;2,733874E-2;8,045158E-2;9,427380E-1;;
30/11/2021  10:22:50,610722;9,504243E-1;1,315144E-1;1,284732E-1;9,431058E-1;;
30/11/2021  10:22:50,610822;9,502037E-1;1,366117E-1;1,698603E-1;9,434721E-1;;
30/11/2021  10:22:50,610922;9,506746E-1;1,251428E-1;1,114129E-1;9,438359E-1;;
30/11/2021  10:22:50,611022;9,505196E-1;2,733874E-2;5,075397E-2;9,441964E-1;;
30/11/2021  10:22:50,611122;9,496434E-1;1,136739E-1;1,237343E-1;9,445529E-1;;
30/11/2021  10:22:50,611222;9,495689E-1;1,187712E-1;1,291051E-1;9,449045E-1;;
30/11/2021  10:22:50,611322;9,501024E-1;9,137332E-2;1,050943E-1;9,452503E-1;;
30/11/2021  10:22:50,611422;9,500875E-1;1,296029E-1;1,556434E-1;9,455895E-1;;
30/11/2021  10:22:50,611522;9,502276E-1;1,273729E-1;1,275255E-1;9,459216E-1;;
30/11/2021  10:22:50,611622;9,500547E-1;1,334259E-1;1,433221E-1;9,462459E-1;;
30/11/2021  10:22:50,611722;9,496405E-1;1,260985E-1;1,259458E-1;9,465618E-1;;
30/11/2021  10:22:50,611822;9,484126E-1;1,315144E-1;1,319485E-1;9,468688E-1;;
30/11/2021  10:22:50,611922;9,486868E-1;1,203641E-1;1,152041E-1;9,471662E-1;;
30/11/2021  10:22:50,612022;9,485377E-1;1,264171E-1;1,265777E-1;9,474534E-1;;
30/11/2021  10:22:50,612122;9,479715E-1;8,786894E-2;9,688005E-2;9,477296E-1;;
30/11/2021  10:22:50,612222;9,477003E-1;1,162226E-1;1,300529E-1;9,479943E-1;;
30/11/2021  10:22:50,612322;9,471966E-1;1,235499E-1;1,101492E-1;9,482468E-1;;
30/11/2021  10:22:50,612422;9,468867E-1;1,076209E-1;9,466852E-2;9,484866E-1;;
30/11/2021  10:22:50,612522;9,458614E-1;9,009900E-2;1,079377E-1;9,487131E-1;;
30/11/2021  10:22:50,612622;9,453488E-1;1,541336E-1;1,382671E-1;9,489256E-1;;
30/11/2021  10:22:50,612722;9,449524E-1;9,615202E-2;9,877564E-2;9,491236E-1;;
30/11/2021  10:22:50,612822;9,452386E-1;1,334259E-1;1,578549E-1;9,493062E-1;;
30/11/2021  10:22:50,612922;9,443385E-1;1,206827E-1;1,249980E-1;9,494731E-1;;
30/11/2021  10:22:50,613022;9,438140E-1;1,267357E-1;1,253139E-1;9,496237E-1;;
30/11/2021  10:22:50,613122;9,429169E-1;1,315144E-1;1,291051E-1;9,497577E-1;;
30/11/2021  10:22:50,613222;9,427321E-1;1,353374E-1;1,366875E-1;9,498744E-1;;
30/11/2021  10:22:50,613322;9,427411E-1;1,420275E-1;1,401627E-1;9,499735E-1;;
30/11/2021  10:22:50,613422;9,423894E-1;1,280100E-1;1,278414E-1;9,500546E-1;;
30/11/2021  10:22:50,613522;9,419274E-1;1,238685E-1;1,325804E-1;9,501175E-1;;
30/11/2021  10:22:50,613622;9,413314E-1;1,302401E-1;1,284732E-1;9,501620E-1;;
30/11/2021  10:22:50,613722;9,413791E-1;1,362931E-1;1,297370E-1;9,501880E-1;;
30/11/2021  10:22:50,613822;9,402942E-1;1,088952E-1;9,719598E-2;9,501955E-1;;
30/11/2021  10:22:50,613922;9,406042E-1;1,283286E-1;1,449017E-1;9,501843E-1;;
30/11/2021  10:22:50,614022;9,403091E-1;1,302401E-1;1,246821E-1;9,501545E-1;;
30/11/2021  10:22:50,614122;9,396624E-1;1,292843E-1;1,253139E-1;9,501063E-1;;
30/11/2021  10:22:50,614222;9,399068E-1;8,213450E-2;1,006712E-1;9,500398E-1;;
30/11/2021  10:22:50,614322;9,392839E-1;1,853544E-1;1,654373E-1;9,499553E-1;;
30/11/2021  10:22:50,614422;9,389144E-1;1,433019E-1;1,493248E-1;9,498530E-1;;
30/11/2021  10:22:50,614522;9,387504E-1;1,286472E-1;1,306848E-1;9,497335E-1;;
30/11/2021  10:22:50,614622;9,387326E-1;1,356559E-1;1,344760E-1;9,495969E-1;;
30/11/2021  10:22:50,614722;9,388786E-1;1,315144E-1;1,294210E-1;9,494438E-1;;
30/11/2021  10:22:50,614822;9,397071E-1;1,426647E-1;1,262617E-1;9,492749E-1;;
30/11/2021  10:22:50,614922;9,392183E-1;1,391603E-1;1,341600E-1;9,490909E-1;;
30/11/2021  10:22:50,615022;9,387385E-1;1,037979E-1;1,104651E-1;9,488925E-1;;
30/11/2021  10:22:50,615122;9,380829E-1;1,200455E-1;1,199431E-1;9,486808E-1;;
30/11/2021  10:22:50,615222;9,380352E-1;1,245056E-1;1,117289E-1;9,484563E-1;;
30/11/2021  10:22:50,615322;9,383123E-1;1,337445E-1;1,379512E-1;9,482198E-1;;
30/11/2021  10:22:50,615422;9,384673E-1;1,181340E-1;1,177316E-1;9,479722E-1;;
30/11/2021  10:22:50,615522;9,387892E-1;1,098510E-1;1,174156E-1;9,477144E-1;;
30/11/2021  10:22:50,615622;9,388995E-1;1,343816E-1;1,205749E-1;9,474472E-1;;
30/11/2021  10:22:50,615722;9,385299E-1;4,390490E-2;7,413294E-2;9,471718E-1;;
30/11/2021  10:22:50,615822;9,382050E-1;1,280100E-1;1,259458E-1;9,468892E-1;;
30/11/2021  10:22:50,615922;9,383868E-1;1,162226E-1;1,158360E-1;9,466002E-1;;
30/11/2021  10:22:50,616022;9,384256E-1;1,098510E-1;1,028828E-1;9,463058E-1;;
30/11/2021  10:22:50,616122;9,398710E-1;9,965640E-2;1,186794E-1;9,460070E-1;;
30/11/2021  10:22:50,616222;9,400439E-1;1,098510E-1;1,243661E-1;9,457050E-1;;
30/11/2021  10:22:50,616322;9,397935E-1;1,225942E-1;1,445858E-1;9,454008E-1;;
30/11/2021  10:22:50,616422;9,399336E-1;1,136739E-1;1,161519E-1;9,450958E-1;;
30/11/2021  10:22:50,616522;9,402197E-1;8,309024E-2;1,060421E-1;9,447909E-1;;
30/11/2021  10:22:50,616622;9,398710E-1;9,870066E-2;9,624818E-2;9,444874E-1;;
30/11/2021  10:22:50,616722;9,411734E-1;9,073616E-2;1,006712E-1;9,441863E-1;;
30/11/2021  10:22:50,616822;9,416920E-1;8,149734E-2;9,593225E-2;9,438886E-1;;
30/11/2021  10:22:50,616922;9,417576E-1;8,755036E-2;8,677022E-2;9,435956E-1;;
30/11/2021  10:22:50,617022;9,420228E-1;1,044351E-1;1,262617E-1;9,433083E-1;;
30/11/2021  10:22:50,617122;9,428454E-1;1,139925E-1;1,275255E-1;9,430278E-1;;
30/11/2021  10:22:50,617222;9,424371E-1;2,439731E-1;2,242006E-1;9,427554E-1;;
30/11/2021  10:22:50,617322;9,431434E-1;1,203641E-1;1,268936E-1;9,424919E-1;;
30/11/2021  10:22:50,617422;9,441269E-1;1,152668E-1;1,139404E-1;9,422384E-1;;
30/11/2021  10:22:50,617522;9,449435E-1;1,366117E-1;1,186794E-1;9,419958E-1;;
30/11/2021  10:22:50,617622;9,454978E-1;1,627352E-1;1,616461E-1;9,417652E-1;;
30/11/2021  10:22:50,617722;9,452803E-1;1,662396E-1;1,524841E-1;9,415477E-1;;
30/11/2021  10:22:50,617822;9,448869E-1;1,592309E-1;1,496407E-1;9,413441E-1;;
30/11/2021  10:22:50,617922;9,449673E-1;1,751599E-1;1,755471E-1;9,411553E-1;;
30/11/2021  10:22:50,618022;9,455783E-1;1,085766E-1;1,183634E-1;9,409816E-1;;
30/11/2021  10:22:50,618122;9,465588E-1;1,012493E-1;1,152041E-1;9,408237E-1;;
30/11/2021  10:22:50,618222;9,456528E-1;1,232313E-1;1,297370E-1;9,406820E-1;;
30/11/2021  10:22:50,618322;9,460373E-1;1,254614E-1;1,161519E-1;9,405569E-1;;
30/11/2021  10:22:50,618422;9,456260E-1;-1,853678E-2;3,748483E-2;9,404486E-1;;
30/11/2021  10:22:50,618522;9,449286E-1;1,168597E-1;1,079377E-1;9,403571E-1;;
30/11/2021  10:22:50,618622;9,453041E-1;1,324701E-1;1,272095E-1;9,402822E-1;;
30/11/2021  10:22:50,618722;9,455902E-1;1,079395E-1;1,079377E-1;9,402238E-1;;
30/11/2021  10:22:50,618822;9,460999E-1;1,837615E-1;2,118793E-1;9,401814E-1;;
30/11/2021  10:22:50,618922;9,454829E-1;1,270543E-1;1,189953E-1;9,401549E-1;;
30/11/2021  10:22:50,619022;9,442551E-1;1,292843E-1;1,439539E-1;9,401437E-1;;
30/11/2021  10:22:50,619122;9,434921E-1;1,257800E-1;1,764949E-1;9,401474E-1;;
30/11/2021  10:22:50,619222;9,431494E-1;1,327887E-1;1,344760E-1;9,401649E-1;;
30/11/2021  10:22:50,619322;9,433461E-1;1,340630E-1;1,316326E-1;9,401953E-1;;
30/11/2021  10:22:50,619422;9,430629E-1;1,280100E-1;1,294210E-1;9,402375E-1;;
30/11/2021  10:22:50,619522;9,430063E-1;1,235499E-1;1,152041E-1;9,402906E-1;;
30/11/2021  10:22:50,619622;9,423566E-1;1,531778E-1;1,398468E-1;9,403535E-1;;
30/11/2021  10:22:50,619722;9,419572E-1;9,360338E-2;1,082536E-1;9,404251E-1;;
30/11/2021  10:22:50,619822;9,407502E-1;1,302401E-1;1,303688E-1;9,405042E-1;;
30/11/2021  10:22:50,619922;9,408277E-1;1,461691E-1;2,011376E-1;9,405896E-1;;
30/11/2021  10:22:50,620022;9,405178E-1;1,480806E-1;1,332122E-1;9,406800E-1;;
30/11/2021  10:22:50,620122;9,403568E-1;1,082581E-1;9,372073E-2;9,407741E-1;;
30/11/2021  10:22:50,620222;9,412539E-1;1,009307E-1;8,898175E-2;9,408708E-1;;
30/11/2021  10:22:50,620322;9,406519E-1;9,615202E-2;9,751191E-2;9,409691E-1;;
30/11/2021  10:22:50,620422;9,399247E-1;1,235499E-1;1,265777E-1;9,410679E-1;;
30/11/2021  10:22:50,620522;9,395968E-1;1,706997E-1;1,543797E-1;9,411663E-1;;
30/11/2021  10:22:50,620622;9,389024E-1;1,327887E-1;1,357397E-1;9,412633E-1;;
30/11/2021  10:22:50,620722;9,393554E-1;1,321516E-1;1,310007E-1;9,413580E-1;;
30/11/2021  10:22:50,620822;9,405386E-1;1,299215E-1;1,354238E-1;9,414494E-1;;
30/11/2021  10:22:50,620922;9,405505E-1;1,327887E-1;1,316326E-1;9,415369E-1;;
30/11/2021  10:22:50,621022;9,400558E-1;1,315144E-1;1,221546E-1;9,416200E-1;;
30/11/2021  10:22:50,621122;9,397965E-1;3,339176E-2;3,843263E-2;9,416984E-1;;
30/11/2021  10:22:50,621222;9,396624E-1;1,092138E-1;9,245700E-2;9,417716E-1;;
30/11/2021  10:22:50,621322;9,402376E-1;1,292843E-1;1,458495E-1;9,418392E-1;;
30/11/2021  10:22:50,621422;9,410304E-1;1,305587E-1;1,272095E-1;9,419011E-1;;
30/11/2021  10:22:50,621522;9,413314E-1;1,206827E-1;1,265777E-1;9,419570E-1;;
30/11/2021  10:22:50,621622;9,418023E-1;9,392196E-2;1,117289E-1;9,420072E-1;;
30/11/2021  10:22:50,621722;9,415460E-1;1,123996E-1;1,038306E-1;9,420518E-1;;
30/11/2021  10:22:50,621822;9,410721E-1;1,362931E-1;1,644895E-1;9,420911E-1;;
30/11/2021  10:22:50,621922;9,408039E-1;1,143111E-1;1,158360E-1;9,421251E-1;;
30/11/2021  10:22:50,622022;9,411228E-1;1,292843E-1;1,319485E-1;9,421541E-1;;
30/11/2021  10:22:50,622122;9,412151E-1;1,216384E-1;1,246821E-1;9,421781E-1;;
30/11/2021  10:22:50,622222;9,421957E-1;1,260985E-1;1,316326E-1;9,421973E-1;;
30/11/2021  10:22:50,622322;9,417516E-1;1,267357E-1;1,183634E-1;9,422120E-1;;
30/11/2021  10:22:50,622422;9,414476E-1;1,225942E-1;1,234183E-1;9,422226E-1;;
30/11/2021  10:22:50,622522;9,410363E-1;1,241871E-1;1,174156E-1;9,422293E-1;;
30/11/2021  10:22:50,622622;9,412688E-1;1,197269E-1;1,373193E-1;9,422323E-1;;
30/11/2021  10:22:50,622722;9,417516E-1;1,276914E-1;1,351078E-1;9,422319E-1;;
30/11/2021  10:22:50,622822;9,425473E-1;1,260985E-1;1,243661E-1;9,422282E-1;;
30/11/2021  10:22:50,622922;9,425265E-1;1,534964E-1;1,594346E-1;9,422216E-1;;
30/11/2021  10:22:50,623022;9,420735E-1;1,257800E-1;1,148882E-1;9,422126E-1;;
30/11/2021  10:22:50,623122;9,416145E-1;7,130278E-2;6,307532E-2;9,422015E-1;;
30/11/2021  10:22:50,623222;9,408426E-1;1,366117E-1;1,477451E-1;9,421886E-1;;
30/11/2021  10:22:50,623322;9,408367E-1;1,210013E-1;1,212068E-1;9,421739E-1;;
30/11/2021  10:22:50,623422;9,408396E-1;1,315144E-1;1,262617E-1;9,421576E-1;;
30/11/2021  10:22:50,623522;9,406012E-1;1,356559E-1;1,433221E-1;9,421395E-1;;
30/11/2021  10:22:50,623622;9,404194E-1;1,391603E-1;1,834454E-1;9,421197E-1;;
30/11/2021  10:22:50,623722;9,392839E-1;1,327887E-1;1,559593E-1;9,420981E-1;;
30/11/2021  10:22:50,623822;9,380411E-1;1,302401E-1;1,259458E-1;9,420746E-1;;
30/11/2021  10:22:50,623922;9,369086E-1;1,382046E-1;1,297370E-1;9,420487E-1;;
30/11/2021  10:22:50,624022;9,370696E-1;1,114439E-1;1,148882E-1;9,420200E-1;;
30/11/2021  10:22:50,624122;9,360771E-1;1,216384E-1;1,227865E-1;9,419877E-1;;
30/11/2021  10:22:50,624222;9,360443E-1;1,267357E-1;1,199431E-1;9,419513E-1;;
30/11/2021  10:22:50,624322;9,358357E-1;1,283286E-1;1,265777E-1;9,419101E-1;;
30/11/2021  10:22:50,624422;9,341220E-1;1,152668E-1;1,129926E-1;9,418636E-1;;
30/11/2021  10:22:50,624522;9,337644E-1;4,613496E-2;5,359736E-2;9,418112E-1;;
30/11/2021  10:22:50,624622;9,330700E-1;1,289658E-1;1,616461E-1;9,417521E-1;;
30/11/2021  10:22:50,624722;9,326021E-1;1,171783E-1;1,208909E-1;9,416856E-1;;
30/11/2021  10:22:50,624822;9,327332E-1;2,192288E-2;5,896821E-2;9,416110E-1;;
30/11/2021  10:22:50,624922;9,325931E-1;1,248242E-1;1,259458E-1;9,415277E-1;;
30/11/2021  10:22:50,625022;9,318898E-1;1,171783E-1;1,423743E-1;9,414353E-1;;
30/11/2021  10:22:50,625122;9,308556E-1;9,838208E-2;1,136244E-1;9,413334E-1;;
30/11/2021  10:22:50,625222;9,302625E-1;1,037979E-1;1,148882E-1;9,412215E-1;;
30/11/2021  10:22:50,625322;9,299228E-1;1,025236E-1;1,152041E-1;9,410992E-1;;
30/11/2021  10:22:50,625422;9,300688E-1;1,063466E-1;1,177316E-1;9,409659E-1;;
30/11/2021  10:22:50,625522;9,299973E-1;1,143111E-1;1,287892E-1;9,408216E-1;;
30/11/2021  10:22:50,625622;9,298840E-1;9,615202E-2;1,303688E-1;9,406658E-1;;
30/11/2021  10:22:50,625722;9,294519E-1;1,162226E-1;1,272095E-1;9,404988E-1;;
30/11/2021  10:22:50,625822;9,278455E-1;1,318330E-1;1,316326E-1;9,403204E-1;;
30/11/2021  10:22:50,625922;9,273687E-1;1,146297E-1;1,170997E-1;9,401305E-1;;
30/11/2021  10:22:50,626022;9,269246E-1;1,757970E-1;1,755471E-1;9,399291E-1;;
30/11/2021  10:22:50,626122;9,265163E-1;1,691068E-1;1,338441E-1;9,397159E-1;;
30/11/2021  10:22:50,626222;9,269306E-1;1,238685E-1;1,237343E-1;9,394909E-1;;
30/11/2021  10:22:50,626322;9,263375E-1;1,665582E-1;1,006712E-1;9,392542E-1;;
30/11/2021  10:22:50,626422;9,256788E-1;1,423461E-1;1,774427E-1;9,390059E-1;;
30/11/2021  10:22:50,626522;9,250977E-1;1,573194E-1;1,635417E-1;9,387462E-1;;
30/11/2021  10:22:50,626622;9,244152E-1;1,353374E-1;1,328963E-1;9,384752E-1;;
30/11/2021  10:22:50,626722;9,251603E-1;1,238685E-1;1,262617E-1;9,381930E-1;;
30/11/2021  10:22:50,626822;9,251722E-1;1,165411E-1;1,199431E-1;9,378999E-1;;
30/11/2021  10:22:50,626922;9,257146E-1;1,206827E-1;1,088855E-1;9,375964E-1;;
30/11/2021  10:22:50,627022;9,258040E-1;1,350188E-1;1,376353E-1;9,372830E-1;;
30/11/2021  10:22:50,627122;9,256163E-1;1,197269E-1;1,224705E-1;9,369606E-1;;
30/11/2021  10:22:50,627222;9,258875E-1;1,238685E-1;1,237343E-1;9,366299E-1;;
30/11/2021  10:22:50,627322;9,264090E-1;9,997498E-2;8,803395E-2;9,362919E-1;;
30/11/2021  10:22:50,627422;9,262660E-1;-4,837842E-3;6,939396E-2;9,359474E-1;;
30/11/2021  10:22:50,627522;9,278306E-1;1,340630E-1;1,319485E-1;9,355975E-1;;
30/11/2021  10:22:50,627622;9,275445E-1;1,289658E-1;1,392149E-1;9,352435E-1;;
30/11/2021  10:22:50,627722;9,280065E-1;2,988738E-2;6,497092E-2;9,348866E-1;;
30/11/2021  10:22:50,627822;9,280005E-1;1,273729E-1;1,265777E-1;9,345281E-1;;
30/11/2021  10:22:50,627922;9,276280E-1;1,162226E-1;1,212068E-1;9,341693E-1;;
30/11/2021  10:22:50,628022;9,278217E-1;1,203641E-1;1,240502E-1;9,338113E-1;;
30/11/2021  10:22:50,628122;9,284297E-1;9,583344E-2;9,119327E-2;9,334553E-1;;
30/11/2021  10:22:50,628222;9,295205E-1;5,951532E-2;1,253139E-1;9,331024E-1;;
30/11/2021  10:22:50,628322;9,295354E-1;6,588692E-2;1,193112E-1;9,327539E-1;;
30/11/2021  10:22:50,628422;9,287038E-1;1,608238E-1;1,834454E-1;9,324110E-1;;
30/11/2021  10:22:50,628522;9,282747E-1;1,292843E-1;1,221546E-1;9,320747E-1;;
30/11/2021  10:22:50,628622;9,272882E-1;1,082581E-1;1,076217E-1;9,317458E-1;;
30/11/2021  10:22:50,628722;9,280005E-1;1,229127E-1;1,152041E-1;9,314251E-1;;
30/11/2021  10:22:50,628822;9,282955E-1;1,264171E-1;1,253139E-1;9,311130E-1;;
30/11/2021  10:22:50,628922;9,282419E-1;1,015679E-1;9,972343E-2;9,308101E-1;;
30/11/2021  10:22:50,629022;9,279290E-1;1,254614E-1;1,306848E-1;9,305169E-1;;
30/11/2021  10:22:50,629122;9,277859E-1;1,372488E-1;1,625939E-1;9,302339E-1;;
30/11/2021  10:22:50,629222;9,278068E-1;1,407532E-1;1,445858E-1;9,299613E-1;;
30/11/2021  10:22:50,629322;9,272197E-1;1,397975E-1;1,420583E-1;9,296994E-1;;
30/11/2021  10:22:50,629422;9,279916E-1;1,066652E-1;1,205749E-1;9,294483E-1;;
30/11/2021  10:22:50,629522;9,280065E-1;6,493118E-2;1,000394E-1;9,292083E-1;;
30/11/2021  10:22:50,629622;9,285787E-1;1,162226E-1;1,480610E-1;9,289794E-1;;
30/11/2021  10:22:50,629722;9,286323E-1;6,875414E-2;1,129926E-1;9,287618E-1;;
30/11/2021  10:22:50,629822;9,288648E-1;1,292843E-1;1,310007E-1;9,285558E-1;;
30/11/2021  10:22:50,629922;9,280094E-1;1,037979E-1;1,167838E-1;9,283616E-1;;
30/11/2021  10:22:50,630022;9,281227E-1;1,793014E-1;1,831295E-1;9,281791E-1;;
30/11/2021  10:22:50,630122;9,284505E-1;2,638300E-2;7,508074E-2;9,280083E-1;;
30/11/2021  10:22:50,630222;9,290347E-1;1,359745E-1;1,325804E-1;9,278491E-1;;
30/11/2021  10:22:50,630322;9,291837E-1;1,197269E-1;1,310007E-1;9,277017E-1;;
30/11/2021  10:22:50,630422;9,297410E-1;1,257800E-1;1,028828E-1;9,275659E-1;;
30/11/2021  10:22:50,630522;9,291598E-1;1,515849E-1;1,572231E-1;9,274418E-1;;
30/11/2021  10:22:50,630622;9,290525E-1;1,216384E-1;1,319485E-1;9,273293E-1;;
30/11/2021  10:22:50,630722;9,290883E-1;1,276914E-1;1,303688E-1;9,272285E-1;;
30/11/2021  10:22:50,630822;9,298960E-1;1,088952E-1;1,073058E-1;9,271390E-1;;
30/11/2021  10:22:50,630922;9,307513E-1;1,092138E-1;1,509044E-1;9,270608E-1;;
30/11/2021  10:22:50,631022;9,308705E-1;1,353374E-1;1,275255E-1;9,269938E-1;;
30/11/2021  10:22:50,631122;9,305725E-1;1,251428E-1;1,407946E-1;9,269381E-1;;
30/11/2021  10:22:50,631222;9,301761E-1;1,401161E-1;1,407946E-1;9,268936E-1;;
30/11/2021  10:22:50,631322;9,308288E-1;1,369303E-1;1,392149E-1;9,268602E-1;;
30/11/2021  10:22:50,631422;9,312401E-1;1,356559E-1;1,344760E-1;9,268376E-1;;
30/11/2021  10:22:50,631522;9,329031E-1;1,216384E-1;1,306848E-1;9,268257E-1;;
30/11/2021  10:22:50,631622;9,336511E-1;1,289658E-1;1,193112E-1;9,268247E-1;;
30/11/2021  10:22:50,631722;9,344230E-1;1,267357E-1;1,291051E-1;9,268347E-1;;
30/11/2021  10:22:50,631822;9,348582E-1;1,359745E-1;1,398468E-1;9,268559E-1;;
30/11/2021  10:22:50,631922;9,355347E-1;1,818500E-1;1,948190E-1;9,268889E-1;;
30/11/2021  10:22:50,632022;9,358327E-1;-6,112162E-3;8,297904E-2;9,269337E-1;;
30/11/2021  10:22:50,632122;9,371470E-1;1,245056E-1;1,322644E-1;9,269908E-1;;
30/11/2021  10:22:50,632222;9,378593E-1;1,302401E-1;1,306848E-1;9,270606E-1;;
30/11/2021  10:22:50,632322;9,385150E-1;1,222756E-1;9,909157E-2;9,271434E-1;;
30/11/2021  10:22:50,632422;9,392422E-1;1,618844E-2;6,181159E-2;9,272397E-1;;
30/11/2021  10:22:50,632522;9,394538E-1;1,321516E-1;1,382671E-1;9,273498E-1;;
30/11/2021  10:22:50,632622;9,400171E-1;2,376015E-1;2,178820E-1;9,274742E-1;;
30/11/2021  10:22:50,632722;9,406727E-1;1,299215E-1;1,354238E-1;9,276131E-1;;
30/11/2021  10:22:50,632822;9,412062E-1;1,264171E-1;1,256299E-1;9,277668E-1;;
30/11/2021  10:22:50,632922;9,429139E-1;1,257800E-1;1,212068E-1;9,279354E-1;;
30/11/2021  10:22:50,633022;9,430659E-1;1,206827E-1;1,237343E-1;9,281193E-1;;
30/11/2021  10:22:50,633122;9,440703E-1;1,114439E-1;1,136244E-1;9,283188E-1;;
30/11/2021  10:22:50,633222;9,440911E-1;1,037979E-1;1,208909E-1;9,285341E-1;;
30/11/2021  10:22:50,633322;9,445143E-1;5,218798E-2;7,918786E-2;9,287654E-1;;
30/11/2021  10:22:50,633422;9,449077E-1;1,109116E-2;7,255328E-2;9,290127E-1;;
30/11/2021  10:22:50,633522;9,455992E-1;1,041165E-1;1,152041E-1;9,292761E-1;;
30/11/2021  10:22:50,633622;9,460730E-1;1,015679E-1;1,152041E-1;9,295554E-1;;
30/11/2021  10:22:50,633722;9,459956E-1;-2,681986E-2;4,411940E-2;9,298505E-1;;
30/11/2021  10:22:50,633822;9,459687E-1;9,615202E-2;9,751191E-2;9,301611E-1;;
30/11/2021  10:22:50,633922;9,457452E-1;-5,039478E-2;4,917431E-2;9,304867E-1;;
30/11/2021  10:22:50,634022;9,461505E-1;9,806350E-2;1,069899E-1;9,308270E-1;;
30/11/2021  10:22:50,634122;9,461833E-1;1,037979E-1;1,196272E-1;9,311811E-1;;
30/11/2021  10:22:50,634222;9,465171E-1;2,184867E-1;2,128271E-1;9,315483E-1;;
30/11/2021  10:22:50,634322;9,467406E-1;1,286472E-1;1,310007E-1;9,319279E-1;;
30/11/2021  10:22:50,634422;9,464694E-1;1,385232E-1;1,436380E-1;9,323191E-1;;
30/11/2021  10:22:50,634522;9,468479E-1;1,477620E-1;1,057261E-1;9,327209E-1;;
30/11/2021  10:22:50,634622;9,467287E-1;1,439390E-1;1,079377E-1;9,331324E-1;;
30/11/2021  10:22:50,634722;9,466274E-1;1,487177E-1;1,338441E-1;9,335526E-1;;
30/11/2021  10:22:50,634822;9,470744E-1;1,592309E-1;1,537478E-1;9,339806E-1;;
30/11/2021  10:22:50,634922;9,476049E-1;1,509478E-1;1,366875E-1;9,344153E-1;;
30/11/2021  10:22:50,635022;9,482218E-1;8,213450E-2;1,003553E-1;9,348557E-1;;
30/11/2021  10:22:50,635122;9,476884E-1;1,159040E-1;9,877564E-2;9,353009E-1;;
30/11/2021  10:22:50,635222;9,477211E-1;1,190898E-1;9,593225E-2;9,357502E-1;;
30/11/2021  10:22:50,635322;9,470625E-1;1,273729E-1;1,363715E-1;9,362024E-1;;
30/11/2021  10:22:50,635422;9,474946E-1;1,190898E-1;1,199431E-1;9,366566E-1;;
30/11/2021  10:22:50,635522;9,482993E-1;1,187712E-1;1,268936E-1;9,371118E-1;;
30/11/2021  10:22:50,635622;9,478463E-1;1,254614E-1;1,259458E-1;9,375669E-1;;
30/11/2021  10:22:50,635722;9,483977E-1;1,174969E-1;1,411105E-1;9,380212E-1;;
30/11/2021  10:22:50,635822;9,479685E-1;1,464877E-1;1,758630E-1;9,384737E-1;;
30/11/2021  10:22:50,635922;9,477807E-1;1,165411E-1;1,139404E-1;9,389236E-1;;
30/11/2021  10:22:50,636022;9,480549E-1;1,267357E-1;1,231024E-1;9,393701E-1;;
30/11/2021  10:22:50,636122;9,480013E-1;1,372488E-1;1,265777E-1;9,398122E-1;;
30/11/2021  10:22:50,636222;9,486897E-1;1,257800E-1;1,322644E-1;9,402492E-1;;
30/11/2021  10:22:50,636322;9,500100E-1;1,152668E-1;1,054102E-1;9,406804E-1;;
30/11/2021  10:22:50,636422;9,493275E-1;1,213198E-1;1,218387E-1;9,411054E-1;;
30/11/2021  10:22:50,636522;9,490086E-1;1,139925E-1;1,167838E-1;9,415237E-1;;
30/11/2021  10:22:50,636622;9,491189E-1;1,146297E-1;9,814378E-2;9,419349E-1;;
30/11/2021  10:22:50,636722;9,492232E-1;1,311958E-1;1,407946E-1;9,423384E-1;;
30/11/2021  10:22:50,636822;9,493961E-1;1,461691E-1;1,556434E-1;9,427338E-1;;
30/11/2021  10:22:50,636922;9,504451E-1;6,620550E-2;8,803395E-2;9,431209E-1;;
30/11/2021  10:22:50,637022;9,503826E-1;1,378860E-1;1,638576E-1;9,434992E-1;;
30/11/2021  10:22:50,637122;9,501978E-1;1,069837E-1;1,148882E-1;9,438686E-1;;
30/11/2021  10:22:50,637222;9,495481E-1;1,210013E-1;1,183634E-1;9,442291E-1;;
30/11/2021  10:22:50,637322;9,492590E-1;1,270543E-1;1,196272E-1;9,445802E-1;;
30/11/2021  10:22:50,637422;9,496554E-1;1,139925E-1;1,325804E-1;9,449218E-1;;
30/11/2021  10:22:50,637522;9,500935E-1;1,276914E-1;1,291051E-1;9,452535E-1;;
30/11/2021  10:22:50,637622;9,501322E-1;1,337445E-1;1,218387E-1;9,455751E-1;;
30/11/2021  10:22:50,637722;9,504034E-1;1,216384E-1;1,351078E-1;9,458865E-1;;
30/11/2021  10:22:50,637822;9,492381E-1;1,267357E-1;1,189953E-1;9,461877E-1;;
30/11/2021  10:22:50,637922;9,493692E-1;1,359745E-1;1,303688E-1;9,464785E-1;;
30/11/2021  10:22:50,638022;9,486957E-1;1,210013E-1;1,035146E-1;9,467586E-1;;
30/11/2021  10:22:50,638122;9,492143E-1;1,225942E-1;1,060421E-1;9,470279E-1;;
30/11/2021  10:22:50,638222;9,496196E-1;1,235499E-1;1,183634E-1;9,472861E-1;;
30/11/2021  10:22:50,638322;9,496345E-1;1,404346E-1;1,559593E-1;9,475331E-1;;
30/11/2021  10:22:50,638422;9,492947E-1;1,395838E-2;6,528685E-2;9,477690E-1;;
30/11/2021  10:22:50,638522;9,485169E-1;1,136739E-1;1,177316E-1;9,479936E-1;;
30/11/2021  10:22:50,638622;9,480371E-1;1,159040E-1;1,202590E-1;9,482069E-1;;
30/11/2021  10:22:50,638722;9,479804E-1;1,216384E-1;1,234183E-1;9,484087E-1;;
30/11/2021  10:22:50,638822;9,474231E-1;1,289658E-1;1,319485E-1;9,485987E-1;;
30/11/2021  10:22:50,638922;9,475781E-1;1,254614E-1;1,297370E-1;9,487769E-1;;
30/11/2021  10:22:50,639022;9,480967E-1;1,190898E-1;1,104651E-1;9,489429E-1;;
30/11/2021  10:22:50,639122;9,460790E-1;1,264171E-1;1,243661E-1;9,490968E-1;;
30/11/2021  10:22:50,639222;9,458227E-1;1,165411E-1;1,186794E-1;9,492383E-1;;
30/11/2021  10:22:50,639322;9,449971E-1;1,327887E-1;1,287892E-1;9,493671E-1;;
30/11/2021  10:22:50,639422;9,444696E-1;1,353374E-1;1,278414E-1;9,494829E-1;;
30/11/2021  10:22:50,639522;9,446634E-1;1,859916E-1;2,014535E-1;9,495853E-1;;
30/11/2021  10:22:50,639622;9,441329E-1;2,702016E-2;5,991600E-2;9,496739E-1;;
30/11/2021  10:22:50,639722;9,450091E-1;9,360338E-2;8,234717E-2;9,497485E-1;;
30/11/2021  10:22:50,639822;9,438170E-1;9,455912E-2;8,613836E-2;9,498090E-1;;
30/11/2021  10:22:50,639922;9,430570E-1;1,283286E-1;1,155200E-1;9,498553E-1;;
30/11/2021  10:22:50,640022;9,427798E-1;1,292843E-1;1,360556E-1;9,498873E-1;;
30/11/2021  10:22:50,640122;9,424818E-1;1,391603E-1;1,363715E-1;9,499048E-1;;
30/11/2021  10:22:50,640222;9,424579E-1;1,305587E-1;1,287892E-1;9,499077E-1;;
30/11/2021  10:22:50,640322;9,423626E-1;1,296029E-1;1,275255E-1;9,498960E-1;;
30/11/2021  10:22:50,640422;9,426248E-1;1,251428E-1;1,183634E-1;9,498698E-1;;
30/11/2021  10:22:50,640522;9,412151E-1;1,315144E-1;1,392149E-1;9,498292E-1;;
30/11/2021  10:22:50,640622;9,408545E-1;1,321516E-1;1,332122E-1;9,497743E-1;;
30/11/2021  10:22:50,640722;9,398800E-1;1,213198E-1;1,224705E-1;9,497053E-1;;
30/11/2021  10:22:50,640822;9,398979E-1;1,299215E-1;1,297370E-1;9,496220E-1;;
30/11/2021  10:22:50,640922;9,402078E-1;1,273729E-1;1,224705E-1;9,495246E-1;;
30/11/2021  10:22:50,641022;9,404909E-1;1,305587E-1;1,104651E-1;9,494133E-1;;
30/11/2021  10:22:50,641122;9,403598E-1;1,350188E-1;1,088855E-1;9,492884E-1;;
30/11/2021  10:22:50,641222;9,402585E-1;1,321516E-1;1,430061E-1;9,491503E-1;;
30/11/2021  10:22:50,641322;9,393107E-1;8,372740E-2;9,245700E-2;9,489995E-1;;
30/11/2021  10:22:50,641422;9,390783E-1;1,515849E-1;1,572231E-1;9,488364E-1;;
30/11/2021  10:22:50,641522;9,388756E-1;1,200455E-1;1,221546E-1;9,486615E-1;;
30/11/2021  10:22:50,641622;9,386312E-1;9,870066E-2;1,370034E-1;9,484752E-1;;
30/11/2021  10:22:50,641722;9,389680E-1;9,455912E-2;1,120448E-1;9,482780E-1;;
30/11/2021  10:22:50,641822;9,383749E-1;9,201048E-2;1,227865E-1;9,480702E-1;;
30/11/2021  10:22:50,641922;9,372633E-1;1,044351E-1;1,158360E-1;9,478526E-1;;
30/11/2021  10:22:50,642022;9,370487E-1;1,152668E-1;1,240502E-1;9,476255E-1;;
30/11/2021  10:22:50,642122;9,365510E-1;1,952304E-1;1,695444E-1;9,473892E-1;;
30/11/2021  10:22:50,642222;9,361665E-1;4,645354E-2;1,152041E-1;9,471441E-1;;
30/11/2021  10:22:50,642322;9,366881E-1;9,870066E-2;8,455870E-2;9,468906E-1;;
30/11/2021  10:22:50,642422;9,355317E-1;9,838208E-2;1,145722E-1;9,466289E-1;;
30/11/2021  10:22:50,642522;9,352635E-1;9,137332E-2;6,781430E-2;9,463596E-1;;
30/11/2021  10:22:50,642622;9,350549E-1;2,828399E-1;2,987606E-1;9,460830E-1;;
30/11/2021  10:22:50,642722;9,345154E-1;4,804644E-2;9,498445E-2;9,457994E-1;;
30/11/2021  10:22:50,642822;9,344052E-1;1,302401E-1;1,493248E-1;9,455090E-1;;
30/11/2021  10:22:50,642922;9,342740E-1;1,289658E-1;1,167838E-1;9,452124E-1;;
30/11/2021  10:22:50,643022;9,348820E-1;1,691068E-1;1,866047E-1;9,449098E-1;;
30/11/2021  10:22:50,643122;9,350251E-1;1,630538E-1;1,313166E-1;9,446018E-1;;
30/11/2021  10:22:50,643222;9,338389E-1;1,710183E-1;1,834454E-1;9,442890E-1;;
30/11/2021  10:22:50,643322;9,336690E-1;1,468062E-1;1,701763E-1;9,439718E-1;;
30/11/2021  10:22:50,643422;9,333561E-1;1,442576E-1;1,411105E-1;9,436509E-1;;
30/11/2021  10:22:50,643522;9,329746E-1;1,378860E-1;1,370034E-1;9,433266E-1;;
30/11/2021  10:22:50,643622;9,338359E-1;1,264171E-1;1,310007E-1;9,429993E-1;;
30/11/2021  10:22:50,643722;9,337286E-1;1,229127E-1;1,133085E-1;9,426695E-1;;
30/11/2021  10:22:50,643822;9,329508E-1;1,229127E-1;1,186794E-1;9,423379E-1;;
30/11/2021  10:22:50,643922;9,329031E-1;1,257800E-1;1,287892E-1;9,420049E-1;;
30/11/2021  10:22:50,644022;9,326021E-1;1,608238E-1;1,572231E-1;9,416712E-1;;
30/11/2021  10:22:50,644122;9,325246E-1;1,318330E-1;1,783905E-1;9,413370E-1;;
30/11/2021  10:22:50,644222;9,330342E-1;5,919674E-2;8,076751E-2;9,410029E-1;;
30/11/2021  10:22:50,644322;9,330014E-1;1,353374E-1;1,325804E-1;9,406694E-1;;
30/11/2021  10:22:50,644422;9,330014E-1;6,620550E-2;9,751191E-2;9,403371E-1;;
30/11/2021  10:22:50,644522;9,331862E-1;1,123996E-1;1,110970E-1;9,400065E-1;;
30/11/2021  10:22:50,644622;9,328226E-1;1,181340E-1;1,003553E-1;9,396782E-1;;
30/11/2021  10:22:50,644722;9,326736E-1;1,525407E-1;1,701763E-1;9,393529E-1;;
30/11/2021  10:22:50,644822;9,329508E-1;1,289658E-1;1,360556E-1;9,390309E-1;;
30/11/2021  10:22:50,644922;9,334366E-1;1,123996E-1;1,303688E-1;9,387128E-1;;
30/11/2021  10:22:50,645022;9,339671E-1;1,216384E-1;1,259458E-1;9,383993E-1;;
30/11/2021  10:22:50,645122;9,344081E-1;1,248242E-1;1,325804E-1;9,380909E-1;;
30/11/2021  10:22:50,645222;9,341191E-1;1,366117E-1;1,294210E-1;9,377884E-1;;
30/11/2021  10:22:50,645322;9,343724E-1;1,280100E-1;1,496407E-1;9,374924E-1;;
30/11/2021  10:22:50,645422;9,348224E-1;8,914326E-2;8,045158E-2;9,372037E-1;;
30/11/2021  10:22:50,645522;9,351651E-1;1,292843E-1;1,303688E-1;9,369228E-1;;
30/11/2021  10:22:50,645622;9,357999E-1;1,327887E-1;1,370034E-1;9,366505E-1;;
30/11/2021  10:22:50,645722;9,364914E-1;1,260985E-1;1,505885E-1;9,363874E-1;;
30/11/2021  10:22:50,645822;9,375166E-1;3,753330E-2;7,255328E-2;9,361343E-1;;
30/11/2021  10:22:50,645922;9,374242E-1;1,464877E-1;1,499566E-1;9,358922E-1;;
30/11/2021  10:22:50,646022;9,379130E-1;1,735670E-1;1,929234E-1;9,356617E-1;;
30/11/2021  10:22:50,646122;9,379666E-1;1,439390E-1;1,872366E-1;9,354438E-1;;
30/11/2021  10:22:50,646222;9,386104E-1;1,404346E-1;1,388990E-1;9,352390E-1;;
30/11/2021  10:22:50,646322;9,391051E-1;1,471248E-1;1,824976E-1;9,350481E-1;;
30/11/2021  10:22:50,646422;9,403509E-1;1,283286E-1;1,281573E-1;9,348717E-1;;
30/11/2021  10:22:50,646522;9,401929E-1;1,547707E-1;1,809180E-1;9,347106E-1;;
30/11/2021  10:22:50,646622;9,400528E-1;1,324701E-1;1,215227E-1;9,345652E-1;;
30/11/2021  10:22:50,646722;9,407800E-1;1,085766E-1;1,139404E-1;9,344362E-1;;
30/11/2021  10:22:50,646822;9,408337E-1;8,340882E-2;7,476481E-2;9,343240E-1;;
30/11/2021  10:22:50,646922;9,412241E-1;1,436204E-1;1,445858E-1;9,342289E-1;;
30/11/2021  10:22:50,647022;9,417695E-1;2,638300E-2;6,339125E-2;9,341512E-1;;
30/11/2021  10:22:50,647122;9,427262E-1;1,296029E-1;1,265777E-1;9,340910E-1;;
30/11/2021  10:22:50,647222;9,421271E-1;1,190898E-1;9,624818E-2;9,340488E-1;;
30/11/2021  10:22:50,647322;9,414834E-1;5,378088E-2;8,361090E-2;9,340245E-1;;
30/11/2021  10:22:50,647422;9,413791E-1;5,983390E-2;1,009872E-1;9,340180E-1;;
30/11/2021  10:22:50,647522;9,418947E-1;1,439390E-1;1,591187E-1;9,340291E-1;;
30/11/2021  10:22:50,647622;9,418976E-1;1,165411E-1;1,278414E-1;9,340574E-1;;
30/11/2021  10:22:50,647722;9,417963E-1;1,292843E-1;1,332122E-1;9,341024E-1;;
30/11/2021  10:22:50,647822;9,416562E-1;1,385232E-1;1,524841E-1;9,341636E-1;;
30/11/2021  10:22:50,647922;9,409559E-1;2,012834E-1;2,431566E-1;9,342405E-1;;
30/11/2021  10:22:50,648022;9,403211E-1;1,280100E-1;1,088855E-1;9,343322E-1;;
30/11/2021  10:22:50,648122;9,402406E-1;1,436204E-1;1,306848E-1;9,344378E-1;;
30/11/2021  10:22:50,648222;9,400499E-1;1,318330E-1;1,268936E-1;9,345563E-1;;
30/11/2021  10:22:50,648322;9,399336E-1;1,139925E-1;1,224705E-1;9,346866E-1;;
30/11/2021  10:22:50,648422;9,400737E-1;1,245056E-1;1,287892E-1;9,348276E-1;;
30/11/2021  10:22:50,648522;9,398174E-1;1,318330E-1;1,215227E-1;9,349781E-1;;
30/11/2021  10:22:50,648622;9,387832E-1;1,232313E-1;1,174156E-1;9,351372E-1;;
30/11/2021  10:22:50,648722;9,380560E-1;1,002936E-1;9,182514E-2;9,353036E-1;;
30/11/2021  10:22:50,648822;9,377431E-1;9,901924E-2;7,981972E-2;9,354759E-1;;
30/11/2021  10:22:50,648922;9,371381E-1;1,302401E-1;1,262617E-1;9,356528E-1;;
30/11/2021  10:22:50,649022;9,374659E-1;1,232313E-1;1,332122E-1;9,358328E-1;;
30/11/2021  10:22:50,649122;9,371321E-1;1,232313E-1;1,426902E-1;9,360147E-1;;
30/11/2021  10:22:50,649222;9,366374E-1;1,267357E-1;1,635417E-1;9,361971E-1;;
30/11/2021  10:22:50,649322;9,361695E-1;1,260985E-1;1,287892E-1;9,363789E-1;;
30/11/2021  10:22:50,649422;9,354214E-1;1,264171E-1;1,291051E-1;9,365587E-1;;
30/11/2021  10:22:50,649522;9,352098E-1;1,442576E-1;1,698603E-1;9,367354E-1;;
30/11/2021  10:22:50,649622;9,354602E-1;1,490363E-1;1,509044E-1;9,369076E-1;;
30/11/2021  10:22:50,649722;9,357403E-1;1,496735E-1;1,401627E-1;9,370744E-1;;
30/11/2021  10:22:50,649822;9,355168E-1;1,327887E-1;1,471132E-1;9,372347E-1;;
30/11/2021  10:22:50,649922;9,361814E-1;1,276914E-1;1,155200E-1;9,373878E-1;;
30/11/2021  10:22:50,650022;9,352754E-1;1,168597E-1;1,114129E-1;9,375331E-1;;
30/11/2021  10:22:50,650122;9,350698E-1;1,111253E-1;1,133085E-1;9,376700E-1;;
30/11/2021  10:22:50,650222;9,352367E-1;1,190898E-1;1,221546E-1;9,377979E-1;;
30/11/2021  10:22:50,650322;9,359072E-1;1,047537E-1;1,073058E-1;9,379164E-1;;
30/11/2021  10:22:50,650422;9,364735E-1;1,050723E-1;1,328963E-1;9,380251E-1;;
30/11/2021  10:22:50,650522;9,366851E-1;8,659462E-2;1,240502E-1;9,381240E-1;;
30/11/2021  10:22:50,650622;9,358059E-1;1,165411E-1;1,986102E-1;9,382131E-1;;
30/11/2021  10:22:50,650722;9,360533E-1;1,044351E-1;1,234183E-1;9,382925E-1;;
30/11/2021  10:22:50,650822;9,359102E-1;9,169190E-2;1,126766E-1;9,383622E-1;;
30/11/2021  10:22:50,650922;9,363722E-1;9,328480E-2;1,063580E-1;9,384223E-1;;
30/11/2021  10:22:50,651022;9,370696E-1;9,105474E-2;1,085695E-1;9,384730E-1;;
30/11/2021  10:22:50,651122;9,377401E-1;6,716124E-2;6,181159E-2;9,385146E-1;;
30/11/2021  10:22:50,651222;9,370487E-1;1,053908E-1;1,189953E-1;9,385476E-1;;
30/11/2021  10:22:50,651322;9,373914E-1;1,085766E-1;1,177316E-1;9,385724E-1;;
30/11/2021  10:22:50,651422;9,376298E-1;1,203641E-1;1,275255E-1;9,385897E-1;;
30/11/2021  10:22:50,651522;9,377103E-1;1,401161E-1;1,344760E-1;9,385998E-1;;
30/11/2021  10:22:50,651622;9,383332E-1;1,203641E-1;1,319485E-1;9,386034E-1;;
30/11/2021  10:22:50,651722;9,386402E-1;1,640096E-1;1,439539E-1;9,386011E-1;;
30/11/2021  10:22:50,651822;9,391260E-1;1,614609E-1;1,354238E-1;9,385935E-1;;
30/11/2021  10:22:50,651922;9,393405E-1;1,601866E-1;1,505885E-1;9,385815E-1;;
30/11/2021  10:22:50,652022;9,387355E-1;1,429833E-1;1,284732E-1;9,385656E-1;;
30/11/2021  10:22:50,652122;9,395253E-1;1,337445E-1;1,455336E-1;9,385467E-1;;
30/11/2021  10:22:50,652222;9,396266E-1;1,245056E-1;1,338441E-1;9,385254E-1;;
30/11/2021  10:22:50,652322;9,402108E-1;1,308772E-1;1,231024E-1;9,385023E-1;;
30/11/2021  10:22:50,652422;9,410989E-1;1,219570E-1;1,227865E-1;9,384782E-1;;
30/11/2021  10:22:50,652522;9,409886E-1;1,229127E-1;1,272095E-1;9,384539E-1;;
30/11/2021  10:22:50,652622;9,408635E-1;1,366117E-1;1,480610E-1;9,384301E-1;;
30/11/2021  10:22:50,652722;9,406906E-1;1,385232E-1;1,411105E-1;9,384076E-1;;
30/11/2021  10:22:50,652822;9,405505E-1;1,286472E-1;1,240502E-1;9,383869E-1;;
30/11/2021  10:22:50,652922;9,405595E-1;1,206827E-1;1,183634E-1;9,383684E-1;;
30/11/2021  10:22:50,653022;9,413850E-1;1,267357E-1;1,265777E-1;9,383527E-1;;
30/11/2021  10:22:50,653122;9,415221E-1;1,130368E-1;1,047783E-1;9,383400E-1;;
30/11/2021  10:22:50,653222;9,413373E-1;1,095324E-1;1,155200E-1;9,383308E-1;;
30/11/2021  10:22:50,653322;9,405714E-1;1,289658E-1;1,458495E-1;9,383255E-1;;
30/11/2021  10:22:50,653422;9,401810E-1;8,340882E-2;8,045158E-2;9,383243E-1;;
30/11/2021  10:22:50,653522;9,408754E-1;1,225942E-1;1,433221E-1;9,383271E-1;;
30/11/2021  10:22:50,653622;9,406400E-1;1,311958E-1;1,452176E-1;9,383341E-1;;
30/11/2021  10:22:50,653722;9,413254E-1;5,314372E-2;1,047783E-1;9,383452E-1;;
30/11/2021  10:22:50,653822;9,411526E-1;1,321516E-1;1,265777E-1;9,383605E-1;;
30/11/2021  10:22:50,653922;9,404731E-1;2,733874E-2;9,498445E-2;9,383801E-1;;
30/11/2021  10:22:50,654022;9,402674E-1;1,324701E-1;1,325804E-1;9,384037E-1;;
30/11/2021  10:22:50,654122;9,397012E-1;1,305587E-1;1,322644E-1;9,384313E-1;;
30/11/2021  10:22:50,654222;9,391587E-1;1,554079E-1;1,423743E-1;9,384626E-1;;
30/11/2021  10:22:50,654322;9,386938E-1;5,696668E-2;8,866581E-2;9,384970E-1;;
30/11/2021  10:22:50,654422;9,388220E-1;1,143111E-1;1,041465E-1;9,385341E-1;;
30/11/2021  10:22:50,654522;9,389203E-1;1,324701E-1;1,360556E-1;9,385734E-1;;
30/11/2021  10:22:50,654622;9,384405E-1;6,875414E-2;5,802041E-2;9,386144E-1;;
30/11/2021  10:22:50,654722;9,381812E-1;1,194084E-1;1,202590E-1;9,386565E-1;;
30/11/2021  10:22:50,654822;9,368401E-1;8,563888E-2;9,056141E-2;9,386993E-1;;
30/11/2021  10:22:50,654922;9,362589E-1;4,135626E-2;8,329497E-2;9,387420E-1;;
30/11/2021  10:22:50,655022;9,368281E-1;1,190898E-1;1,142563E-1;9,387840E-1;;
30/11/2021  10:22:50,655122;9,365480E-1;1,197269E-1;1,196272E-1;9,388244E-1;;
30/11/2021  10:22:50,655222;9,360086E-1;4,422348E-2;5,106991E-2;9,388626E-1;;
30/11/2021  10:22:50,655322;9,350787E-1;1,248242E-1;1,559593E-1;9,388980E-1;;
30/11/2021  10:22:50,655422;9,344171E-1;1,413904E-1;1,559593E-1;9,389299E-1;;
30/11/2021  10:22:50,655522;9,340386E-1;1,280100E-1;1,284732E-1;9,389575E-1;;
30/11/2021  10:22:50,655622;9,337465E-1;1,222756E-1;1,234183E-1;9,389799E-1;;
30/11/2021  10:22:50,655722;9,335319E-1;1,241871E-1;1,227865E-1;9,389966E-1;;
30/11/2021  10:22:50,655822;9,332995E-1;1,069837E-1;9,688005E-2;9,390067E-1;;
30/11/2021  10:22:50,655922;9,331028E-1;1,155854E-1;1,227865E-1;9,390097E-1;;
30/11/2021  10:22:50,656022;9,319852E-1;1,187712E-1;1,287892E-1;9,390051E-1;;
30/11/2021  10:22:50,656122;9,319822E-1;2,012834E-1;2,441044E-1;9,389922E-1;;
30/11/2021  10:22:50,656222;9,318719E-1;-8,979382E-3;2,074043E-2;9,389705E-1;;
30/11/2021  10:22:50,656322;9,321312E-1;1,229127E-1;1,177316E-1;9,389396E-1;;
30/11/2021  10:22:50,656422;9,326766E-1;1,025236E-1;1,000394E-1;9,388992E-1;;
30/11/2021  10:22:50,656522;9,330461E-1;1,840801E-1;1,976624E-1;9,388491E-1;;
30/11/2021  10:22:50,656622;9,331385E-1;1,178155E-1;1,101492E-1;9,387896E-1;;
30/11/2021  10:22:50,656722;9,325723E-1;1,917260E-1;1,963986E-1;9,387208E-1;;
30/11/2021  10:22:50,656822;9,326468E-1;1,184526E-1;1,439539E-1;9,386429E-1;;
30/11/2021  10:22:50,656922;9,329150E-1;1,210013E-1;1,287892E-1;9,385562E-1;;
30/11/2021  10:22:50,657022;9,329389E-1;1,267357E-1;1,316326E-1;9,384610E-1;;
30/11/2021  10:22:50,657122;9,339522E-1;1,229127E-1;1,189953E-1;9,383578E-1;;
30/11/2021  10:22:50,657222;9,334753E-1;1,257800E-1;1,218387E-1;9,382470E-1;;
30/11/2021  10:22:50,657322;9,334395E-1;1,283286E-1;1,120448E-1;9,381293E-1;;
30/11/2021  10:22:50,657422;9,329865E-1;1,130368E-1;1,234183E-1;9,380053E-1;;
30/11/2021  10:22:50,657522;9,325037E-1;1,088952E-1;1,205749E-1;9,378755E-1;;
30/11/2021  10:22:50,657622;9,330104E-1;1,318330E-1;1,278414E-1;9,377404E-1;;
30/11/2021  10:22:50,657722;9,334038E-1;1,315144E-1;1,275255E-1;9,376004E-1;;
30/11/2021  10:22:50,657822;9,337942E-1;1,114439E-1;1,199431E-1;9,374562E-1;;
30/11/2021  10:22:50,657922;9,347628E-1;1,706997E-1;1,651214E-1;9,373083E-1;;
30/11/2021  10:22:50,658022;9,341191E-1;1,426647E-1;1,411105E-1;9,371576E-1;;
30/11/2021  10:22:50,658122;9,344052E-1;1,614609E-1;2,055607E-1;9,370048E-1;;
30/11/2021  10:22:50,658222;9,341369E-1;1,735670E-1;2,166183E-1;9,368508E-1;;
30/11/2021  10:22:50,658322;9,351860E-1;1,321516E-1;1,344760E-1;9,366960E-1;;
30/11/2021  10:22:50,658422;9,355526E-1;1,334259E-1;1,379512E-1;9,365415E-1;;
30/11/2021  10:22:50,658522;9,367238E-1;1,299215E-1;1,212068E-1;9,363878E-1;;
30/11/2021  10:22:50,658622;9,371083E-1;1,139925E-1;1,262617E-1;9,362361E-1;;
30/11/2021  10:22:50,658722;9,374540E-1;1,037979E-1;8,234717E-2;9,360874E-1;;
30/11/2021  10:22:50,658822;9,377520E-1;7,002846E-2;5,264957E-2;9,359426E-1;;
30/11/2021  10:22:50,658922;9,384196E-1;1,044351E-1;1,092014E-1;9,358027E-1;;
30/11/2021  10:22:50,659022;9,398472E-1;8,691320E-2;9,972343E-2;9,356687E-1;;
30/11/2021  10:22:50,659122;9,404015E-1;8,054160E-2;6,497092E-2;9,355418E-1;;
30/11/2021  10:22:50,659222;9,415072E-1;9,838208E-2;1,022509E-1;9,354231E-1;;
30/11/2021  10:22:50,659322;9,417069E-1;9,742634E-2;8,582243E-2;9,353137E-1;;
30/11/2021  10:22:50,659422;9,416980E-1;8,022302E-2;1,031987E-1;9,352148E-1;;
30/11/2021  10:22:50,659522;9,418887E-1;5,675298E-3;7,571260E-2;9,351274E-1;;
30/11/2021  10:22:50,659622;9,427321E-1;1,286472E-1;1,600664E-1;9,350524E-1;;
30/11/2021  10:22:50,659722;9,436918E-1;8,659462E-2;1,006712E-1;9,349904E-1;;
30/11/2021  10:22:50,659822;9,447319E-1;1,273729E-1;1,338441E-1;9,349425E-1;;
30/11/2021  10:22:50,659922;9,450061E-1;1,464877E-1;1,524841E-1;9,349094E-1;;
30/11/2021  10:22:50,660022;9,446455E-1;1,894960E-1;1,521681E-1;9,348918E-1;;
30/11/2021  10:22:50,660122;9,446991E-1;1,347002E-1;1,148882E-1;9,348905E-1;;
30/11/2021  10:22:50,660222;9,446127E-1;1,726112E-1;1,515363E-1;9,349057E-1;;
30/11/2021  10:22:50,660322;9,454710E-1;1,777085E-1;1,632258E-1;9,349377E-1;;
30/11/2021  10:22:50,660422;9,453429E-1;1,464877E-1;1,294210E-1;9,349867E-1;;
30/11/2021  10:22:50,660522;9,453548E-1;1,350188E-1;1,278414E-1;9,350526E-1;;
30/11/2021  10:22:50,660622;9,454680E-1;1,299215E-1;1,256299E-1;9,351355E-1;;
30/11/2021  10:22:50,660722;9,451044E-1;1,241871E-1;1,212068E-1;9,352350E-1;;
30/11/2021  10:22:50,660822;9,445084E-1;1,168597E-1;1,031987E-1;9,353508E-1;;
30/11/2021  10:22:50,660922;9,446306E-1;1,873708E-2;6,244346E-2;9,354824E-1;;
30/11/2021  10:22:50,661022;9,443832E-1;9,838208E-2;1,038306E-1;9,356291E-1;;
30/11/2021  10:22:50,661122;9,451819E-1;2,808078E-3;1,107811E-1;9,357901E-1;;
30/11/2021  10:22:50,661222;9,451730E-1;1,340630E-1;1,654373E-1;9,359646E-1;;
30/11/2021  10:22:50,661322;9,449793E-1;4,167484E-2;1,256299E-1;9,361519E-1;;
30/11/2021  10:22:50,661422;9,452386E-1;1,251428E-1;1,177316E-1;9,363512E-1;;
30/11/2021  10:22:50,661522;9,446812E-1;1,276914E-1;1,183634E-1;9,365616E-1;;
30/11/2021  10:22:50,661622;9,450389E-1;1,388417E-1;1,351078E-1;9,367824E-1;;
30/11/2021  10:22:50,661722;9,454442E-1;9,901924E-2;1,240502E-1;9,370125E-1;;
30/11/2021  10:22:50,661822;9,456975E-1;1,340630E-1;1,272095E-1;9,372510E-1;;
30/11/2021  10:22:50,661922;9,458555E-1;1,337445E-1;1,528000E-1;9,374972E-1;;
30/11/2021  10:22:50,662022;9,455396E-1;1,082581E-1;9,624818E-2;9,377504E-1;;
30/11/2021  10:22:50,662122;9,453518E-1;1,337445E-1;1,259458E-1;9,380095E-1;;
30/11/2021  10:22:50,662222;9,449942E-1;1,286472E-1;1,202590E-1;9,382739E-1;;
30/11/2021  10:22:50,662322;9,446455E-1;1,235499E-1;1,101492E-1;9,385425E-1;;
30/11/2021  10:22:50,662422;9,454174E-1;1,283286E-1;1,180475E-1;9,388144E-1;;
30/11/2021  10:22:50,662522;9,450925E-1;1,483991E-1;1,723878E-1;9,390886E-1;;
30/11/2021  10:22:50,662622;9,453548E-1;1,257800E-1;1,363715E-1;9,393644E-1;;
30/11/2021  10:22:50,662722;9,453876E-1;1,139925E-1;1,332122E-1;9,396408E-1;;
30/11/2021  10:22:50,662822;9,447408E-1;1,289658E-1;1,354238E-1;9,399171E-1;;
30/11/2021  10:22:50,662922;9,447587E-1;1,302401E-1;1,325804E-1;9,401926E-1;;
30/11/2021  10:22:50,663022;9,445769E-1;1,264171E-1;1,278414E-1;9,404662E-1;;
30/11/2021  10:22:50,663122;9,448869E-1;1,257800E-1;1,284732E-1;9,407374E-1;;
30/11/2021  10:22:50,663222;9,451462E-1;9,201048E-2;9,372073E-2;9,410052E-1;;
30/11/2021  10:22:50,663322;9,453160E-1;1,286472E-1;1,265777E-1;9,412692E-1;;
30/11/2021  10:22:50,663422;9,448392E-1;1,353374E-1;1,319485E-1;9,415286E-1;;
30/11/2021  10:22:50,663522;9,448213E-1;1,152668E-1;1,133085E-1;9,417831E-1;;
30/11/2021  10:22:50,663622;9,440107E-1;1,276914E-1;1,234183E-1;9,420319E-1;;
30/11/2021  10:22:50,663722;9,443892E-1;1,343816E-1;1,648054E-1;9,422746E-1;;
30/11/2021  10:22:50,663822;9,441716E-1;1,082581E-1;1,170997E-1;9,425105E-1;;
30/11/2021  10:22:50,663922;9,437842E-1;3,371034E-2;5,928414E-2;9,427391E-1;;
30/11/2021  10:22:50,664022;9,438736E-1;3,944478E-2;6,528685E-2;9,429600E-1;;
30/11/2021  10:22:50,664122;9,438587E-1;1,101695E-1;1,069899E-1;9,431725E-1;;
30/11/2021  10:22:50,664222;9,440941E-1;1,229127E-1;1,237343E-1;9,433764E-1;;
30/11/2021  10:22:50,664322;9,437246E-1;1,270543E-1;1,284732E-1;9,435712E-1;;
30/11/2021  10:22:50,664422;9,437126E-1;1,267357E-1;1,287892E-1;9,437568E-1;;
30/11/2021  10:22:50,664522;9,439302E-1;1,315144E-1;1,335282E-1;9,439328E-1;;
30/11/2021  10:22:50,664622;9,439719E-1;1,311958E-1;1,379512E-1;9,440990E-1;;
30/11/2021  10:22:50,664722;9,434116E-1;1,770713E-1;1,752312E-1;9,442554E-1;;
30/11/2021  10:22:50,664822;9,439809E-1;1,321516E-1;1,268936E-1;9,444019E-1;;
30/11/2021  10:22:50,664922;9,433580E-1;1,382046E-1;1,338441E-1;9,445383E-1;;
30/11/2021  10:22:50,665022;9,429914E-1;1,267357E-1;1,325804E-1;9,446647E-1;;
30/11/2021  10:22:50,665122;9,439272E-1;1,254614E-1;1,303688E-1;9,447810E-1;;
30/11/2021  10:22:50,665222;9,442402E-1;8,117876E-2;9,372073E-2;9,448872E-1;;
30/11/2021  10:22:50,665322;9,439272E-1;7,130278E-2;9,024547E-2;9,449836E-1;;
30/11/2021  10:22:50,665422;9,443921E-1;1,541336E-1;1,597505E-1;9,450704E-1;;
30/11/2021  10:22:50,665522;9,438706E-1;1,270543E-1;1,249980E-1;9,451479E-1;;
30/11/2021  10:22:50,665622;9,437156E-1;1,165411E-1;1,085695E-1;9,452163E-1;;
30/11/2021  10:22:50,665722;9,434206E-1;1,165411E-1;9,624818E-2;9,452760E-1;;
30/11/2021  10:22:50,665822;9,430659E-1;1,289658E-1;1,461654E-1;9,453270E-1;;
30/11/2021  10:22:50,665922;9,437752E-1;1,120810E-1;1,152041E-1;9,453697E-1;;
30/11/2021  10:22:50,666022;9,437484E-1;9,838208E-2;1,177316E-1;9,454041E-1;;
30/11/2021  10:22:50,666122;9,438527E-1;1,133553E-1;1,145722E-1;9,454308E-1;;
30/11/2021  10:22:50,666222;9,431136E-1;8,404598E-2;8,392683E-2;9,454498E-1;;
30/11/2021  10:22:50,666322;9,423417E-1;1,378860E-1;1,366875E-1;9,454617E-1;;
30/11/2021  10:22:50,666422;9,419960E-1;1,114439E-1;1,227865E-1;9,454664E-1;;
30/11/2021  10:22:50,666522;9,421331E-1;1,280100E-1;1,262617E-1;9,454640E-1;;
30/11/2021  10:22:50,666622;9,429527E-1;1,296029E-1;1,243661E-1;9,454547E-1;;
30/11/2021  10:22:50,666722;9,419036E-1;1,197269E-1;1,256299E-1;9,454386E-1;;
30/11/2021  10:22:50,666822;9,414446E-1;1,210013E-1;1,215227E-1;9,454159E-1;;
30/11/2021  10:22:50,666922;9,409499E-1;1,257800E-1;1,291051E-1;9,453867E-1;;
30/11/2021  10:22:50,667022;9,402048E-1;1,187712E-1;1,215227E-1;9,453510E-1;;
30/11/2021  10:22:50,667122;9,399366E-1;1,267357E-1;1,256299E-1;9,453086E-1;;
30/11/2021  10:22:50,667222;9,399217E-1;1,321516E-1;1,265777E-1;9,452596E-1;;
30/11/2021  10:22:50,667322;9,399426E-1;1,219570E-1;1,243661E-1;9,452038E-1;;
30/11/2021  10:22:50,667422;9,400618E-1;1,101695E-1;1,234183E-1;9,451412E-1;;
30/11/2021  10:22:50,667522;9,394568E-1;1,225942E-1;1,499566E-1;9,450718E-1;;
30/11/2021  10:22:50,667622;9,382348E-1;1,165411E-1;1,227865E-1;9,449957E-1;;
30/11/2021  10:22:50,667722;9,384971E-1;1,162226E-1;1,189953E-1;9,449127E-1;;
30/11/2021  10:22:50,667822;9,383570E-1;1,311958E-1;1,300529E-1;9,448230E-1;;
30/11/2021  10:22:50,667922;9,386044E-1;9,073616E-2;1,167838E-1;9,447263E-1;;
30/11/2021  10:22:50,668022;9,390336E-1;1,225942E-1;1,145722E-1;9,446228E-1;;
30/11/2021  10:22:50,668122;9,395134E-1;1,726112E-1;2,005057E-1;9,445126E-1;;
30/11/2021  10:22:50,668222;9,390395E-1;1,254614E-1;1,259458E-1;9,443962E-1;;
30/11/2021  10:22:50,668322;9,378265E-1;1,206827E-1;1,259458E-1;9,442739E-1;;
30/11/2021  10:22:50,668422;9,379368E-1;1,235499E-1;1,205749E-1;9,441460E-1;;
30/11/2021  10:22:50,668522;9,387862E-1;1,296029E-1;1,360556E-1;9,440125E-1;;
30/11/2021  10:22:50,668622;9,387475E-1;6,811698E-2;5,580889E-2;9,438739E-1;;
30/11/2021  10:22:50,668722;9,397071E-1;1,127182E-1;1,227865E-1;9,437305E-1;;
30/11/2021  10:22:50,668822;9,393107E-1;1,523270E-2;5,264957E-2;9,435830E-1;;
30/11/2021  10:22:50,668922;9,385925E-1;1,037979E-1;1,079377E-1;9,434318E-1;;
30/11/2021  10:22:50,669022;9,378146E-1;9,933782E-2;1,196272E-1;9,432775E-1;;
30/11/2021  10:22:50,669122;9,381425E-1;1,111253E-1;1,278414E-1;9,431204E-1;;
30/11/2021  10:22:50,669222;9,392034E-1;4,486064E-2;7,476481E-2;9,429608E-1;;
30/11/2021  10:22:50,669322;9,385478E-1;9,455912E-2;1,060421E-1;9,427992E-1;;
30/11/2021  10:22:50,669422;9,389054E-1;-3,244942E-3;5,770448E-2;9,426361E-1;;
30/11/2021  10:22:50,669522;9,388726E-1;1,410718E-1;1,840773E-1;9,424718E-1;;
30/11/2021  10:22:50,669622;9,379845E-1;1,222756E-1;1,676488E-1;9,423070E-1;;
30/11/2021  10:22:50,669722;9,371023E-1;1,098510E-1;1,284732E-1;9,421419E-1;;
30/11/2021  10:22:50,669822;9,371739E-1;1,251428E-1;1,322644E-1;9,419767E-1;;
30/11/2021  10:22:50,669922;9,371590E-1;1,327887E-1;1,332122E-1;9,418116E-1;;
30/11/2021  10:22:50,670022;9,375494E-1;9,615202E-2;1,110970E-1;9,416466E-1;;
30/11/2021  10:22:50,670122;9,375851E-1;1,656025E-1;1,534319E-1;9,414820E-1;;
30/11/2021  10:22:50,670222;9,370904E-1;7,640006E-2;6,528685E-2;9,413179E-1;;
30/11/2021  10:22:50,670322;9,364705E-1;1,675139E-1;1,796542E-1;9,411546E-1;;
30/11/2021  10:22:50,670422;9,354781E-1;-1,013676E-1;-3,739105E-2;9,409922E-1;;
30/11/2021  10:22:50,670522;9,360831E-1;8,309024E-2;9,245700E-2;9,408305E-1;;
30/11/2021  10:22:50,670622;9,365629E-1;9,870066E-2;1,126766E-1;9,406695E-1;;
30/11/2021  10:22:50,670722;9,372215E-1;1,407532E-1;1,521681E-1;9,405094E-1;;
30/11/2021  10:22:50,670822;9,372931E-1;7,225852E-2;7,476481E-2;9,403502E-1;;
30/11/2021  10:22:50,670922;9,371917E-1;1,206827E-1;1,215227E-1;9,401925E-1;;
30/11/2021  10:22:50,671022;9,361337E-1;1,299215E-1;1,303688E-1;9,400363E-1;;
30/11/2021  10:22:50,671122;9,361844E-1;1,382046E-1;1,471132E-1;9,398818E-1;;
30/11/2021  10:22:50,671222;9,371262E-1;1,254614E-1;1,310007E-1;9,397293E-1;;
30/11/2021  10:22:50,671322;9,379845E-1;1,248242E-1;1,212068E-1;9,395789E-1;;
30/11/2021  10:22:50,671422;9,387504E-1;1,248242E-1;1,262617E-1;9,394308E-1;;
30/11/2021  10:22:50,671522;9,386700E-1;1,311958E-1;1,193112E-1;9,392858E-1;;
30/11/2021  10:22:50,671622;9,382498E-1;1,483991E-1;1,537478E-1;9,391443E-1;;
30/11/2021  10:22:50,671722;9,381782E-1;3,785188E-2;8,455870E-2;9,390067E-1;;
30/11/2021  10:22:50,671822;9,381037E-1;1,127182E-1;1,104651E-1;9,388735E-1;;
30/11/2021  10:22:50,671922;9,389710E-1;1,235499E-1;1,221546E-1;9,387449E-1;;
30/11/2021  10:22:50,672022;9,395492E-1;1,375674E-1;1,651214E-1;9,386214E-1;;
30/11/2021  10:22:50,672122;9,393882E-1;5,282514E-2;9,182514E-2;9,385032E-1;;
30/11/2021  10:22:50,672222;9,393227E-1;1,276914E-1;1,272095E-1;9,383910E-1;;
30/11/2021  10:22:50,672322;9,392124E-1;1,331073E-1;1,404787E-1;9,382849E-1;;
30/11/2021  10:22:50,672422;9,376686E-1;1,474434E-1;1,490088E-1;9,381853E-1;;
30/11/2021  10:22:50,672522;9,382110E-1;1,331073E-1;1,328963E-1;9,380922E-1;;
30/11/2021  10:22:50,672622;9,389769E-1;1,340630E-1;1,351078E-1;9,380056E-1;;
30/11/2021  10:22:50,672722;9,392988E-1;1,315144E-1;1,237343E-1;9,379253E-1;;
30/11/2021  10:22:50,672822;9,397608E-1;1,407532E-1;1,486929E-1;9,378516E-1;;
30/11/2021  10:22:50,672922;9,389442E-1;1,248242E-1;1,098333E-1;9,377846E-1;;
30/11/2021  10:22:50,673022;9,388786E-1;1,232313E-1;1,016190E-1;9,377243E-1;;
30/11/2021  10:22:50,673122;9,385567E-1;7,034704E-2;6,686651E-2;9,376706E-1;;
30/11/2021  10:22:50,673222;9,389591E-1;1,347002E-1;1,385831E-1;9,376235E-1;;
30/11/2021  10:22:50,673322;9,397548E-1;5,792242E-2;5,770448E-2;9,375827E-1;;
30/11/2021  10:22:50,673422;9,400826E-1;1,022050E-1;1,025668E-1;9,375483E-1;;
30/11/2021  10:22:50,673522;9,402823E-1;1,273729E-1;1,278414E-1;9,375203E-1;;
30/11/2021  10:22:50,673622;9,400439E-1;1,372488E-1;1,392149E-1;9,374987E-1;;
30/11/2021  10:22:50,673722;9,401095E-1;1,722926E-1;1,894481E-1;9,374835E-1;;
30/11/2021  10:22:50,673822;9,401482E-1;1,404346E-1;1,395309E-1;9,374748E-1;;
30/11/2021  10:22:50,673922;9,399694E-1;8,022302E-2;9,150920E-2;9,374724E-1;;
30/11/2021  10:22:50,674022;9,408068E-1;1,260985E-1;1,291051E-1;9,374762E-1;;
30/11/2021  10:22:50,674122;9,413850E-1;3,721472E-2;7,634447E-2;9,374862E-1;;
30/11/2021  10:22:50,674222;9,414089E-1;1,296029E-1;1,253139E-1;9,375024E-1;;
30/11/2021  10:22:50,674322;9,415191E-1;1,108067E-1;1,120448E-1;9,375248E-1;;
30/11/2021  10:22:50,674422;9,409380E-1;1,222756E-1;1,237343E-1;9,375534E-1;;
30/11/2021  10:22:50,674522;9,407800E-1;1,356559E-1;1,370034E-1;9,375882E-1;;
30/11/2021  10:22:50,674622;9,414595E-1;1,340630E-1;1,328963E-1;9,376289E-1;;
30/11/2021  10:22:50,674722;9,422612E-1;8,914326E-2;9,624818E-2;9,376754E-1;;
30/11/2021  10:22:50,674822;9,418261E-1;1,362931E-1;1,246821E-1;9,377276E-1;;
30/11/2021  10:22:50,674922;9,416413E-1;1,117624E-1;1,110970E-1;9,377855E-1;;
30/11/2021  10:22:50,675022;9,414387E-1;1,248242E-1;1,237343E-1;9,378488E-1;;
30/11/2021  10:22:50,675122;9,405207E-1;1,904517E-1;1,926074E-1;9,379174E-1;;
30/11/2021  10:22:50,675222;9,404820E-1;1,455319E-1;1,629098E-1;9,379907E-1;;
30/11/2021  10:22:50,675322;9,413671E-1;8,946184E-2;9,087734E-2;9,380684E-1;;
30/11/2021  10:22:50,675422;9,414238E-1;1,464877E-1;1,439539E-1;9,381501E-1;;
30/11/2021  10:22:50,675522;9,413522E-1;1,219570E-1;1,502726E-1;9,382353E-1;;
30/11/2021  10:22:50,675622;9,410810E-1;1,286472E-1;1,227865E-1;9,383238E-1;;
30/11/2021  10:22:50,675722;9,408158E-1;1,350188E-1;1,275255E-1;9,384152E-1;;
30/11/2021  10:22:50,675822;9,409410E-1;1,821686E-1;1,761790E-1;9,385092E-1;;
30/11/2021  10:22:50,675922;9,409797E-1;1,098510E-1;1,265777E-1;9,386052E-1;;
30/11/2021  10:22:50,676022;9,420258E-1;1,302401E-1;1,076217E-1;9,387029E-1;;
30/11/2021  10:22:50,676122;9,423477E-1;1,560451E-1;1,859729E-1;9,388021E-1;;
30/11/2021  10:22:50,676222;9,417635E-1;1,245056E-1;1,126766E-1;9,389026E-1;;
30/11/2021  10:22:50,676322;9,417874E-1;1,092138E-1;1,044624E-1;9,390042E-1;;
30/11/2021  10:22:50,676422;9,418947E-1;1,299215E-1;1,028828E-1;9,391067E-1;;
30/11/2021  10:22:50,676522;9,413046E-1;1,002936E-1;7,508074E-2;9,392100E-1;;
30/11/2021  10:22:50,676622;9,421837E-1;1,369303E-1;1,139404E-1;9,393137E-1;;
30/11/2021  10:22:50,676722;9,421212E-1;1,022050E-1;1,903959E-1;9,394175E-1;;
30/11/2021  10:22:50,676822;9,429109E-1;1,778134E-2;7,350108E-2;9,395215E-1;;
30/11/2021  10:22:50,676922;9,425414E-1;1,327887E-1;1,493248E-1;9,396254E-1;;
30/11/2021  10:22:50,677022;9,423208E-1;1,267357E-1;1,392149E-1;9,397293E-1;;
30/11/2021  10:22:50,677122;9,418440E-1;1,117624E-1;1,177316E-1;9,398329E-1;;
30/11/2021  10:22:50,677222;9,419364E-1;1,130368E-1;1,193112E-1;9,399362E-1;;
30/11/2021  10:22:50,677322;9,420884E-1;1,120810E-1;1,193112E-1;9,400388E-1;;
30/11/2021  10:22:50,677422;9,429109E-1;1,117624E-1;1,193112E-1;9,401406E-1;;
30/11/2021  10:22:50,677522;9,427977E-1;1,123996E-1;1,158360E-1;9,402415E-1;;
30/11/2021  10:22:50,677622;9,418738E-1;9,328480E-2;1,082536E-1;9,403413E-1;;
30/11/2021  10:22:50,677722;9,412897E-1;1,085766E-1;1,063580E-1;9,404400E-1;;
30/11/2021  10:22:50,677822;9,403270E-1;9,615202E-2;9,087734E-2;9,405372E-1;;
30/11/2021  10:22:50,677922;9,403032E-1;5,664810E-2;7,128955E-2;9,406325E-1;;
30/11/2021  10:22:50,678022;9,408426E-1;1,238685E-1;1,426902E-1;9,407254E-1;;
30/11/2021  10:22:50,678122;9,405893E-1;9,073616E-2;7,539667E-2;9,408154E-1;;
30/11/2021  10:22:50,678222;9,402197E-1;1,117624E-1;1,335282E-1;9,409021E-1;;
30/11/2021  10:22:50,678322;9,401393E-1;1,203641E-1;1,287892E-1;9,409853E-1;;
30/11/2021  10:22:50,678422;9,391319E-1;1,407532E-1;1,338441E-1;9,410645E-1;;
30/11/2021  10:22:50,678522;9,386819E-1;1,461691E-1;1,395309E-1;9,411392E-1;;
30/11/2021  10:22:50,678622;9,387206E-1;1,681511E-1;1,493248E-1;9,412090E-1;;
30/11/2021  10:22:50,678722;9,395700E-1;1,713369E-1;1,499566E-1;9,412734E-1;;
30/11/2021  10:22:50,678822;9,391200E-1;1,659210E-1;1,673329E-1;9,413320E-1;;
30/11/2021  10:22:50,678922;9,394121E-1;1,550893E-1;1,433221E-1;9,413846E-1;;
30/11/2021  10:22:50,679022;9,382408E-1;1,468062E-1;1,404787E-1;9,414311E-1;;
30/11/2021  10:22:50,679122;9,376775E-1;1,388417E-1;1,338441E-1;9,414711E-1;;
30/11/2021  10:22:50,679222;9,377640E-1;1,203641E-1;1,221546E-1;9,415044E-1;;
30/11/2021  10:22:50,679322;9,381782E-1;1,334259E-1;1,328963E-1;9,415306E-1;;
30/11/2021  10:22:50,679422;9,377789E-1;1,289658E-1;1,439539E-1;9,415496E-1;;
30/11/2021  10:22:50,679522;9,384941E-1;-4,402318E-2;1,221027E-2;9,415613E-1;;
30/11/2021  10:22:50,679622;9,377371E-1;1,210013E-1;1,246821E-1;9,415656E-1;;
30/11/2021  10:22:50,679722;9,373884E-1;1,289658E-1;1,341600E-1;9,415625E-1;;
30/11/2021  10:22:50,679822;9,372245E-1;1,302401E-1;1,259458E-1;9,415520E-1;;
30/11/2021  10:22:50,679922;9,366165E-1;1,372488E-1;1,297370E-1;9,415340E-1;;
30/11/2021  10:22:50,680022;9,372305E-1;1,573194E-1;1,575390E-1;9,415086E-1;;
30/11/2021  10:22:50,680122;9,372305E-1;1,286472E-1;1,202590E-1;9,414757E-1;;
30/11/2021  10:22:50,680222;9,371739E-1;1,640096E-1;1,837613E-1;9,414355E-1;;
30/11/2021  10:22:50,680322;9,366076E-1;1,245056E-1;1,180475E-1;9,413881E-1;;
30/11/2021  10:22:50,680422;9,363930E-1;1,241871E-1;1,218387E-1;9,413336E-1;;
30/11/2021  10:22:50,680522;9,356181E-1;1,232313E-1;1,186794E-1;9,412721E-1;;
30/11/2021  10:22:50,680622;9,352069E-1;1,410718E-1;1,528000E-1;9,412038E-1;;
30/11/2021  10:22:50,680722;9,353589E-1;1,181340E-1;1,158360E-1;9,411285E-1;;
30/11/2021  10:22:50,680822;9,352754E-1;1,458505E-1;1,325804E-1;9,410463E-1;;
30/11/2021  10:22:50,680922;9,349357E-1;1,238685E-1;1,044624E-1;9,409573E-1;;
30/11/2021  10:22:50,681022;9,346406E-1;1,286472E-1;1,221546E-1;9,408615E-1;;
30/11/2021  10:22:50,681122;9,339194E-1;1,289658E-1;1,401627E-1;9,407590E-1;;
30/11/2021  10:22:50,681222;9,335468E-1;1,347002E-1;1,385831E-1;9,406498E-1;;
30/11/2021  10:22:50,681322;9,337614E-1;1,334259E-1;1,303688E-1;9,405340E-1;;
30/11/2021  10:22:50,681422;9,343158E-1;1,388417E-1;1,347919E-1;9,404116E-1;;
30/11/2021  10:22:50,681522;9,346108E-1;9,519628E-2;1,480610E-1;9,402828E-1;;
30/11/2021  10:22:50,681622;9,345691E-1;1,681511E-1;2,377857E-1;9,401479E-1;;
30/11/2021  10:22:50,681722;9,340386E-1;1,343816E-1;1,885003E-1;9,400073E-1;;
30/11/2021  10:22:50,681822;9,339015E-1;1,292843E-1;1,275255E-1;9,398613E-1;;
30/11/2021  10:22:50,681922;9,343813E-1;1,241871E-1;1,265777E-1;9,397103E-1;;
30/11/2021  10:22:50,682022;9,344409E-1;1,248242E-1;1,246821E-1;9,395548E-1;;
30/11/2021  10:22:50,682122;9,346704E-1;1,241871E-1;1,202590E-1;9,393951E-1;;
30/11/2021  10:22:50,682222;9,347986E-1;1,280100E-1;1,133085E-1;9,392319E-1;;
30/11/2021  10:22:50,682322;9,346168E-1;1,133553E-1;1,268936E-1;9,390656E-1;;
30/11/2021  10:22:50,682422;9,344081E-1;1,162226E-1;1,117289E-1;9,388968E-1;;
30/11/2021  10:22:50,682522;9,343038E-1;1,598680E-1;1,701763E-1;9,387261E-1;;
30/11/2021  10:22:50,682622;9,348135E-1;1,267357E-1;1,430061E-1;9,385538E-1;;
30/11/2021  10:22:50,682722;9,347837E-1;1,238685E-1;1,388990E-1;9,383806E-1;;
30/11/2021  10:22:50,682822;9,348552E-1;1,433019E-1;1,531159E-1;9,382068E-1;;
30/11/2021  10:22:50,682922;9,349684E-1;-1,970622E-3;5,043804E-2;9,380332E-1;;
30/11/2021  10:22:50,683022;9,350400E-1;1,222756E-1;1,240502E-1;9,378602E-1;;
30/11/2021  10:22:50,683122;9,346257E-1;1,251428E-1;1,310007E-1;9,376883E-1;;
30/11/2021  10:22:50,683222;9,340445E-1;1,350188E-1;1,509044E-1;9,375180E-1;;
30/11/2021  10:22:50,683322;9,340535E-1;1,340630E-1;1,414265E-1;9,373495E-1;;
30/11/2021  10:22:50,683422;9,341071E-1;1,260985E-1;1,177316E-1;9,371832E-1;;
30/11/2021  10:22:50,683522;9,346913E-1;1,085766E-1;1,256299E-1;9,370193E-1;;
30/11/2021  10:22:50,683622;9,339909E-1;1,311958E-1;1,117289E-1;9,368581E-1;;
30/11/2021  10:22:50,683722;9,342234E-1;1,397975E-1;1,569071E-1;9,366998E-1;;
30/11/2021  10:22:50,683822;9,341787E-1;4,263058E-2;4,475127E-2;9,365446E-1;;
30/11/2021  10:22:50,683922;9,339879E-1;7,640006E-2;1,016190E-1;9,363929E-1;;
30/11/2021  10:22:50,684022;9,340922E-1;1,292843E-1;1,256299E-1;9,362447E-1;;
30/11/2021  10:22:50,684122;9,344767E-1;1,429833E-1;1,651214E-1;9,361002E-1;;
30/11/2021  10:22:50,684222;9,348820E-1;1,009307E-1;1,050943E-1;9,359596E-1;;
30/11/2021  10:22:50,684322;9,344976E-1;1,241871E-1;1,360556E-1;9,358232E-1;;
30/11/2021  10:22:50,684422;9,349386E-1;1,350188E-1;1,426902E-1;9,356911E-1;;
30/11/2021  10:22:50,684522;9,346168E-1;1,980976E-1;1,948190E-1;9,355637E-1;;
30/11/2021  10:22:50,684622;9,351949E-1;1,206827E-1;1,224705E-1;9,354411E-1;;
30/11/2021  10:22:50,684722;9,359996E-1;1,213198E-1;1,262617E-1;9,353236E-1;;
30/11/2021  10:22:50,684822;9,366463E-1;1,219570E-1;1,199431E-1;9,352114E-1;;
30/11/2021  10:22:50,684922;9,368013E-1;1,531778E-1;1,512204E-1;9,351051E-1;;
30/11/2021  10:22:50,685022;9,367745E-1;1,305587E-1;1,357397E-1;9,350050E-1;;
30/11/2021  10:22:50,685122;9,371828E-1;1,423461E-1;1,509044E-1;9,349116E-1;;
30/11/2021  10:22:50,685222;9,375851E-1;1,397975E-1;1,167838E-1;9,348252E-1;;
30/11/2021  10:22:50,685322;9,379368E-1;4,709070E-2;7,034176E-2;9,347463E-1;;
30/11/2021  10:22:50,685422;9,386402E-1;1,088952E-1;1,208909E-1;9,346753E-1;;
30/11/2021  10:22:50,685522;9,389382E-1;1,254614E-1;1,313166E-1;9,346125E-1;;
30/11/2021  10:22:50,685622;9,391736E-1;1,254614E-1;1,186794E-1;9,345585E-1;;
30/11/2021  10:22:50,685722;9,387057E-1;9,870066E-2;1,060421E-1;9,345136E-1;;
30/11/2021  10:22:50,685822;9,387266E-1;1,143111E-1;1,512204E-1;9,344781E-1;;
30/11/2021  10:22:50,685922;9,391796E-1;1,095324E-1;1,237343E-1;9,344521E-1;;
30/11/2021  10:22:50,686022;9,401214E-1;1,063466E-1;1,107811E-1;9,344359E-1;;
30/11/2021  10:22:50,686122;9,401631E-1;7,831154E-2;9,372073E-2;9,344295E-1;;
30/11/2021  10:22:50,686222;9,407115E-1;9,328480E-2;1,057261E-1;9,344332E-1;;
30/11/2021  10:22:50,686322;9,403330E-1;8,850610E-2;9,782784E-2;9,344472E-1;;
30/11/2021  10:22:50,686422;9,411019E-1;-5,156422E-3;6,523495E-3;9,344715E-1;;
30/11/2021  10:22:50,686522;9,406936E-1;8,595746E-2;8,898175E-2;9,345062E-1;;
30/11/2021  10:22:50,686622;9,402823E-1;1,041165E-1;1,145722E-1;9,345513E-1;;
30/11/2021  10:22:50,686722;9,413880E-1;1,088952E-1;1,278414E-1;9,346067E-1;;
30/11/2021  10:22:50,686822;9,420943E-1;8,595746E-2;1,006712E-1;9,346722E-1;;
30/11/2021  10:22:50,686922;9,423208E-1;1,461691E-1;1,344760E-1;9,347477E-1;;
30/11/2021  10:22:50,687022;9,423506E-1;1,280100E-1;1,047783E-1;9,348333E-1;;
30/11/2021  10:22:50,687122;9,426248E-1;3,785188E-2;5,738855E-2;9,349290E-1;;
30/11/2021  10:22:50,687222;9,423179E-1;-3,244942E-3;8,329497E-2;9,350344E-1;;
30/11/2021  10:22:50,687322;9,424758E-1;1,624167E-1;1,869207E-1;9,351496E-1;;
30/11/2021  10:22:50,687422;9,431792E-1;1,276914E-1;1,464814E-1;9,352741E-1;;
30/11/2021  10:22:50,687522;9,435070E-1;1,458505E-1;1,407946E-1;9,354078E-1;;
30/11/2021  10:22:50,687622;9,439093E-1;1,260985E-1;1,496407E-1;9,355504E-1;;
30/11/2021  10:22:50,687722;9,439213E-1;1,197269E-1;1,152041E-1;9,357017E-1;;
30/11/2021  10:22:50,687822;9,433878E-1;1,200455E-1;1,237343E-1;9,358615E-1;;
30/11/2021  10:22:50,687922;9,432805E-1;1,168597E-1;1,297370E-1;9,360295E-1;;
30/11/2021  10:22:50,688022;9,435547E-1;2,256004E-2;4,949025E-2;9,362051E-1;;
30/11/2021  10:22:50,688122;9,437484E-1;1,200455E-1;1,044624E-1;9,363878E-1;;
30/11/2021  10:22:50,688222;9,439838E-1;1,260985E-1;1,559593E-1;9,365773E-1;;
30/11/2021  10:22:50,688322;9,439630E-1;1,101695E-1;9,972343E-2;9,367729E-1;;
30/11/2021  10:22:50,688422;9,438229E-1;1,066652E-1;9,940750E-2;9,369743E-1;;
30/11/2021  10:22:50,688522;9,435279E-1;8,914326E-2;7,981972E-2;9,371808E-1;;
30/11/2021  10:22:50,688622;9,429467E-1;1,095324E-1;1,240502E-1;9,373919E-1;;
30/11/2021  10:22:50,688722;9,434027E-1;1,082581E-1;9,656411E-2;9,376068E-1;;
30/11/2021  10:22:50,688822;9,442819E-1;1,372488E-1;1,512204E-1;9,378249E-1;;
30/11/2021  10:22:50,688922;9,446961E-1;1,305587E-1;1,474292E-1;9,380456E-1;;
30/11/2021  10:22:50,689022;9,441269E-1;1,378860E-1;1,565912E-1;9,382685E-1;;
30/11/2021  10:22:50,689122;9,444726E-1;1,608238E-1;1,821817E-1;9,384930E-1;;
30/11/2021  10:22:50,689222;9,440077E-1;1,245056E-1;1,272095E-1;9,387188E-1;;
30/11/2021  10:22:50,689322;9,442133E-1;1,225942E-1;1,281573E-1;9,389452E-1;;
30/11/2021  10:22:50,689422;9,447587E-1;1,136739E-1;1,240502E-1;9,391719E-1;;
30/11/2021  10:22:50,689522;9,453071E-1;1,219570E-1;1,237343E-1;9,393983E-1;;
30/11/2021  10:22:50,689622;9,452147E-1;1,254614E-1;1,291051E-1;9,396242E-1;;
30/11/2021  10:22:50,689722;9,449942E-1;1,308772E-1;1,306848E-1;9,398493E-1;;
30/11/2021  10:22:50,689822;9,447230E-1;1,187712E-1;1,073058E-1;9,400731E-1;;
30/11/2021  10:22:50,689922;9,445352E-1;1,165411E-1;9,182514E-2;9,402954E-1;;
30/11/2021  10:22:50,690022;9,450657E-1;1,206827E-1;1,139404E-1;9,405157E-1;;
30/11/2021  10:22:50,690122;9,457601E-1;-3,542152E-2;9,366883E-3;9,407338E-1;;
30/11/2021  10:22:50,690222;9,462936E-1;7,958586E-2;1,082536E-1;9,409493E-1;;
30/11/2021  10:22:50,690322;9,460075E-1;1,280100E-1;1,316326E-1;9,411621E-1;;
30/11/2021  10:22:50,690422;9,463323E-1;1,394789E-1;1,341600E-1;9,413722E-1;;
30/11/2021  10:22:50,690522;9,458912E-1;1,276914E-1;1,231024E-1;9,415794E-1;;
30/11/2021  10:22:50,690622;9,459628E-1;1,139925E-1;1,243661E-1;9,417837E-1;;
30/11/2021  10:22:50,690722;9,457720E-1;1,165411E-1;1,275255E-1;9,419848E-1;;
30/11/2021  10:22:50,690822;9,464784E-1;1,286472E-1;1,272095E-1;9,421827E-1;;
30/11/2021  10:22:50,690922;9,464247E-1;1,299215E-1;1,335282E-1;9,423771E-1;;
30/11/2021  10:22:50,691022;9,462757E-1;1,053908E-1;1,186794E-1;9,425679E-1;;
30/11/2021  10:22:50,691122;9,459806E-1;1,283286E-1;1,246821E-1;9,427552E-1;;
30/11/2021  10:22:50,691222;9,457690E-1;1,340630E-1;1,294210E-1;9,429386E-1;;
30/11/2021  10:22:50,691322;9,452654E-1;1,388417E-1;1,357397E-1;9,431181E-1;;
30/11/2021  10:22:50,691422;9,454561E-1;1,181340E-1;1,193112E-1;9,432933E-1;;
30/11/2021  10:22:50,691522;9,456230E-1;1,649653E-1;1,404787E-1;9,434639E-1;;
30/11/2021  10:22:50,691622;9,455574E-1;1,222756E-1;7,571260E-2;9,436298E-1;;
30/11/2021  10:22:50,691722;9,456141E-1;1,990534E-1;2,235688E-1;9,437907E-1;;
30/11/2021  10:22:50,691822;9,449703E-1;1,327887E-1;1,366875E-1;9,439464E-1;;
30/11/2021  10:22:50,691922;9,442849E-1;1,353374E-1;1,322644E-1;9,440968E-1;;
30/11/2021  10:22:50,692022;9,447677E-1;1,382046E-1;1,357397E-1;9,442414E-1;;
30/11/2021  10:22:50,692122;9,449584E-1;1,245056E-1;1,335282E-1;9,443801E-1;;
30/11/2021  10:22:50,692222;9,439898E-1;1,235499E-1;1,028828E-1;9,445126E-1;;
30/11/2021  10:22:50,692322;9,448094E-1;1,340630E-1;1,360556E-1;9,446386E-1;;
30/11/2021  10:22:50,692422;9,443415E-1;1,292843E-1;1,297370E-1;9,447579E-1;;
30/11/2021  10:22:50,692522;9,444279E-1;1,382046E-1;1,316326E-1;9,448705E-1;;
30/11/2021  10:22:50,692622;9,434712E-1;1,225942E-1;1,262617E-1;9,449761E-1;;
30/11/2021  10:22:50,692722;9,441627E-1;1,034794E-1;1,224705E-1;9,450746E-1;;
30/11/2021  10:22:50,692822;9,444845E-1;1,321516E-1;1,379512E-1;9,451659E-1;;
30/11/2021  10:22:50,692922;9,442282E-1;1,127182E-1;1,073058E-1;9,452498E-1;;
30/11/2021  10:22:50,693022;9,439898E-1;1,225942E-1;9,782784E-2;9,453266E-1;;
30/11/2021  10:22:50,693122;9,442133E-1;1,315144E-1;1,259458E-1;9,453960E-1;;
30/11/2021  10:22:50,693222;9,439183E-1;1,378860E-1;1,411105E-1;9,454583E-1;;
30/11/2021  10:22:50,693322;9,434146E-1;1,433019E-1;1,395309E-1;9,455134E-1;;
30/11/2021  10:22:50,693422;9,442372E-1;1,229127E-1;1,417424E-1;9,455615E-1;;
30/11/2021  10:22:50,693522;9,439660E-1;1,493549E-1;1,455336E-1;9,456025E-1;;
30/11/2021  10:22:50,693622;9,435428E-1;1,343816E-1;1,319485E-1;9,456367E-1;;
30/11/2021  10:22:50,693722;9,429676E-1;2,525748E-1;2,652718E-1;9,456641E-1;;
30/11/2021  10:22:50,693822;9,424252E-1;1,222756E-1;1,249980E-1;9,456848E-1;;
30/11/2021  10:22:50,693922;9,414417E-1;1,146297E-1;1,199431E-1;9,456987E-1;;
30/11/2021  10:22:50,694022;9,411138E-1;1,146297E-1;1,227865E-1;9,457056E-1;;
30/11/2021  10:22:50,694122;9,413135E-1;1,095324E-1;1,076217E-1;9,457053E-1;;
30/11/2021  10:22:50,694222;9,412718E-1;1,053908E-1;1,025668E-1;9,456977E-1;;
30/11/2021  10:22:50,694322;9,405148E-1;1,146297E-1;1,227865E-1;9,456826E-1;;
30/11/2021  10:22:50,694422;9,396445E-1;9,328480E-2;1,215227E-1;9,456598E-1;;
30/11/2021  10:22:50,694522;9,394449E-1;9,296622E-2;9,814378E-2;9,456292E-1;;
30/11/2021  10:22:50,694622;9,384763E-1;3,976336E-2;1,300529E-1;9,455904E-1;;
30/11/2021  10:22:50,694722;9,379845E-1;1,139925E-1;1,338441E-1;9,455432E-1;;
30/11/2021  10:22:50,694822;9,383034E-1;7,544432E-2;1,177316E-1;9,454872E-1;;
30/11/2021  10:22:50,694922;9,380352E-1;1,955490E-1;2,005057E-1;9,454222E-1;;
30/11/2021  10:22:50,695022;9,375017E-1;1,037979E-1;1,136244E-1;9,453480E-1;;
30/11/2021  10:22:50,695122;9,371441E-1;1,401161E-1;1,430061E-1;9,452645E-1;;
30/11/2021  10:22:50,695222;9,365778E-1;1,433019E-1;1,360556E-1;9,451714E-1;;
30/11/2021  10:22:50,695322;9,365778E-1;1,624167E-1;1,610142E-1;9,450688E-1;;
30/11/2021  10:22:50,695422;9,364198E-1;1,738855E-1;1,692285E-1;9,449564E-1;;
30/11/2021  10:22:50,695522;9,363573E-1;1,764342E-1;1,553275E-1;9,448344E-1;;
30/11/2021  10:22:50,695622;9,361844E-1;1,652839E-1;1,613302E-1;9,447027E-1;;
30/11/2021  10:22:50,695722;9,368520E-1;1,512664E-1;1,341600E-1;9,445615E-1;;
30/11/2021  10:22:50,695822;9,360592E-1;1,640096E-1;1,622780E-1;9,444111E-1;;
30/11/2021  10:22:50,695922;9,353648E-1;1,493549E-1;1,411105E-1;9,442518E-1;;
30/11/2021  10:22:50,696022;9,350519E-1;7,098420E-2;9,719598E-2;9,440838E-1;;
30/11/2021  10:22:50,696122;9,350966E-1;1,321516E-1;1,268936E-1;9,439073E-1;;
30/11/2021  10:22:50,696222;9,354274E-1;1,879031E-1;1,989261E-1;9,437226E-1;;
30/11/2021  10:22:50,696322;9,350012E-1;1,174969E-1;9,245700E-2;9,435299E-1;;
30/11/2021  10:22:50,696422;9,344737E-1;1,340630E-1;1,537478E-1;9,433298E-1;;
30/11/2021  10:22:50,696522;9,337763E-1;1,337445E-1;1,445858E-1;9,431224E-1;;
30/11/2021  10:22:50,696622;9,334097E-1;1,366117E-1;1,341600E-1;9,429082E-1;;
30/11/2021  10:22:50,696722;9,330879E-1;1,292843E-1;1,322644E-1;9,426872E-1;;
30/11/2021  10:22:50,696822;9,335498E-1;1,305587E-1;1,278414E-1;9,424598E-1;;
30/11/2021  10:22:50,696922;9,331713E-1;1,152668E-1;1,202590E-1;9,422262E-1;;
30/11/2021  10:22:50,697022;9,333263E-1;1,436204E-1;1,376353E-1;9,419868E-1;;
30/11/2021  10:22:50,697122;9,331505E-1;1,165411E-1;9,150920E-2;9,417420E-1;;
30/11/2021  10:22:50,697222;9,325097E-1;1,092138E-1;8,297904E-2;9,414922E-1;;
30/11/2021  10:22:50,697322;9,321282E-1;9,328480E-2;1,199431E-1;9,412378E-1;;
30/11/2021  10:22:50,697422;9,326289E-1;1,496735E-1;1,417424E-1;9,409792E-1;;
30/11/2021  10:22:50,697522;9,327779E-1;1,391603E-1;1,382671E-1;9,407166E-1;;
30/11/2021  10:22:50,697622;9,327273E-1;1,200455E-1;1,306848E-1;9,404508E-1;;
30/11/2021  10:22:50,697722;9,334992E-1;3,466608E-2;6,212753E-2;9,401821E-1;;
30/11/2021  10:22:50,697822;9,330491E-1;2,114780E-1;1,679647E-1;9,399113E-1;;
30/11/2021  10:22:50,697922;9,330223E-1;1,337445E-1;1,455336E-1;9,396389E-1;;
30/11/2021  10:22:50,698022;9,328673E-1;1,302401E-1;1,278414E-1;9,393657E-1;;
30/11/2021  10:22:50,698122;9,332637E-1;1,423461E-1;1,376353E-1;9,390923E-1;;
30/11/2021  10:22:50,698222;9,339790E-1;1,222756E-1;1,256299E-1;9,388192E-1;;
30/11/2021  10:22:50,698322;9,344797E-1;1,254614E-1;1,281573E-1;9,385473E-1;;
30/11/2021  10:22:50,698422;9,345989E-1;1,184526E-1;1,120448E-1;9,382773E-1;;
30/11/2021  10:22:50,698522;9,343783E-1;1,149482E-1;1,300529E-1;9,380101E-1;;
30/11/2021  10:22:50,698622;9,344827E-1;1,219570E-1;1,189953E-1;9,377466E-1;;
30/11/2021  10:22:50,698722;9,346048E-1;1,324701E-1;1,284732E-1;9,374874E-1;;
30/11/2021  10:22:50,698822;9,351532E-1;1,280100E-1;1,303688E-1;9,372332E-1;;
30/11/2021  10:22:50,698922;9,352456E-1;1,254614E-1;1,272095E-1;9,369848E-1;;
30/11/2021  10:22:50,699022;9,360771E-1;1,133553E-1;1,031987E-1;9,367428E-1;;
30/11/2021  10:22:50,699122;9,356778E-1;1,190898E-1;1,136244E-1;9,365081E-1;;
30/11/2021  10:22:50,699222;9,355049E-1;9,264764E-2;9,719598E-2;9,362813E-1;;
30/11/2021  10:22:50,699322;9,354542E-1;2,742382E-1;2,608488E-1;9,360630E-1;;
30/11/2021  10:22:50,699422;9,354483E-1;1,461691E-1;1,455336E-1;9,358536E-1;;
30/11/2021  10:22:50,699522;9,358595E-1;1,299215E-1;1,569071E-1;9,356535E-1;;
30/11/2021  10:22:50,699622;9,368192E-1;1,410718E-1;1,341600E-1;9,354632E-1;;
30/11/2021  10:22:50,699722;9,368162E-1;1,388417E-1;1,771268E-1;9,352830E-1;;
30/11/2021  10:22:50,699822;9,366016E-1;1,219570E-1;1,114129E-1;9,351134E-1;;
30/11/2021  10:22:50,699922;9,365301E-1;1,391603E-1;1,253139E-1;9,349548E-1;;
30/11/2021  10:22:50,700022;9,362410E-1;1,353374E-1;1,234183E-1;9,348073E-1;;
30/11/2021  10:22:50,700122;9,366255E-1;1,264171E-1;1,338441E-1;9,346712E-1;;
30/11/2021  10:22:50,700222;9,376746E-1;1,095324E-1;9,656411E-2;9,345465E-1;;
30/11/2021  10:22:50,700322;9,378683E-1;1,388417E-1;1,265777E-1;9,344334E-1;;
30/11/2021  10:22:50,700422;9,370189E-1;1,308772E-1;9,782784E-2;9,343320E-1;;
30/11/2021  10:22:50,700522;9,371828E-1;1,363980E-2;5,991600E-2;9,342426E-1;;
30/11/2021  10:22:50,700622;9,374719E-1;5,780180E-4;3,464144E-2;9,341649E-1;;
30/11/2021  10:22:50,700722;9,377461E-1;1,276914E-1;1,512204E-1;9,340989E-1;;
30/11/2021  10:22:50,700822;9,380441E-1;8,213450E-2;6,402312E-2;9,340446E-1;;
30/11/2021  10:22:50,700922;9,383958E-1;1,534964E-1;1,562753E-1;9,340018E-1;;
30/11/2021  10:22:50,701022;9,386402E-1;1,445762E-1;1,496407E-1;9,339705E-1;;
30/11/2021  10:22:50,701122;9,388548E-1;1,585937E-1;1,742834E-1;9,339507E-1;;
30/11/2021  10:22:50,701222;9,383779E-1;1,165411E-1;1,208909E-1;9,339421E-1;;
30/11/2021  10:22:50,701322;9,380739E-1;1,302401E-1;1,300529E-1;9,339446E-1;;
30/11/2021  10:22:50,701422;9,384315E-1;1,257800E-1;1,272095E-1;9,339580E-1;;
30/11/2021  10:22:50,701522;9,388458E-1;1,194084E-1;1,259458E-1;9,339818E-1;;
30/11/2021  10:22:50,701622;9,394568E-1;1,296029E-1;1,272095E-1;9,340157E-1;;
30/11/2021  10:22:50,701722;9,394925E-1;1,321516E-1;1,303688E-1;9,340595E-1;;
30/11/2021  10:22:50,701822;9,390187E-1;1,331073E-1;1,297370E-1;9,341129E-1;;
30/11/2021  10:22:50,701922;9,386253E-1;1,375674E-1;1,196272E-1;9,341757E-1;;
30/11/2021  10:22:50,702022;9,383749E-1;8,223938E-3;5,770448E-2;9,342472E-1;;
30/11/2021  10:22:50,702122;9,388846E-1;7,863012E-2;9,561632E-2;9,343270E-1;;
30/11/2021  10:22:50,702222;9,389203E-1;1,630538E-1;1,565912E-1;9,344145E-1;;
30/11/2021  10:22:50,702322;9,390842E-1;1,238685E-1;1,477451E-1;9,345093E-1;;
30/11/2021  10:22:50,702422;9,392183E-1;8,532030E-2;1,310007E-1;9,346107E-1;;
30/11/2021  10:22:50,702522;9,388875E-1;1,069837E-1;1,145722E-1;9,347184E-1;;
30/11/2021  10:22:50,702622;9,385120E-1;1,117624E-1;1,186794E-1;9,348318E-1;;
30/11/2021  10:22:50,702722;9,386908E-1;1,063466E-1;1,158360E-1;9,349503E-1;;
30/11/2021  10:22:50,702822;9,387594E-1;8,532030E-2;1,088855E-1;9,350733E-1;;
30/11/2021  10:22:50,702922;9,396505E-1;1,018865E-1;1,082536E-1;9,352002E-1;;
30/11/2021  10:22:50,703022;9,401542E-1;1,002936E-1;1,237343E-1;9,353307E-1;;
30/11/2021  10:22:50,703122;9,402346E-1;9,742634E-2;1,104651E-1;9,354643E-1;;
30/11/2021  10:22:50,703222;9,395134E-1;8,946184E-2;9,245700E-2;9,356008E-1;;
30/11/2021  10:22:50,703322;9,398084E-1;1,018865E-1;9,403666E-2;9,357399E-1;;
30/11/2021  10:22:50,703422;9,397310E-1;1,018865E-1;9,877564E-2;9,358812E-1;;
30/11/2021  10:22:50,703522;9,406042E-1;9,392196E-2;1,110970E-1;9,360243E-1;;
30/11/2021  10:22:50,703622;9,409410E-1;8,978042E-2;1,249980E-1;9,361689E-1;;
30/11/2021  10:22:50,703722;9,413761E-1;1,445762E-1;1,695444E-1;9,363149E-1;;
30/11/2021  10:22:50,703822;9,413999E-1;1,359745E-1;1,341600E-1;9,364621E-1;;
30/11/2021  10:22:50,703922;9,406459E-1;1,493549E-1;1,439539E-1;9,366104E-1;;
30/11/2021  10:22:50,704022;9,407145E-1;1,675139E-1;1,524841E-1;9,367597E-1;;
30/11/2021  10:22:50,704122;9,411168E-1;1,678325E-1;1,455336E-1;9,369097E-1;;
30/11/2021  10:22:50,704222;9,416056E-1;1,515849E-1;1,464814E-1;9,370602E-1;;
30/11/2021  10:22:50,704322;9,423119E-1;1,429833E-1;1,287892E-1;9,372109E-1;;
30/11/2021  10:22:50,704422;9,421867E-1;1,133553E-1;1,278414E-1;9,373620E-1;;
30/11/2021  10:22:50,704522;9,419662E-1;1,222756E-1;1,272095E-1;9,375133E-1;;
30/11/2021  10:22:50,704622;9,409529E-1;1,229127E-1;1,224705E-1;9,376648E-1;;
30/11/2021  10:22:50,704722;9,412926E-1;1,225942E-1;1,155200E-1;9,378161E-1;;
30/11/2021  10:22:50,704822;9,413880E-1;-1,032791E-1;1,663332E-2;9,379672E-1;;
30/11/2021  10:22:50,704922;9,419245E-1;1,952304E-1;1,606983E-1;9,381176E-1;;
30/11/2021  10:22:50,705022;9,419632E-1;6,078964E-2;8,361090E-2;9,382671E-1;;
30/11/2021  10:22:50,705122;9,414893E-1;-3,701442E-2;-4,718494E-2;9,384157E-1;;
30/11/2021  10:22:50,705222;9,410781E-1;1,165411E-1;1,107811E-1;9,385630E-1;;
30/11/2021  10:22:50,705322;9,404820E-1;1,423461E-1;1,562753E-1;9,387089E-1;;
30/11/2021  10:22:50,705422;9,407443E-1;1,178155E-1;1,212068E-1;9,388529E-1;;
30/11/2021  10:22:50,705522;9,412807E-1;1,095324E-1;9,435259E-2;9,389945E-1;;
30/11/2021  10:22:50,705622;9,418678E-1;1,264171E-1;1,275255E-1;9,391336E-1;;
30/11/2021  10:22:50,705722;9,415907E-1;1,174969E-1;1,180475E-1;9,392700E-1;;
30/11/2021  10:22:50,705822;9,411794E-1;1,605052E-1;1,316326E-1;9,394036E-1;;
30/11/2021  10:22:50,705922;9,408694E-1;1,264171E-1;1,297370E-1;9,395340E-1;;
30/11/2021  10:22:50,706022;9,406549E-1;1,101695E-1;1,139404E-1;9,396613E-1;;
30/11/2021  10:22:50,706122;9,406966E-1;1,187712E-1;1,215227E-1;9,397849E-1;;
30/11/2021  10:22:50,706222;9,411853E-1;1,152668E-1;1,174156E-1;9,399048E-1;;
30/11/2021  10:22:50,706322;9,408694E-1;1,143111E-1;1,050943E-1;9,400206E-1;;
30/11/2021  10:22:50,706422;9,421003E-1;1,366117E-1;1,208909E-1;9,401323E-1;;
30/11/2021  10:22:50,706522;9,413075E-1;1,289658E-1;1,335282E-1;9,402399E-1;;
30/11/2021  10:22:50,706622;9,411466E-1;9,105474E-2;9,593225E-2;9,403434E-1;;
30/11/2021  10:22:50,706722;9,411645E-1;1,327887E-1;1,458495E-1;9,404426E-1;;
30/11/2021  10:22:50,706822;9,406608E-1;1,420275E-1;1,445858E-1;9,405376E-1;;
30/11/2021  10:22:50,706922;9,408367E-1;1,082581E-1;1,079377E-1;9,406283E-1;;
30/11/2021  10:22:50,707022;9,419215E-1;1,292843E-1;1,246821E-1;9,407145E-1;;
30/11/2021  10:22:50,707122;9,419334E-1;4,719558E-3;9,024547E-2;9,407963E-1;;
30/11/2021  10:22:50,707222;9,413254E-1;1,270543E-1;1,300529E-1;9,408739E-1;;
30/11/2021  10:22:50,707322;9,404343E-1;1,095324E-1;1,180475E-1;9,409474E-1;;
30/11/2021  10:22:50,707422;9,405923E-1;1,614609E-1;1,695444E-1;9,410166E-1;;
30/11/2021  10:22:50,707522;9,408098E-1;-1,265354E-1;-1,811920E-2;9,410815E-1;;
30/11/2021  10:22:50,707622;9,417337E-1;1,085766E-1;1,041465E-1;9,411421E-1;;
30/11/2021  10:22:50,707722;9,415936E-1;1,210013E-1;1,287892E-1;9,411985E-1;;
30/11/2021  10:22:50,707822;9,413075E-1;1,251428E-1;9,877564E-2;9,412508E-1;;
30/11/2021  10:22:50,707922;9,407264E-1;1,362931E-1;1,546956E-1;9,412991E-1;;
30/11/2021  10:22:50,708022;9,399843E-1;3,116170E-2;3,274585E-2;9,413435E-1;;
30/11/2021  10:22:50,708122;9,397578E-1;1,286472E-1;1,347919E-1;9,413840E-1;;
30/11/2021  10:22:50,708222;9,400588E-1;1,206827E-1;1,167838E-1;9,414203E-1;;
30/11/2021  10:22:50,708322;9,405535E-1;1,445762E-1;1,641736E-1;9,414523E-1;;
30/11/2021  10:22:50,708422;9,408367E-1;1,060280E-1;9,782784E-2;9,414801E-1;;
30/11/2021  10:22:50,708522;9,402764E-1;1,152668E-1;1,407946E-1;9,415037E-1;;
30/11/2021  10:22:50,708622;9,393018E-1;1,276914E-1;1,436380E-1;9,415233E-1;;
30/11/2021  10:22:50,708722;9,392452E-1;1,343816E-1;1,366875E-1;9,415387E-1;;
30/11/2021  10:22:50,708822;9,383362E-1;1,095324E-1;1,205749E-1;9,415498E-1;;
30/11/2021  10:22:50,708922;9,400797E-1;1,206827E-1;1,202590E-1;9,415564E-1;;
30/11/2021  10:22:50,709022;9,396714E-1;1,232313E-1;1,183634E-1;9,415585E-1;;
30/11/2021  10:22:50,709122;9,397459E-1;1,232313E-1;1,259458E-1;9,415562E-1;;
30/11/2021  10:22:50,709222;9,394210E-1;1,002936E-1;1,019350E-1;9,415495E-1;;
30/11/2021  10:22:50,709322;9,383988E-1;8,277166E-2;1,041465E-1;9,415386E-1;;
30/11/2021  10:22:50,709422;9,385448E-1;1,041165E-1;9,308886E-2;9,415234E-1;;
30/11/2021  10:22:50,709522;9,378891E-1;1,073023E-1;1,025668E-1;9,415039E-1;;
30/11/2021  10:22:50,709622;9,383898E-1;1,337445E-1;1,392149E-1;9,414799E-1;;
30/11/2021  10:22:50,709722;9,384822E-1;1,085766E-1;1,092014E-1;9,414513E-1;;
30/11/2021  10:22:50,709822;9,376716E-1;1,200455E-1;1,196272E-1;9,414183E-1;;
30/11/2021  10:22:50,709922;9,370546E-1;9,870066E-2;1,142563E-1;9,413807E-1;;
30/11/2021  10:22:50,710022;9,364795E-1;1,394789E-1;1,809180E-1;9,413385E-1;;
30/11/2021  10:22:50,710122;9,356330E-1;1,350188E-1;1,328963E-1;9,412914E-1;;
30/11/2021  10:22:50,710222;9,363722E-1;1,378860E-1;1,322644E-1;9,412392E-1;;
30/11/2021  10:22:50,710322;9,366046E-1;1,009307E-1;1,117289E-1;9,411816E-1;;
30/11/2021  10:22:50,710422;9,364944E-1;1,362931E-1;1,335282E-1;9,411186E-1;;
30/11/2021  10:22:50,710522;9,358387E-1;1,347002E-1;1,240502E-1;9,410503E-1;;
30/11/2021  10:22:50,710622;9,356599E-1;8,914326E-2;7,160549E-2;9,409765E-1;;
30/11/2021  10:22:50,710722;9,352873E-1;1,111253E-1;1,060421E-1;9,408973E-1;;
30/11/2021  10:22:50,710822;9,351413E-1;1,216384E-1;1,167838E-1;9,408126E-1;;
30/11/2021  10:22:50,710922;9,360443E-1;1,012493E-1;1,085695E-1;9,407224E-1;;
30/11/2021  10:22:50,711022;9,365063E-1;1,114439E-1;1,338441E-1;9,406269E-1;;
30/11/2021  10:22:50,711122;9,373467E-1;1,254614E-1;1,240502E-1;9,405263E-1;;
30/11/2021  10:22:50,711222;9,373408E-1;5,218798E-2;8,455870E-2;9,404212E-1;;
30/11/2021  10:22:50,711322;9,370159E-1;1,260985E-1;1,461654E-1;9,403121E-1;;
30/11/2021  10:22:50,711422;9,367179E-1;-7,269538E-2;1,035146E-1;9,401994E-1;;
30/11/2021  10:22:50,711522;9,370099E-1;9,583344E-2;1,101492E-1;9,400838E-1;;
30/11/2021  10:22:50,711622;9,380143E-1;-5,039478E-2;3,274585E-2;9,399657E-1;;
30/11/2021  10:22:50,711722;9,387475E-1;1,076209E-1;1,117289E-1;9,398456E-1;;
30/11/2021  10:22:50,711822;9,388637E-1;1,095324E-1;1,603824E-1;9,397244E-1;;
30/11/2021  10:22:50,711922;9,393942E-1;1,050723E-1;1,221546E-1;9,396028E-1;;
30/11/2021  10:22:50,712022;9,387594E-1;1,257800E-1;1,316326E-1;9,394816E-1;;
30/11/2021  10:22:50,712122;9,392183E-1;1,869473E-1;1,152041E-1;9,393616E-1;;
30/11/2021  10:22:50,712222;9,393495E-1;1,554079E-1;1,322644E-1;9,392434E-1;;
30/11/2021  10:22:50,712322;9,402495E-1;9,551486E-2;1,085695E-1;9,391277E-1;;
30/11/2021  10:22:50,712422;9,409529E-1;1,777085E-1;1,518522E-1;9,390153E-1;;
30/11/2021  10:22:50,712522;9,412211E-1;1,595494E-1;1,249980E-1;9,389068E-1;;
30/11/2021  10:22:50,712622;9,406221E-1;1,420275E-1;1,297370E-1;9,388032E-1;;
30/11/2021  10:22:50,712722;9,400290E-1;1,308772E-1;1,341600E-1;9,387051E-1;;
30/11/2021  10:22:50,712822;9,401303E-1;1,579565E-1;1,818658E-1;9,386128E-1;;
30/11/2021  10:22:50,712922;9,409767E-1;1,251428E-1;1,202590E-1;9,385269E-1;;
30/11/2021  10:22:50,713022;9,414297E-1;1,289658E-1;1,328963E-1;9,384476E-1;;
30/11/2021  10:22:50,713122;9,419453E-1;1,350188E-1;1,859729E-1;9,383754E-1;;
30/11/2021  10:22:50,713222;9,416503E-1;1,640096E-1;1,885003E-1;9,383108E-1;;
30/11/2021  10:22:50,713322;9,410542E-1;1,174969E-1;1,082536E-1;9,382540E-1;;
30/11/2021  10:22:50,713422;9,408516E-1;1,324701E-1;1,268936E-1;9,382053E-1;;
30/11/2021  10:22:50,713522;9,410661E-1;1,347002E-1;1,376353E-1;9,381648E-1;;
30/11/2021  10:22:50,713622;9,420765E-1;1,397975E-1;1,411105E-1;9,381324E-1;;
30/11/2021  10:22:50,713722;9,424997E-1;1,270543E-1;1,243661E-1;9,381084E-1;;
30/11/2021  10:22:50,713822;9,425801E-1;1,331073E-1;1,287892E-1;9,380927E-1;;
30/11/2021  10:22:50,713922;9,427500E-1;1,350188E-1;1,240502E-1;9,380856E-1;;
30/11/2021  10:22:50,714022;9,421599E-1;1,280100E-1;1,129926E-1;9,380871E-1;;
30/11/2021  10:22:50,714122;9,418857E-1;5,696668E-2;5,644075E-2;9,380972E-1;;
30/11/2021  10:22:50,714222;9,423894E-1;9,583344E-2;8,866581E-2;9,381159E-1;;
30/11/2021  10:22:50,714322;9,430063E-1;4,103768E-2;8,961361E-2;9,381428E-1;;
30/11/2021  10:22:50,714422;9,434534E-1;1,442576E-1;1,610142E-1;9,381779E-1;;
30/11/2021  10:22:50,714522;9,439809E-1;9,647060E-2;1,430061E-1;9,382211E-1;;
30/11/2021  10:22:50,714622;9,436560E-1;1,289658E-1;1,278414E-1;9,382725E-1;;
30/11/2021  10:22:50,714722;9,426576E-1;1,401161E-1;1,357397E-1;9,383319E-1;;
30/11/2021  10:22:50,714822;9,421808E-1;1,299215E-1;1,382671E-1;9,383991E-1;;
30/11/2021  10:22:50,714922;9,430033E-1;1,343816E-1;1,385831E-1;9,384736E-1;;
30/11/2021  10:22:50,715022;9,442312E-1;1,245056E-1;1,212068E-1;9,385551E-1;;
30/11/2021  10:22:50,715122;9,438497E-1;1,388417E-1;1,455336E-1;9,386432E-1;;
30/11/2021  10:22:50,715222;9,429705E-1;1,299215E-1;1,240502E-1;9,387378E-1;;
30/11/2021  10:22:50,715322;9,434563E-1;1,273729E-1;1,234183E-1;9,388385E-1;;
30/11/2021  10:22:50,715422;9,430421E-1;1,311958E-1;1,202590E-1;9,389449E-1;;
30/11/2021  10:22:50,715522;9,429407E-1;1,311958E-1;1,183634E-1;9,390565E-1;;
30/11/2021  10:22:50,715622;9,429616E-1;1,273729E-1;1,234183E-1;9,391729E-1;;
30/11/2021  10:22:50,715722;9,438617E-1;1,417090E-1;1,660692E-1;9,392934E-1;;
30/11/2021  10:22:50,715822;9,433490E-1;1,257800E-1;1,313166E-1;9,394178E-1;;
30/11/2021  10:22:50,715922;9,434057E-1;2,325043E-1;2,747498E-1;9,395455E-1;;
30/11/2021  10:22:50,716022;9,426397E-1;1,420275E-1;1,442698E-1;9,396762E-1;;
30/11/2021  10:22:50,716122;9,422761E-1;1,382046E-1;1,351078E-1;9,398093E-1;;
30/11/2021  10:22:50,716222;9,428543E-1;1,232313E-1;1,335282E-1;9,399441E-1;;
30/11/2021  10:22:50,716322;9,436709E-1;1,356559E-1;1,291051E-1;9,400803E-1;;
30/11/2021  10:22:50,716422;9,441746E-1;1,289658E-1;1,107811E-1;9,402173E-1;;
30/11/2021  10:22:50,716522;9,438229E-1;1,375674E-1;1,344760E-1;9,403548E-1;;
30/11/2021  10:22:50,716622;9,440613E-1;1,334259E-1;1,275255E-1;9,404927E-1;;
30/11/2021  10:22:50,716722;9,435755E-1;1,308772E-1;1,268936E-1;9,406308E-1;;
30/11/2021  10:22:50,716822;9,435487E-1;-5,772212E-2;3,748483E-2;9,407686E-1;;
30/11/2021  10:22:50,716922;9,447319E-1;1,512664E-1;1,812339E-1;9,409060E-1;;
30/11/2021  10:22:50,717022;9,449226E-1;1,028422E-1;1,003553E-1;9,410427E-1;;
30/11/2021  10:22:50,717122;9,458465E-1;7,544432E-2;7,444887E-2;9,411787E-1;;
30/11/2021  10:22:50,717222;9,460552E-1;1,305587E-1;1,265777E-1;9,413141E-1;;
30/11/2021  10:22:50,717322;9,453548E-1;1,267357E-1;1,170997E-1;9,414489E-1;;
30/11/2021  10:22:50,717422;9,451700E-1;1,337445E-1;1,442698E-1;9,415833E-1;;
30/11/2021  10:22:50,717522;9,446544E-1;1,260985E-1;1,253139E-1;9,417172E-1;;
30/11/2021  10:22:50,717622;9,452475E-1;1,286472E-1;1,316326E-1;9,418504E-1;;
30/11/2021  10:22:50,717722;9,453488E-1;1,331073E-1;1,259458E-1;9,419828E-1;;
30/11/2021  10:22:50,717822;9,457482E-1;1,225942E-1;1,310007E-1;9,421143E-1;;
30/11/2021  10:22:50,717922;9,455217E-1;1,385232E-1;1,392149E-1;9,422448E-1;;
30/11/2021  10:22:50,718022;9,451909E-1;1,359745E-1;1,332122E-1;9,423743E-1;;
30/11/2021  10:22:50,718122;9,441001E-1;1,308772E-1;1,278414E-1;9,425025E-1;;
30/11/2021  10:22:50,718222;9,436530E-1;1,305587E-1;1,275255E-1;9,426292E-1;;
30/11/2021  10:22:50,718322;9,439570E-1;1,359745E-1;1,385831E-1;9,427541E-1;;
30/11/2021  10:22:50,718422;9,433759E-1;1,076209E-1;9,593225E-2;9,428765E-1;;
30/11/2021  10:22:50,718522;9,432924E-1;1,375674E-1;1,388990E-1;9,429962E-1;;
30/11/2021  10:22:50,718622;9,428275E-1;1,276914E-1;1,445858E-1;9,431126E-1;;
30/11/2021  10:22:50,718722;9,417009E-1;1,407532E-1;1,366875E-1;9,432252E-1;;
30/11/2021  10:22:50,718822;9,413046E-1;1,044351E-1;1,651214E-1;9,433334E-1;;
30/11/2021  10:22:50,718922;9,414595E-1;1,436204E-1;1,392149E-1;9,434367E-1;;
30/11/2021  10:22:50,719022;9,410781E-1;8,755036E-2;1,028828E-1;9,435342E-1;;
30/11/2021  10:22:50,719122;9,412151E-1;1,280100E-1;1,240502E-1;9,436255E-1;;
30/11/2021  10:22:50,719222;9,405774E-1;1,356559E-1;1,597505E-1;9,437100E-1;;
30/11/2021  10:22:50,719322;9,402346E-1;1,280100E-1;1,335282E-1;9,437873E-1;;
30/11/2021  10:22:50,719422;9,398621E-1;9,678918E-2;1,145722E-1;9,438569E-1;;
30/11/2021  10:22:50,719522;9,397697E-1;1,397975E-1;1,597505E-1;9,439182E-1;;
30/11/2021  10:22:50,719622;9,394955E-1;1,468062E-1;1,556434E-1;9,439709E-1;;
30/11/2021  10:22:50,719722;9,405744E-1;1,063466E-1;1,003553E-1;9,440146E-1;;
30/11/2021  10:22:50,719822;9,404164E-1;9,742634E-2;1,098333E-1;9,440492E-1;;
30/11/2021  10:22:50,719922;9,403598E-1;1,108067E-1;1,041465E-1;9,440745E-1;;
30/11/2021  10:22:50,720022;9,392839E-1;1,085766E-1;1,152041E-1;9,440907E-1;;
30/11/2021  10:22:50,720122;9,392005E-1;9,551486E-2;1,129926E-1;9,440977E-1;;
30/11/2021  10:22:50,720222;9,394329E-1;1,095324E-1;1,291051E-1;9,440953E-1;;
30/11/2021  10:22:50,720322;9,395194E-1;9,487770E-2;9,340479E-2;9,440837E-1;;
30/11/2021  10:22:50,720422;9,397935E-1;1,178155E-1;1,243661E-1;9,440630E-1;;
30/11/2021  10:22:50,720522;9,395521E-1;1,280100E-1;1,341600E-1;9,440333E-1;;
30/11/2021  10:22:50,720622;9,387743E-1;1,401161E-1;1,625939E-1;9,439948E-1;;
30/11/2021  10:22:50,720722;9,382587E-1;1,735670E-1;1,708081E-1;9,439478E-1;;
30/11/2021  10:22:50,720822;9,367924E-1;1,875845E-1;1,632258E-1;9,438923E-1;;
30/11/2021  10:22:50,720922;9,375792E-1;1,605052E-1;1,471132E-1;9,438283E-1;;
30/11/2021  10:22:50,721022;9,375315E-1;1,668768E-1;1,559593E-1;9,437557E-1;;
30/11/2021  10:22:50,721122;9,375434E-1;1,305587E-1;1,199431E-1;9,436746E-1;;
30/11/2021  10:22:50,721222;9,371470E-1;1,251428E-1;1,316326E-1;9,435852E-1;;
30/11/2021  10:22:50,721322;9,374063E-1;1,267357E-1;1,322644E-1;9,434877E-1;;
30/11/2021  10:22:50,721422;9,363185E-1;1,620981E-1;1,900800E-1;9,433822E-1;;
30/11/2021  10:22:50,721522;9,352993E-1;1,977790E-1;1,932393E-1;9,432689E-1;;
30/11/2021  10:22:50,721622;9,367030E-1;6,588692E-2;7,697633E-2;9,431479E-1;;
30/11/2021  10:22:50,721722;9,366791E-1;1,200455E-1;1,388990E-1;9,430193E-1;;
30/11/2021  10:22:50,721822;9,368848E-1;4,454206E-2;8,834988E-2;9,428835E-1;;
30/11/2021  10:22:50,721922;9,368252E-1;1,002936E-1;1,000394E-1;9,427410E-1;;
30/11/2021  10:22:50,722022;9,360831E-1;1,480806E-1;1,278414E-1;9,425920E-1;;
30/11/2021  10:22:50,722122;9,359162E-1;1,308772E-1;1,363715E-1;9,424371E-1;;
30/11/2021  10:22:50,722222;9,360384E-1;1,238685E-1;1,196272E-1;9,422766E-1;;
30/11/2021  10:22:50,722322;9,363096E-1;1,375674E-1;1,338441E-1;9,421108E-1;;
30/11/2021  10:22:50,722422;9,361904E-1;1,219570E-1;1,281573E-1;9,419403E-1;;
30/11/2021  10:22:50,722522;9,362887E-1;1,241871E-1;1,284732E-1;9,417655E-1;;
30/11/2021  10:22:50,722622;9,361397E-1;1,340630E-1;1,373193E-1;9,415869E-1;;
30/11/2021  10:22:50,722722;9,361218E-1;1,120810E-1;1,095173E-1;9,414049E-1;;
30/11/2021  10:22:50,722822;9,351055E-1;1,178155E-1;1,139404E-1;9,412201E-1;;
30/11/2021  10:22:50,722922;9,342710E-1;1,206827E-1;1,183634E-1;9,410328E-1;;
30/11/2021  10:22:50,723022;9,342412E-1;1,350188E-1;1,338441E-1;9,408432E-1;;
30/11/2021  10:22:50,723122;9,339671E-1;1,283286E-1;1,597505E-1;9,406515E-1;;
30/11/2021  10:22:50,723222;9,336035E-1;-5,963360E-2;5,422923E-2;9,404578E-1;;
30/11/2021  10:22:50,723322;9,331624E-1;7,703722E-2;8,866581E-2;9,402621E-1;;
30/11/2021  10:22:50,723422;9,319047E-1;1,318330E-1;1,496407E-1;9,400645E-1;;
30/11/2021  10:22:50,723522;9,305606E-1;1,630538E-1;1,897641E-1;9,398649E-1;;
30/11/2021  10:22:50,723622;9,300033E-1;1,200455E-1;1,268936E-1;9,396629E-1;;
30/11/2021  10:22:50,723722;9,298393E-1;1,037979E-1;1,720719E-1;9,394583E-1;;
30/11/2021  10:22:50,723822;9,293476E-1;1,280100E-1;1,208909E-1;9,392505E-1;;
30/11/2021  10:22:50,723922;9,288260E-1;1,139925E-1;1,262617E-1;9,390392E-1;;
30/11/2021  10:22:50,724022;9,283760E-1;1,178155E-1;1,031987E-1;9,388241E-1;;
30/11/2021  10:22:50,724122;9,276369E-1;1,133553E-1;9,435259E-2;9,386047E-1;;
30/11/2021  10:22:50,724222;9,268114E-1;1,222756E-1;1,114129E-1;9,383807E-1;;
30/11/2021  10:22:50,724322;9,264448E-1;1,286472E-1;1,325804E-1;9,381517E-1;;
30/11/2021  10:22:50,724422;9,263017E-1;1,219570E-1;1,082536E-1;9,379172E-1;;
30/11/2021  10:22:50,724522;9,270587E-1;1,213198E-1;1,205749E-1;9,376771E-1;;
30/11/2021  10:22:50,724622;9,263136E-1;8,595746E-2;5,580889E-2;9,374311E-1;;
30/11/2021  10:22:50,724722;9,259143E-1;-2,745702E-2;5,233363E-2;9,371791E-1;;
30/11/2021  10:22:50,724822;9,259024E-1;1,155854E-1;1,265777E-1;9,369212E-1;;
30/11/2021  10:22:50,724922;9,250262E-1;1,260985E-1;1,272095E-1;9,366573E-1;;
30/11/2021  10:22:50,725022;9,260484E-1;1,225942E-1;1,373193E-1;9,363876E-1;;
30/11/2021  10:22:50,725122;9,263315E-1;1,178155E-1;1,218387E-1;9,361121E-1;;
30/11/2021  10:22:50,725222;9,267428E-1;1,225942E-1;1,129926E-1;9,358313E-1;;
30/11/2021  10:22:50,725322;9,271332E-1;1,840801E-1;1,948190E-1;9,355456E-1;;
30/11/2021  10:22:50,725422;9,270706E-1;1,200455E-1;1,221546E-1;9,352557E-1;;
30/11/2021  10:22:50,725522;9,271332E-1;1,203641E-1;1,218387E-1;9,349623E-1;;
30/11/2021  10:22:50,725622;9,281793E-1;1,235499E-1;1,212068E-1;9,346662E-1;;
30/11/2021  10:22:50,725722;9,288618E-1;1,213198E-1;1,243661E-1;9,343682E-1;;
30/11/2021  10:22:50,725822;9,298989E-1;1,187712E-1;1,120448E-1;9,340693E-1;;
30/11/2021  10:22:50,725922;9,304205E-1;1,162226E-1;1,199431E-1;9,337708E-1;;
30/11/2021  10:22:50,726022;9,311328E-1;1,178155E-1;1,114129E-1;9,334739E-1;;
30/11/2021  10:22:50,726122;9,316156E-1;1,120810E-1;1,044624E-1;9,331800E-1;;
30/11/2021  10:22:50,726222;9,321997E-1;8,691320E-2;8,392683E-2;9,328904E-1;;
30/11/2021  10:22:50,726322;9,331832E-1;9,328480E-2;1,537478E-1;9,326066E-1;;
30/11/2021  10:22:50,726422;9,344022E-1;8,978042E-2;1,464814E-1;9,323299E-1;;
30/11/2021  10:22:50,726522;9,346853E-1;1,582751E-1;1,922915E-1;9,320619E-1;;
30/11/2021  10:22:50,726622;9,356211E-1;1,841850E-2;6,718244E-2;9,318041E-1;;
30/11/2021  10:22:50,726722;9,358387E-1;1,203641E-1;1,148882E-1;9,315578E-1;;
30/11/2021  10:22:50,726822;9,362738E-1;1,334259E-1;1,291051E-1;9,313246E-1;;
30/11/2021  10:22:50,726922;9,365540E-1;1,245056E-1;1,215227E-1;9,311057E-1;;
30/11/2021  10:22:50,727022;9,376090E-1;1,334259E-1;1,354238E-1;9,309022E-1;;
30/11/2021  10:22:50,727122;9,389859E-1;1,235499E-1;1,101492E-1;9,307153E-1;;
30/11/2021  10:22:50,727222;9,393316E-1;1,283286E-1;1,388990E-1;9,305462E-1;;
30/11/2021  10:22:50,727322;9,400946E-1;1,267357E-1;1,234183E-1;9,303959E-1;;
30/11/2021  10:22:50,727422;9,406429E-1;1,235499E-1;1,205749E-1;9,302655E-1;;
30/11/2021  10:22:50,727522;9,401959E-1;9,009900E-2;6,970989E-2;9,301560E-1;;
30/11/2021  10:22:50,727622;9,408307E-1;1,108067E-1;1,300529E-1;9,300680E-1;;
30/11/2021  10:22:50,727722;9,420377E-1;8,882468E-2;9,245700E-2;9,300022E-1;;
30/11/2021  10:22:50,727822;9,429407E-1;1,127182E-1;1,442698E-1;9,299591E-1;;
30/11/2021  10:22:50,727922;9,435547E-1;8,213450E-2;1,098333E-1;9,299392E-1;;
30/11/2021  10:22:50,728022;9,437305E-1;1,117624E-1;1,727037E-1;9,299430E-1;;
30/11/2021  10:22:50,728122;9,437335E-1;1,015679E-1;1,133085E-1;9,299709E-1;;
30/11/2021  10:22:50,728222;9,442610E-1;9,742634E-2;1,117289E-1;9,300230E-1;;
30/11/2021  10:22:50,728322;9,443862E-1;9,647060E-2;1,139404E-1;9,300993E-1;;
30/11/2021  10:22:50,728422;9,453727E-1;8,946184E-2;9,498445E-2;9,301999E-1;;
30/11/2021  10:22:50,728522;9,462191E-1;9,073616E-2;8,771802E-2;9,303244E-1;;
30/11/2021  10:22:50,728622;9,456975E-1;9,487770E-2;1,136244E-1;9,304728E-1;;
30/11/2021  10:22:50,728722;9,462548E-1;1,076209E-1;1,193112E-1;9,306447E-1;;
30/11/2021  10:22:50,728822;9,463204E-1;1,130368E-1;1,249980E-1;9,308397E-1;;
30/11/2021  10:22:50,728922;9,456647E-1;5,887816E-2;4,854245E-2;9,310572E-1;;
30/11/2021  10:22:50,729022;9,466184E-1;6,620550E-2;8,171531E-2;9,312965E-1;;
30/11/2021  10:22:50,729122;9,467317E-1;1,640096E-1;1,407946E-1;9,315567E-1;;
30/11/2021  10:22:50,729222;9,473248E-1;1,700626E-1;1,537478E-1;9,318370E-1;;
30/11/2021  10:22:50,729322;9,477509E-1;1,550893E-1;1,461654E-1;9,321365E-1;;
30/11/2021  10:22:50,729422;9,472234E-1;1,506292E-1;1,430061E-1;9,324543E-1;;
30/11/2021  10:22:50,729522;9,475602E-1;1,401161E-1;1,392149E-1;9,327895E-1;;
30/11/2021  10:22:50,729622;9,478046E-1;1,178155E-1;1,291051E-1;9,331409E-1;;
30/11/2021  10:22:50,729722;9,478046E-1;1,187712E-1;1,224705E-1;9,335075E-1;;
30/11/2021  10:22:50,729822;9,484185E-1;1,353374E-1;1,351078E-1;9,338881E-1;;
30/11/2021  10:22:50,729922;9,496285E-1;-5,294342E-2;6,244346E-2;9,342816E-1;;
30/11/2021  10:22:50,730022;9,491427E-1;1,318330E-1;1,385831E-1;9,346871E-1;;
30/11/2021  10:22:50,730122;9,497507E-1;1,334259E-1;1,303688E-1;9,351036E-1;;
30/11/2021  10:22:50,730222;9,494587E-1;1,178155E-1;1,161519E-1;9,355301E-1;;
30/11/2021  10:22:50,730322;9,496673E-1;1,114439E-1;9,624818E-2;9,359656E-1;;
30/11/2021  10:22:50,730422;9,509250E-1;1,162226E-1;1,186794E-1;9,364090E-1;;
30/11/2021  10:22:50,730522;9,516969E-1;1,213198E-1;1,360556E-1;9,368595E-1;;
30/11/2021  10:22:50,730622;9,515508E-1;1,225942E-1;9,119327E-2;9,373161E-1;;
30/11/2021  10:22:50,730722;9,520605E-1;1,216384E-1;1,385831E-1;9,377783E-1;;
30/11/2021  10:22:50,730822;9,521678E-1;1,388417E-1;1,442698E-1;9,382452E-1;;
30/11/2021  10:22:50,730922;9,521588E-1;1,130368E-1;1,897641E-1;9,387161E-1;;
30/11/2021  10:22:50,731022;9,524628E-1;1,289658E-1;1,291051E-1;9,391903E-1;;
30/11/2021  10:22:50,731122;9,528383E-1;9,806350E-2;1,313166E-1;9,396669E-1;;
30/11/2021  10:22:50,731222;9,537473E-1;1,219570E-1;1,420583E-1;9,401452E-1;;
30/11/2021  10:22:50,731322;9,538635E-1;1,668768E-1;1,878685E-1;9,406246E-1;;
30/11/2021  10:22:50,731422;9,533330E-1;1,436204E-1;1,414265E-1;9,411045E-1;;
30/11/2021  10:22:50,731522;9,530320E-1;1,178155E-1;1,208909E-1;9,415842E-1;;
30/11/2021  10:22:50,731622;9,528055E-1;2,156195E-1;1,641736E-1;9,420630E-1;;
30/11/2021  10:22:50,731722;9,525939E-1;1,809992E-2;7,350108E-2;9,425400E-1;;
30/11/2021  10:22:50,731822;9,528949E-1;1,254614E-1;1,212068E-1;9,430143E-1;;
30/11/2021  10:22:50,731922;9,527429E-1;1,206827E-1;1,319485E-1;9,434850E-1;;
30/11/2021  10:22:50,732022;9,524390E-1;2,606442E-2;-2,380598E-2;9,439514E-1;;
30/11/2021  10:22:50,732122;9,516104E-1;1,407532E-1;1,332122E-1;9,444124E-1;;
30/11/2021  10:22:50,732222;9,507283E-1;1,369303E-1;1,322644E-1;9,448671E-1;;
30/11/2021  10:22:50,732322;9,508445E-1;1,260985E-1;1,256299E-1;9,453145E-1;;
30/11/2021  10:22:50,732422;9,509101E-1;1,257800E-1;1,291051E-1;9,457534E-1;;
30/11/2021  10:22:50,732522;9,505912E-1;1,174969E-1;1,316326E-1;9,461828E-1;;
30/11/2021  10:22:50,732622;9,507014E-1;7,321426E-2;9,593225E-2;9,466018E-1;;
30/11/2021  10:22:50,732722;9,503378E-1;1,302401E-1;1,616461E-1;9,470095E-1;;
30/11/2021  10:22:50,732822;9,496285E-1;1,315144E-1;1,306848E-1;9,474050E-1;;
30/11/2021  10:22:50,732922;9,482993E-1;1,372488E-1;1,300529E-1;9,477875E-1;;
30/11/2021  10:22:50,733022;9,486570E-1;1,280100E-1;1,303688E-1;9,481559E-1;;
30/11/2021  10:22:50,733122;9,483261E-1;1,362931E-1;1,373193E-1;9,485095E-1;;
30/11/2021  10:22:50,733222;9,482665E-1;1,305587E-1;1,189953E-1;9,488472E-1;;
30/11/2021  10:22:50,733322;9,480728E-1;1,436204E-1;1,341600E-1;9,491685E-1;;
30/11/2021  10:22:50,733422;9,475662E-1;7,066562E-2;9,593225E-2;9,494727E-1;;
30/11/2021  10:22:50,733522;9,465678E-1;5,569236E-2;8,898175E-2;9,497591E-1;;
30/11/2021  10:22:50,733622;9,459538E-1;3,817046E-2;6,465498E-2;9,500271E-1;;
30/11/2021  10:22:50,733722;9,460432E-1;1,276914E-1;1,253139E-1;9,502761E-1;;
30/11/2021  10:22:50,733822;9,455187E-1;1,267357E-1;1,227865E-1;9,505056E-1;;
30/11/2021  10:22:50,733922;9,455783E-1;7,894870E-2;8,582243E-2;9,507150E-1;;
30/11/2021  10:22:50,734022;9,458227E-1;2,001140E-2;7,729226E-2;9,509040E-1;;
30/11/2021  10:22:50,734122;9,447438E-1;1,700626E-1;1,695444E-1;9,510725E-1;;
30/11/2021  10:22:50,734222;9,443832E-1;1,286472E-1;1,316326E-1;9,512201E-1;;
30/11/2021  10:22:50,734322;9,448690E-1;1,362931E-1;1,433221E-1;9,513469E-1;;
30/11/2021  10:22:50,734422;9,447021E-1;1,385232E-1;1,395309E-1;9,514528E-1;;
30/11/2021  10:22:50,734522;9,449644E-1;1,216384E-1;1,265777E-1;9,515378E-1;;
30/11/2021  10:22:50,734622;9,455455E-1;1,420275E-1;1,537478E-1;9,516024E-1;;
30/11/2021  10:22:50,734722;9,444309E-1;1,324701E-1;1,193112E-1;9,516469E-1;;
30/11/2021  10:22:50,734822;9,443951E-1;6,270112E-2;3,495737E-2;9,516718E-1;;
30/11/2021  10:22:50,734922;9,445412E-1;1,206827E-1;1,145722E-1;9,516776E-1;;
30/11/2021  10:22:50,735022;9,448988E-1;1,429833E-1;1,534319E-1;9,516649E-1;;
30/11/2021  10:22:50,735122;9,453667E-1;1,385232E-1;1,319485E-1;9,516342E-1;;
30/11/2021  10:22:50,735222;9,459508E-1;1,315144E-1;1,338441E-1;9,515865E-1;;
30/11/2021  10:22:50,735322;9,460581E-1;1,140974E-2;6,718244E-2;9,515227E-1;;
30/11/2021  10:22:50,735422;9,461267E-1;1,401161E-1;1,392149E-1;9,514439E-1;;
30/11/2021  10:22:50,735522;9,460552E-1;1,528593E-1;1,818658E-1;9,513511E-1;;
30/11/2021  10:22:50,735622;9,454472E-1;1,719741E-1;1,471132E-1;9,512455E-1;;
30/11/2021  10:22:50,735722;9,462101E-1;1,372488E-1;1,335282E-1;9,511281E-1;;
30/11/2021  10:22:50,735822;9,467019E-1;1,318330E-1;1,322644E-1;9,509999E-1;;
30/11/2021  10:22:50,735922;9,471400E-1;1,311958E-1;1,306848E-1;9,508620E-1;;
30/11/2021  10:22:50,736022;9,468807E-1;1,280100E-1;1,325804E-1;9,507158E-1;;
30/11/2021  10:22:50,736122;9,474589E-1;1,174969E-1;1,196272E-1;9,505623E-1;;
30/11/2021  10:22:50,736222;9,469224E-1;1,130368E-1;1,129926E-1;9,504027E-1;;
30/11/2021  10:22:50,736322;9,469433E-1;3,657756E-2;1,568552E-2;9,502383E-1;;
30/11/2021  10:22:50,736422;9,473575E-1;1,053908E-1;1,360556E-1;9,500699E-1;;
30/11/2021  10:22:50,736522;9,476854E-1;1,076209E-1;1,028828E-1;9,498986E-1;;
30/11/2021  10:22:50,736622;9,479894E-1;1,194084E-1;1,202590E-1;9,497255E-1;;
30/11/2021  10:22:50,736722;9,477152E-1;1,092138E-1;8,961361E-2;9,495516E-1;;
30/11/2021  10:22:50,736822;9,475632E-1;8,914326E-2;1,028828E-1;9,493779E-1;;
30/11/2021  10:22:50,736922;9,466989E-1;1,190898E-1;1,388990E-1;9,492051E-1;;
30/11/2021  10:22:50,737022;9,467973E-1;1,114439E-1;1,155200E-1;9,490339E-1;;
30/11/2021  10:22:50,737122;9,467436E-1;8,022302E-2;8,929768E-2;9,488649E-1;;
30/11/2021  10:22:50,737222;9,467347E-1;8,595746E-2;1,253139E-1;9,486986E-1;;
30/11/2021  10:22:50,737322;9,459449E-1;1,015679E-1;1,411105E-1;9,485354E-1;;
30/11/2021  10:22:50,737422;9,457035E-1;1,722926E-1;1,900800E-1;9,483756E-1;;
30/11/2021  10:22:50,737522;9,449405E-1;1,585937E-1;1,325804E-1;9,482193E-1;;
30/11/2021  10:22:50,737622;9,439749E-1;1,713369E-1;1,430061E-1;9,480667E-1;;
30/11/2021  10:22:50,737722;9,438080E-1;1,592309E-1;1,328963E-1;9,479175E-1;;
30/11/2021  10:22:50,737822;9,439987E-1;1,665582E-1;1,578549E-1;9,477715E-1;;
30/11/2021  10:22:50,737922;9,433639E-1;1,585937E-1;1,502726E-1;9,476286E-1;;
30/11/2021  10:22:50,738022;9,431196E-1;1,372488E-1;1,310007E-1;9,474884E-1;;
30/11/2021  10:22:50,738122;9,422910E-1;1,299215E-1;1,161519E-1;9,473507E-1;;
30/11/2021  10:22:50,738222;9,410781E-1;1,254614E-1;1,186794E-1;9,472150E-1;;
30/11/2021  10:22:50,738322;9,403389E-1;1,187712E-1;1,366875E-1;9,470809E-1;;
30/11/2021  10:22:50,738422;9,399813E-1;1,120810E-1;1,095173E-1;9,469476E-1;;
30/11/2021  10:22:50,738522;9,401989E-1;1,015679E-1;8,771802E-2;9,468145E-1;;
30/11/2021  10:22:50,738622;9,394717E-1;1,012493E-1;8,613836E-2;9,466810E-1;;
30/11/2021  10:22:50,738722;9,388965E-1;1,350188E-1;1,600664E-1;9,465464E-1;;
30/11/2021  10:22:50,738822;9,377282E-1;1,311958E-1;1,335282E-1;9,464102E-1;;
30/11/2021  10:22:50,738922;9,373586E-1;1,327887E-1;1,313166E-1;9,462716E-1;;
30/11/2021  10:22:50,739022;9,370129E-1;1,461691E-1;1,619620E-1;9,461299E-1;;
30/11/2021  10:22:50,739122;9,367983E-1;1,410718E-1;1,322644E-1;9,459845E-1;;
30/11/2021  10:22:50,739222;9,366672E-1;1,362931E-1;1,313166E-1;9,458347E-1;;
30/11/2021  10:22:50,739322;9,364646E-1;1,353374E-1;1,486929E-1;9,456800E-1;;
30/11/2021  10:22:50,739422;9,356658E-1;1,238685E-1;1,180475E-1;9,455200E-1;;
30/11/2021  10:22:50,739522;9,357433E-1;1,267357E-1;1,208909E-1;9,453543E-1;;
30/11/2021  10:22:50,739622;9,346466E-1;1,362931E-1;1,411105E-1;9,451825E-1;;
30/11/2021  10:22:50,739722;9,346317E-1;1,350188E-1;1,300529E-1;9,450043E-1;;
30/11/2021  10:22:50,739822;9,346615E-1;7,640006E-2;8,203124E-2;9,448193E-1;;
30/11/2021  10:22:50,739922;9,354185E-1;1,311958E-1;1,347919E-1;9,446274E-1;;
30/11/2021  10:22:50,740022;9,352665E-1;1,350188E-1;1,474292E-1;9,444284E-1;;
30/11/2021  10:22:50,740122;9,347866E-1;1,286472E-1;1,376353E-1;9,442226E-1;;
30/11/2021  10:22:50,740222;9,349923E-1;1,280100E-1;1,253139E-1;9,440101E-1;;
30/11/2021  10:22:50,740322;9,348582E-1;1,292843E-1;1,152041E-1;9,437912E-1;;
30/11/2021  10:22:50,740422;9,349893E-1;1,302401E-1;1,262617E-1;9,435661E-1;;
30/11/2021  10:22:50,740522;9,359698E-1;1,353374E-1;1,354238E-1;9,433352E-1;;
30/11/2021  10:22:50,740622;9,368043E-1;1,095324E-1;8,961361E-2;9,430991E-1;;
30/11/2021  10:22:50,740722;9,370725E-1;1,216384E-1;1,272095E-1;9,428585E-1;;
30/11/2021  10:22:50,740822;9,371888E-1;1,372488E-1;1,325804E-1;9,426144E-1;;
30/11/2021  10:22:50,740922;9,372990E-1;1,283286E-1;1,136244E-1;9,423676E-1;;
30/11/2021  10:22:50,741022;9,377222E-1;3,243602E-2;8,076751E-2;9,421190E-1;;
30/11/2021  10:22:50,741122;9,384435E-1;1,397975E-1;1,556434E-1;9,418697E-1;;
30/11/2021  10:22:50,741222;9,391379E-1;1,359745E-1;1,300529E-1;9,416207E-1;;
30/11/2021  10:22:50,741322;9,404850E-1;1,280100E-1;1,388990E-1;9,413731E-1;;
30/11/2021  10:22:50,741422;9,407383E-1;1,746276E-2;3,780076E-2;9,411282E-1;;
30/11/2021  10:22:50,741522;9,407532E-1;1,276914E-1;1,253139E-1;9,408872E-1;;
30/11/2021  10:22:50,741622;9,405386E-1;1,359745E-1;1,354238E-1;9,406515E-1;;
30/11/2021  10:22:50,741722;9,403926E-1;1,327887E-1;1,392149E-1;9,404222E-1;;
30/11/2021  10:22:50,741822;9,409022E-1;1,251428E-1;1,249980E-1;9,402001E-1;;
30/11/2021  10:22:50,741922;9,414238E-1;1,378860E-1;1,335282E-1;9,399862E-1;;
30/11/2021  10:22:50,742022;9,421033E-1;1,401161E-1;1,689125E-1;9,397813E-1;;
30/11/2021  10:22:50,742122;9,417546E-1;1,127182E-1;1,275255E-1;9,395864E-1;;
30/11/2021  10:22:50,742222;9,411019E-1;1,200455E-1;1,104651E-1;9,394021E-1;;
30/11/2021  10:22:50,742322;9,406370E-1;1,302401E-1;1,177316E-1;9,392291E-1;;
30/11/2021  10:22:50,742422;9,405535E-1;2,351578E-2;6,212753E-2;9,390676E-1;;
30/11/2021  10:22:50,742522;9,410035E-1;1,203641E-1;1,205749E-1;9,389179E-1;;
30/11/2021  10:22:50,742622;9,409827E-1;1,299215E-1;1,287892E-1;9,387801E-1;;
30/11/2021  10:22:50,742722;9,407204E-1;1,066652E-1;1,231024E-1;9,386543E-1;;
30/11/2021  10:22:50,742822;9,404045E-1;1,238685E-1;1,591187E-1;9,385405E-1;;
30/11/2021  10:22:50,742922;9,396922E-1;1,280100E-1;1,370034E-1;9,384385E-1;;
30/11/2021  10:22:50,743022;9,393346E-1;2,044692E-1;2,567416E-1;9,383482E-1;;
30/11/2021  10:22:50,743122;9,388249E-1;1,245056E-1;1,291051E-1;9,382690E-1;;
30/11/2021  10:22:50,743222;9,392988E-1;1,238685E-1;1,262617E-1;9,382005E-1;;
30/11/2021  10:22:50,743322;9,393137E-1;7,640006E-2;1,057261E-1;9,381420E-1;;
30/11/2021  10:22:50,743422;9,386074E-1;1,493549E-1;1,723878E-1;9,380931E-1;;
30/11/2021  10:22:50,743522;9,382706E-1;1,308772E-1;1,284732E-1;9,380532E-1;;
30/11/2021  10:22:50,743622;9,376418E-1;1,206827E-1;1,259458E-1;9,380216E-1;;
30/11/2021  10:22:50,743722;9,370159E-1;1,187712E-1;1,063580E-1;9,379976E-1;;
30/11/2021  10:22:50,743822;9,370666E-1;1,184526E-1;1,237343E-1;9,379802E-1;;
30/11/2021  10:22:50,743922;9,372543E-1;1,280100E-1;1,199431E-1;9,379686E-1;;
30/11/2021  10:22:50,744022;9,371113E-1;1,382046E-1;1,420583E-1;9,379621E-1;;
30/11/2021  10:22:50,744122;9,366821E-1;1,034794E-1;9,688005E-2;9,379598E-1;;
30/11/2021  10:22:50,744222;9,363394E-1;1,238685E-1;1,139404E-1;9,379611E-1;;
30/11/2021  10:22:50,744322;9,355049E-1;1,754784E-1;1,657532E-1;9,379652E-1;;
30/11/2021  10:22:50,744422;9,356837E-1;1,101695E-1;1,161519E-1;9,379712E-1;;
30/11/2021  10:22:50,744522;9,357433E-1;1,088952E-1;1,174156E-1;9,379783E-1;;
30/11/2021  10:22:50,744622;9,358148E-1;-3,064282E-2;8,929768E-2;9,379859E-1;;
30/11/2021  10:22:50,744722;9,353738E-1;3,339176E-2;9,182514E-2;9,379932E-1;;
30/11/2021  10:22:50,744822;9,351562E-1;1,066652E-1;1,521681E-1;9,379998E-1;;
30/11/2021  10:22:50,744922;9,343605E-1;1,066652E-1;1,189953E-1;9,380049E-1;;
30/11/2021  10:22:50,745022;9,334783E-1;1,076209E-1;1,177316E-1;9,380080E-1;;
30/11/2021  10:22:50,745122;9,335498E-1;9,264764E-2;1,003553E-1;9,380084E-1;;
30/11/2021  10:22:50,745222;9,336064E-1;1,015679E-1;1,110970E-1;9,380052E-1;;
30/11/2021  10:22:50,745322;9,335737E-1;7,385142E-2;8,361090E-2;9,379980E-1;;
30/11/2021  10:22:50,745422;9,334872E-1;9,328480E-2;1,088855E-1;9,379863E-1;;
30/11/2021  10:22:50,745522;9,330044E-1;9,137332E-2;1,158360E-1;9,379695E-1;;
30/11/2021  10:22:50,745622;9,321640E-1;8,595746E-2;1,761790E-1;9,379474E-1;;
30/11/2021  10:22:50,745722;9,322295E-1;1,251428E-1;1,929234E-1;9,379194E-1;;
30/11/2021  10:22:50,745822;9,318391E-1;1,347002E-1;1,449017E-1;9,378851E-1;;
30/11/2021  10:22:50,745922;9,323964E-1;1,165411E-1;1,234183E-1;9,378442E-1;;
30/11/2021  10:22:50,746022;9,324471E-1;1,455319E-1;1,256299E-1;9,377965E-1;;
30/11/2021  10:22:50,746122;9,323726E-1;1,522221E-1;1,338441E-1;9,377418E-1;;
30/11/2021  10:22:50,746222;9,316454E-1;2,098851E-1;2,001898E-1;9,376800E-1;;
30/11/2021  10:22:50,746322;9,311417E-1;1,547707E-1;1,376353E-1;9,376112E-1;;
30/11/2021  10:22:50,746422;9,312490E-1;1,397975E-1;1,474292E-1;9,375352E-1;;
30/11/2021  10:22:50,746522;9,315202E-1;1,337445E-1;1,325804E-1;9,374520E-1;;
30/11/2021  10:22:50,746622;9,322266E-1;1,184526E-1;1,183634E-1;9,373617E-1;;
30/11/2021  10:22:50,746722;9,321044E-1;1,327887E-1;1,319485E-1;9,372644E-1;;
30/11/2021  10:22:50,746822;9,326110E-1;1,178155E-1;1,117289E-1;9,371605E-1;;
30/11/2021  10:22:50,746922;9,320507E-1;1,210013E-1;1,354238E-1;9,370504E-1;;
30/11/2021  10:22:50,747022;9,318361E-1;6,397544E-2;7,918786E-2;9,369345E-1;;
30/11/2021  10:22:50,747122;9,315649E-1;1,232313E-1;1,338441E-1;9,368132E-1;;
30/11/2021  10:22:50,747222;9,320537E-1;1,171783E-1;1,098333E-1;9,366869E-1;;
30/11/2021  10:22:50,747322;9,324441E-1;9,647060E-2;1,082536E-1;9,365559E-1;;
30/11/2021  10:22:50,747422;9,322534E-1;2,802913E-1;2,292556E-1;9,364207E-1;;
30/11/2021  10:22:50,747522;9,318868E-1;1,216384E-1;1,281573E-1;9,362819E-1;;
30/11/2021  10:22:50,747622;9,312639E-1;1,496735E-1;1,685966E-1;9,361398E-1;;
30/11/2021  10:22:50,747722;9,311358E-1;1,002936E-1;1,272095E-1;9,359949E-1;;
30/11/2021  10:22:50,747822;9,310941E-1;1,203641E-1;1,224705E-1;9,358475E-1;;
30/11/2021  10:22:50,747922;9,313533E-1;1,213198E-1;1,227865E-1;9,356977E-1;;
30/11/2021  10:22:50,748022;9,310434E-1;1,286472E-1;1,249980E-1;9,355461E-1;;
30/11/2021  10:22:50,748122;9,305516E-1;1,331073E-1;1,404787E-1;9,353927E-1;;
30/11/2021  10:22:50,748222;9,308228E-1;1,063466E-1;8,297904E-2;9,352380E-1;;
30/11/2021  10:22:50,748322;9,299615E-1;1,111253E-1;9,561632E-2;9,350820E-1;;
30/11/2021  10:22:50,748422;9,302149E-1;1,222756E-1;1,092014E-1;9,349251E-1;;
30/11/2021  10:22:50,748522;9,306500E-1;-6,409372E-2;4,285567E-2;9,347674E-1;;
30/11/2021  10:22:50,748622;9,305755E-1;1,178155E-1;1,050943E-1;9,346091E-1;;
30/11/2021  10:22:50,748722;9,308526E-1;1,216384E-1;1,215227E-1;9,344505E-1;;
30/11/2021  10:22:50,748822;9,309003E-1;9,551486E-2;6,117973E-2;9,342919E-1;;
30/11/2021  10:22:50,748922;9,308467E-1;1,057094E-1;1,066739E-1;9,341337E-1;;
30/11/2021  10:22:50,749022;9,299109E-1;1,143111E-1;1,344760E-1;9,339761E-1;;
30/11/2021  10:22:50,749122;9,304324E-1;1,273729E-1;1,306848E-1;9,338196E-1;;
30/11/2021  10:22:50,749222;9,308258E-1;9,296622E-2;8,266311E-2;9,336642E-1;;
30/11/2021  10:22:50,749322;9,308348E-1;1,085766E-1;1,878685E-1;9,335102E-1;;
30/11/2021  10:22:50,749422;9,313176E-1;-4,943904E-2;6,839427E-3;9,333580E-1;;
30/11/2021  10:22:50,749522;9,303520E-1;1,311958E-1;1,328963E-1;9,332079E-1;;
30/11/2021  10:22:50,749622;9,301404E-1;1,378860E-1;1,373193E-1;9,330602E-1;;
30/11/2021  10:22:50,749722;9,300956E-1;1,216384E-1;1,249980E-1;9,329151E-1;;
30/11/2021  10:22:50,749822;9,297380E-1;1,229127E-1;1,205749E-1;9,327726E-1;;
30/11/2021  10:22:50,749922;9,302894E-1;1,194084E-1;1,186794E-1;9,326328E-1;;
30/11/2021  10:22:50,750022;9,303430E-1;1,267357E-1;1,275255E-1;9,324959E-1;;
30/11/2021  10:22:50,750122;9,303698E-1;1,165411E-1;1,114129E-1;9,323619E-1;;
30/11/2021  10:22:50,750222;9,295950E-1;1,248242E-1;1,221546E-1;9,322311E-1;;
30/11/2021  10:22:50,750322;9,292552E-1;1,139925E-1;1,057261E-1;9,321034E-1;;
30/11/2021  10:22:50,750422;9,287873E-1;1,152668E-1;1,502726E-1;9,319789E-1;;
30/11/2021  10:22:50,750522;9,298095E-1;1,321516E-1;1,360556E-1;9,318573E-1;;
30/11/2021  10:22:50,750622;9,304682E-1;5,186940E-2;8,487463E-2;9,317387E-1;;
30/11/2021  10:22:50,750722;9,310315E-1;7,958586E-2;8,929768E-2;9,316232E-1;;
30/11/2021  10:22:50,750822;9,310076E-1;1,350188E-1;1,613302E-1;9,315110E-1;;
30/11/2021  10:22:50,750922;9,306410E-1;1,289658E-1;1,234183E-1;9,314025E-1;;
30/11/2021  10:22:50,751022;9,311835E-1;1,347002E-1;1,275255E-1;9,312979E-1;;
30/11/2021  10:22:50,751122;9,316007E-1;1,343816E-1;1,303688E-1;9,311973E-1;;
30/11/2021  10:22:50,751222;9,319822E-1;-5,358058E-2;5,106991E-2;9,311012E-1;;
30/11/2021  10:22:50,751322;9,334485E-1;1,270543E-1;1,278414E-1;9,310099E-1;;
30/11/2021  10:22:50,751422;9,338955E-1;1,337445E-1;1,559593E-1;9,309238E-1;;
30/11/2021  10:22:50,751522;9,337763E-1;1,340630E-1;1,212068E-1;9,308437E-1;;
30/11/2021  10:22:50,751622;9,342174E-1;1,210013E-1;1,164678E-1;9,307700E-1;;
30/11/2021  10:22:50,751722;9,342204E-1;1,375674E-1;1,449017E-1;9,307033E-1;;
30/11/2021  10:22:50,751822;9,346555E-1;1,598680E-1;1,809180E-1;9,306440E-1;;
30/11/2021  10:22:50,751922;9,357701E-1;1,190898E-1;9,877564E-2;9,305927E-1;;
30/11/2021  10:22:50,752022;9,363394E-1;1,190898E-1;1,161519E-1;9,305499E-1;;
30/11/2021  10:22:50,752122;9,363304E-1;1,318330E-1;1,332122E-1;9,305161E-1;;
30/11/2021  10:22:50,752222;9,367298E-1;1,292843E-1;1,360556E-1;9,304919E-1;;
30/11/2021  10:22:50,752322;9,362231E-1;1,270543E-1;1,259458E-1;9,304777E-1;;
30/11/2021  10:22:50,752422;9,361218E-1;1,308772E-1;1,287892E-1;9,304738E-1;;
30/11/2021  10:22:50,752522;9,368341E-1;1,423461E-1;1,291051E-1;9,304803E-1;;
30/11/2021  10:22:50,752622;9,377103E-1;1,464877E-1;1,404787E-1;9,304975E-1;;
30/11/2021  10:22:50,752722;9,384077E-1;9,169190E-2;8,550650E-2;9,305255E-1;;
30/11/2021  10:22:50,752822;9,382199E-1;1,356559E-1;1,325804E-1;9,305646E-1;;
30/11/2021  10:22:50,752922;9,375613E-1;1,194084E-1;1,234183E-1;9,306149E-1;;
30/11/2021  10:22:50,753022;9,378087E-1;1,073023E-1;1,076217E-1;9,306765E-1;;
30/11/2021  10:22:50,753122;9,380262E-1;1,139925E-1;1,249980E-1;9,307492E-1;;
30/11/2021  10:22:50,753222;9,379636E-1;1,149482E-1;1,619620E-1;9,308328E-1;;
30/11/2021  10:22:50,753322;9,393137E-1;1,050723E-1;1,126766E-1;9,309272E-1;;
30/11/2021  10:22:50,753422;9,395879E-1;1,197269E-1;1,436380E-1;9,310322E-1;;
30/11/2021  10:22:50,753522;9,399038E-1;8,861098E-3;1,028828E-1;9,311478E-1;;
30/11/2021  10:22:50,753622;9,399008E-1;1,095324E-1;1,174156E-1;9,312737E-1;;
30/11/2021  10:22:50,753722;9,397071E-1;1,063466E-1;1,142563E-1;9,314099E-1;;
30/11/2021  10:22:50,753822;9,400648E-1;1,022050E-1;1,126766E-1;9,315562E-1;;
30/11/2021  10:22:50,753922;9,408575E-1;9,838208E-2;1,136244E-1;9,317122E-1;;
30/11/2021  10:22:50,754022;9,415549E-1;1,146297E-1;1,287892E-1;9,318777E-1;;
30/11/2021  10:22:50,754122;9,414148E-1;1,605052E-1;1,648054E-1;9,320525E-1;;
30/11/2021  10:22:50,754222;9,417874E-1;1,302401E-1;1,310007E-1;9,322365E-1;;
30/11/2021  10:22:50,754322;9,417188E-1;1,417090E-1;1,351078E-1;9,324293E-1;;
30/11/2021  10:22:50,754422;9,413433E-1;1,560451E-1;1,316326E-1;9,326308E-1;;
30/11/2021  10:22:50,754522;9,420496E-1;1,665582E-1;1,373193E-1;9,328405E-1;;
30/11/2021  10:22:50,754622;9,433848E-1;1,729298E-1;1,531159E-1;9,330579E-1;;
30/11/2021  10:22:50,754722;9,437901E-1;1,519035E-1;1,610142E-1;9,332830E-1;;
30/11/2021  10:22:50,754822;9,443921E-1;1,557265E-1;1,009872E-1;9,335154E-1;;
30/11/2021  10:22:50,754922;9,442461E-1;1,442576E-1;1,591187E-1;9,337551E-1;;
30/11/2021  10:22:50,755022;9,441567E-1;1,187712E-1;1,319485E-1;9,340019E-1;;
30/11/2021  10:22:50,755122;9,446336E-1;1,327887E-1;1,347919E-1;9,342556E-1;;
30/11/2021  10:22:50,755222;9,451044E-1;1,324701E-1;1,319485E-1;9,345158E-1;;
30/11/2021  10:22:50,755322;9,456469E-1;7,130278E-2;1,152041E-1;9,347824E-1;;
30/11/2021  10:22:50,755422;9,462906E-1;1,375674E-1;1,351078E-1;9,350551E-1;;
30/11/2021  10:22:50,755522;9,468956E-1;1,493549E-1;1,708081E-1;9,353337E-1;;
30/11/2021  10:22:50,755622;9,463383E-1;1,359745E-1;1,322644E-1;9,356181E-1;;
30/11/2021  10:22:50,755722;9,467496E-1;1,327887E-1;1,303688E-1;9,359081E-1;;
30/11/2021  10:22:50,755822;9,469940E-1;1,369303E-1;1,310007E-1;9,362034E-1;;
30/11/2021  10:22:50,755922;9,479566E-1;1,474434E-1;1,584868E-1;9,365037E-1;;
30/11/2021  10:22:50,756022;9,483887E-1;1,388417E-1;1,300529E-1;9,368088E-1;;
30/11/2021  10:22:50,756122;9,495183E-1;1,471248E-1;1,395309E-1;9,371187E-1;;
30/11/2021  10:22:50,756222;9,495451E-1;9,232906E-2;7,097362E-2;9,374331E-1;;
30/11/2021  10:22:50,756322;9,491189E-1;1,382046E-1;1,259458E-1;9,377520E-1;;
30/11/2021  10:22:50,756422;9,497567E-1;1,445762E-1;1,572231E-1;9,380754E-1;;
30/11/2021  10:22:50,756522;9,497477E-1;1,181340E-1;1,215227E-1;9,384029E-1;;
30/11/2021  10:22:50,756622;9,507402E-1;1,429833E-1;1,404787E-1;9,387343E-1;;
30/11/2021  10:22:50,756722;9,508952E-1;1,270543E-1;1,243661E-1;9,390695E-1;;
30/11/2021  10:22:50,756822;9,509130E-1;1,299215E-1;1,243661E-1;9,394083E-1;;
30/11/2021  10:22:50,756922;9,505643E-1;1,977790E-1;2,251484E-1;9,397504E-1;;
30/11/2021  10:22:50,757022;9,508207E-1;1,496735E-1;1,442698E-1;9,400955E-1;;
30/11/2021  10:22:50,757122;9,507134E-1;1,429833E-1;1,388990E-1;9,404432E-1;;
30/11/2021  10:22:50,757222;9,514644E-1;1,311958E-1;1,253139E-1;9,407932E-1;;
30/11/2021  10:22:50,757322;9,518399E-1;1,305587E-1;1,281573E-1;9,411449E-1;;
30/11/2021  10:22:50,757422;9,516253E-1;2,479010E-2;7,508074E-2;9,414980E-1;;
30/11/2021  10:22:50,757522;9,521290E-1;1,321516E-1;1,265777E-1;9,418522E-1;;
30/11/2021  10:22:50,757622;9,520575E-1;1,350188E-1;1,366875E-1;9,422071E-1;;
30/11/2021  10:22:50,757722;9,520813E-1;1,429833E-1;1,411105E-1;9,425624E-1;;
30/11/2021  10:22:50,757822;9,520545E-1;-7,067902E-3;1,117289E-1;9,429175E-1;;
30/11/2021  10:22:50,757922;9,524509E-1;1,541336E-1;1,531159E-1;9,432721E-1;;
30/11/2021  10:22:50,758022;9,524181E-1;1,022050E-1;1,139404E-1;9,436258E-1;;
30/11/2021  10:22:50,758122;9,525671E-1;1,519035E-1;1,600664E-1;9,439780E-1;;
30/11/2021  10:22:50,758222;9,518727E-1;9,583344E-2;1,085695E-1;9,443284E-1;;
30/11/2021  10:22:50,758322;9,517922E-1;1,675139E-1;1,812339E-1;9,446765E-1;;
30/11/2021  10:22:50,758422;9,518667E-1;1,289658E-1;1,170997E-1;9,450217E-1;;
30/11/2021  10:22:50,758522;9,511306E-1;1,483991E-1;1,524841E-1;9,453633E-1;;
30/11/2021  10:22:50,758622;9,513661E-1;1,391603E-1;1,442698E-1;9,457008E-1;;
30/11/2021  10:22:50,758722;9,514137E-1;1,235499E-1;1,170997E-1;9,460334E-1;;
30/11/2021  10:22:50,758822;9,511336E-1;1,222756E-1;1,265777E-1;9,463606E-1;;
30/11/2021  10:22:50,758922;9,506508E-1;1,283286E-1;9,530039E-2;9,466818E-1;;
30/11/2021  10:22:50,759022;9,506836E-1;1,407532E-1;1,660692E-1;9,469962E-1;;
30/11/2021  10:22:50,759122;9,499683E-1;3,371034E-2;4,791059E-2;9,473033E-1;;
30/11/2021  10:22:50,759222;9,493424E-1;6,238254E-2;8,771802E-2;9,476023E-1;;
30/11/2021  10:22:50,759322;9,498372E-1;1,413904E-1;1,363715E-1;9,478926E-1;;
30/11/2021  10:22:50,759422;9,497120E-1;1,487177E-1;1,717559E-1;9,481734E-1;;
30/11/2021  10:22:50,759522;9,492024E-1;1,248242E-1;1,208909E-1;9,484442E-1;;
30/11/2021  10:22:50,759622;9,486659E-1;1,347002E-1;1,423743E-1;9,487044E-1;;
30/11/2021  10:22:50,759722;9,479119E-1;1,614609E-1;1,806020E-1;9,489534E-1;;
30/11/2021  10:22:50,759822;9,474619E-1;-3,287288E-2;8,519056E-2;9,491905E-1;;
30/11/2021  10:22:50,759922;9,466155E-1;1,359745E-1;1,319485E-1;9,494151E-1;;
30/11/2021  10:22:50,760022;9,471757E-1;1,302401E-1;1,234183E-1;9,496265E-1;;
30/11/2021  10:22:50,760122;9,471847E-1;1,448948E-1;1,347919E-1;9,498241E-1;;
30/11/2021  10:22:50,760222;9,464486E-1;1,582751E-1;1,594346E-1;9,500074E-1;;
30/11/2021  10:22:50,760322;9,456558E-1;1,194084E-1;1,035146E-1;9,501760E-1;;
30/11/2021  10:22:50,760422;9,454502E-1;1,200455E-1;1,167838E-1;9,503294E-1;;
30/11/2021  10:22:50,760522;9,452088E-1;1,362931E-1;1,559593E-1;9,504673E-1;;
30/11/2021  10:22:50,760622;9,450091E-1;1,534964E-1;1,464814E-1;9,505892E-1;;
30/11/2021  10:22:50,760722;9,450538E-1;2,956880E-2;5,170177E-2;9,506950E-1;;
30/11/2021  10:22:50,760822;9,448720E-1;9,201048E-2;9,751191E-2;9,507843E-1;;
30/11/2021  10:22:50,760922;9,439660E-1;1,410718E-1;1,268936E-1;9,508571E-1;;
30/11/2021  10:22:50,761022;9,429080E-1;1,347002E-1;1,259458E-1;9,509134E-1;;
30/11/2021  10:22:50,761122;9,420496E-1;1,241871E-1;1,382671E-1;9,509528E-1;;
30/11/2021  10:22:50,761222;9,411228E-1;1,296029E-1;1,322644E-1;9,509752E-1;;
30/11/2021  10:22:50,761322;9,414506E-1;1,194084E-1;1,221546E-1;9,509802E-1;;
30/11/2021  10:22:50,761422;9,408784E-1;1,162226E-1;1,221546E-1;9,509676E-1;;
30/11/2021  10:22:50,761522;9,396505E-1;9,965640E-2;1,107811E-1;9,509372E-1;;
30/11/2021  10:22:50,761622;9,390276E-1;1,136739E-1;1,145722E-1;9,508889E-1;;
30/11/2021  10:22:50,761722;9,377103E-1;1,130368E-1;9,782784E-2;9,508224E-1;;
30/11/2021  10:22:50,761822;9,372633E-1;9,838208E-2;1,092014E-1;9,507375E-1;;
30/11/2021  10:22:50,761922;9,371709E-1;1,034794E-1;1,114129E-1;9,506339E-1;;
30/11/2021  10:22:50,762022;9,371947E-1;1,041165E-1;1,170997E-1;9,505115E-1;;
30/11/2021  10:22:50,762122;9,373378E-1;8,117876E-2;9,972343E-2;9,503703E-1;;
30/11/2021  10:22:50,762222;9,371590E-1;1,031608E-1;9,688005E-2;9,502104E-1;;
30/11/2021  10:22:50,762322;9,365897E-1;8,882468E-2;9,593225E-2;9,500322E-1;;
30/11/2021  10:22:50,762422;9,360622E-1;7,193994E-2;6,528685E-2;9,498361E-1;;
30/11/2021  10:22:50,762522;9,363602E-1;2,594380E-4;7,097362E-2;9,496225E-1;;
30/11/2021  10:22:50,762622;9,360562E-1;1,229127E-1;1,597505E-1;9,493919E-1;;
30/11/2021  10:22:50,762722;9,360562E-1;9,232906E-2;1,019350E-1;9,491450E-1;;
30/11/2021  10:22:50,762822;9,368490E-1;1,391603E-1;1,347919E-1;9,488823E-1;;
30/11/2021  10:22:50,762922;9,363811E-1;1,512664E-1;1,553275E-1;9,486049E-1;;
30/11/2021  10:22:50,763022;9,359043E-1;1,614609E-1;1,471132E-1;9,483136E-1;;
30/11/2021  10:22:50,763122;9,356897E-1;1,703812E-1;1,578549E-1;9,480094E-1;;
30/11/2021  10:22:50,763222;9,350638E-1;1,856730E-1;1,979783E-1;9,476931E-1;;
30/11/2021  10:22:50,763322;9,349684E-1;1,589123E-1;1,398468E-1;9,473657E-1;;
30/11/2021  10:22:50,763422;9,357135E-1;1,149482E-1;1,076217E-1;9,470280E-1;;
30/11/2021  10:22:50,763522;9,356956E-1;1,608238E-1;1,670170E-1;9,466809E-1;;
30/11/2021  10:22:50,763622;9,353142E-1;1,213198E-1;1,114129E-1;9,463255E-1;;
30/11/2021  10:22:50,763722;9,347330E-1;7,098420E-2;7,918786E-2;9,459629E-1;;
30/11/2021  10:22:50,763822;9,342174E-1;1,079395E-1;9,277293E-2;9,455940E-1;;
30/11/2021  10:22:50,763922;9,348611E-1;9,264764E-2;1,066739E-1;9,452196E-1;;
30/11/2021  10:22:50,764022;9,350251E-1;1,171783E-1;1,054102E-1;9,448407E-1;;
30/11/2021  10:22:50,764122;9,351949E-1;1,458505E-1;1,512204E-1;9,444583E-1;;
30/11/2021  10:22:50,764222;9,349893E-1;1,101695E-1;1,212068E-1;9,440734E-1;;
30/11/2021  10:22:50,764322;9,339939E-1;1,299215E-1;1,496407E-1;9,436869E-1;;
30/11/2021  10:22:50,764422;9,339909E-1;1,477620E-1;1,512204E-1;9,432997E-1;;
30/11/2021  10:22:50,764522;9,340565E-1;1,210013E-1;1,268936E-1;9,429127E-1;;
30/11/2021  10:22:50,764622;9,347539E-1;1,305587E-1;1,287892E-1;9,425264E-1;;
30/11/2021  10:22:50,764722;9,355913E-1;1,260985E-1;1,278414E-1;9,421419E-1;;
30/11/2021  10:22:50,764822;9,360294E-1;1,149482E-1;1,177316E-1;9,417601E-1;;
30/11/2021  10:22:50,764922;9,359162E-1;1,286472E-1;1,300529E-1;9,413820E-1;;
30/11/2021  10:22:50,765022;9,358238E-1;1,018865E-1;1,180475E-1;9,410087E-1;;
30/11/2021  10:22:50,765122;9,357165E-1;1,181340E-1;1,129926E-1;9,406412E-1;;
30/11/2021  10:22:50,765222;9,355734E-1;1,640096E-1;1,322644E-1;9,402802E-1;;
30/11/2021  10:22:50,765322;9,355168E-1;8,563888E-2;9,530039E-2;9,399267E-1;;
30/11/2021  10:22:50,765422;9,363096E-1;9,009900E-2;9,877564E-2;9,395812E-1;;
30/11/2021  10:22:50,765522;9,358089E-1;1,079395E-1;1,155200E-1;9,392445E-1;;
30/11/2021  10:22:50,765622;9,353618E-1;2,606442E-2;7,160549E-2;9,389173E-1;;
30/11/2021  10:22:50,765722;9,355138E-1;1,522221E-1;1,689125E-1;9,386001E-1;;
30/11/2021  10:22:50,765822;9,349059E-1;1,143111E-1;1,543797E-1;9,382932E-1;;
30/11/2021  10:22:50,765922;9,349386E-1;1,382046E-1;1,885003E-1;9,379969E-1;;
30/11/2021  10:22:50,766022;9,360682E-1;5,346230E-2;1,016190E-1;9,377115E-1;;
30/11/2021  10:22:50,766122;9,359579E-1;1,299215E-1;1,351078E-1;9,374373E-1;;
30/11/2021  10:22:50,766222;9,365331E-1;1,308772E-1;1,414265E-1;9,371747E-1;;
30/11/2021  10:22:50,766322;9,359430E-1;1,334259E-1;1,310007E-1;9,369238E-1;;
30/11/2021  10:22:50,766422;9,352426E-1;1,311958E-1;1,284732E-1;9,366850E-1;;
30/11/2021  10:22:50,766522;9,358387E-1;1,681511E-1;1,847091E-1;9,364584E-1;;
30/11/2021  10:22:50,766622;9,364228E-1;1,334259E-1;1,404787E-1;9,362440E-1;;
30/11/2021  10:22:50,766722;9,374719E-1;8,340882E-2;9,119327E-2;9,360419E-1;;
30/11/2021  10:22:50,766822;9,374987E-1;1,331073E-1;1,300529E-1;9,358524E-1;;
30/11/2021  10:22:50,766922;9,371768E-1;1,324701E-1;1,114129E-1;9,356756E-1;;
30/11/2021  10:22:50,767022;9,367268E-1;6,907272E-2;6,907803E-2;9,355118E-1;;
30/11/2021  10:22:50,767122;9,366165E-1;1,203641E-1;1,237343E-1;9,353609E-1;;
30/11/2021  10:22:50,767222;9,371411E-1;1,448948E-1;1,603824E-1;9,352229E-1;;
30/11/2021  10:22:50,767322;9,377520E-1;1,350188E-1;1,325804E-1;9,350976E-1;;
30/11/2021  10:22:50,767422;9,380173E-1;1,397975E-1;1,303688E-1;9,349850E-1;;
30/11/2021  10:22:50,767522;9,382825E-1;1,353374E-1;1,496407E-1;9,348852E-1;;
30/11/2021  10:22:50,767622;9,379130E-1;1,643281E-1;1,951349E-1;9,347979E-1;;
30/11/2021  10:22:50,767722;9,375196E-1;1,334259E-1;1,275255E-1;9,347233E-1;;
30/11/2021  10:22:50,767822;9,377073E-1;1,388417E-1;1,398468E-1;9,346609E-1;;
30/11/2021  10:22:50,767922;9,383690E-1;1,385232E-1;1,351078E-1;9,346106E-1;;
30/11/2021  10:22:50,768022;9,387296E-1;1,413904E-1;1,313166E-1;9,345721E-1;;
30/11/2021  10:22:50,768122;9,391617E-1;1,324701E-1;1,291051E-1;9,345452E-1;;
30/11/2021  10:22:50,768222;9,396952E-1;1,334259E-1;1,297370E-1;9,345298E-1;;
30/11/2021  10:22:50,768322;9,395223E-1;1,318330E-1;1,319485E-1;9,345257E-1;;
30/11/2021  10:22:50,768422;9,389799E-1;1,165411E-1;1,041465E-1;9,345328E-1;;
30/11/2021  10:22:50,768522;9,392005E-1;1,229127E-1;1,047783E-1;9,345508E-1;;
30/11/2021  10:22:50,768622;9,402734E-1;1,362931E-1;1,249980E-1;9,345795E-1;;
30/11/2021  10:22:50,768722;9,410274E-1;1,111253E-1;1,050943E-1;9,346185E-1;;
30/11/2021  10:22:50,768822;9,417456E-1;1,340630E-1;1,493248E-1;9,346678E-1;;
30/11/2021  10:22:50,768922;9,410632E-1;1,407532E-1;1,572231E-1;9,347272E-1;;
30/11/2021  10:22:50,769022;9,418201E-1;1,359745E-1;1,306848E-1;9,347968E-1;;
30/11/2021  10:22:50,769122;9,417367E-1;1,232313E-1;1,224705E-1;9,348764E-1;;
30/11/2021  10:22:50,769222;9,414893E-1;1,200455E-1;1,385831E-1;9,349658E-1;;
30/11/2021  10:22:50,769322;9,426993E-1;1,066652E-1;1,092014E-1;9,350648E-1;;
30/11/2021  10:22:50,769422;9,434116E-1;1,155854E-1;1,174156E-1;9,351731E-1;;
30/11/2021  10:22:50,769522;9,432090E-1;1,168597E-1;1,347919E-1;9,352908E-1;;
30/11/2021  10:22:50,769622;9,426189E-1;1,009307E-1;1,117289E-1;9,354176E-1;;
30/11/2021  10:22:50,769722;9,424967E-1;1,088952E-1;1,164678E-1;9,355534E-1;;
30/11/2021  10:22:50,769822;9,414774E-1;1,060280E-1;1,066739E-1;9,356976E-1;;
30/11/2021  10:22:50,769922;9,417725E-1;1,028422E-1;1,095173E-1;9,358497E-1;;
30/11/2021  10:22:50,770022;9,419453E-1;1,085766E-1;1,133085E-1;9,360091E-1;;
30/11/2021  10:22:50,770122;9,417933E-1;9,678918E-2;1,338441E-1;9,361751E-1;;
30/11/2021  10:22:50,770222;9,415489E-1;9,169190E-2;8,992954E-2;9,363469E-1;;
30/11/2021  10:22:50,770322;9,411883E-1;1,206827E-1;1,401627E-1;9,365240E-1;;
30/11/2021  10:22:50,770422;9,412002E-1;9,232906E-2;1,259458E-1;9,367054E-1;;
30/11/2021  10:22:50,770522;9,410721E-1;1,280100E-1;1,322644E-1;9,368905E-1;;
30/11/2021  10:22:50,770622;9,409767E-1;1,308772E-1;1,306848E-1;9,370784E-1;;
30/11/2021  10:22:50,770722;9,413075E-1;1,614609E-1;1,502726E-1;9,372684E-1;;
30/11/2021  10:22:50,770822;9,419662E-1;1,697440E-1;1,268936E-1;9,374598E-1;;
30/11/2021  10:22:50,770922;9,417218E-1;1,722926E-1;1,581709E-1;9,376518E-1;;
30/11/2021  10:22:50,771022;9,409588E-1;1,595494E-1;1,553275E-1;9,378441E-1;;
30/11/2021  10:22:50,771122;9,408009E-1;1,452133E-1;1,420583E-1;9,380360E-1;;
30/11/2021  10:22:50,771222;9,405088E-1;1,292843E-1;1,174156E-1;9,382268E-1;;
30/11/2021  10:22:50,771322;9,415281E-1;1,225942E-1;1,101492E-1;9,384158E-1;;
30/11/2021  10:22:50,771422;9,423298E-1;3,944478E-2;7,286922E-2;9,386025E-1;;
30/11/2021  10:22:50,771522;9,428960E-1;1,139925E-1;1,013031E-1;9,387867E-1;;
30/11/2021  10:22:50,771622;9,425175E-1;1,194084E-1;1,205749E-1;9,389680E-1;;
30/11/2021  10:22:50,771722;9,425473E-1;1,178155E-1;1,076217E-1;9,391464E-1;;
30/11/2021  10:22:50,771822;9,422940E-1;1,464877E-1;1,490088E-1;9,393217E-1;;
30/11/2021  10:22:50,771922;9,421092E-1;1,190898E-1;1,272095E-1;9,394937E-1;;
30/11/2021  10:22:50,772022;9,432537E-1;1,114439E-1;1,224705E-1;9,396622E-1;;
30/11/2021  10:22:50,772122;9,433282E-1;1,283286E-1;1,316326E-1;9,398271E-1;;
30/11/2021  10:22:50,772222;9,429080E-1;1,206827E-1;1,243661E-1;9,399884E-1;;
30/11/2021  10:22:50,772322;9,429139E-1;1,340630E-1;1,458495E-1;9,401460E-1;;
30/11/2021  10:22:50,772422;9,424758E-1;1,216384E-1;1,218387E-1;9,403000E-1;;
30/11/2021  10:22:50,772522;9,418201E-1;1,353374E-1;1,338441E-1;9,404501E-1;;
30/11/2021  10:22:50,772622;9,413284E-1;1,232313E-1;1,234183E-1;9,405960E-1;;
30/11/2021  10:22:50,772722;9,417397E-1;1,219570E-1;1,256299E-1;9,407376E-1;;
30/11/2021  10:22:50,772822;9,423745E-1;1,082581E-1;9,656411E-2;9,408744E-1;;
30/11/2021  10:22:50,772922;9,426517E-1;1,331073E-1;1,423743E-1;9,410064E-1;;
30/11/2021  10:22:50,773022;9,423000E-1;1,264171E-1;1,553275E-1;9,411333E-1;;
30/11/2021  10:22:50,773122;9,422642E-1;6,970988E-2;8,677022E-2;9,412553E-1;;
30/11/2021  10:22:50,773222;9,425771E-1;1,385232E-1;1,480610E-1;9,413723E-1;;
30/11/2021  10:22:50,773322;9,431583E-1;1,560451E-1;1,663851E-1;9,414842E-1;;
30/11/2021  10:22:50,773422;9,439868E-1;6,110822E-2;8,898175E-2;9,415912E-1;;
30/11/2021  10:22:50,773522;9,441865E-1;1,267357E-1;1,249980E-1;9,416936E-1;;
30/11/2021  10:22:50,773622;9,450031E-1;5,728526E-2;9,751191E-2;9,417916E-1;;
30/11/2021  10:22:50,773722;9,444011E-1;1,206827E-1;1,231024E-1;9,418857E-1;;
30/11/2021  10:22:50,773822;9,434206E-1;1,292843E-1;1,268936E-1;9,419764E-1;;
30/11/2021  10:22:50,773922;9,438825E-1;1,990534E-1;1,831295E-1;9,420637E-1;;
30/11/2021  10:22:50,774022;9,443772E-1;9,519628E-2;9,056141E-2;9,421480E-1;;
30/11/2021  10:22:50,774122;9,448541E-1;1,311958E-1;1,098333E-1;9,422294E-1;;
30/11/2021  10:22:50,774222;9,446812E-1;1,187712E-1;1,243661E-1;9,423081E-1;;
30/11/2021  10:22:50,774322;9,446187E-1;1,104881E-1;1,025668E-1;9,423845E-1;;
30/11/2021  10:22:50,774422;9,444965E-1;1,273729E-1;1,297370E-1;9,424589E-1;;
30/11/2021  10:22:50,774522;9,436173E-1;1,236548E-2;7,571260E-2;9,425313E-1;;
30/11/2021  10:22:50,774622;9,431076E-1;1,321516E-1;1,392149E-1;9,426019E-1;;
30/11/2021  10:22:50,774722;9,438199E-1;1,155854E-1;1,117289E-1;9,426705E-1;;
30/11/2021  10:22:50,774822;9,434981E-1;1,519035E-1;1,455336E-1;9,427372E-1;;
30/11/2021  10:22:50,774922;9,432835E-1;1,136739E-1;1,129926E-1;9,428017E-1;;
30/11/2021  10:22:50,775022;9,426099E-1;1,305587E-1;1,531159E-1;9,428641E-1;;
30/11/2021  10:22:50,775122;9,411317E-1;1,356559E-1;1,505885E-1;9,429240E-1;;
30/11/2021  10:22:50,775222;9,405565E-1;1,254614E-1;1,246821E-1;9,429812E-1;;
30/11/2021  10:22:50,775322;9,400588E-1;1,143111E-1;1,167838E-1;9,430350E-1;;
30/11/2021  10:22:50,775422;9,403985E-1;1,171783E-1;1,199431E-1;9,430849E-1;;
30/11/2021  10:22:50,775522;9,406608E-1;1,095324E-1;9,182514E-2;9,431303E-1;;
30/11/2021  10:22:50,775622;9,397369E-1;1,289658E-1;1,265777E-1;9,431707E-1;;
30/11/2021  10:22:50,775722;9,394329E-1;1,225942E-1;1,291051E-1;9,432058E-1;;
30/11/2021  10:22:50,775822;9,390395E-1;2,331414E-1;2,510549E-1;9,432350E-1;;
30/11/2021  10:22:50,775922;9,382527E-1;1,044351E-1;1,562753E-1;9,432580E-1;;
30/11/2021  10:22:50,776022;9,385120E-1;7,863012E-2;8,392683E-2;9,432742E-1;;
30/11/2021  10:22:50,776122;9,381931E-1;1,057094E-1;1,212068E-1;9,432832E-1;;
30/11/2021  10:22:50,776222;9,379577E-1;1,101695E-1;1,038306E-1;9,432846E-1;;
30/11/2021  10:22:50,776322;9,377908E-1;1,162226E-1;1,231024E-1;9,432781E-1;;
30/11/2021  10:22:50,776422;9,374510E-1;1,079395E-1;9,656411E-2;9,432634E-1;;
30/11/2021  10:22:50,776522;9,366583E-1;1,184526E-1;1,300529E-1;9,432402E-1;;
30/11/2021  10:22:50,776622;9,364347E-1;1,286472E-1;1,310007E-1;9,432083E-1;;
30/11/2021  10:22:50,776722;9,365093E-1;1,241871E-1;1,265777E-1;9,431674E-1;;
30/11/2021  10:22:50,776822;9,367149E-1;1,210013E-1;1,183634E-1;9,431173E-1;;
30/11/2021  10:22:50,776922;9,364616E-1;1,229127E-1;1,237343E-1;9,430580E-1;;
30/11/2021  10:22:50,777022;9,358953E-1;1,216384E-1;1,104651E-1;9,429894E-1;;
30/11/2021  10:22:50,777122;9,353767E-1;1,292843E-1;1,284732E-1;9,429116E-1;;
30/11/2021  10:22:50,777222;9,350340E-1;4,900218E-2;8,677022E-2;9,428244E-1;;
30/11/2021  10:22:50,777322;9,343843E-1;1,235499E-1;1,231024E-1;9,427280E-1;;
30/11/2021  10:22:50,777422;9,347032E-1;1,114439E-1;1,076217E-1;9,426221E-1;;
30/11/2021  10:22:50,777522;9,352188E-1;1,025236E-1;1,095173E-1;9,425069E-1;;
30/11/2021  10:22:50,777622;9,347866E-1;2,638300E-2;3,653703E-2;9,423825E-1;;
30/11/2021  10:22:50,777722;9,345572E-1;9,232906E-2;9,561632E-2;9,422492E-1;;
30/11/2021  10:22:50,777822;9,335737E-1;1,229127E-1;1,423743E-1;9,421072E-1;;
30/11/2021  10:22:50,777922;9,338598E-1;8,309024E-2;1,069899E-1;9,419567E-1;;
30/11/2021  10:22:50,778022;9,334813E-1;8,532030E-2;9,656411E-2;9,417980E-1;;
30/11/2021  10:22:50,778122;9,339700E-1;6,907272E-2;1,493248E-1;9,416312E-1;;
30/11/2021  10:22:50,778222;9,342293E-1;9,710776E-2;1,047783E-1;9,414567E-1;;
30/11/2021  10:22:50,778322;9,345244E-1;9,201048E-2;1,227865E-1;9,412749E-1;;
30/11/2021  10:22:50,778422;9,343485E-1;8,468314E-2;7,508074E-2;9,410865E-1;;
30/11/2021  10:22:50,778522;9,340088E-1;2,797590E-2;3,179805E-2;9,408920E-1;;
30/11/2021  10:22:50,778622;9,343575E-1;1,095324E-1;1,120448E-1;9,406920E-1;;
30/11/2021  10:22:50,778722;9,350280E-1;1,060280E-1;1,234183E-1;9,404872E-1;;
30/11/2021  10:22:50,778822;9,355615E-1;1,155854E-1;1,038306E-1;9,402782E-1;;
30/11/2021  10:22:50,778922;9,363990E-1;1,286472E-1;1,158360E-1;9,400659E-1;;
30/11/2021  10:22:50,779022;9,366642E-1;1,184526E-1;7,697633E-2;9,398513E-1;;
30/11/2021  10:22:50,779122;9,368252E-1;7,863012E-2;8,361090E-2;9,396355E-1;;
30/11/2021  10:22:50,779222;9,369295E-1;1,413904E-1;1,436380E-1;9,394194E-1;;
30/11/2021  10:22:50,779322;9,373557E-1;1,729298E-1;1,777586E-1;9,392042E-1;;
30/11/2021  10:22:50,779422;9,384733E-1;1,321516E-1;1,341600E-1;9,389907E-1;;
30/11/2021  10:22:50,779522;9,396773E-1;1,194084E-1;1,249980E-1;9,387802E-1;;
30/11/2021  10:22:50,779622;9,399247E-1;1,439390E-1;1,423743E-1;9,385739E-1;;
30/11/2021  10:22:50,779722;9,399336E-1;1,875845E-1;1,891322E-1;9,383731E-1;;
30/11/2021  10:22:50,779822;9,403866E-1;1,184526E-1;1,136244E-1;9,381788E-1;;
30/11/2021  10:22:50,779922;9,402853E-1;1,264171E-1;1,231024E-1;9,379923E-1;;
30/11/2021  10:22:50,780022;9,402436E-1;1,331073E-1;1,357397E-1;9,378145E-1;;
30/11/2021  10:22:50,780122;9,417456E-1;1,232313E-1;1,234183E-1;9,376463E-1;;
30/11/2021  10:22:50,780222;9,416324E-1;1,143111E-1;1,196272E-1;9,374886E-1;;
30/11/2021  10:22:50,780322;9,423864E-1;1,136739E-1;1,117289E-1;9,373422E-1;;
30/11/2021  10:22:50,780422;9,418947E-1;1,315144E-1;1,249980E-1;9,372080E-1;;
30/11/2021  10:22:50,780522;9,418291E-1;1,114439E-1;9,719598E-2;9,370866E-1;;
30/11/2021  10:22:50,780622;9,415400E-1;6,461260E-2;8,740209E-2;9,369785E-1;;
30/11/2021  10:22:50,780722;9,418291E-1;8,181592E-2;8,550650E-2;9,368840E-1;;
30/11/2021  10:22:50,780822;9,425414E-1;1,200455E-1;1,632258E-1;9,368034E-1;;
30/11/2021  10:22:50,780922;9,428513E-1;1,506292E-1;1,837613E-1;9,367369E-1;;
30/11/2021  10:22:50,781022;9,425324E-1;1,111253E-1;1,079377E-1;9,366846E-1;;
30/11/2021  10:22:50,781122;9,424102E-1;1,324701E-1;1,351078E-1;9,366467E-1;;
30/11/2021  10:22:50,781222;9,421629E-1;1,245056E-1;1,133085E-1;9,366231E-1;;
30/11/2021  10:22:50,781322;9,418738E-1;1,391603E-1;1,486929E-1;9,366135E-1;;
30/11/2021  10:22:50,781422;9,421092E-1;1,245056E-1;1,259458E-1;9,366177E-1;;
30/11/2021  10:22:50,781522;9,431792E-1;1,337445E-1;1,259458E-1;9,366354E-1;;
30/11/2021  10:22:50,781622;9,438319E-1;1,413904E-1;1,600664E-1;9,366661E-1;;
30/11/2021  10:22:50,781722;9,431225E-1;1,331073E-1;1,202590E-1;9,367097E-1;;
30/11/2021  10:22:50,781822;9,435696E-1;1,190898E-1;1,092014E-1;9,367659E-1;;
30/11/2021  10:22:50,781922;9,433669E-1;1,206827E-1;1,044624E-1;9,368343E-1;;
30/11/2021  10:22:50,782022;9,439451E-1;1,229127E-1;1,098333E-1;9,369147E-1;;
30/11/2021  10:22:50,782122;9,439958E-1;1,280100E-1;1,218387E-1;9,370064E-1;;
30/11/2021  10:22:50,782222;9,446306E-1;1,155854E-1;1,515363E-1;9,371093E-1;;
30/11/2021  10:22:50,782322;9,447706E-1;9,870066E-2;1,139404E-1;9,372228E-1;;
30/11/2021  10:22:50,782422;9,455664E-1;1,315144E-1;1,373193E-1;9,373466E-1;;
30/11/2021  10:22:50,782522;9,450389E-1;1,264171E-1;1,442698E-1;9,374805E-1;;
30/11/2021  10:22:50,782622;9,449435E-1;1,311958E-1;1,354238E-1;9,376240E-1;;
30/11/2021  10:22:50,782722;9,445590E-1;1,315144E-1;1,297370E-1;9,377767E-1;;
30/11/2021  10:22:50,782822;9,454025E-1;1,270543E-1;1,303688E-1;9,379381E-1;;
30/11/2021  10:22:50,782922;9,457065E-1;1,104881E-1;9,624818E-2;9,381075E-1;;
30/11/2021  10:22:50,783022;9,455813E-1;1,337445E-1;1,347919E-1;9,382846E-1;;
30/11/2021  10:22:50,783122;9,450746E-1;1,353374E-1;1,268936E-1;9,384688E-1;;
30/11/2021  10:22:50,783222;9,453309E-1;1,286472E-1;1,189953E-1;9,386595E-1;;
30/11/2021  10:22:50,783322;9,441299E-1;1,296029E-1;1,240502E-1;9,388561E-1;;
30/11/2021  10:22:50,783422;9,444398E-1;9,264764E-2;1,202590E-1;9,390579E-1;;
30/11/2021  10:22:50,783522;9,448779E-1;1,232313E-1;1,272095E-1;9,392639E-1;;
30/11/2021  10:22:50,783622;9,446514E-1;1,286472E-1;1,297370E-1;9,394735E-1;;
30/11/2021  10:22:50,783722;9,445084E-1;1,098510E-1;9,466852E-2;9,396859E-1;;
30/11/2021  10:22:50,783822;9,443504E-1;1,104881E-1;1,120448E-1;9,399004E-1;;
30/11/2021  10:22:50,783922;9,434981E-1;1,636910E-1;1,704922E-1;9,401161E-1;;
30/11/2021  10:22:50,784022;9,435577E-1;1,222756E-1;1,294210E-1;9,403323E-1;;
30/11/2021  10:22:50,784122;9,442431E-1;1,251428E-1;1,272095E-1;9,405482E-1;;
30/11/2021  10:22:50,784222;9,445888E-1;1,353374E-1;1,341600E-1;9,407629E-1;;
30/11/2021  10:22:50,784322;9,444667E-1;1,232313E-1;1,300529E-1;9,409758E-1;;
30/11/2021  10:22:50,784422;9,445769E-1;2,025577E-1;1,774427E-1;9,411865E-1;;
30/11/2021  10:22:50,784522;9,447200E-1;1,264171E-1;1,281573E-1;9,413945E-1;;
30/11/2021  10:22:50,784622;9,443147E-1;1,375674E-1;1,303688E-1;9,415993E-1;;
30/11/2021  10:22:50,784722;9,446276E-1;1,372488E-1;1,351078E-1;9,418004E-1;;
30/11/2021  10:22:50,784822;9,448988E-1;1,206827E-1;1,199431E-1;9,419975E-1;;
30/11/2021  10:22:50,784922;9,456081E-1;9,487770E-2;8,645429E-2;9,421903E-1;;
30/11/2021  10:22:50,785022;9,461207E-1;1,136739E-1;9,119327E-2;9,423785E-1;;
30/11/2021  10:22:50,785122;9,464247E-1;1,350188E-1;1,458495E-1;9,425623E-1;;
30/11/2021  10:22:50,785222;9,462429E-1;1,362931E-1;1,411105E-1;9,427415E-1;;
30/11/2021  10:22:50,785322;9,460641E-1;1,353374E-1;1,711241E-1;9,429162E-1;;
30/11/2021  10:22:50,785422;9,466393E-1;1,410718E-1;1,436380E-1;9,430865E-1;;
30/11/2021  10:22:50,785522;9,468211E-1;4,581638E-2;1,246821E-1;9,432524E-1;;
30/11/2021  10:22:50,785622;9,474291E-1;1,382046E-1;1,310007E-1;9,434141E-1;;
30/11/2021  10:22:50,785722;9,473158E-1;1,640096E-1;1,878685E-1;9,435716E-1;;
30/11/2021  10:22:50,785822;9,469761E-1;1,260985E-1;1,287892E-1;9,437253E-1;;
30/11/2021  10:22:50,785922;9,466155E-1;1,165411E-1;1,246821E-1;9,438752E-1;;
30/11/2021  10:22:50,786022;9,463413E-1;1,525407E-1;1,306848E-1;9,440214E-1;;
30/11/2021  10:22:50,786122;9,464247E-1;1,098510E-1;1,224705E-1;9,441638E-1;;
30/11/2021  10:22:50,786222;9,474023E-1;1,092138E-1;9,845971E-2;9,443024E-1;;
30/11/2021  10:22:50,786322;9,472771E-1;1,060280E-1;1,249980E-1;9,444372E-1;;
30/11/2021  10:22:50,786422;9,471191E-1;1,092138E-1;8,677022E-2;9,445683E-1;;
30/11/2021  10:22:50,786522;9,467794E-1;1,324701E-1;1,745993E-1;9,446959E-1;;
30/11/2021  10:22:50,786622;9,466333E-1;1,018865E-1;1,189953E-1;9,448198E-1;;
30/11/2021  10:22:50,786722;9,470655E-1;1,079395E-1;1,313166E-1;9,449402E-1;;
30/11/2021  10:22:50,786822;9,477778E-1;7,162136E-2;8,613836E-2;9,450571E-1;;
30/11/2021  10:22:50,786922;9,481473E-1;1,149482E-1;1,237343E-1;9,451704E-1;;
30/11/2021  10:22:50,787022;9,483559E-1;6,556834E-2;7,634447E-2;9,452806E-1;;
30/11/2021  10:22:50,787122;9,484245E-1;1,289658E-1;1,730197E-1;9,453877E-1;;
30/11/2021  10:22:50,787222;9,481175E-1;1,305587E-1;1,644895E-1;9,454921E-1;;
30/11/2021  10:22:50,787322;9,481682E-1;1,369303E-1;1,401627E-1;9,455940E-1;;
30/11/2021  10:22:50,787422;9,485109E-1;1,512664E-1;1,316326E-1;9,456936E-1;;
30/11/2021  10:22:50,787522;9,488179E-1;1,710183E-1;1,502726E-1;9,457910E-1;;
30/11/2021  10:22:50,787622;9,495481E-1;1,665582E-1;1,379512E-1;9,458864E-1;;
30/11/2021  10:22:50,787722;9,494765E-1;1,834429E-1;1,667010E-1;9,459802E-1;;
30/11/2021  10:22:50,787822;9,493722E-1;1,452133E-1;1,543797E-1;9,460726E-1;;
30/11/2021  10:22:50,787922;9,488686E-1;1,694254E-1;1,603824E-1;9,461639E-1;;
30/11/2021  10:22:50,788022;9,485556E-1;1,305587E-1;1,891322E-1;9,462543E-1;;
30/11/2021  10:22:50,788122;9,483828E-1;9,870066E-2;1,126766E-1;9,463438E-1;;
30/11/2021  10:22:50,788222;9,489550E-1;1,347002E-1;1,531159E-1;9,464323E-1;;
30/11/2021  10:22:50,788322;9,487553E-1;1,353374E-1;1,477451E-1;9,465199E-1;;
30/11/2021  10:22:50,788422;9,481384E-1;1,302401E-1;1,259458E-1;9,466065E-1;;
30/11/2021  10:22:50,788522;9,478702E-1;6,047106E-2;8,740209E-2;9,466921E-1;;
30/11/2021  10:22:50,788622;9,469194E-1;1,276914E-1;1,256299E-1;9,467764E-1;;
30/11/2021  10:22:50,788722;9,464456E-1;1,356559E-1;1,486929E-1;9,468590E-1;;
30/11/2021  10:22:50,788822;9,463860E-1;1,391603E-1;1,445858E-1;9,469397E-1;;
30/11/2021  10:22:50,788922;9,457750E-1;1,187712E-1;1,202590E-1;9,470179E-1;;
30/11/2021  10:22:50,789022;9,458585E-1;1,289658E-1;1,328963E-1;9,470931E-1;;
30/11/2021  10:22:50,789122;9,445799E-1;1,436204E-1;1,294210E-1;9,471647E-1;;
30/11/2021  10:22:50,789222;9,444816E-1;1,353374E-1;1,493248E-1;9,472323E-1;;
30/11/2021  10:22:50,789322;9,429735E-1;7,321426E-2;5,928414E-2;9,472952E-1;;
30/11/2021  10:22:50,789422;9,431255E-1;1,190898E-1;1,170997E-1;9,473527E-1;;
30/11/2021  10:22:50,789522;9,432656E-1;1,305587E-1;1,275255E-1;9,474039E-1;;
30/11/2021  10:22:50,789622;9,437842E-1;1,735670E-1;1,828136E-1;9,474484E-1;;
30/11/2021  10:22:50,789722;9,431136E-1;9,615202E-2;1,066739E-1;9,474856E-1;;
30/11/2021  10:22:50,789822;9,422493E-1;1,280100E-1;1,363715E-1;9,475151E-1;;
30/11/2021  10:22:50,789922;9,419155E-1;2,573535E-1;2,283078E-1;9,475366E-1;;
30/11/2021  10:22:50,790022;9,413761E-1;1,512664E-1;1,524841E-1;9,475496E-1;;
30/11/2021  10:22:50,790122;9,414417E-1;1,222756E-1;1,243661E-1;9,475535E-1;;
30/11/2021  10:22:50,790222;9,417605E-1;1,292843E-1;1,306848E-1;9,475481E-1;;
30/11/2021  10:22:50,790322;9,418470E-1;1,232313E-1;1,256299E-1;9,475330E-1;;
30/11/2021  10:22:50,790422;9,415579E-1;1,397975E-1;1,486929E-1;9,475083E-1;;
30/11/2021  10:22:50,790522;9,412569E-1;1,264171E-1;1,231024E-1;9,474737E-1;;
30/11/2021  10:22:50,790622;9,404909E-1;1,104881E-1;1,114129E-1;9,474294E-1;;
30/11/2021  10:22:50,790722;9,400200E-1;1,219570E-1;7,950379E-2;9,473753E-1;;
30/11/2021  10:22:50,790822;9,404641E-1;1,296029E-1;1,420583E-1;9,473113E-1;;
30/11/2021  10:22:50,790922;9,403956E-1;7,162136E-2;9,814378E-2;9,472374E-1;;
30/11/2021  10:22:50,791022;9,403777E-1;1,184526E-1;1,142563E-1;9,471536E-1;;
30/11/2021  10:22:50,791122;9,404313E-1;7,703722E-2;6,433905E-2;9,470603E-1;;
30/11/2021  10:22:50,791222;9,396177E-1;1,251428E-1;1,155200E-1;9,469576E-1;;
30/11/2021  10:22:50,791322;9,395313E-1;6,078964E-2;1,101492E-1;9,468458E-1;;
30/11/2021  10:22:50,791422;9,393167E-1;1,353374E-1;1,708081E-1;9,467251E-1;;
30/11/2021  10:22:50,791522;9,395343E-1;1,343816E-1;1,332122E-1;9,465957E-1;;
30/11/2021  10:22:50,791622;9,397906E-1;1,181340E-1;1,281573E-1;9,464580E-1;;
30/11/2021  10:22:50,791722;9,399724E-1;1,022050E-1;1,006712E-1;9,463123E-1;;
30/11/2021  10:22:50,791822;9,398561E-1;1,480806E-1;1,414265E-1;9,461591E-1;;
30/11/2021  10:22:50,791922;9,392720E-1;1,216384E-1;1,129926E-1;9,459991E-1;;
30/11/2021  10:22:50,792022;9,390395E-1;1,235499E-1;1,231024E-1;9,458325E-1;;
30/11/2021  10:22:50,792122;9,394359E-1;1,292843E-1;1,335282E-1;9,456600E-1;;
30/11/2021  10:22:50,792222;9,394329E-1;1,378860E-1;1,313166E-1;9,454819E-1;;
30/11/2021  10:22:50,792322;9,401869E-1;1,181340E-1;1,152041E-1;9,452989E-1;;
30/11/2021  10:22:50,792422;9,400409E-1;1,289658E-1;1,234183E-1;9,451115E-1;;
30/11/2021  10:22:50,792522;9,397935E-1;1,168597E-1;1,098333E-1;9,449205E-1;;
30/11/2021  10:22:50,792622;9,391498E-1;7,671864E-2;7,508074E-2;9,447265E-1;;
30/11/2021  10:22:50,792722;9,389591E-1;1,168597E-1;1,284732E-1;9,445300E-1;;
30/11/2021  10:22:50,792822;9,395492E-1;4,772786E-2;6,939396E-2;9,443316E-1;;
30/11/2021  10:22:50,792922;9,395819E-1;2,606442E-2;7,128955E-2;9,441317E-1;;
30/11/2021  10:22:50,793022;9,402436E-1;1,662396E-1;1,685966E-1;9,439309E-1;;
30/11/2021  10:22:50,793122;9,398651E-1;9,296622E-2;1,243661E-1;9,437298E-1;;
30/11/2021  10:22:50,793222;9,395581E-1;1,308772E-1;1,240502E-1;9,435291E-1;;
30/11/2021  10:22:50,793322;9,391140E-1;1,273729E-1;1,240502E-1;9,433292E-1;;
30/11/2021  10:22:50,793422;9,388369E-1;1,308772E-1;1,398468E-1;9,431307E-1;;
30/11/2021  10:22:50,793522;9,390455E-1;1,127182E-1;1,303688E-1;9,429338E-1;;
30/11/2021  10:22:50,793622;9,395015E-1;1,276914E-1;1,186794E-1;9,427389E-1;;
30/11/2021  10:22:50,793722;9,395015E-1;1,353374E-1;1,499566E-1;9,425463E-1;;
30/11/2021  10:22:50,793822;9,392064E-1;1,264171E-1;1,152041E-1;9,423565E-1;;
30/11/2021  10:22:50,793922;9,386491E-1;1,229127E-1;1,114129E-1;9,421698E-1;;
30/11/2021  10:22:50,794022;9,373974E-1;1,181340E-1;1,107811E-1;9,419864E-1;;
30/11/2021  10:22:50,794122;9,368460E-1;1,219570E-1;1,057261E-1;9,418064E-1;;
30/11/2021  10:22:50,794222;9,376030E-1;1,286472E-1;1,152041E-1;9,416295E-1;;
30/11/2021  10:22:50,794322;9,375166E-1;1,404346E-1;1,809180E-1;9,414558E-1;;
30/11/2021  10:22:50,794422;9,376060E-1;1,436204E-1;1,512204E-1;9,412852E-1;;
30/11/2021  10:22:50,794522;9,371232E-1;2,117966E-1;2,747498E-1;9,411177E-1;;
30/11/2021  10:22:50,794622;9,363245E-1;1,079395E-1;1,246821E-1;9,409532E-1;;
30/11/2021  10:22:50,794722;9,360354E-1;1,079395E-1;1,142563E-1;9,407916E-1;;
30/11/2021  10:22:50,794822;9,362202E-1;1,031608E-1;1,136244E-1;9,406328E-1;;
30/11/2021  10:22:50,794922;9,367715E-1;1,034794E-1;1,174156E-1;9,404764E-1;;
30/11/2021  10:22:50,795022;9,376597E-1;8,054160E-2;4,917431E-2;9,403225E-1;;
30/11/2021  10:22:50,795122;9,379577E-1;1,018865E-1;1,107811E-1;9,401712E-1;;
30/11/2021  10:22:50,795222;9,367596E-1;1,022050E-1;1,088855E-1;9,400226E-1;;
30/11/2021  10:22:50,795322;9,365629E-1;1,022050E-1;1,076217E-1;9,398769E-1;;
30/11/2021  10:22:50,795422;9,365301E-1;8,022302E-2;8,771802E-2;9,397340E-1;;
30/11/2021  10:22:50,795522;9,370129E-1;7,958586E-2;1,069899E-1;9,395941E-1;;
30/11/2021  10:22:50,795622;9,376984E-1;7,894870E-2;1,019350E-1;9,394570E-1;;
30/11/2021  10:22:50,795722;9,379845E-1;1,111253E-1;1,332122E-1;9,393230E-1;;
30/11/2021  10:22:50,795822;9,379845E-1;1,847173E-1;1,376353E-1;9,391923E-1;;
30/11/2021  10:22:50,795922;9,380709E-1;1,197269E-1;1,129926E-1;9,390652E-1;;
30/11/2021  10:22:50,796022;9,373825E-1;1,869473E-1;1,619620E-1;9,389420E-1;;
30/11/2021  10:22:50,796122;9,374838E-1;1,716555E-1;1,524841E-1;9,388227E-1;;
30/11/2021  10:22:50,796222;9,384852E-1;1,576380E-1;1,464814E-1;9,387076E-1;;
30/11/2021  10:22:50,796322;9,386879E-1;1,512664E-1;1,461654E-1;9,385968E-1;;
30/11/2021  10:22:50,796422;9,390634E-1;1,267357E-1;1,354238E-1;9,384906E-1;;
30/11/2021  10:22:50,796522;9,391558E-1;1,480806E-1;1,268936E-1;9,383892E-1;;
30/11/2021  10:22:50,796622;9,382259E-1;1,238685E-1;1,240502E-1;9,382931E-1;;
30/11/2021  10:22:50,796722;9,379845E-1;1,270543E-1;1,240502E-1;9,382024E-1;;
30/11/2021  10:22:50,796822;9,378027E-1;1,350188E-1;1,287892E-1;9,381171E-1;;
30/11/2021  10:22:50,796922;9,386789E-1;1,174969E-1;1,227865E-1;9,380371E-1;;
30/11/2021  10:22:50,797022;9,388160E-1;1,162226E-1;1,205749E-1;9,379625E-1;;
30/11/2021  10:22:50,797122;9,386193E-1;7,767438E-2;1,322644E-1;9,378933E-1;;
30/11/2021  10:22:50,797222;9,387326E-1;1,174969E-1;1,540637E-1;9,378297E-1;;
30/11/2021  10:22:50,797322;9,386789E-1;1,136739E-1;1,212068E-1;9,377715E-1;;
30/11/2021  10:22:50,797422;9,382945E-1;1,168597E-1;1,107811E-1;9,377188E-1;;
30/11/2021  10:22:50,797522;9,379279E-1;1,251428E-1;1,259458E-1;9,376715E-1;;
30/11/2021  10:22:50,797622;9,394508E-1;1,350188E-1;1,818658E-1;9,376295E-1;;
30/11/2021  10:22:50,797722;9,395968E-1;1,264171E-1;1,193112E-1;9,375927E-1;;
30/11/2021  10:22:50,797822;9,394210E-1;2,829448E-2;1,347919E-1;9,375611E-1;;
30/11/2021  10:22:50,797922;9,392780E-1;1,257800E-1;1,246821E-1;9,375349E-1;;
30/11/2021  10:22:50,798022;9,388279E-1;1,245056E-1;1,237343E-1;9,375139E-1;;
30/11/2021  10:22:50,798122;9,392541E-1;1,219570E-1;1,227865E-1;9,374981E-1;;
30/11/2021  10:22:50,798222;9,394717E-1;1,311958E-1;1,291051E-1;9,374875E-1;;
30/11/2021  10:22:50,798322;9,401631E-1;9,742634E-2;8,234717E-2;9,374818E-1;;
30/11/2021  10:22:50,798422;9,405505E-1;1,232313E-1;1,193112E-1;9,374811E-1;;
30/11/2021  10:22:50,798522;9,399932E-1;1,178155E-1;1,028828E-1;9,374855E-1;;
30/11/2021  10:22:50,798622;9,389650E-1;1,280100E-1;1,249980E-1;9,374949E-1;;
30/11/2021  10:22:50,798722;9,385925E-1;1,235499E-1;1,319485E-1;9,375092E-1;;
30/11/2021  10:22:50,798822;9,388369E-1;1,343816E-1;1,455336E-1;9,375279E-1;;
30/11/2021  10:22:50,798922;9,394001E-1;3,976336E-2;6,465498E-2;9,375508E-1;;
30/11/2021  10:22:50,799022;9,393882E-1;1,305587E-1;1,297370E-1;9,375775E-1;;
30/11/2021  10:22:50,799122;9,395283E-1;1,108067E-1;1,079377E-1;9,376078E-1;;
30/11/2021  10:22:50,799222;9,390097E-1;1,417090E-1;1,790224E-1;9,376414E-1;;
30/11/2021  10:22:50,799322;9,380471E-1;1,490363E-1;1,395309E-1;9,376782E-1;;
30/11/2021  10:22:50,799422;9,378474E-1;1,238685E-1;1,256299E-1;9,377175E-1;;
30/11/2021  10:22:50,799522;9,376865E-1;1,225942E-1;1,224705E-1;9,377591E-1;;
30/11/2021  10:22:50,799622;9,380680E-1;1,254614E-1;1,306848E-1;9,378021E-1;;
30/11/2021  10:22:50,799722;9,382766E-1;3,148028E-2;6,370719E-2;9,378464E-1;;
30/11/2021  10:22:50,799822;9,379845E-1;1,366117E-1;1,316326E-1;9,378913E-1;;
30/11/2021  10:22:50,799922;9,380650E-1;1,098510E-1;1,322644E-1;9,379366E-1;;
30/11/2021  10:22:50,800022;9,377729E-1;1,238685E-1;1,177316E-1;9,379819E-1;;
30/11/2021  10:22:50,800122;9,367328E-1;1,331073E-1;1,354238E-1;9,380268E-1;;
30/11/2021  10:22:50,800222;9,374600E-1;7,289568E-2;8,392683E-2;9,380709E-1;;
30/11/2021  10:22:50,800322;9,381991E-1;1,429833E-1;1,221546E-1;9,381138E-1;;
30/11/2021  10:22:50,800422;9,381901E-1;1,286472E-1;1,388990E-1;9,381552E-1;;
30/11/2021  10:22:50,800522;9,385806E-1;1,225942E-1;1,268936E-1;9,381950E-1;;
30/11/2021  10:22:50,800622;9,381067E-1;2,522562E-1;2,302034E-1;9,382332E-1;;
30/11/2021  10:22:50,800722;9,371560E-1;1,232313E-1;1,284732E-1;9,382696E-1;;
30/11/2021  10:22:50,800822;9,376746E-1;1,235499E-1;1,278414E-1;9,383040E-1;;
30/11/2021  10:22:50,800922;9,373855E-1;1,289658E-1;1,287892E-1;9,383363E-1;;
30/11/2021  10:22:50,801022;9,383272E-1;1,197269E-1;1,189953E-1;9,383663E-1;;
30/11/2021  10:22:50,801122;9,386163E-1;1,206827E-1;1,306848E-1;9,383939E-1;;
30/11/2021  10:22:50,801222;9,382766E-1;1,308772E-1;1,139404E-1;9,384193E-1;;
30/11/2021  10:22:50,801322;9,385120E-1;1,452133E-1;1,499566E-1;9,384424E-1;;
30/11/2021  10:22:50,801422;9,370487E-1;1,805757E-1;1,392149E-1;9,384633E-1;;
30/11/2021  10:22:50,801522;9,373944E-1;1,117624E-1;1,193112E-1;9,384821E-1;;
30/11/2021  10:22:50,801622;9,379160E-1;1,343816E-1;1,313166E-1;9,384985E-1;;
30/11/2021  10:22:50,801722;9,383749E-1;1,445762E-1;1,692285E-1;9,385125E-1;;
30/11/2021  10:22:50,801822;9,383690E-1;5,792242E-2;1,022509E-1;9,385243E-1;;
30/11/2021  10:22:50,801922;9,381901E-1;1,302401E-1;1,398468E-1;9,385339E-1;;
30/11/2021  10:22:50,802022;9,376149E-1;1,375674E-1;1,445858E-1;9,385415E-1;;
30/11/2021  10:22:50,802122;9,373378E-1;1,821686E-1;1,752312E-1;9,385470E-1;;
30/11/2021  10:22:50,802222;9,369980E-1;1,264171E-1;1,246821E-1;9,385505E-1;;
30/11/2021  10:22:50,802322;9,370725E-1;1,359745E-1;1,319485E-1;9,385518E-1;;
30/11/2021  10:22:50,802422;9,374421E-1;1,401161E-1;1,303688E-1;9,385509E-1;;
30/11/2021  10:22:50,802522;9,373497E-1;1,493549E-1;1,569071E-1;9,385477E-1;;
30/11/2021  10:22:50,802622;9,361069E-1;8,850610E-2;5,865227E-2;9,385422E-1;;
30/11/2021  10:22:50,802722;9,364616E-1;1,391603E-1;1,673329E-1;9,385343E-1;;
30/11/2021  10:22:50,802822;9,358834E-1;1,315144E-1;1,291051E-1;9,385239E-1;;
30/11/2021  10:22:50,802922;9,354900E-1;6,238254E-2;9,498445E-2;9,385107E-1;;
30/11/2021  10:22:50,803022;9,357970E-1;1,022050E-1;8,929768E-2;9,384945E-1;;
30/11/2021  10:22:50,803122;9,364049E-1;7,480716E-2;8,929768E-2;9,384752E-1;;
30/11/2021  10:22:50,803222;9,359072E-1;1,533758E-3;5,422923E-2;9,384527E-1;;
30/11/2021  10:22:50,803322;9,353678E-1;1,041165E-1;1,126766E-1;9,384269E-1;;
30/11/2021  10:22:50,803422;9,352396E-1;1,268406E-2;9,150920E-2;9,383979E-1;;
30/11/2021  10:22:50,803522;9,348790E-1;1,066652E-1;1,205749E-1;9,383655E-1;;
30/11/2021  10:22:50,803622;9,350429E-1;4,645354E-2;4,885838E-2;9,383295E-1;;
30/11/2021  10:22:50,803722;9,360145E-1;9,647060E-2;1,095173E-1;9,382899E-1;;
30/11/2021  10:22:50,803822;9,362559E-1;3,689614E-2;7,539667E-2;9,382468E-1;;
30/11/2021  10:22:50,803922;9,358715E-1;1,088952E-1;1,189953E-1;9,382004E-1;;
30/11/2021  10:22:50,804022;9,355675E-1;4,772786E-2;9,814378E-2;9,381509E-1;;
30/11/2021  10:22:50,804122;9,353916E-1;1,257800E-1;1,278414E-1;9,380984E-1;;
30/11/2021  10:22:50,804222;9,352545E-1;1,378860E-1;1,360556E-1;9,380431E-1;;
30/11/2021  10:22:50,804322;9,362321E-1;1,579565E-1;1,430061E-1;9,379851E-1;;
30/11/2021  10:22:50,804422;9,362231E-1;1,668768E-1;1,452176E-1;9,379247E-1;;
30/11/2021  10:22:50,804522;9,357940E-1;1,665582E-1;1,493248E-1;9,378621E-1;;
30/11/2021  10:22:50,804622;9,357403E-1;1,624167E-1;1,467973E-1;9,377976E-1;;
30/11/2021  10:22:50,804722;9,356509E-1;1,216384E-1;1,063580E-1;9,377315E-1;;
30/11/2021  10:22:50,804822;9,354602E-1;1,362931E-1;1,480610E-1;9,376639E-1;;
30/11/2021  10:22:50,804922;9,352009E-1;1,372488E-1;1,553275E-1;9,375950E-1;;
30/11/2021  10:22:50,805022;9,361337E-1;1,993719E-1;2,207254E-1;9,375250E-1;;
30/11/2021  10:22:50,805122;9,357821E-1;1,359745E-1;1,313166E-1;9,374540E-1;;
30/11/2021  10:22:50,805222;9,361993E-1;1,337445E-1;1,512204E-1;9,373824E-1;;
30/11/2021  10:22:50,805322;9,358894E-1;1,280100E-1;1,158360E-1;9,373105E-1;;
30/11/2021  10:22:50,805422;9,360473E-1;1,238685E-1;1,123607E-1;9,372384E-1;;
30/11/2021  10:22:50,805522;9,355824E-1;1,388417E-1;1,253139E-1;9,371665E-1;;
30/11/2021  10:22:50,805622;9,359907E-1;9,615202E-2;9,940750E-2;9,370948E-1;;
30/11/2021  10:22:50,805722;9,365718E-1;1,343816E-1;1,237343E-1;9,370238E-1;;
30/11/2021  10:22:50,805822;9,365540E-1;1,522221E-1;1,755471E-1;9,369535E-1;;
30/11/2021  10:22:50,805922;9,370457E-1;1,423461E-1;1,275255E-1;9,368844E-1;;
30/11/2021  10:22:50,806022;9,370219E-1;1,254614E-1;1,189953E-1;9,368167E-1;;
30/11/2021  10:22:50,806122;9,371679E-1;1,305587E-1;1,120448E-1;9,367509E-1;;
30/11/2021  10:22:50,806222;9,370666E-1;9,424054E-2;8,487463E-2;9,366873E-1;;
30/11/2021  10:22:50,806322;9,372633E-1;1,289658E-1;1,148882E-1;9,366262E-1;;
30/11/2021  10:22:50,806422;9,377818E-1;1,359745E-1;1,995579E-1;9,365678E-1;;
30/11/2021  10:22:50,806522;9,387266E-1;2,606442E-2;7,444887E-2;9,365126E-1;;
30/11/2021  10:22:50,806622;9,384733E-1;1,490363E-1;1,622780E-1;9,364609E-1;;
30/11/2021  10:22:50,806722;9,382289E-1;1,452133E-1;1,480610E-1;9,364133E-1;;
30/11/2021  10:22:50,806822;9,375732E-1;1,356559E-1;1,344760E-1;9,363698E-1;;
30/11/2021  10:22:50,806922;9,378742E-1;1,305587E-1;1,275255E-1;9,363309E-1;;
30/11/2021  10:22:50,807022;9,386074E-1;1,315144E-1;1,328963E-1;9,362966E-1;;
30/11/2021  10:22:50,807122;9,386223E-1;4,103768E-2;6,813023E-2;9,362670E-1;;
30/11/2021  10:22:50,807222;9,387028E-1;1,324701E-1;1,347919E-1;9,362423E-1;;
30/11/2021  10:22:50,807322;9,384643E-1;1,420275E-1;1,385831E-1;9,362227E-1;;
30/11/2021  10:22:50,807422;9,380381E-1;1,225942E-1;1,155200E-1;9,362083E-1;;
30/11/2021  10:22:50,807522;9,380083E-1;1,302401E-1;1,221546E-1;9,361991E-1;;
30/11/2021  10:22:50,807622;9,379368E-1;2,239026E-1;1,973464E-1;9,361948E-1;;
30/11/2021  10:22:50,807722;9,379875E-1;1,034794E-1;1,341600E-1;9,361955E-1;;
30/11/2021  10:22:50,807822;9,384465E-1;1,378860E-1;1,515363E-1;9,362009E-1;;
30/11/2021  10:22:50,807922;9,386372E-1;1,385232E-1;1,455336E-1;9,362109E-1;;
30/11/2021  10:22:50,808022;9,384256E-1;7,608148E-2;9,466852E-2;9,362254E-1;;
30/11/2021  10:22:50,808122;9,380501E-1;1,382046E-1;1,328963E-1;9,362443E-1;;
30/11/2021  10:22:50,808222;9,381097E-1;1,519035E-1;1,543797E-1;9,362674E-1;;
30/11/2021  10:22:50,808322;9,381007E-1;1,280100E-1;1,310007E-1;9,362946E-1;;
30/11/2021  10:22:50,808422;9,388130E-1;1,503106E-1;1,401627E-1;9,363254E-1;;
30/11/2021  10:22:50,808522;9,393882E-1;1,324701E-1;1,370034E-1;9,363599E-1;;
30/11/2021  10:22:50,808622;9,397131E-1;1,331073E-1;1,328963E-1;9,363979E-1;;
30/11/2021  10:22:50,808722;9,397399E-1;1,235499E-1;1,265777E-1;9,364395E-1;;
30/11/2021  10:22:50,808822;9,396356E-1;1,404346E-1;1,373193E-1;9,364847E-1;;
30/11/2021  10:22:50,808922;9,399604E-1;1,407532E-1;1,328963E-1;9,365335E-1;;
30/11/2021  10:22:50,809022;9,400588E-1;1,184526E-1;1,249980E-1;9,365859E-1;;
30/11/2021  10:22:50,809122;9,416831E-1;1,194084E-1;1,388990E-1;9,366418E-1;;
30/11/2021  10:22:50,809222;9,417546E-1;1,509478E-1;1,088855E-1;9,367016E-1;;
30/11/2021  10:22:50,809322;9,423238E-1;1,598680E-1;1,467973E-1;9,367654E-1;;
30/11/2021  10:22:50,809422;9,425295E-1;1,264171E-1;1,259458E-1;9,368335E-1;;
30/11/2021  10:22:50,809522;9,424460E-1;1,216384E-1;1,234183E-1;9,369062E-1;;
30/11/2021  10:22:50,809622;9,431076E-1;1,356559E-1;1,376353E-1;9,369837E-1;;
30/11/2021  10:22:50,809722;9,441567E-1;3,275460E-2;1,101492E-1;9,370663E-1;;
30/11/2021  10:22:50,809822;9,447349E-1;1,241871E-1;1,281573E-1;9,371543E-1;;
30/11/2021  10:22:50,809922;9,442431E-1;1,471248E-1;1,546956E-1;9,372481E-1;;
30/11/2021  10:22:50,810022;9,439779E-1;1,372488E-1;1,366875E-1;9,373480E-1;;
30/11/2021  10:22:50,810122;9,445263E-1;1,280100E-1;1,265777E-1;9,374541E-1;;
30/11/2021  10:22:50,810222;9,440554E-1;1,321516E-1;1,332122E-1;9,375665E-1;;
30/11/2021  10:22:50,810322;9,442521E-1;1,334259E-1;1,426902E-1;9,376852E-1;;
30/11/2021  10:22:50,810422;9,448511E-1;6,301970E-2;8,455870E-2;9,378102E-1;;
30/11/2021  10:22:50,810522;9,449256E-1;1,350188E-1;1,449017E-1;9,379413E-1;;
30/11/2021  10:22:50,810622;9,449733E-1;1,171783E-1;1,047783E-1;9,380784E-1;;
30/11/2021  10:22:50,810722;9,445173E-1;1,292843E-1;1,234183E-1;9,382215E-1;;
30/11/2021  10:22:50,810822;9,443713E-1;1,327887E-1;1,382671E-1;9,383703E-1;;
30/11/2021  10:22:50,810922;9,448303E-1;1,334259E-1;1,234183E-1;9,385245E-1;;
30/11/2021  10:22:50,811022;9,447349E-1;1,362931E-1;1,347919E-1;9,386837E-1;;
30/11/2021  10:22:50,811122;9,458138E-1;1,356559E-1;1,354238E-1;9,388476E-1;;
30/11/2021  10:22:50,811222;9,454859E-1;1,448948E-1;1,490088E-1;9,390160E-1;;
30/11/2021  10:22:50,811322;9,463085E-1;1,410718E-1;1,894481E-1;9,391887E-1;;
30/11/2021  10:22:50,811422;9,455992E-1;1,174969E-1;1,316326E-1;9,393654E-1;;
30/11/2021  10:22:50,811522;9,456409E-1;1,111253E-1;1,196272E-1;9,395458E-1;;
30/11/2021  10:22:50,811622;9,453637E-1;1,037979E-1;1,120448E-1;9,397298E-1;;
30/11/2021  10:22:50,811722;9,463860E-1;1,044351E-1;1,161519E-1;9,399167E-1;;
30/11/2021  10:22:50,811822;9,467823E-1;1,022050E-1;1,019350E-1;9,401065E-1;;
30/11/2021  10:22:50,811922;9,468032E-1;1,111253E-1;1,155200E-1;9,402987E-1;;
30/11/2021  10:22:50,812022;9,468032E-1;1,079395E-1;1,240502E-1;9,404933E-1;;
30/11/2021  10:22:50,812122;9,464039E-1;8,627604E-2;9,877564E-2;9,406900E-1;;
30/11/2021  10:22:50,812222;9,453995E-1;1,025236E-1;1,193112E-1;9,408884E-1;;
30/11/2021  10:22:50,812322;9,460581E-1;1,028422E-1;1,275255E-1;9,410881E-1;;
30/11/2021  10:22:50,812422;9,466602E-1;1,108067E-1;1,370034E-1;9,412886E-1;;
30/11/2021  10:22:50,812522;9,464277E-1;8,882468E-2;1,404787E-1;9,414896E-1;;
30/11/2021  10:22:50,812622;9,459359E-1;1,041165E-1;1,174156E-1;9,416906E-1;;
30/11/2021  10:22:50,812722;9,462012E-1;1,872659E-1;1,916596E-1;9,418912E-1;;
30/11/2021  10:22:50,812822;9,452207E-1;1,474434E-1;1,388990E-1;9,420910E-1;;
30/11/2021  10:22:50,812922;9,450180E-1;1,601866E-1;1,559593E-1;9,422894E-1;;
30/11/2021  10:22:50,813022;9,447349E-1;1,662396E-1;1,619620E-1;9,424858E-1;;
30/11/2021  10:22:50,813122;9,447230E-1;1,726112E-1;1,445858E-1;9,426797E-1;;
30/11/2021  10:22:50,813222;9,446872E-1;1,528593E-1;1,480610E-1;9,428703E-1;;
30/11/2021  10:22:50,813322;9,447081E-1;1,155854E-1;1,101492E-1;9,430570E-1;;
30/11/2021  10:22:50,813422;9,437246E-1;1,410718E-1;1,660692E-1;9,432395E-1;;
30/11/2021  10:22:50,813522;9,433818E-1;1,936375E-1;2,096678E-1;9,434169E-1;;
30/11/2021  10:22:50,813622;9,427262E-1;5,983390E-2;9,403666E-2;9,435887E-1;;
30/11/2021  10:22:50,813722;9,434385E-1;1,296029E-1;1,243661E-1;9,437542E-1;;
30/11/2021  10:22:50,813822;9,434921E-1;1,461691E-1;1,764949E-1;9,439128E-1;;
30/11/2021  10:22:50,813922;9,434206E-1;1,210013E-1;1,183634E-1;9,440640E-1;;
30/11/2021  10:22:50,814022;9,434623E-1;1,213198E-1;1,398468E-1;9,442074E-1;;
30/11/2021  10:22:50,814122;9,429139E-1;1,280100E-1;1,382671E-1;9,443427E-1;;
30/11/2021  10:22:50,814222;9,422702E-1;2,694595E-1;2,207254E-1;9,444697E-1;;
30/11/2021  10:22:50,814322;9,423238E-1;1,299215E-1;1,272095E-1;9,445878E-1;;
30/11/2021  10:22:50,814422;9,429884E-1;1,251428E-1;1,281573E-1;9,446969E-1;;
30/11/2021  10:22:50,814522;9,429825E-1;1,308772E-1;1,275255E-1;9,447967E-1;;
30/11/2021  10:22:50,814622;9,430719E-1;1,487177E-1;1,584868E-1;9,448872E-1;;
30/11/2021  10:22:50,814722;9,429050E-1;1,136739E-1;1,107811E-1;9,449683E-1;;
30/11/2021  10:22:50,814822;9,422851E-1;1,746276E-2;8,424277E-2;9,450400E-1;;
30/11/2021  10:22:50,814922;9,420735E-1;1,385232E-1;1,793383E-1;9,451025E-1;;
30/11/2021  10:22:50,815022;9,421778E-1;1,133553E-1;1,019350E-1;9,451556E-1;;
30/11/2021  10:22:50,815122;9,424609E-1;8,054160E-2;7,413294E-2;9,451994E-1;;
30/11/2021  10:22:50,815222;9,424639E-1;1,245056E-1;1,246821E-1;9,452340E-1;;
30/11/2021  10:22:50,815322;9,420586E-1;1,248242E-1;1,057261E-1;9,452596E-1;;
30/11/2021  10:22:50,815422;9,420496E-1;1,331073E-1;1,328963E-1;9,452763E-1;;
30/11/2021  10:22:50,815522;9,411228E-1;1,203641E-1;1,325804E-1;9,452843E-1;;
30/11/2021  10:22:50,815622;9,412420E-1;1,210013E-1;1,231024E-1;9,452837E-1;;
30/11/2021  10:22:50,815722;9,409201E-1;1,267357E-1;1,306848E-1;9,452746E-1;;
30/11/2021  10:22:50,815822;9,414893E-1;1,248242E-1;1,212068E-1;9,452572E-1;;
30/11/2021  10:22:50,815922;9,417695E-1;1,143111E-1;1,189953E-1;9,452315E-1;;
30/11/2021  10:22:50,816022;9,411079E-1;1,264171E-1;1,218387E-1;9,451978E-1;;
30/11/2021  10:22:50,816122;9,407294E-1;8,723178E-2;5,960007E-2;9,451566E-1;;
30/11/2021  10:22:50,816222;9,402793E-1;1,165411E-1;1,054102E-1;9,451079E-1;;
30/11/2021  10:22:50,816322;9,400797E-1;1,178155E-1;1,227865E-1;9,450520E-1;;
30/11/2021  10:22:50,816422;9,403628E-1;1,238685E-1;1,275255E-1;9,449889E-1;;
30/11/2021  10:22:50,816522;9,405595E-1;9,105474E-2;9,466852E-2;9,449190E-1;;
30/11/2021  10:22:50,816622;9,399813E-1;1,139925E-1;1,117289E-1;9,448424E-1;;
30/11/2021  10:22:50,816722;9,403121E-1;9,551486E-2;9,877564E-2;9,447594E-1;;
30/11/2021  10:22:50,816822;9,397131E-1;1,203641E-1;1,139404E-1;9,446704E-1;;
30/11/2021  10:22:50,816922;9,390038E-1;1,229127E-1;1,385831E-1;9,445755E-1;;
30/11/2021  10:22:50,817022;9,395402E-1;1,308772E-1;1,550115E-1;9,444750E-1;;
30/11/2021  10:22:50,817122;9,393942E-1;7,894870E-2;7,634447E-2;9,443691E-1;;
30/11/2021  10:22:50,817222;9,390634E-1;1,362931E-1;1,354238E-1;9,442580E-1;;
30/11/2021  10:22:50,817322;9,392809E-1;1,337445E-1;1,565912E-1;9,441419E-1;;
30/11/2021  10:22:50,817422;9,394299E-1;1,041165E-1;9,877564E-2;9,440213E-1;;
30/11/2021  10:22:50,817522;9,384137E-1;1,136739E-1;1,076217E-1;9,438963E-1;;
30/11/2021  10:22:50,817622;9,383511E-1;1,630538E-1;1,802861E-1;9,437672E-1;;
30/11/2021  10:22:50,817722;9,383123E-1;8,022302E-2;7,318515E-2;9,436343E-1;;
30/11/2021  10:22:50,817822;9,385150E-1;1,184526E-1;1,092014E-1;9,434976E-1;;
30/11/2021  10:22:50,817922;9,383094E-1;1,468062E-1;1,572231E-1;9,433576E-1;;
30/11/2021  10:22:50,818022;9,378504E-1;1,321516E-1;1,158360E-1;9,432143E-1;;
30/11/2021  10:22:50,818122;9,376775E-1;1,117624E-1;1,060421E-1;9,430681E-1;;
30/11/2021  10:22:50,818222;9,363751E-1;9,933782E-2;8,961361E-2;9,429191E-1;;
30/11/2021  10:22:50,818322;9,360592E-1;1,302401E-1;1,414265E-1;9,427674E-1;;
30/11/2021  10:22:50,818422;9,352933E-1;1,174969E-1;1,016190E-1;9,426128E-1;;
30/11/2021  10:22:50,818522;9,356956E-1;1,483991E-1;1,505885E-1;9,424553E-1;;
30/11/2021  10:22:50,818622;9,355138E-1;1,286472E-1;1,382671E-1;9,422946E-1;;
30/11/2021  10:22:50,818722;9,352188E-1;1,318330E-1;1,509044E-1;9,421309E-1;;
30/11/2021  10:22:50,818822;9,345333E-1;1,098510E-1;1,667010E-1;9,419640E-1;;
30/11/2021  10:22:50,818922;9,345333E-1;1,235499E-1;1,265777E-1;9,417939E-1;;
30/11/2021  10:22:50,819022;9,339343E-1;1,190898E-1;1,183634E-1;9,416205E-1;;
30/11/2021  10:22:50,819122;9,343962E-1;1,337445E-1;1,291051E-1;9,414439E-1;;
30/11/2021  10:22:50,819222;9,343456E-1;1,120810E-1;1,231024E-1;9,412638E-1;;
30/11/2021  10:22:50,819322;9,336690E-1;1,267357E-1;1,142563E-1;9,410806E-1;;
30/11/2021  10:22:50,819422;9,335975E-1;1,292843E-1;1,208909E-1;9,408941E-1;;
30/11/2021  10:22:50,819522;9,334515E-1;1,324701E-1;1,158360E-1;9,407046E-1;;
30/11/2021  10:22:50,819622;9,328912E-1;1,190898E-1;1,041465E-1;9,405119E-1;;
30/11/2021  10:22:50,819722;9,322027E-1;9,551486E-2;9,245700E-2;9,403163E-1;;
30/11/2021  10:22:50,819822;9,328494E-1;4,995792E-2;7,350108E-2;9,401176E-1;;
30/11/2021  10:22:50,819922;9,328494E-1;8,563888E-2;8,076751E-2;9,399160E-1;;
30/11/2021  10:22:50,820022;9,333084E-1;9,806350E-2;1,120448E-1;9,397116E-1;;
30/11/2021  10:22:50,820122;9,326229E-1;9,933782E-2;1,110970E-1;9,395047E-1;;
30/11/2021  10:22:50,820222;9,325484E-1;1,095324E-1;1,167838E-1;9,392955E-1;;
30/11/2021  10:22:50,820322;9,318779E-1;9,965640E-2;1,161519E-1;9,390842E-1;;
30/11/2021  10:22:50,820422;9,324203E-1;7,640006E-2;9,245700E-2;9,388712E-1;;
30/11/2021  10:22:50,820522;9,324531E-1;9,392196E-2;1,041465E-1;9,386565E-1;;
30/11/2021  10:22:50,820622;9,331862E-1;8,532030E-2;1,047783E-1;9,384406E-1;;
30/11/2021  10:22:50,820722;9,327422E-1;1,168597E-1;1,249980E-1;9,382237E-1;;
30/11/2021  10:22:50,820822;9,322266E-1;8,914326E-2;1,057261E-1;9,380064E-1;;
30/11/2021  10:22:50,820922;9,321550E-1;1,181340E-1;1,189953E-1;9,377890E-1;;
30/11/2021  10:22:50,821022;9,313742E-1;1,232313E-1;1,265777E-1;9,375718E-1;;
30/11/2021  10:22:50,821122;9,325991E-1;1,375674E-1;1,420583E-1;9,373551E-1;;
30/11/2021  10:22:50,821222;9,325723E-1;1,375674E-1;1,392149E-1;9,371390E-1;;
30/11/2021  10:22:50,821322;9,326259E-1;9,519628E-2;6,718244E-2;9,369241E-1;;
30/11/2021  10:22:50,821422;9,327451E-1;1,703812E-1;1,831295E-1;9,367108E-1;;
30/11/2021  10:22:50,821522;9,325753E-1;1,716555E-1;1,644895E-1;9,364994E-1;;
30/11/2021  10:22:50,821622;9,325246E-1;1,557265E-1;1,550115E-1;9,362905E-1;;
30/11/2021  10:22:50,821722;9,325455E-1;1,448948E-1;1,449017E-1;9,360843E-1;;
30/11/2021  10:22:50,821822;9,331475E-1;1,362931E-1;1,698603E-1;9,358813E-1;;
30/11/2021  10:22:50,821922;9,339015E-1;1,219570E-1;1,145722E-1;9,356818E-1;;
30/11/2021  10:22:50,822022;9,339820E-1;1,439390E-1;1,834454E-1;9,354865E-1;;
30/11/2021  10:22:50,822122;9,341936E-1;1,225942E-1;1,291051E-1;9,352957E-1;;
30/11/2021  10:22:50,822222;9,342114E-1;1,331073E-1;1,310007E-1;9,351102E-1;;
30/11/2021  10:22:50,822322;9,338747E-1;1,315144E-1;1,275255E-1;9,349305E-1;;
30/11/2021  10:22:50,822422;9,350042E-1;1,235499E-1;1,325804E-1;9,347569E-1;;
30/11/2021  10:22:50,822522;9,357940E-1;1,362931E-1;1,401627E-1;9,345900E-1;;
30/11/2021  10:22:50,822622;9,361010E-1;1,331073E-1;1,420583E-1;9,344304E-1;;
30/11/2021  10:22:50,822722;9,365242E-1;3,817046E-2;4,317161E-2;9,342787E-1;;
30/11/2021  10:22:50,822822;9,366642E-1;1,321516E-1;1,259458E-1;9,341355E-1;;
30/11/2021  10:22:50,822922;9,369146E-1;1,388417E-1;1,426902E-1;9,340016E-1;;
30/11/2021  10:22:50,823022;9,367715E-1;1,241871E-1;1,319485E-1;9,338773E-1;;
30/11/2021  10:22:50,823122;9,373795E-1;1,203641E-1;1,174156E-1;9,337633E-1;;
30/11/2021  10:22:50,823222;9,381633E-1;1,359745E-1;1,341600E-1;9,336598E-1;;
30/11/2021  10:22:50,823322;9,389144E-1;1,337445E-1;1,347919E-1;9,335674E-1;;
30/11/2021  10:22:50,823422;9,388697E-1;1,961861E-1;2,251484E-1;9,334865E-1;;
30/11/2021  10:22:50,823522;9,384584E-1;1,302401E-1;1,360556E-1;9,334177E-1;;
30/11/2021  10:22:50,823622;9,384166E-1;1,308772E-1;1,291051E-1;9,333612E-1;;
30/11/2021  10:22:50,823722;9,384286E-1;1,289658E-1;1,287892E-1;9,333172E-1;;
30/11/2021  10:22:50,823822;9,391468E-1;1,286472E-1;1,300529E-1;9,332857E-1;;
30/11/2021  10:22:50,823922;9,391051E-1;1,241871E-1;1,167838E-1;9,332668E-1;;
30/11/2021  10:22:50,824022;9,395939E-1;1,318330E-1;1,370034E-1;9,332605E-1;;
30/11/2021  10:22:50,824122;9,394985E-1;1,334259E-1;1,471132E-1;9,332667E-1;;
30/11/2021  10:22:50,824222;9,401333E-1;1,044351E-1;1,047783E-1;9,332855E-1;;
30/11/2021  10:22:50,824322;9,397041E-1;1,477620E-1;1,569071E-1;9,333166E-1;;
30/11/2021  10:22:50,824422;9,396714E-1;1,455319E-1;1,553275E-1;9,333600E-1;;
30/11/2021  10:22:50,824522;9,407562E-1;1,289658E-1;1,436380E-1;9,334153E-1;;
30/11/2021  10:22:50,824622;9,408188E-1;1,620981E-1;1,600664E-1;9,334824E-1;;
30/11/2021  10:22:50,824722;9,412628E-1;8,659462E-2;8,898175E-2;9,335611E-1;;
30/11/2021  10:22:50,824822;9,408992E-1;1,359745E-1;1,344760E-1;9,336511E-1;;
30/11/2021  10:22:50,824922;9,408784E-1;1,308772E-1;1,294210E-1;9,337522E-1;;
30/11/2021  10:22:50,825022;9,410244E-1;1,426647E-1;1,486929E-1;9,338640E-1;;
30/11/2021  10:22:50,825122;9,416205E-1;1,283286E-1;1,351078E-1;9,339861E-1;;
30/11/2021  10:22:50,825222;9,420586E-1;1,356559E-1;1,240502E-1;9,341181E-1;;
30/11/2021  10:22:50,825322;9,423089E-1;1,311958E-1;1,360556E-1;9,342597E-1;;
30/11/2021  10:22:50,825422;9,429169E-1;1,229127E-1;1,129926E-1;9,344105E-1;;
30/11/2021  10:22:50,825522;9,435994E-1;1,560451E-1;1,521681E-1;9,345703E-1;;
30/11/2021  10:22:50,825622;9,430808E-1;1,197269E-1;1,082536E-1;9,347389E-1;;
30/11/2021  10:22:50,825722;9,432358E-1;1,171783E-1;1,328963E-1;9,349159E-1;;
30/11/2021  10:22:50,825822;9,436918E-1;1,292843E-1;1,268936E-1;9,351011E-1;;
30/11/2021  10:22:50,825922;9,440405E-1;1,681511E-1;1,979783E-1;9,352940E-1;;
30/11/2021  10:22:50,826022;9,446008E-1;1,063466E-1;8,139938E-2;9,354944E-1;;
30/11/2021  10:22:50,826122;9,446455E-1;1,385232E-1;1,480610E-1;9,357019E-1;;
30/11/2021  10:22:50,826222;9,446574E-1;1,362931E-1;1,505885E-1;9,359163E-1;;
30/11/2021  10:22:50,826322;9,447706E-1;1,442576E-1;1,449017E-1;9,361372E-1;;
30/11/2021  10:22:50,826422;9,443713E-1;1,417090E-1;1,417424E-1;9,363643E-1;;
30/11/2021  10:22:50,826522;9,450419E-1;1,232313E-1;1,259458E-1;9,365970E-1;;
30/11/2021  10:22:50,826622;9,452475E-1;1,429833E-1;1,306848E-1;9,368349E-1;;
30/11/2021  10:22:50,826722;9,456230E-1;1,235499E-1;1,606983E-1;9,370776E-1;;
30/11/2021  10:22:50,826822;9,456975E-1;1,245056E-1;9,624818E-2;9,373247E-1;;
30/11/2021  10:22:50,826922;9,453727E-1;7,193994E-2;6,307532E-2;9,375758E-1;;
30/11/2021  10:22:50,827022;9,450776E-1;1,219570E-1;9,119327E-2;9,378305E-1;;
30/11/2021  10:22:50,827122;9,454829E-1;1,362931E-1;1,208909E-1;9,380881E-1;;
30/11/2021  10:22:50,827222;9,459568E-1;1,296029E-1;1,363715E-1;9,383482E-1;;
30/11/2021  10:22:50,827322;9,462161E-1;1,286472E-1;1,439539E-1;9,386103E-1;;
30/11/2021  10:22:50,827422;9,458793E-1;1,618844E-2;6,054787E-2;9,388740E-1;;
30/11/2021  10:22:50,827522;9,458793E-1;1,331073E-1;1,253139E-1;9,391388E-1;;
30/11/2021  10:22:50,827622;9,457273E-1;2,796541E-1;2,715904E-1;9,394042E-1;;
30/11/2021  10:22:50,827722;9,449405E-1;1,420275E-1;1,357397E-1;9,396696E-1;;
30/11/2021  10:22:50,827822;9,456111E-1;1,429833E-1;1,407946E-1;9,399346E-1;;
30/11/2021  10:22:50,827922;9,458883E-1;1,506292E-1;1,423743E-1;9,401985E-1;;
30/11/2021  10:22:50,828022;9,456230E-1;1,292843E-1;1,303688E-1;9,404607E-1;;
30/11/2021  10:22:50,828122;9,450955E-1;1,308772E-1;1,275255E-1;9,407207E-1;;
30/11/2021  10:22:50,828222;9,456081E-1;1,037979E-1;1,107811E-1;9,409781E-1;;
30/11/2021  10:22:50,828322;9,445471E-1;1,095324E-1;1,199431E-1;9,412322E-1;;
30/11/2021  10:22:50,828422;9,442431E-1;1,123996E-1;1,186794E-1;9,414824E-1;;
30/11/2021  10:22:50,828522;9,442253E-1;1,018865E-1;1,095173E-1;9,417282E-1;;
30/11/2021  10:22:50,828622;9,445888E-1;9,169190E-2;1,155200E-1;9,419687E-1;;
30/11/2021  10:22:50,828722;9,444994E-1;1,053908E-1;1,038306E-1;9,422035E-1;;
30/11/2021  10:22:50,828822;9,441060E-1;8,181592E-2;9,624818E-2;9,424321E-1;;
30/11/2021  10:22:50,828922;9,434504E-1;4,199342E-2;8,898175E-2;9,426539E-1;;
30/11/2021  10:22:50,829022;9,429288E-1;1,146297E-1;1,442698E-1;9,428683E-1;;
30/11/2021  10:22:50,829122;9,425295E-1;1,028422E-1;1,145722E-1;9,430748E-1;;
30/11/2021  10:22:50,829222;9,428573E-1;-3,892590E-2;4,633093E-2;9,432727E-1;;
30/11/2021  10:22:50,829322;9,431404E-1;1,159040E-1;1,079377E-1;9,434615E-1;;
30/11/2021  10:22:50,829422;9,426040E-1;1,092138E-1;1,670170E-1;9,436407E-1;;
30/11/2021  10:22:50,829522;9,425205E-1;1,066652E-1;1,212068E-1;9,438100E-1;;
30/11/2021  10:22:50,829622;9,417099E-1;1,292843E-1;1,300529E-1;9,439691E-1;;
30/11/2021  10:22:50,829722;9,412926E-1;2,261327E-1;1,673329E-1;9,441174E-1;;
30/11/2021  10:22:50,829822;9,417427E-1;1,557265E-1;1,407946E-1;9,442547E-1;;
30/11/2021  10:22:50,829922;9,423119E-1;1,461691E-1;1,167838E-1;9,443805E-1;;
30/11/2021  10:22:50,830022;9,421897E-1;1,818500E-1;1,613302E-1;9,444949E-1;;
30/11/2021  10:22:50,830122;9,417993E-1;1,563636E-1;1,303688E-1;9,445977E-1;;
30/11/2021  10:22:50,830222;9,416831E-1;1,174969E-1;1,129926E-1;9,446890E-1;;
30/11/2021  10:22:50,830322;9,411585E-1;3,371034E-2;4,569906E-2;9,447688E-1;;
30/11/2021  10:22:50,830422;9,412509E-1;1,292843E-1;1,439539E-1;9,448370E-1;;
30/11/2021  10:22:50,830522;9,417874E-1;9,965640E-2;8,645429E-2;9,448937E-1;;
30/11/2021  10:22:50,830622;9,421122E-1;1,382046E-1;1,474292E-1;9,449391E-1;;
30/11/2021  10:22:50,830722;9,422255E-1;1,369303E-1;1,515363E-1;9,449735E-1;;
30/11/2021  10:22:50,830822;9,422612E-1;1,426647E-1;1,613302E-1;9,449973E-1;;
30/11/2021  10:22:50,830922;9,418708E-1;1,375674E-1;1,278414E-1;9,450108E-1;;
30/11/2021  10:22:50,831022;9,420407E-1;1,082581E-1;1,177316E-1;9,450146E-1;;
30/11/2021  10:22:50,831122;9,419274E-1;1,321516E-1;1,379512E-1;9,450090E-1;;
30/11/2021  10:22:50,831222;9,421599E-1;1,229127E-1;1,183634E-1;9,449945E-1;;
30/11/2021  10:22:50,831322;9,425801E-1;1,292843E-1;1,278414E-1;9,449715E-1;;
30/11/2021  10:22:50,831422;9,421182E-1;1,334259E-1;1,297370E-1;9,449407E-1;;
30/11/2021  10:22:50,831522;9,414864E-1;1,324701E-1;1,300529E-1;9,449024E-1;;
30/11/2021  10:22:50,831622;9,419900E-1;1,324701E-1;1,221546E-1;9,448573E-1;;
30/11/2021  10:22:50,831722;9,411019E-1;9,965640E-2;9,656411E-2;9,448057E-1;;
30/11/2021  10:22:50,831822;9,412777E-1;9,583344E-2;9,277293E-2;9,447479E-1;;
30/11/2021  10:22:50,831922;9,411824E-1;8,213450E-2;9,909157E-2;9,446843E-1;;
30/11/2021  10:22:50,832022;9,418112E-1;1,248242E-1;1,442698E-1;9,446153E-1;;
30/11/2021  10:22:50,832122;9,414715E-1;1,210013E-1;1,423743E-1;9,445413E-1;;
30/11/2021  10:22:50,832222;9,410423E-1;1,216384E-1;1,231024E-1;9,444627E-1;;
30/11/2021  10:22:50,832322;9,403509E-1;1,280100E-1;1,253139E-1;9,443798E-1;;
30/11/2021  10:22:50,832422;9,403211E-1;1,372488E-1;1,347919E-1;9,442930E-1;;
30/11/2021  10:22:50,832522;9,406519E-1;1,289658E-1;1,325804E-1;9,442024E-1;;
30/11/2021  10:22:50,832622;9,409380E-1;1,041165E-1;1,174156E-1;9,441083E-1;;
30/11/2021  10:22:50,832722;9,404254E-1;1,229127E-1;1,344760E-1;9,440109E-1;;
30/11/2021  10:22:50,832822;9,402674E-1;1,308772E-1;1,268936E-1;9,439107E-1;;
30/11/2021  10:22:50,832922;9,395134E-1;1,283286E-1;1,272095E-1;9,438078E-1;;
30/11/2021  10:22:50,833022;9,391826E-1;1,245056E-1;1,196272E-1;9,437023E-1;;
30/11/2021  10:22:50,833122;9,390306E-1;1,308772E-1;1,104651E-1;9,435944E-1;;
30/11/2021  10:22:50,833222;9,397876E-1;1,388417E-1;1,316326E-1;9,434842E-1;;
30/11/2021  10:22:50,833322;9,394299E-1;9,105474E-2;9,056141E-2;9,433716E-1;;
30/11/2021  10:22:50,833422;9,398979E-1;1,397975E-1;1,670170E-1;9,432570E-1;;
30/11/2021  10:22:50,833522;9,387773E-1;1,245056E-1;1,328963E-1;9,431406E-1;;
30/11/2021  10:22:50,833622;9,388071E-1;1,225942E-1;1,268936E-1;9,430225E-1;;
30/11/2021  10:22:50,833722;9,379368E-1;1,327887E-1;1,300529E-1;9,429028E-1;;
30/11/2021  10:22:50,833822;9,380829E-1;1,397975E-1;1,376353E-1;9,427815E-1;;
30/11/2021  10:22:50,833922;9,385359E-1;1,340630E-1;1,344760E-1;9,426586E-1;;
30/11/2021  10:22:50,834022;9,389978E-1;1,292843E-1;1,212068E-1;9,425343E-1;;
30/11/2021  10:22:50,834122;9,390693E-1;1,439390E-1;1,401627E-1;9,424086E-1;;
30/11/2021  10:22:50,834222;9,385657E-1;1,146297E-1;1,237343E-1;9,422819E-1;;
30/11/2021  10:22:50,834322;9,376418E-1;1,273729E-1;1,281573E-1;9,421543E-1;;
30/11/2021  10:22:50,834422;9,377103E-1;1,251428E-1;1,265777E-1;9,420260E-1;;
30/11/2021  10:22:50,834522;9,376030E-1;1,522221E-1;1,600664E-1;9,418971E-1;;
30/11/2021  10:22:50,834622;9,380590E-1;1,350188E-1;1,218387E-1;9,417674E-1;;
30/11/2021  10:22:50,834722;9,380620E-1;1,254614E-1;1,028828E-1;9,416372E-1;;
30/11/2021  10:22:50,834822;9,378593E-1;5,760384E-2;4,854245E-2;9,415067E-1;;
30/11/2021  10:22:50,834922;9,380620E-1;1,280100E-1;1,231024E-1;9,413759E-1;;
30/11/2021  10:22:50,835022;9,371113E-1;1,369303E-1;1,449017E-1;9,412451E-1;;
30/11/2021  10:22:50,835122;9,376567E-1;1,225942E-1;1,262617E-1;9,411143E-1;;
30/11/2021  10:22:50,835222;9,383183E-1;1,260985E-1;1,196272E-1;9,409838E-1;;
30/11/2021  10:22:50,835322;9,389799E-1;1,267357E-1;1,256299E-1;9,408537E-1;;
30/11/2021  10:22:50,835422;9,393346E-1;1,286472E-1;1,310007E-1;9,407244E-1;;
30/11/2021  10:22:50,835522;9,391319E-1;1,726112E-1;1,613302E-1;9,405963E-1;;
30/11/2021  10:22:50,835622;9,389859E-1;1,130368E-1;1,085695E-1;9,404700E-1;;
30/11/2021  10:22:50,835722;9,394001E-1;1,235499E-1;1,218387E-1;9,403458E-1;;
30/11/2021  10:22:50,835822;9,395134E-1;1,146297E-1;1,202590E-1;9,402241E-1;;
30/11/2021  10:22:50,835922;9,401005E-1;1,082581E-1;1,142563E-1;9,401054E-1;;
30/11/2021  10:22:50,836022;9,408516E-1;1,190898E-1;1,082536E-1;9,399901E-1;;
30/11/2021  10:22:50,836122;9,404433E-1;1,216384E-1;1,107811E-1;9,398787E-1;;
30/11/2021  10:22:50,836222;9,413493E-1;1,423461E-1;1,423743E-1;9,397718E-1;;
30/11/2021  10:22:50,836322;9,407949E-1;1,241871E-1;1,139404E-1;9,396698E-1;;
30/11/2021  10:22:50,836422;9,404760E-1;1,321516E-1;1,430061E-1;9,395733E-1;;
30/11/2021  10:22:50,836522;9,414864E-1;1,391603E-1;1,467973E-1;9,394825E-1;;
30/11/2021  10:22:50,836622;9,412301E-1;7,831154E-2;1,531159E-1;9,393979E-1;;
30/11/2021  10:22:50,836722;9,420794E-1;1,063466E-1;1,129926E-1;9,393197E-1;;
30/11/2021  10:22:50,836822;9,418827E-1;9,328480E-2;1,025668E-1;9,392484E-1;;
30/11/2021  10:22:50,836922;9,410274E-1;9,965640E-2;1,114129E-1;9,391842E-1;;
30/11/2021  10:22:50,837022;9,414953E-1;1,092138E-1;1,139404E-1;9,391272E-1;;
30/11/2021  10:22:50,837122;9,401542E-1;1,159040E-1;1,423743E-1;9,390776E-1;;
30/11/2021  10:22:50,837222;9,409767E-1;1,407532E-1;1,878685E-1;9,390353E-1;;
30/11/2021  10:22:50,837322;9,416562E-1;9,137332E-2;9,530039E-2;9,390000E-1;;
30/11/2021  10:22:50,837422;9,412301E-1;8,786894E-2;9,561632E-2;9,389718E-1;;
30/11/2021  10:22:50,837522;9,410214E-1;9,742634E-2;8,803395E-2;9,389506E-1;;
30/11/2021  10:22:50,837622;9,405625E-1;1,098510E-1;1,486929E-1;9,389361E-1;;
30/11/2021  10:22:50,837722;9,401869E-1;3,785188E-2;6,813023E-2;9,389282E-1;;
30/11/2021  10:22:50,837822;9,403836E-1;1,041165E-1;1,237343E-1;9,389265E-1;;
30/11/2021  10:22:50,837922;9,410244E-1;1,079395E-1;1,095173E-1;9,389306E-1;;
30/11/2021  10:22:50,838022;9,406549E-1;1,455319E-1;1,660692E-1;9,389401E-1;;
30/11/2021  10:22:50,838122;9,412986E-1;1,391603E-1;9,466852E-2;9,389549E-1;;
30/11/2021  10:22:50,838222;9,407443E-1;1,426647E-1;1,505885E-1;9,389746E-1;;
30/11/2021  10:22:50,838322;9,404373E-1;1,503106E-1;1,499566E-1;9,389990E-1;;
30/11/2021  10:22:50,838422;9,400022E-1;2,388759E-1;2,001898E-1;9,390277E-1;;
30/11/2021  10:22:50,838522;9,402078E-1;1,391603E-1;1,382671E-1;9,390603E-1;;
30/11/2021  10:22:50,838622;9,406906E-1;1,315144E-1;1,401627E-1;9,390964E-1;;
30/11/2021  10:22:50,838722;9,408337E-1;1,276914E-1;1,227865E-1;9,391356E-1;;
30/11/2021  10:22:50,838822;9,408843E-1;1,276914E-1;1,275255E-1;9,391776E-1;;
30/11/2021  10:22:50,838922;9,409708E-1;1,216384E-1;1,256299E-1;9,392221E-1;;
30/11/2021  10:22:50,839022;9,403419E-1;1,245056E-1;1,231024E-1;9,392690E-1;;
30/11/2021  10:22:50,839122;9,403330E-1;1,547707E-1;2,317830E-1;9,393179E-1;;
30/11/2021  10:22:50,839222;9,401482E-1;1,436204E-1;1,341600E-1;9,393685E-1;;
30/11/2021  10:22:50,839322;9,405952E-1;1,194084E-1;1,145722E-1;9,394204E-1;;
30/11/2021  10:22:50,839422;9,406638E-1;1,111253E-1;1,483770E-1;9,394734E-1;;
30/11/2021  10:22:50,839522;9,409022E-1;1,350188E-1;1,300529E-1;9,395271E-1;;
30/11/2021  10:22:50,839622;9,403956E-1;1,159040E-1;1,120448E-1;9,395814E-1;;
30/11/2021  10:22:50,839722;9,402436E-1;1,789828E-1;1,976624E-1;9,396360E-1;;
30/11/2021  10:22:50,839822;9,395939E-1;1,305587E-1;1,338441E-1;9,396907E-1;;
30/11/2021  10:22:50,839922;9,402615E-1;1,286472E-1;1,300529E-1;9,397451E-1;;
30/11/2021  10:22:50,840022;9,408963E-1;1,267357E-1;1,208909E-1;9,397989E-1;;
30/11/2021  10:22:50,840122;9,407919E-1;1,104881E-1;1,205749E-1;9,398520E-1;;
30/11/2021  10:22:50,840222;9,405476E-1;1,267357E-1;1,265777E-1;9,399043E-1;;
30/11/2021  10:22:50,840322;9,412092E-1;4,868360E-2;2,137230E-2;9,399557E-1;;
30/11/2021  10:22:50,840422;9,406221E-1;1,108067E-1;9,024547E-2;9,400062E-1;;
30/11/2021  10:22:50,840522;9,405267E-1;1,296029E-1;1,231024E-1;9,400556E-1;;
30/11/2021  10:22:50,840622;9,412986E-1;1,238685E-1;1,208909E-1;9,401039E-1;;
30/11/2021  10:22:50,840722;9,421390E-1;1,286472E-1;1,433221E-1;9,401510E-1;;
30/11/2021  10:22:50,840822;9,419870E-1;1,108067E-1;1,199431E-1;9,401972E-1;;
30/11/2021  10:22:50,840922;9,418768E-1;9,392196E-2;9,593225E-2;9,402426E-1;;
30/11/2021  10:22:50,841022;9,418678E-1;9,742634E-2;1,189953E-1;9,402873E-1;;
30/11/2021  10:22:50,841122;9,417665E-1;2,016020E-1;2,039810E-1;9,403316E-1;;
30/11/2021  10:22:50,841222;9,413761E-1;1,229127E-1;1,177316E-1;9,403753E-1;;
30/11/2021  10:22:50,841322;9,422612E-1;1,362931E-1;1,588027E-1;9,404187E-1;;
30/11/2021  10:22:50,841422;9,428364E-1;1,331073E-1;1,297370E-1;9,404617E-1;;
30/11/2021  10:22:50,841522;9,427291E-1;1,601866E-1;1,787064E-1;9,405046E-1;;
30/11/2021  10:22:50,841622;9,424043E-1;1,302401E-1;1,259458E-1;9,405476E-1;;
30/11/2021  10:22:50,841722;9,417337E-1;1,210013E-1;1,183634E-1;9,405908E-1;;
30/11/2021  10:22:50,841822;9,415817E-1;7,703722E-2;7,760819E-2;9,406341E-1;;
30/11/2021  10:22:50,841922;9,411347E-1;1,350188E-1;1,360556E-1;9,406776E-1;;
30/11/2021  10:22:50,842022;9,414476E-1;8,595746E-2;7,539667E-2;9,407211E-1;;
30/11/2021  10:22:50,842122;9,406757E-1;1,238685E-1;1,218387E-1;9,407643E-1;;
30/11/2021  10:22:50,842222;9,400737E-1;1,267357E-1;1,013031E-1;9,408070E-1;;
30/11/2021  10:22:50,842322;9,398502E-1;1,053908E-1;1,000394E-1;9,408489E-1;;
30/11/2021  10:22:50,842422;9,384941E-1;1,114439E-1;1,227865E-1;9,408896E-1;;
30/11/2021  10:22:50,842522;9,380709E-1;1,455319E-1;1,625939E-1;9,409284E-1;;
30/11/2021  10:22:50,842622;9,378534E-1;8,086018E-2;8,108345E-2;9,409648E-1;;
30/11/2021  10:22:50,842722;9,376507E-1;1,184526E-1;1,275255E-1;9,409981E-1;;
30/11/2021  10:22:50,842822;9,370964E-1;1,356559E-1;1,809180E-1;9,410276E-1;;
30/11/2021  10:22:50,842922;9,369235E-1;1,534964E-1;1,806020E-1;9,410526E-1;;
30/11/2021  10:22:50,843022;9,359847E-1;1,369303E-1;1,278414E-1;9,410727E-1;;
30/11/2021  10:22:50,843122;9,348701E-1;1,372488E-1;1,231024E-1;9,410871E-1;;
30/11/2021  10:22:50,843222;9,347539E-1;1,372488E-1;1,341600E-1;9,410951E-1;;
30/11/2021  10:22:50,843322;9,349804E-1;1,404346E-1;1,376353E-1;9,410960E-1;;
30/11/2021  10:22:50,843422;9,347390E-1;1,296029E-1;1,297370E-1;9,410891E-1;;
30/11/2021  10:22:50,843522;9,343605E-1;1,296029E-1;1,332122E-1;9,410740E-1;;
30/11/2021  10:22:50,843622;9,335796E-1;1,232313E-1;1,215227E-1;9,410501E-1;;
30/11/2021  10:22:50,843722;9,333710E-1;1,289658E-1;1,101492E-1;9,410171E-1;;
30/11/2021  10:22:50,843822;9,326766E-1;1,069837E-1;1,016190E-1;9,409746E-1;;
30/11/2021  10:22:50,843922;9,320775E-1;2,287862E-2;6,339125E-2;9,409220E-1;;
30/11/2021  10:22:50,844022;9,329061E-1;1,168597E-1;1,092014E-1;9,408590E-1;;
30/11/2021  10:22:50,844122;9,327690E-1;1,442576E-1;1,562753E-1;9,407854E-1;;
30/11/2021  10:22:50,844222;9,325484E-1;1,012493E-1;1,265777E-1;9,407010E-1;;
30/11/2021  10:22:50,844322;9,320656E-1;1,267357E-1;1,246821E-1;9,406060E-1;;
30/11/2021  10:22:50,844422;9,314636E-1;1,098510E-1;1,262617E-1;9,405002E-1;;
30/11/2021  10:22:50,844522;9,309391E-1;1,318330E-1;1,420583E-1;9,403837E-1;;
30/11/2021  10:22:50,844622;9,312252E-1;1,257800E-1;1,294210E-1;9,402565E-1;;
30/11/2021  10:22:50,844722;9,311090E-1;1,267357E-1;1,199431E-1;9,401186E-1;;
30/11/2021  10:22:50,844822;9,308318E-1;1,369303E-1;1,379512E-1;9,399702E-1;;
30/11/2021  10:22:50,844922;9,307781E-1;1,388417E-1;1,313166E-1;9,398116E-1;;
30/11/2021  10:22:50,845022;9,311179E-1;1,311958E-1;1,234183E-1;9,396430E-1;;
30/11/2021  10:22:50,845122;9,306053E-1;1,251428E-1;1,167838E-1;9,394648E-1;;
30/11/2021  10:22:50,845222;9,300658E-1;1,184526E-1;1,117289E-1;9,392775E-1;;
30/11/2021  10:22:50,845322;9,303877E-1;1,238685E-1;1,208909E-1;9,390813E-1;;
30/11/2021  10:22:50,845422;9,306291E-1;1,127182E-1;1,471132E-1;9,388767E-1;;
30/11/2021  10:22:50,845522;9,308050E-1;1,120810E-1;6,686651E-2;9,386643E-1;;
30/11/2021  10:22:50,845622;9,310613E-1;1,149482E-1;1,294210E-1;9,384446E-1;;
30/11/2021  10:22:50,845722;9,306440E-1;1,340630E-1;1,534319E-1;9,382184E-1;;
30/11/2021  10:22:50,845822;9,305069E-1;1,190898E-1;1,268936E-1;9,379864E-1;;
30/11/2021  10:22:50,845922;9,310285E-1;1,088952E-1;1,221546E-1;9,377493E-1;;
30/11/2021  10:22:50,846022;9,316871E-1;1,022050E-1;1,189953E-1;9,375077E-1;;
30/11/2021  10:22:50,846122;9,322266E-1;1,082581E-1;1,035146E-1;9,372625E-1;;
30/11/2021  10:22:50,846222;9,325604E-1;9,041758E-2;1,076217E-1;9,370147E-1;;
30/11/2021  10:22:50,846322;9,325008E-1;1,034794E-1;1,170997E-1;9,367654E-1;;
30/11/2021  10:22:50,846422;9,323726E-1;1,117624E-1;1,237343E-1;9,365155E-1;;
30/11/2021  10:22:50,846522;9,325723E-1;8,542518E-3;6,465498E-2;9,362660E-1;;
30/11/2021  10:22:50,846622;9,334962E-1;1,216384E-1;1,477451E-1;9,360177E-1;;
30/11/2021  10:22:50,846722;9,342293E-1;1,445762E-1;1,104651E-1;9,357718E-1;;
30/11/2021  10:22:50,846822;9,344707E-1;1,022050E-1;1,079377E-1;9,355292E-1;;
30/11/2021  10:22:50,846922;9,344320E-1;1,480806E-1;1,439539E-1;9,352910E-1;;
30/11/2021  10:22:50,847022;9,348761E-1;1,614609E-1;1,366875E-1;9,350582E-1;;
30/11/2021  10:22:50,847122;9,345601E-1;1,624167E-1;1,531159E-1;9,348319E-1;;
30/11/2021  10:22:50,847222;9,346972E-1;1,601866E-1;1,562753E-1;9,346128E-1;;
30/11/2021  10:22:50,847322;9,357612E-1;4,294916E-2;7,602853E-2;9,344018E-1;;
30/11/2021  10:22:50,847422;9,357523E-1;1,573194E-1;1,622780E-1;9,341996E-1;;
30/11/2021  10:22:50,847522;9,364258E-1;-4,837842E-3;1,000394E-1;9,340070E-1;;
30/11/2021  10:22:50,847622;9,368252E-1;1,843987E-1;2,008217E-1;9,338248E-1;;
30/11/2021  10:22:50,847722;9,365033E-1;1,299215E-1;1,366875E-1;9,336537E-1;;
30/11/2021  10:22:50,847822;9,362470E-1;1,340630E-1;1,357397E-1;9,334943E-1;;
30/11/2021  10:22:50,847922;9,364735E-1;1,331073E-1;1,278414E-1;9,333472E-1;;
30/11/2021  10:22:50,848022;9,374004E-1;1,327887E-1;1,310007E-1;9,332126E-1;;
30/11/2021  10:22:50,848122;9,373586E-1;9,678918E-2;9,972343E-2;9,330909E-1;;
30/11/2021  10:22:50,848222;9,375196E-1;1,318330E-1;1,363715E-1;9,329825E-1;;
30/11/2021  10:22:50,848322;9,382110E-1;1,420275E-1;1,515363E-1;9,328876E-1;;
30/11/2021  10:22:50,848422;9,386312E-1;1,232313E-1;1,246821E-1;9,328066E-1;;
30/11/2021  10:22:50,848522;9,385895E-1;2,319720E-2;1,117289E-1;9,327396E-1;;
30/11/2021  10:22:50,848622;9,390127E-1;1,347002E-1;1,316326E-1;9,326869E-1;;
30/11/2021  10:22:50,848722;9,396952E-1;1,088952E-1;1,287892E-1;9,326486E-1;;
30/11/2021  10:22:50,848822;9,407800E-1;1,260985E-1;1,430061E-1;9,326249E-1;;
30/11/2021  10:22:50,848922;9,406578E-1;1,436204E-1;1,663851E-1;9,326159E-1;;
30/11/2021  10:22:50,849022;9,413284E-1;1,391603E-1;1,376353E-1;9,326219E-1;;
30/11/2021  10:22:50,849122;9,411377E-1;1,452133E-1;1,357397E-1;9,326430E-1;;
30/11/2021  10:22:50,849222;9,415281E-1;1,570008E-1;1,714400E-1;9,326793E-1;;
30/11/2021  10:22:50,849322;9,423804E-1;9,901924E-2;1,016190E-1;9,327307E-1;;
30/11/2021  10:22:50,849422;9,431881E-1;1,264171E-1;1,139404E-1;9,327973E-1;;
30/11/2021  10:22:50,849522;9,430361E-1;1,280100E-1;1,300529E-1;9,328790E-1;;
30/11/2021  10:22:50,849622;9,429467E-1;1,149482E-1;1,013031E-1;9,329759E-1;;
30/11/2021  10:22:50,849722;9,435100E-1;2,012834E-1;1,862888E-1;9,330879E-1;;
30/11/2021  10:22:50,849822;9,435279E-1;1,308772E-1;1,392149E-1;9,332145E-1;;
30/11/2021  10:22:50,849922;9,438080E-1;1,362931E-1;1,363715E-1;9,333558E-1;;
30/11/2021  10:22:50,850022;9,440047E-1;1,104881E-1;1,050943E-1;9,335111E-1;;
30/11/2021  10:22:50,850122;9,452177E-1;8,978042E-2;1,486929E-1;9,336803E-1;;
30/11/2021  10:22:50,850222;9,453369E-1;1,305587E-1;1,231024E-1;9,338630E-1;;
30/11/2021  10:22:50,850322;9,455783E-1;1,114439E-1;1,461654E-1;9,340589E-1;;
30/11/2021  10:22:50,850422;9,453846E-1;1,296029E-1;1,328963E-1;9,342676E-1;;
30/11/2021  10:22:50,850522;9,451849E-1;1,305587E-1;1,328963E-1;9,344888E-1;;
30/11/2021  10:22:50,850622;9,452624E-1;1,359745E-1;1,341600E-1;9,347218E-1;;
30/11/2021  10:22:50,850722;9,457989E-1;1,248242E-1;1,291051E-1;9,349661E-1;;
30/11/2021  10:22:50,850822;9,461684E-1;1,340630E-1;1,167838E-1;9,352209E-1;;
30/11/2021  10:22:50,850922;9,458257E-1;1,292843E-1;1,297370E-1;9,354857E-1;;
30/11/2021  10:22:50,851022;9,460701E-1;7,799296E-2;4,917431E-2;9,357598E-1;;
30/11/2021  10:22:50,851122;9,455872E-1;1,353374E-1;1,619620E-1;9,360425E-1;;
30/11/2021  10:22:50,851222;9,457035E-1;7,926728E-2;1,208909E-1;9,363330E-1;;
30/11/2021  10:22:50,851322;9,454591E-1;7,257710E-2;1,227865E-1;9,366303E-1;;
30/11/2021  10:22:50,851422;9,462370E-1;1,146297E-1;1,253139E-1;9,369337E-1;;
30/11/2021  10:22:50,851522;9,463591E-1;1,060280E-1;1,117289E-1;9,372423E-1;;
30/11/2021  10:22:50,851622;9,463264E-1;7,576290E-2;9,688005E-2;9,375553E-1;;
30/11/2021  10:22:50,851722;9,459806E-1;1,480806E-1;1,553275E-1;9,378719E-1;;
30/11/2021  10:22:50,851822;9,454502E-1;1,324701E-1;1,284732E-1;9,381914E-1;;
30/11/2021  10:22:50,851922;9,449763E-1;1,152668E-1;1,310007E-1;9,385127E-1;;
30/11/2021  10:22:50,852022;9,457422E-1;1,388417E-1;1,401627E-1;9,388350E-1;;
30/11/2021  10:22:50,852122;9,459151E-1;1,324701E-1;1,316326E-1;9,391573E-1;;
30/11/2021  10:22:50,852222;9,460343E-1;1,245056E-1;1,275255E-1;9,394787E-1;;
30/11/2021  10:22:50,852322;9,460134E-1;1,254614E-1;1,177316E-1;9,397987E-1;;
30/11/2021  10:22:50,852422;9,453995E-1;1,385232E-1;1,404787E-1;9,401163E-1;;
30/11/2021  10:22:50,852522;9,449405E-1;9,806350E-2;9,845971E-2;9,404309E-1;;
30/11/2021  10:22:50,852622;9,451193E-1;-3,882102E-3;7,697633E-2;9,407416E-1;;
30/11/2021  10:22:50,852722;9,447677E-1;1,267357E-1;1,202590E-1;9,410477E-1;;
30/11/2021  10:22:50,852822;9,450985E-1;1,254614E-1;1,284732E-1;9,413484E-1;;
30/11/2021  10:22:50,852922;9,454561E-1;1,073023E-1;1,019350E-1;9,416429E-1;;
30/11/2021  10:22:50,853022;9,449167E-1;6,747982E-2;8,582243E-2;9,419307E-1;;
30/11/2021  10:22:50,853122;9,446008E-1;1,503106E-1;1,584868E-1;9,422112E-1;;
30/11/2021  10:22:50,853222;9,442580E-1;1,139925E-1;1,167838E-1;9,424838E-1;;
30/11/2021  10:22:50,853322;9,444369E-1;1,353374E-1;1,306848E-1;9,427480E-1;;
30/11/2021  10:22:50,853422;9,448481E-1;1,353374E-1;1,562753E-1;9,430031E-1;;
30/11/2021  10:22:50,853522;9,451044E-1;1,280100E-1;1,316326E-1;9,432488E-1;;
30/11/2021  10:22:50,853622;9,455127E-1;1,327887E-1;1,388990E-1;9,434848E-1;;
30/11/2021  10:22:50,853722;9,453756E-1;1,235499E-1;1,101492E-1;9,437109E-1;;
30/11/2021  10:22:50,853822;9,450836E-1;1,041165E-1;9,751191E-2;9,439270E-1;;
30/11/2021  10:22:50,853922;9,451342E-1;9,296622E-2;7,634447E-2;9,441331E-1;;
30/11/2021  10:22:50,854022;9,460671E-1;1,111253E-1;1,218387E-1;9,443291E-1;;
30/11/2021  10:22:50,854122;9,468837E-1;1,006121E-1;9,624818E-2;9,445150E-1;;
30/11/2021  10:22:50,854222;9,475572E-1;1,028422E-1;1,139404E-1;9,446912E-1;;
30/11/2021  10:22:50,854322;9,481056E-1;1,127182E-1;9,909157E-2;9,448581E-1;;
30/11/2021  10:22:50,854422;9,480758E-1;-8,257136E-2;5,891631E-3;9,450162E-1;;
30/11/2021  10:22:50,854522;9,483738E-1;6,620550E-2;1,060421E-1;9,451662E-1;;
30/11/2021  10:22:50,854622;9,487106E-1;1,015679E-1;1,120448E-1;9,453085E-1;;
30/11/2021  10:22:50,854722;9,491368E-1;9,392196E-2;1,152041E-1;9,454440E-1;;
30/11/2021  10:22:50,854822;9,499951E-1;1,633724E-1;1,872366E-1;9,455731E-1;;
30/11/2021  10:22:50,854922;9,506180E-1;1,302401E-1;1,253139E-1;9,456966E-1;;
30/11/2021  10:22:50,855022;9,512498E-1;1,257800E-1;1,733356E-1;9,458154E-1;;
30/11/2021  10:22:50,855122;9,513482E-1;1,267357E-1;1,335282E-1;9,459304E-1;;
30/11/2021  10:22:50,855222;9,507104E-1;1,362931E-1;1,354238E-1;9,460423E-1;;
30/11/2021  10:22:50,855322;9,514435E-1;1,372488E-1;1,237343E-1;9,461519E-1;;
30/11/2021  10:22:50,855422;9,517028E-1;1,550893E-1;1,401627E-1;9,462598E-1;;
30/11/2021  10:22:50,855522;9,516581E-1;1,646467E-1;1,464814E-1;9,463667E-1;;
30/11/2021  10:22:50,855622;9,514525E-1;1,598680E-1;1,417424E-1;9,464731E-1;;
30/11/2021  10:22:50,855722;9,518965E-1;1,327887E-1;1,262617E-1;9,465795E-1;;
30/11/2021  10:22:50,855822;9,508087E-1;7,926728E-2;6,781430E-2;9,466863E-1;;
30/11/2021  10:22:50,855922;9,507223E-1;1,225942E-1;1,452176E-1;9,467938E-1;;
30/11/2021  10:22:50,856022;9,507938E-1;1,114439E-1;1,155200E-1;9,469019E-1;;
30/11/2021  10:22:50,856122;9,509965E-1;9,455912E-2;1,054102E-1;9,470109E-1;;
30/11/2021  10:22:50,856222;9,505494E-1;1,037979E-1;1,054102E-1;9,471206E-1;;
30/11/2021  10:22:50,856322;9,503408E-1;4,231200E-2;9,087734E-2;9,472310E-1;;
30/11/2021  10:22:50,856422;9,504422E-1;1,187712E-1;1,246821E-1;9,473420E-1;;
30/11/2021  10:22:50,856522;9,494706E-1;1,181340E-1;1,177316E-1;9,474535E-1;;
30/11/2021  10:22:50,856622;9,493365E-1;1,302401E-1;1,322644E-1;9,475650E-1;;
30/11/2021  10:22:50,856722;9,495510E-1;1,369303E-1;1,360556E-1;9,476763E-1;;
30/11/2021  10:22:50,856822;9,496017E-1;1,178155E-1;1,262617E-1;9,477870E-1;;
30/11/2021  10:22:50,856922;9,494318E-1;1,206827E-1;1,328963E-1;9,478967E-1;;
30/11/2021  10:22:50,857022;9,492113E-1;1,235499E-1;1,208909E-1;9,480052E-1;;
30/11/2021  10:22:50,857122;9,483858E-1;1,251428E-1;1,170997E-1;9,481120E-1;;
30/11/2021  10:22:50,857222;9,476198E-1;1,321516E-1;1,347919E-1;9,482168E-1;;
30/11/2021  10:22:50,857322;9,476615E-1;1,340630E-1;1,613302E-1;9,483190E-1;;
30/11/2021  10:22:50,857422;9,476466E-1;1,197269E-1;9,814378E-2;9,484179E-1;;
30/11/2021  10:22:50,857522;9,470834E-1;1,327887E-1;1,291051E-1;9,485132E-1;;
30/11/2021  10:22:50,857622;9,473814E-1;9,615202E-2;8,297904E-2;9,486042E-1;;
30/11/2021  10:22:50,857722;9,466512E-1;1,308772E-1;1,351078E-1;9,486905E-1;;
30/11/2021  10:22:50,857822;9,463204E-1;7,417000E-2;1,496407E-1;9,487716E-1;;
30/11/2021  10:22:50,857922;9,454144E-1;1,232313E-1;1,237343E-1;9,488469E-1;;
30/11/2021  10:22:50,858022;9,438676E-1;1,111253E-1;1,145722E-1;9,489160E-1;;
30/11/2021  10:22:50,858122;9,440703E-1;1,280100E-1;1,272095E-1;9,489779E-1;;
30/11/2021  10:22:50,858222;9,445948E-1;1,286472E-1;1,123607E-1;9,490321E-1;;
30/11/2021  10:22:50,858322;9,434623E-1;1,162226E-1;1,208909E-1;9,490780E-1;;
30/11/2021  10:22:50,858422;9,431076E-1;1,216384E-1;1,224705E-1;9,491148E-1;;
30/11/2021  10:22:50,858522;9,419572E-1;1,276914E-1;1,183634E-1;9,491422E-1;;
30/11/2021  10:22:50,858622;9,411257E-1;6,461260E-2;8,076751E-2;9,491594E-1;;
30/11/2021  10:22:50,858722;9,412956E-1;1,079395E-1;8,266311E-2;9,491658E-1;;
30/11/2021  10:22:50,858822;9,409857E-1;1,251428E-1;1,177316E-1;9,491608E-1;;
30/11/2021  10:22:50,858922;9,406876E-1;1,248242E-1;1,227865E-1;9,491439E-1;;
30/11/2021  10:22:50,859022;9,409499E-1;-2,936850E-2;-4,534125E-3;9,491147E-1;;
30/11/2021  10:22:50,859122;9,404224E-1;1,123996E-1;1,155200E-1;9,490729E-1;;
30/11/2021  10:22:50,859222;9,400856E-1;1,222756E-1;1,234183E-1;9,490183E-1;;
30/11/2021  10:22:50,859322;9,397578E-1;1,159040E-1;1,082536E-1;9,489508E-1;;
30/11/2021  10:22:50,859422;9,396535E-1;1,162226E-1;1,196272E-1;9,488704E-1;;
30/11/2021  10:22:50,859522;9,397250E-1;1,159040E-1;1,594346E-1;9,487770E-1;;
30/11/2021  10:22:50,859622;9,405267E-1;1,283286E-1;1,496407E-1;9,486707E-1;;
30/11/2021  10:22:50,859722;9,404552E-1;1,174969E-1;1,610142E-1;9,485518E-1;;
30/11/2021  10:22:50,859822;9,405714E-1;1,178155E-1;1,158360E-1;9,484209E-1;;
30/11/2021  10:22:50,859922;9,399575E-1;1,315144E-1;1,212068E-1;9,482784E-1;;
30/11/2021  10:22:50,860022;9,392213E-1;1,206827E-1;1,016190E-1;9,481248E-1;;
30/11/2021  10:22:50,860122;9,401124E-1;1,292843E-1;1,259458E-1;9,479606E-1;;
30/11/2021  10:22:50,860222;9,401840E-1;1,079395E-1;1,205749E-1;9,477863E-1;;
30/11/2021  10:22:50,860322;9,407174E-1;1,232313E-1;9,561632E-2;9,476027E-1;;
30/11/2021  10:22:50,860422;9,401959E-1;1,576380E-1;1,588027E-1;9,474105E-1;;
30/11/2021  10:22:50,860522;9,401661E-1;1,452133E-1;1,496407E-1;9,472105E-1;;
30/11/2021  10:22:50,860622;9,395372E-1;1,203641E-1;1,300529E-1;9,470033E-1;;
30/11/2021  10:22:50,860722;9,398025E-1;1,292843E-1;1,344760E-1;9,467898E-1;;
30/11/2021  10:22:50,860822;9,399813E-1;1,617795E-1;1,471132E-1;9,465705E-1;;
30/11/2021  10:22:50,860922;9,402316E-1;1,503106E-1;1,701763E-1;9,463463E-1;;
30/11/2021  10:22:50,861022;9,403956E-1;1,155854E-1;1,891322E-1;9,461178E-1;;
30/11/2021  10:22:50,861122;9,395611E-1;1,299215E-1;1,328963E-1;9,458859E-1;;
30/11/2021  10:22:50,861222;9,390515E-1;1,401161E-1;1,278414E-1;9,456512E-1;;
30/11/2021  10:22:50,861322;9,388309E-1;2,098851E-1;1,764949E-1;9,454144E-1;;
30/11/2021  10:22:50,861422;9,386879E-1;1,315144E-1;8,992954E-2;9,451759E-1;;
30/11/2021  10:22:50,861522;9,394299E-1;1,280100E-1;1,253139E-1;9,449362E-1;;
30/11/2021  10:22:50,861622;9,390842E-1;1,334259E-1;1,335282E-1;9,446958E-1;;
30/11/2021  10:22:50,861722;9,390604E-1;1,350188E-1;1,186794E-1;9,444552E-1;;
30/11/2021  10:22:50,861822;9,381872E-1;1,331073E-1;1,401627E-1;9,442150E-1;;
30/11/2021  10:22:50,861922;9,372663E-1;1,184526E-1;1,120448E-1;9,439756E-1;;
30/11/2021  10:22:50,862022;9,370129E-1;1,423461E-1;1,388990E-1;9,437371E-1;;
30/11/2021  10:22:50,862122;9,369861E-1;1,073023E-1;1,291051E-1;9,434997E-1;;
30/11/2021  10:22:50,862222;9,365957E-1;9,838208E-2;1,370034E-1;9,432635E-1;;
30/11/2021  10:22:50,862322;9,361755E-1;9,742634E-2;8,613836E-2;9,430285E-1;;
30/11/2021  10:22:50,862422;9,349595E-1;1,108067E-1;1,474292E-1;9,427947E-1;;
30/11/2021  10:22:50,862522;9,347837E-1;1,114439E-1;1,205749E-1;9,425621E-1;;
30/11/2021  10:22:50,862622;9,336750E-1;1,181340E-1;1,237343E-1;9,423303E-1;;
30/11/2021  10:22:50,862722;9,332518E-1;1,127182E-1;1,202590E-1;9,420991E-1;;
30/11/2021  10:22:50,862822;9,332518E-1;9,583344E-2;1,054102E-1;9,418682E-1;;
30/11/2021  10:22:50,862922;9,334783E-1;9,551486E-2;1,006712E-1;9,416371E-1;;
30/11/2021  10:22:50,863022;9,331087E-1;1,015679E-1;1,129926E-1;9,414057E-1;;
30/11/2021  10:22:50,863122;9,324292E-1;1,002936E-1;1,073058E-1;9,411737E-1;;
30/11/2021  10:22:50,863222;9,320477E-1;7,894870E-2;1,177316E-1;9,409410E-1;;
30/11/2021  10:22:50,863322;9,316633E-1;1,031608E-1;1,009872E-1;9,407074E-1;;
30/11/2021  10:22:50,863422;9,316663E-1;1,139925E-1;1,281573E-1;9,404725E-1;;
30/11/2021  10:22:50,863522;9,317378E-1;1,401161E-1;1,433221E-1;9,402363E-1;;
30/11/2021  10:22:50,863622;9,323488E-1;1,305587E-1;1,256299E-1;9,399985E-1;;
30/11/2021  10:22:50,863722;9,322176E-1;7,193994E-2;7,918786E-2;9,397594E-1;;
30/11/2021  10:22:50,863822;9,319136E-1;2,038321E-1;1,878685E-1;9,395190E-1;;
30/11/2021  10:22:50,863922;9,313623E-1;1,748413E-1;1,613302E-1;9,392775E-1;;
30/11/2021  10:22:50,864022;9,313533E-1;1,601866E-1;1,632258E-1;9,390349E-1;;
30/11/2021  10:22:50,864122;9,322713E-1;1,461691E-1;1,467973E-1;9,387915E-1;;
30/11/2021  10:22:50,864222;9,328047E-1;1,420275E-1;1,395309E-1;9,385476E-1;;
30/11/2021  10:22:50,864322;9,329120E-1;1,624167E-1;1,783905E-1;9,383034E-1;;
30/11/2021  10:22:50,864422;9,326855E-1;1,184526E-1;1,170997E-1;9,380596E-1;;
30/11/2021  10:22:50,864522;9,322504E-1;1,117624E-1;8,582243E-2;9,378167E-1;;
30/11/2021  10:22:50,864622;9,321938E-1;8,149734E-2;7,002583E-2;9,375750E-1;;
30/11/2021  10:22:50,864722;9,321908E-1;1,362931E-1;1,464814E-1;9,373350E-1;;
30/11/2021  10:22:50,864822;9,329240E-1;1,276914E-1;1,262617E-1;9,370970E-1;;
30/11/2021  10:22:50,864922;9,331087E-1;1,235499E-1;1,310007E-1;9,368615E-1;;
30/11/2021  10:22:50,865022;9,335588E-1;9,424054E-2;9,056141E-2;9,366291E-1;;
30/11/2021  10:22:50,865122;9,332369E-1;3,466608E-2;6,370719E-2;9,364001E-1;;
30/11/2021  10:22:50,865222;9,328792E-1;1,512664E-1;1,704922E-1;9,361753E-1;;
30/11/2021  10:22:50,865322;9,333293E-1;1,490363E-1;1,689125E-1;9,359550E-1;;
30/11/2021  10:22:50,865422;9,336422E-1;1,270543E-1;1,328963E-1;9,357397E-1;;
30/11/2021  10:22:50,865522;9,359698E-1;1,031608E-1;9,972343E-2;9,355299E-1;;
30/11/2021  10:22:50,865622;9,356539E-1;1,171783E-1;1,101492E-1;9,353262E-1;;
30/11/2021  10:22:50,865722;9,354185E-1;1,165411E-1;9,372073E-2;9,351296E-1;;
30/11/2021  10:22:50,865822;9,357195E-1;1,248242E-1;1,281573E-1;9,349406E-1;;
30/11/2021  10:22:50,865922;9,350251E-1;7,257710E-2;6,560278E-2;9,347599E-1;;
30/11/2021  10:22:50,866022;9,356479E-1;1,232313E-1;1,373193E-1;9,345881E-1;;
30/11/2021  10:22:50,866122;9,361963E-1;9,105474E-2;7,002583E-2;9,344254E-1;;
30/11/2021  10:22:50,866222;9,366911E-1;1,324701E-1;1,486929E-1;9,342725E-1;;
30/11/2021  10:22:50,866322;9,371262E-1;1,210013E-1;1,398468E-1;9,341297E-1;;
30/11/2021  10:22:50,866422;9,365808E-1;1,324701E-1;1,622780E-1;9,339974E-1;;
30/11/2021  10:22:50,866522;9,371381E-1;1,273729E-1;1,423743E-1;9,338762E-1;;
30/11/2021  10:22:50,866622;9,374361E-1;1,190898E-1;1,183634E-1;9,337663E-1;;
30/11/2021  10:22:50,866722;9,378951E-1;1,245056E-1;1,237343E-1;9,336680E-1;;
30/11/2021  10:22:50,866822;9,394270E-1;1,267357E-1;1,268936E-1;9,335815E-1;;
30/11/2021  10:22:50,866922;9,399128E-1;1,308772E-1;1,310007E-1;9,335074E-1;;
30/11/2021  10:22:50,867022;9,406340E-1;1,114439E-1;1,164678E-1;9,334461E-1;;
30/11/2021  10:22:50,867122;9,401065E-1;1,213198E-1;1,167838E-1;9,333981E-1;;
30/11/2021  10:22:50,867222;9,399515E-1;1,260985E-1;1,114129E-1;9,333638E-1;;
30/11/2021  10:22:50,867322;9,404701E-1;-2,926362E-3;3,716890E-2;9,333434E-1;;
30/11/2021  10:22:50,867422;9,408665E-1;1,216384E-1;1,139404E-1;9,333370E-1;;
30/11/2021  10:22:50,867522;9,414208E-1;7,640006E-2;1,057261E-1;9,333448E-1;;
30/11/2021  10:22:50,867622;9,419781E-1;5,855958E-2;9,719598E-2;9,333668E-1;;
30/11/2021  10:22:50,867722;9,423119E-1;1,350188E-1;1,363715E-1;9,334031E-1;;
30/11/2021  10:22:50,867822;9,421688E-1;1,108067E-1;1,186794E-1;9,334538E-1;;
30/11/2021  10:22:50,867922;9,421599E-1;1,025236E-1;1,221546E-1;9,335188E-1;;
30/11/2021  10:22:50,868022;9,420794E-1;1,235499E-1;1,253139E-1;9,335981E-1;;
30/11/2021  10:22:50,868122;9,423357E-1;1,257800E-1;1,310007E-1;9,336913E-1;;
30/11/2021  10:22:50,868222;9,425980E-1;1,206827E-1;1,161519E-1;9,337981E-1;;
30/11/2021  10:22:50,868322;9,420675E-1;1,324701E-1;1,398468E-1;9,339181E-1;;
30/11/2021  10:22:50,868422;9,417695E-1;1,334259E-1;1,272095E-1;9,340508E-1;;
30/11/2021  10:22:50,868522;9,411287E-1;1,264171E-1;1,237343E-1;9,341957E-1;;
30/11/2021  10:22:50,868622;9,414387E-1;1,257800E-1;1,186794E-1;9,343518E-1;;
30/11/2021  10:22:50,868722;9,404492E-1;1,267357E-1;1,218387E-1;9,345184E-1;;
30/11/2021  10:22:50,868822;9,401899E-1;1,174969E-1;1,167838E-1;9,346945E-1;;
30/11/2021  10:22:50,868922;9,407860E-1;1,777085E-1;1,670170E-1;9,348790E-1;;
30/11/2021  10:22:50,869022;9,398949E-1;1,187712E-1;5,928414E-2;9,350708E-1;;
30/11/2021  10:22:50,869122;9,391617E-1;2,309114E-1;3,034996E-1;9,352690E-1;;
30/11/2021  10:22:50,869222;9,387802E-1;1,331073E-1;1,335282E-1;9,354722E-1;;
30/11/2021  10:22:50,869322;9,384345E-1;1,229127E-1;1,297370E-1;9,356793E-1;;
30/11/2021  10:22:50,869422;9,380173E-1;1,429833E-1;1,420583E-1;9,358890E-1;;
30/11/2021  10:22:50,869522;9,381693E-1;1,117624E-1;1,237343E-1;9,361000E-1;;
30/11/2021  10:22:50,869622;9,378564E-1;1,165411E-1;1,028828E-1;9,363110E-1;;
30/11/2021  10:22:50,869722;9,368311E-1;1,210013E-1;1,227865E-1;9,365209E-1;;
30/11/2021  10:22:50,869822;9,358745E-1;1,350188E-1;1,354238E-1;9,367284E-1;;
30/11/2021  10:22:50,869922;9,353708E-1;1,299215E-1;1,152041E-1;9,369323E-1;;
30/11/2021  10:22:50,870022;9,349118E-1;1,267357E-1;1,152041E-1;9,371312E-1;;
30/11/2021  10:22:50,870122;9,339969E-1;1,210013E-1;1,496407E-1;9,373237E-1;;
30/11/2021  10:22:50,870222;9,342532E-1;9,710776E-2;1,328963E-1;9,375086E-1;;
30/11/2021  10:22:50,870322;9,332428E-1;1,260985E-1;1,202590E-1;9,376846E-1;;
30/11/2021  10:22:50,870422;9,326140E-1;1,302401E-1;1,287892E-1;9,378505E-1;;
30/11/2021  10:22:50,870522;9,315679E-1;1,302401E-1;1,237343E-1;9,380052E-1;;
30/11/2021  10:22:50,870622;9,310166E-1;1,382046E-1;1,452176E-1;9,381475E-1;;
30/11/2021  10:22:50,870722;9,310613E-1;1,273729E-1;1,651214E-1;9,382762E-1;;
30/11/2021  10:22:50,870822;9,323547E-1;1,050723E-1;1,474292E-1;9,383904E-1;;
30/11/2021  10:22:50,870922;9,320090E-1;1,324701E-1;1,306848E-1;9,384894E-1;;
30/11/2021  10:22:50,871022;9,323339E-1;1,079395E-1;1,727037E-1;9,385727E-1;;
30/11/2021  10:22:50,871122;9,321670E-1;1,560451E-1;1,644895E-1;9,386401E-1;;
30/11/2021  10:22:50,871222;9,321968E-1;1,155854E-1;1,215227E-1;9,386916E-1;;
30/11/2021  10:22:50,871322;9,317080E-1;1,165411E-1;1,262617E-1;9,387270E-1;;
30/11/2021  10:22:50,871422;9,319732E-1;1,146297E-1;1,189953E-1;9,387464E-1;;
30/11/2021  10:22:50,871522;9,324233E-1;1,203641E-1;1,268936E-1;9,387501E-1;;
30/11/2021  10:22:50,871622;9,332756E-1;9,392196E-2;9,909157E-2;9,387383E-1;;
30/11/2021  10:22:50,871722;9,327153E-1;1,015679E-1;1,095173E-1;9,387115E-1;;
30/11/2021  10:22:50,871822;9,317527E-1;-8,543858E-2;-1,843513E-2;9,386704E-1;;
30/11/2021  10:22:50,871922;9,314725E-1;1,092138E-1;1,512204E-1;9,386153E-1;;
30/11/2021  10:22:50,872022;9,315947E-1;4,804644E-2;1,562753E-1;9,385469E-1;;
30/11/2021  10:22:50,872122;9,314308E-1;7,703722E-2;9,624818E-2;9,384654E-1;;
30/11/2021  10:22:50,872222;9,323070E-1;1,778134E-2;1,041465E-1;9,383715E-1;;
30/11/2021  10:22:50,872322;9,324471E-1;1,203641E-1;1,467973E-1;9,382658E-1;;
30/11/2021  10:22:50,872422;9,327153E-1;1,353374E-1;1,546956E-1;9,381491E-1;;
30/11/2021  10:22:50,872522;9,332786E-1;1,353374E-1;1,366875E-1;9,380222E-1;;
30/11/2021  10:22:50,872622;9,323547E-1;1,499920E-1;1,404787E-1;9,378861E-1;;
30/11/2021  10:22:50,872722;9,330044E-1;1,793014E-1;1,739675E-1;9,377417E-1;;
30/11/2021  10:22:50,872822;9,336243E-1;1,659210E-1;1,780746E-1;9,375898E-1;;
30/11/2021  10:22:50,872922;9,338538E-1;1,706997E-1;1,490088E-1;9,374314E-1;;
30/11/2021  10:22:50,873022;9,350578E-1;1,633724E-1;1,606983E-1;9,372677E-1;;
30/11/2021  10:22:50,873122;9,350340E-1;1,044351E-1;9,372073E-2;9,370998E-1;;
30/11/2021  10:22:50,873222;9,351651E-1;1,589123E-1;1,588027E-1;9,369289E-1;;
30/11/2021  10:22:50,873322;9,354662E-1;1,627352E-1;1,322644E-1;9,367562E-1;;
30/11/2021  10:22:50,873422;9,357970E-1;1,178155E-1;1,152041E-1;9,365828E-1;;
30/11/2021  10:22:50,873522;9,362053E-1;1,245056E-1;1,215227E-1;9,364098E-1;;
30/11/2021  10:22:50,873622;9,372633E-1;1,423461E-1;1,556434E-1;9,362385E-1;;
30/11/2021  10:22:50,873722;9,375792E-1;9,392196E-2;9,245700E-2;9,360699E-1;;
30/11/2021  10:22:50,873822;9,371500E-1;1,114439E-1;1,417424E-1;9,359053E-1;;
30/11/2021  10:22:50,873922;9,368460E-1;1,200455E-1;1,360556E-1;9,357457E-1;;
30/11/2021  10:22:50,874022;9,373765E-1;1,761156E-1;2,080881E-1;9,355919E-1;;
30/11/2021  10:22:50,874122;9,375136E-1;1,318330E-1;1,379512E-1;9,354449E-1;;
30/11/2021  10:22:50,874222;9,379368E-1;1,311958E-1;1,322644E-1;9,353053E-1;;
30/11/2021  10:22:50,874322;9,386074E-1;1,331073E-1;1,259458E-1;9,351739E-1;;
30/11/2021  10:22:50,874422;9,385835E-1;1,362931E-1;1,373193E-1;9,350513E-1;;
30/11/2021  10:22:50,874522;9,380143E-1;1,305587E-1;1,126766E-1;9,349383E-1;;
30/11/2021  10:22:50,874622;9,383094E-1;1,200455E-1;1,088855E-1;9,348352E-1;;
30/11/2021  10:22:50,874722;9,384763E-1;1,101695E-1;8,803395E-2;9,347425E-1;;
30/11/2021  10:22:50,874822;9,383719E-1;1,550893E-1;1,392149E-1;9,346605E-1;;
30/11/2021  10:22:50,874922;9,390753E-1;1,378860E-1;1,442698E-1;9,345893E-1;;
30/11/2021  10:22:50,875022;9,391349E-1;2,287862E-2;7,918786E-2;9,345293E-1;;
30/11/2021  10:22:50,875122;9,386014E-1;1,168597E-1;1,278414E-1;9,344805E-1;;
30/11/2021  10:22:50,875222;9,384047E-1;1,534964E-1;1,395309E-1;9,344430E-1;;
30/11/2021  10:22:50,875322;9,386461E-1;2,822027E-1;2,640081E-1;9,344167E-1;;
30/11/2021  10:22:50,875422;9,385150E-1;1,111253E-1;1,284732E-1;9,344015E-1;;
30/11/2021  10:22:50,875522;9,391826E-1;1,343816E-1;1,398468E-1;9,343970E-1;;
30/11/2021  10:22:50,875622;9,397995E-1;1,321516E-1;1,272095E-1;9,344033E-1;;
30/11/2021  10:22:50,875722;9,398144E-1;1,353374E-1;1,360556E-1;9,344200E-1;;
30/11/2021  10:22:50,875822;9,405356E-1;1,318330E-1;1,272095E-1;9,344471E-1;;
30/11/2021  10:22:50,875922;9,402734E-1;1,268406E-2;8,234717E-2;9,344845E-1;;
30/11/2021  10:22:50,876022;9,403389E-1;1,397975E-1;1,328963E-1;9,345322E-1;;
30/11/2021  10:22:50,876122;9,403062E-1;1,343816E-1;1,259458E-1;9,345897E-1;;
30/11/2021  10:22:50,876222;9,412926E-1;1,347002E-1;1,354238E-1;9,346571E-1;;
30/11/2021  10:22:50,876322;9,413761E-1;9,073616E-2;1,114129E-1;9,347339E-1;;
30/11/2021  10:22:50,876422;9,411436E-1;1,139925E-1;1,180475E-1;9,348202E-1;;
30/11/2021  10:22:50,876522;9,406638E-1;1,210013E-1;1,180475E-1;9,349155E-1;;
30/11/2021  10:22:50,876622;9,403419E-1;3,020596E-2;5,328143E-2;9,350195E-1;;
30/11/2021  10:22:50,876722;9,396088E-1;1,433019E-1;1,553275E-1;9,351318E-1;;
30/11/2021  10:22:50,876822;9,395253E-1;1,525407E-1;1,676488E-1;9,352516E-1;;
30/11/2021  10:22:50,876922;9,394955E-1;1,557265E-1;1,512204E-1;9,353782E-1;;
30/11/2021  10:22:50,877022;9,399873E-1;1,289658E-1;1,373193E-1;9,355109E-1;;
30/11/2021  10:22:50,877122;9,393256E-1;1,350188E-1;1,411105E-1;9,356489E-1;;
30/11/2021  10:22:50,877222;9,390365E-1;1,397975E-1;1,303688E-1;9,357916E-1;;
30/11/2021  10:22:50,877322;9,389859E-1;1,315144E-1;1,265777E-1;9,359380E-1;;
30/11/2021  10:22:50,877422;9,388786E-1;1,378860E-1;1,275255E-1;9,360876E-1;;
30/11/2021  10:22:50,877522;9,402287E-1;1,410718E-1;1,366875E-1;9,362394E-1;;
30/11/2021  10:22:50,877622;9,405535E-1;1,149482E-1;9,466852E-2;9,363929E-1;;
30/11/2021  10:22:50,877722;9,410512E-1;1,347002E-1;1,325804E-1;9,365477E-1;;
30/11/2021  10:22:50,877822;9,410304E-1;1,082581E-1;1,161519E-1;9,367035E-1;;
30/11/2021  10:22:50,877922;9,409022E-1;7,767438E-2;9,845971E-2;9,368600E-1;;
30/11/2021  10:22:50,878022;9,414566E-1;8,850610E-2;6,655058E-2;9,370170E-1;;
30/11/2021  10:22:50,878122;9,414536E-1;9,838208E-2;8,929768E-2;9,371742E-1;;
30/11/2021  10:22:50,878222;9,415251E-1;1,079395E-1;7,128955E-2;9,373315E-1;;
30/11/2021  10:22:50,878322;9,419602E-1;1,353374E-1;1,385831E-1;9,374886E-1;;
30/11/2021  10:22:50,878422;9,425712E-1;1,181340E-1;1,354238E-1;9,376455E-1;;
30/11/2021  10:22:50,878522;9,425891E-1;1,595494E-1;1,783905E-1;9,378021E-1;;
30/11/2021  10:22:50,878622;9,423208E-1;1,353374E-1;1,360556E-1;9,379584E-1;;
30/11/2021  10:22:50,878722;9,424907E-1;1,292843E-1;1,306848E-1;9,381143E-1;;
30/11/2021  10:22:50,878822;9,420347E-1;1,194084E-1;1,259458E-1;9,382697E-1;;
30/11/2021  10:22:50,878922;9,434027E-1;1,394789E-1;1,411105E-1;9,384245E-1;;
30/11/2021  10:22:50,879022;9,434236E-1;1,417090E-1;1,376353E-1;9,385788E-1;;
30/11/2021  10:22:50,879122;9,435904E-1;1,315144E-1;1,183634E-1;9,387324E-1;;
30/11/2021  10:22:50,879222;9,433580E-1;1,283286E-1;1,215227E-1;9,388855E-1;;
30/11/2021  10:22:50,879322;9,433520E-1;1,337445E-1;1,240502E-1;9,390380E-1;;
30/11/2021  10:22:50,879422;9,439749E-1;1,203641E-1;1,038306E-1;9,391901E-1;;
30/11/2021  10:22:50,879522;9,442491E-1;1,232313E-1;1,246821E-1;9,393415E-1;;
30/11/2021  10:22:50,879622;9,447379E-1;1,015679E-1;7,255328E-2;9,394925E-1;;
30/11/2021  10:22:50,879722;9,454978E-1;1,028422E-1;1,322644E-1;9,396432E-1;;
30/11/2021  10:22:50,879822;9,465231E-1;1,139925E-1;1,445858E-1;9,397937E-1;;
30/11/2021  10:22:50,879922;9,465767E-1;9,424054E-2;9,624818E-2;9,399445E-1;;
30/11/2021  10:22:50,880022;9,465707E-1;1,060280E-1;1,120448E-1;9,400959E-1;;
30/11/2021  10:22:50,880122;9,471608E-1;1,034794E-1;1,101492E-1;9,402483E-1;;
30/11/2021  10:22:50,880222;9,481622E-1;1,034794E-1;1,170997E-1;9,404020E-1;;
30/11/2021  10:22:50,880322;9,491487E-1;1,031608E-1;1,088855E-1;9,405574E-1;;
30/11/2021  10:22:50,880422;9,499027E-1;9,615202E-2;1,227865E-1;9,407151E-1;;
30/11/2021  10:22:50,880522;9,494318E-1;9,774492E-2;1,041465E-1;9,408756E-1;;
30/11/2021  10:22:50,880622;9,499236E-1;9,838208E-2;1,028828E-1;9,410396E-1;;
30/11/2021  10:22:50,880722;9,496077E-1;1,022050E-1;1,069899E-1;9,412073E-1;;
30/11/2021  10:22:50,880822;9,504362E-1;1,139925E-1;1,253139E-1;9,413792E-1;;
30/11/2021  10:22:50,880922;9,507909E-1;1,292843E-1;1,291051E-1;9,415556E-1;;
30/11/2021  10:22:50,881022;9,512409E-1;1,149482E-1;1,101492E-1;9,417367E-1;;
30/11/2021  10:22:50,881122;9,513064E-1;1,671954E-1;1,913437E-1;9,419228E-1;;
30/11/2021  10:22:50,881222;9,510621E-1;1,719741E-1;1,594346E-1;9,421141E-1;;
30/11/2021  10:22:50,881322;9,506120E-1;1,579565E-1;1,616461E-1;9,423107E-1;;
30/11/2021  10:22:50,881422;9,503617E-1;1,426647E-1;1,388990E-1;9,425125E-1;;
30/11/2021  10:22:50,881522;9,505316E-1;1,353374E-1;1,354238E-1;9,427193E-1;;
30/11/2021  10:22:50,881622;9,508028E-1;1,308772E-1;1,325804E-1;9,429309E-1;;
30/11/2021  10:22:50,881722;9,499385E-1;1,251428E-1;1,142563E-1;9,431468E-1;;
30/11/2021  10:22:50,881822;9,498491E-1;1,238685E-1;1,148882E-1;9,433668E-1;;
30/11/2021  10:22:50,881922;9,489460E-1;1,178155E-1;1,177316E-1;9,435901E-1;;
30/11/2021  10:22:50,882022;9,484871E-1;1,254614E-1;1,246821E-1;9,438162E-1;;
30/11/2021  10:22:50,882122;9,485586E-1;1,343816E-1;1,341600E-1;9,440442E-1;;
30/11/2021  10:22:50,882222;9,487732E-1;1,143111E-1;1,224705E-1;9,442733E-1;;
30/11/2021  10:22:50,882322;9,489967E-1;1,391603E-1;9,056141E-2;9,445027E-1;;
30/11/2021  10:22:50,882422;9,484215E-1;1,168597E-1;1,076217E-1;9,447317E-1;;
30/11/2021  10:22:50,882522;9,484513E-1;1,305587E-1;1,338441E-1;9,449597E-1;;
30/11/2021  10:22:50,882622;9,478463E-1;1,219570E-1;1,142563E-1;9,451858E-1;;
30/11/2021  10:22:50,882722;9,477092E-1;1,334259E-1;1,442698E-1;9,454093E-1;;
30/11/2021  10:22:50,882822;9,470565E-1;1,308772E-1;1,291051E-1;9,456295E-1;;
30/11/2021  10:22:50,882922;9,471102E-1;2,893164E-2;8,139938E-2;9,458455E-1;;
30/11/2021  10:22:50,883022;9,474589E-1;1,273729E-1;1,278414E-1;9,460567E-1;;
30/11/2021  10:22:50,883122;9,468986E-1;1,289658E-1;1,347919E-1;9,462622E-1;;
30/11/2021  10:22:50,883222;9,459866E-1;1,305587E-1;1,303688E-1;9,464614E-1;;
30/11/2021  10:22:50,883322;9,453101E-1;1,296029E-1;1,262617E-1;9,466537E-1;;
30/11/2021  10:22:50,883422;9,444935E-1;1,267357E-1;1,237343E-1;9,468381E-1;;
30/11/2021  10:22:50,883522;9,447319E-1;1,308772E-1;1,268936E-1;9,470139E-1;;
30/11/2021  10:22:50,883622;9,438438E-1;1,369303E-1;1,335282E-1;9,471802E-1;;
30/11/2021  10:22:50,883722;9,438408E-1;1,159040E-1;1,073058E-1;9,473363E-1;;
30/11/2021  10:22:50,883822;9,434295E-1;1,133553E-1;8,771802E-2;9,474814E-1;;
30/11/2021  10:22:50,883922;9,426278E-1;1,305587E-1;1,379512E-1;9,476148E-1;;
30/11/2021  10:22:50,884022;9,419423E-1;1,060280E-1;1,003553E-1;9,477358E-1;;
30/11/2021  10:22:50,884122;9,406906E-1;1,012493E-1;1,439539E-1;9,478439E-1;;
30/11/2021  10:22:50,884222;9,411287E-1;1,321516E-1;1,401627E-1;9,479381E-1;;
30/11/2021  10:22:50,884322;9,413850E-1;1,388417E-1;1,272095E-1;9,480179E-1;;
30/11/2021  10:22:50,884422;9,413731E-1;1,222756E-1;1,183634E-1;9,480828E-1;;
30/11/2021  10:22:50,884522;9,403896E-1;5,728526E-2;9,150920E-2;9,481324E-1;;
30/11/2021  10:22:50,884622;9,405207E-1;1,165411E-1;1,231024E-1;9,481666E-1;;
30/11/2021  10:22:50,884722;9,397548E-1;1,181340E-1;1,183634E-1;9,481851E-1;;
30/11/2021  10:22:50,884822;9,399575E-1;1,856730E-1;1,802861E-1;9,481878E-1;;
30/11/2021  10:22:50,884922;9,395134E-1;1,264171E-1;1,240502E-1;9,481745E-1;;
30/11/2021  10:22:50,885022;9,395015E-1;1,216384E-1;1,095173E-1;9,481453E-1;;
30/11/2021  10:22:50,885122;9,392332E-1;1,331073E-1;1,354238E-1;9,481003E-1;;
30/11/2021  10:22:50,885222;9,391051E-1;4,135626E-2;1,442179E-2;9,480396E-1;;
30/11/2021  10:22:50,885322;9,383004E-1;1,595494E-1;1,941871E-1;9,479634E-1;;
30/11/2021  10:22:50,885422;9,379815E-1;1,684697E-1;1,922915E-1;9,478720E-1;;
30/11/2021  10:22:50,885522;9,383004E-1;8,245308E-2;8,329497E-2;9,477656E-1;;
30/11/2021  10:22:50,885622;9,384226E-1;1,069837E-1;1,069899E-1;9,476445E-1;;
30/11/2021  10:22:50,885722;9,383988E-1;1,541336E-1;1,581709E-1;9,475091E-1;;
30/11/2021  10:22:50,885822;9,387564E-1;4,008194E-2;4,317161E-2;9,473600E-1;;
30/11/2021  10:22:50,885922;9,376477E-1;1,397975E-1;1,644895E-1;9,471979E-1;;
30/11/2021  10:22:50,886022;9,374987E-1;1,260985E-1;1,537478E-1;9,470233E-1;;
30/11/2021  10:22:50,886122;9,372961E-1;1,525407E-1;1,332122E-1;9,468368E-1;;
30/11/2021  10:22:50,886222;9,373348E-1;1,190898E-1;1,199431E-1;9,466390E-1;;
30/11/2021  10:22:50,886322;9,379428E-1;1,155854E-1;1,202590E-1;9,464306E-1;;
30/11/2021  10:22:50,886422;9,377401E-1;1,111253E-1;1,038306E-1;9,462121E-1;;
30/11/2021  10:22:50,886522;9,372812E-1;1,241871E-1;1,256299E-1;9,459845E-1;;
30/11/2021  10:22:50,886622;9,369980E-1;1,305587E-1;1,319485E-1;9,457485E-1;;
30/11/2021  10:22:50,886722;9,364020E-1;1,362931E-1;1,303688E-1;9,455048E-1;;
30/11/2021  10:22:50,886822;9,361308E-1;6,047106E-2;7,286922E-2;9,452541E-1;;
30/11/2021  10:22:50,886922;9,359490E-1;1,162226E-1;9,245700E-2;9,449969E-1;;
30/11/2021  10:22:50,887022;9,357493E-1;1,178155E-1;1,360556E-1;9,447337E-1;;
30/11/2021  10:22:50,887122;9,352396E-1;1,219570E-1;1,458495E-1;9,444652E-1;;
30/11/2021  10:22:50,887222;9,346764E-1;1,069837E-1;1,167838E-1;9,441917E-1;;
30/11/2021  10:22:50,887322;9,341012E-1;1,181340E-1;1,085695E-1;9,439139E-1;;
30/11/2021  10:22:50,887422;9,328137E-1;1,987348E-1;2,046129E-1;9,436318E-1;;
30/11/2021  10:22:50,887522;9,322027E-1;1,235499E-1;1,297370E-1;9,433458E-1;;
30/11/2021  10:22:50,887622;9,325961E-1;1,324701E-1;1,328963E-1;9,430559E-1;;
30/11/2021  10:22:50,887722;9,324173E-1;1,264171E-1;1,215227E-1;9,427622E-1;;
30/11/2021  10:22:50,887822;9,318868E-1;1,184526E-1;1,208909E-1;9,424648E-1;;
30/11/2021  10:22:50,887922;9,315083E-1;1,044351E-1;1,035146E-1;9,421641E-1;;
30/11/2021  10:22:50,888022;9,307722E-1;3,275460E-2;1,152651E-3;9,418601E-1;;
30/11/2021  10:22:50,888122;9,298393E-1;1,053908E-1;9,277293E-2;9,415529E-1;;
30/11/2021  10:22:50,888222;9,301642E-1;1,127182E-1;1,101492E-1;9,412425E-1;;
30/11/2021  10:22:50,888322;9,300986E-1;9,392196E-2;1,028828E-1;9,409290E-1;;
30/11/2021  10:22:50,888422;9,303549E-1;1,012493E-1;1,347919E-1;9,406126E-1;;
30/11/2021  10:22:50,888522;9,306023E-1;5,919674E-2;3,906449E-2;9,402934E-1;;
30/11/2021  10:22:50,888622;9,300152E-1;6,461260E-2;8,013565E-2;9,399719E-1;;
30/11/2021  10:22:50,888722;9,298036E-1;1,085766E-1;1,344760E-1;9,396483E-1;;
30/11/2021  10:22:50,888822;9,299168E-1;9,583344E-2;1,720719E-1;9,393230E-1;;
30/11/2021  10:22:50,888922;9,300897E-1;1,047537E-1;1,177316E-1;9,389965E-1;;
30/11/2021  10:22:50,889022;9,310881E-1;1,190898E-1;1,474292E-1;9,386691E-1;;
30/11/2021  10:22:50,889122;9,317050E-1;1,245056E-1;1,278414E-1;9,383416E-1;;
30/11/2021  10:22:50,889222;9,320030E-1;1,598680E-1;1,768108E-1;9,380146E-1;;
30/11/2021  10:22:50,889322;9,316096E-1;1,417090E-1;1,262617E-1;9,376890E-1;;
30/11/2021  10:22:50,889422;9,319643E-1;1,598680E-1;1,411105E-1;9,373657E-1;;
30/11/2021  10:22:50,889522;9,323815E-1;1,805757E-1;1,799702E-1;9,370454E-1;;
30/11/2021  10:22:50,889622;9,322802E-1;1,560451E-1;1,606983E-1;9,367291E-1;;
30/11/2021  10:22:50,889722;9,330640E-1;7,576290E-2;7,286922E-2;9,364175E-1;;
30/11/2021  10:22:50,889822;9,339283E-1;1,136739E-1;1,101492E-1;9,361115E-1;;
30/11/2021  10:22:50,889922;9,335677E-1;1,104881E-1;7,666040E-2;9,358120E-1;;
30/11/2021  10:22:50,890022;9,334097E-1;4,836502E-2;7,666040E-2;9,355200E-1;;
30/11/2021  10:22:50,890122;9,326706E-1;1,203641E-1;1,240502E-1;9,352363E-1;;
30/11/2021  10:22:50,890222;9,325812E-1;1,302401E-1;1,502726E-1;9,349613E-1;;
30/11/2021  10:22:50,890322;9,335319E-1;1,327887E-1;1,328963E-1;9,346955E-1;;
30/11/2021  10:22:50,890422;9,344052E-1;1,283286E-1;1,281573E-1;9,344396E-1;;
30/11/2021  10:22:50,890522;9,349237E-1;1,474434E-1;1,591187E-1;9,341940E-1;;
30/11/2021  10:22:50,890622;9,350310E-1;1,627352E-1;1,982942E-1;9,339595E-1;;
30/11/2021  10:22:50,890722;9,348224E-1;1,238685E-1;1,189953E-1;9,337365E-1;;
30/11/2021  10:22:50,890822;9,350429E-1;1,343816E-1;1,338441E-1;9,335258E-1;;
30/11/2021  10:22:50,890922;9,368073E-1;1,264171E-1;1,265777E-1;9,333277E-1;;
30/11/2021  10:22:50,891022;9,373139E-1;1,245056E-1;1,287892E-1;9,331429E-1;;
30/11/2021  10:22:50,891122;9,388965E-1;1,276914E-1;1,253139E-1;9,329720E-1;;
30/11/2021  10:22:50,891222;9,392183E-1;1,426647E-1;1,417424E-1;9,328158E-1;;
30/11/2021  10:22:50,891322;9,387147E-1;1,139925E-1;1,189953E-1;9,326751E-1;;
30/11/2021  10:22:50,891422;9,393644E-1;1,321516E-1;1,139404E-1;9,325506E-1;;
30/11/2021  10:22:50,891522;9,397339E-1;7,385142E-2;7,381701E-2;9,324428E-1;;
30/11/2021  10:22:50,891622;9,398084E-1;1,092138E-1;1,019350E-1;9,323522E-1;;
30/11/2021  10:22:50,891722;9,413254E-1;1,292843E-1;1,370034E-1;9,322792E-1;;
30/11/2021  10:22:50,891822;9,416533E-1;1,493549E-1;1,616461E-1;9,322242E-1;;
30/11/2021  10:22:50,891922;9,409797E-1;1,245056E-1;1,423743E-1;9,321875E-1;;
30/11/2021  10:22:50,892022;9,409439E-1;1,305587E-1;1,291051E-1;9,321693E-1;;
30/11/2021  10:22:50,892122;9,406280E-1;1,331073E-1;1,335282E-1;9,321698E-1;;
30/11/2021  10:22:50,892222;9,406757E-1;1,372488E-1;1,528000E-1;9,321886E-1;;
30/11/2021  10:22:50,892322;9,411317E-1;1,410718E-1;1,458495E-1;9,322255E-1;;
30/11/2021  10:22:50,892422;9,407413E-1;1,375674E-1;1,291051E-1;9,322800E-1;;
30/11/2021  10:22:50,892522;9,413731E-1;1,369303E-1;1,477451E-1;9,323518E-1;;
30/11/2021  10:22:50,892622;9,406549E-1;1,334259E-1;1,268936E-1;9,324402E-1;;
30/11/2021  10:22:50,892722;9,399455E-1;1,340630E-1;1,272095E-1;9,325447E-1;;
30/11/2021  10:22:50,892822;9,392750E-1;1,178155E-1;1,145722E-1;9,326643E-1;;
30/11/2021  10:22:50,892922;9,393078E-1;1,305587E-1;1,199431E-1;9,327981E-1;;
30/11/2021  10:22:50,893022;9,397697E-1;1,254614E-1;1,193112E-1;9,329450E-1;;
30/11/2021  10:22:50,893122;9,400916E-1;1,187712E-1;1,619620E-1;9,331038E-1;;
30/11/2021  10:22:50,893222;9,400200E-1;3,625898E-2;8,771802E-2;9,332736E-1;;
30/11/2021  10:22:50,893322;9,389918E-1;1,305587E-1;1,388990E-1;9,334534E-1;;
30/11/2021  10:22:50,893422;9,391558E-1;1,385232E-1;1,442698E-1;9,336421E-1;;
30/11/2021  10:22:50,893522;9,386849E-1;1,305587E-1;1,303688E-1;9,338386E-1;;
30/11/2021  10:22:50,893622;9,394896E-1;1,270543E-1;1,284732E-1;9,340417E-1;;
30/11/2021  10:22:50,893722;9,401184E-1;1,257800E-1;1,246821E-1;9,342504E-1;;
30/11/2021  10:22:50,893822;9,411228E-1;1,168597E-1;9,245700E-2;9,344637E-1;;
30/11/2021  10:22:50,893922;9,411049E-1;1,289658E-1;1,300529E-1;9,346810E-1;;
30/11/2021  10:22:50,894022;9,409946E-1;1,308772E-1;1,316326E-1;9,349017E-1;;
30/11/2021  10:22:50,894122;9,410274E-1;1,372488E-1;1,347919E-1;9,351253E-1;;
30/11/2021  10:22:50,894222;9,411228E-1;5,409946E-2;5,612482E-2;9,353510E-1;;
30/11/2021  10:22:50,894322;9,417695E-1;2,542726E-2;7,508074E-2;9,355785E-1;;
30/11/2021  10:22:50,894422;9,427440E-1;1,292843E-1;1,278414E-1;9,358071E-1;;
30/11/2021  10:22:50,894522;9,436501E-1;1,069837E-1;8,487463E-2;9,360367E-1;;
30/11/2021  10:22:50,894622;9,440613E-1;1,236548E-2;5,707262E-2;9,362670E-1;;
30/11/2021  10:22:50,894722;9,434474E-1;1,190898E-1;1,237343E-1;9,364980E-1;;
30/11/2021  10:22:50,894822;9,439838E-1;1,487177E-1;1,559593E-1;9,367298E-1;;
30/11/2021  10:22:50,894922;9,441180E-1;1,483991E-1;1,477451E-1;9,369620E-1;;
30/11/2021  10:22:50,895022;9,444965E-1;1,385232E-1;1,442698E-1;9,371946E-1;;
30/11/2021  10:22:50,895122;9,459121E-1;1,283286E-1;1,325804E-1;9,374277E-1;;
30/11/2021  10:22:50,895222;9,452892E-1;1,388417E-1;1,388990E-1;9,376611E-1;;
30/11/2021  10:22:50,895322;9,454800E-1;1,646467E-1;1,818658E-1;9,378950E-1;;
30/11/2021  10:22:50,895422;9,454323E-1;1,369303E-1;1,401627E-1;9,381294E-1;;
30/11/2021  10:22:50,895522;9,453220E-1;1,302401E-1;1,322644E-1;9,383641E-1;;
30/11/2021  10:22:50,895622;9,456022E-1;1,464877E-1;1,373193E-1;9,385992E-1;;
30/11/2021  10:22:50,895722;9,463323E-1;1,477620E-1;1,379512E-1;9,388344E-1;;
30/11/2021  10:22:50,895822;9,474827E-1;1,076209E-1;9,466852E-2;9,390697E-1;;
30/11/2021  10:22:50,895922;9,473337E-1;1,353374E-1;1,471132E-1;9,393052E-1;;
30/11/2021  10:22:50,896022;9,474559E-1;1,337445E-1;1,733356E-1;9,395410E-1;;
30/11/2021  10:22:50,896122;9,475542E-1;1,092138E-1;1,126766E-1;9,397772E-1;;
30/11/2021  10:22:50,896222;9,478284E-1;1,337445E-1;1,439539E-1;9,400138E-1;;
30/11/2021  10:22:50,896322;9,482248E-1;1,114439E-1;1,218387E-1;9,402509E-1;;
30/11/2021  10:22:50,896422;9,490504E-1;3,562182E-2;1,057261E-1;9,404884E-1;;
30/11/2021  10:22:50,896522;9,497537E-1;1,286472E-1;1,354238E-1;9,407265E-1;;
30/11/2021  10:22:50,896622;9,496017E-1;1,127182E-1;1,505885E-1;9,409654E-1;;
30/11/2021  10:22:50,896722;9,495779E-1;1,063466E-1;1,164678E-1;9,412053E-1;;
30/11/2021  10:22:50,896822;9,501113E-1;1,031608E-1;1,120448E-1;9,414463E-1;;
30/11/2021  10:22:50,896922;9,501292E-1;1,547707E-1;1,929234E-1;9,416883E-1;;
30/11/2021  10:22:50,897022;9,505226E-1;2,808078E-3;4,380347E-2;9,419316E-1;;
30/11/2021  10:22:50,897122;9,514435E-1;9,424054E-2;8,929768E-2;9,421762E-1;;
30/11/2021  10:22:50,897222;9,517296E-1;1,257800E-1;1,392149E-1;9,424221E-1;;
30/11/2021  10:22:50,897322;9,521737E-1;1,174969E-1;1,129926E-1;9,426696E-1;;
30/11/2021  10:22:50,897422;9,519293E-1;1,394789E-1;1,575390E-1;9,429188E-1;;
30/11/2021  10:22:50,897522;9,514137E-1;1,174969E-1;1,344760E-1;9,431697E-1;;
30/11/2021  10:22:50,897622;9,511544E-1;1,652839E-1;1,641736E-1;9,434224E-1;;
30/11/2021  10:22:50,897722;9,519234E-1;1,605052E-1;1,370034E-1;9,436767E-1;;
30/11/2021  10:22:50,897822;9,519174E-1;1,831244E-1;1,676488E-1;9,439322E-1;;
30/11/2021  10:22:50,897922;9,526059E-1;1,649653E-1;1,531159E-1;9,441890E-1;;
30/11/2021  10:22:50,898022;9,518697E-1;1,566822E-1;1,730197E-1;9,444468E-1;;
30/11/2021  10:22:50,898122;9,510799E-1;1,372488E-1;1,600664E-1;9,447054E-1;;
30/11/2021  10:22:50,898222;9,504869E-1;1,337445E-1;1,344760E-1;9,449644E-1;;
30/11/2021  10:22:50,898322;9,502395E-1;1,292843E-1;1,306848E-1;9,452232E-1;;
30/11/2021  10:22:50,898422;9,505405E-1;1,267357E-1;1,332122E-1;9,454812E-1;;
30/11/2021  10:22:50,898522;9,501501E-1;1,022050E-1;9,308886E-2;9,457377E-1;;
30/11/2021  10:22:50,898622;9,499534E-1;1,327887E-1;1,373193E-1;9,459922E-1;;
30/11/2021  10:22:50,898722;9,494497E-1;4,772786E-2;3,337771E-2;9,462438E-1;;
30/11/2021  10:22:50,898822;9,485199E-1;1,397975E-1;1,660692E-1;9,464920E-1;;
30/11/2021  10:22:50,898922;9,480192E-1;1,012493E-1;1,063580E-1;9,467358E-1;;
30/11/2021  10:22:50,899022;9,481175E-1;9,424054E-2;1,104651E-1;9,469745E-1;;
30/11/2021  10:22:50,899122;9,482278E-1;4,263058E-2;1,174156E-1;9,472071E-1;;
30/11/2021  10:22:50,899222;9,479447E-1;1,289658E-1;1,363715E-1;9,474329E-1;;
30/11/2021  10:22:50,899322;9,475781E-1;8,117876E-2;9,150920E-2;9,476511E-1;;
30/11/2021  10:22:50,899422;9,464873E-1;8,818752E-2;8,234717E-2;9,478612E-1;;
30/11/2021  10:22:50,899522;9,465439E-1;1,401161E-1;1,328963E-1;9,480622E-1;;
30/11/2021  10:22:50,899622;9,465231E-1;1,267357E-1;1,341600E-1;9,482536E-1;;
30/11/2021  10:22:50,899722;9,465290E-1;1,267357E-1;1,322644E-1;9,484345E-1;;
30/11/2021  10:22:50,899822;9,467943E-1;1,245056E-1;1,259458E-1;9,486046E-1;;
30/11/2021  10:22:50,899922;9,465260E-1;1,292843E-1;1,224705E-1;9,487634E-1;;
30/11/2021  10:22:50,900022;9,459926E-1;1,321516E-1;1,224705E-1;9,489105E-1;;
30/11/2021  10:22:50,900122;9,456826E-1;8,117876E-2;9,972343E-2;9,490456E-1;;
30/11/2021  10:22:50,900222;9,457810E-1;1,308772E-1;1,249980E-1;9,491685E-1;;
30/11/2021  10:22:50,900322;9,450359E-1;1,286472E-1;1,278414E-1;9,492788E-1;;
30/11/2021  10:22:50,900422;9,456349E-1;1,152668E-1;1,145722E-1;9,493764E-1;;
30/11/2021  10:22:50,900522;9,456945E-1;1,630538E-1;1,720719E-1;9,494611E-1;;
30/11/2021  10:22:50,900622;9,446842E-1;1,225942E-1;1,212068E-1;9,495330E-1;;
30/11/2021  10:22:50,900722;9,443832E-1;1,149482E-1;1,297370E-1;9,495918E-1;;
30/11/2021  10:22:50,900822;9,439958E-1;1,777085E-1;1,758630E-1;9,496377E-1;;
30/11/2021  10:22:50,900922;9,434265E-1;2,277256E-1;2,169342E-1;9,496706E-1;;
30/11/2021  10:22:50,901022;9,432209E-1;1,340630E-1;1,306848E-1;9,496902E-1;;
30/11/2021  10:22:50,901122;9,431404E-1;1,225942E-1;1,294210E-1;9,496967E-1;;
30/11/2021  10:22:50,901222;9,432507E-1;1,251428E-1;1,265777E-1;9,496899E-1;;
30/11/2021  10:22:50,901322;9,428543E-1;1,311958E-1;1,477451E-1;9,496701E-1;;
30/11/2021  10:22:50,901422;9,418351E-1;1,206827E-1;1,054102E-1;9,496372E-1;;
30/11/2021  10:22:50,901522;9,411734E-1;1,222756E-1;1,095173E-1;9,495914E-1;;
30/11/2021  10:22:50,901622;9,402734E-1;1,286472E-1;1,170997E-1;9,495326E-1;;
30/11/2021  10:22:50,901722;9,407621E-1;1,053908E-1;1,300529E-1;9,494608E-1;;
30/11/2021  10:22:50,901822;9,414178E-1;1,085766E-1;8,487463E-2;9,493761E-1;;
30/11/2021  10:22:50,901922;9,410006E-1;1,108067E-1;1,126766E-1;9,492785E-1;;
30/11/2021  10:22:50,902022;9,411824E-1;3,052454E-2;4,159195E-2;9,491684E-1;;
30/11/2021  10:22:50,902122;9,407323E-1;1,353374E-1;1,382671E-1;9,490463E-1;;
30/11/2021  10:22:50,902222;9,404850E-1;2,829448E-2;1,003553E-1;9,489125E-1;;
30/11/2021  10:22:50,902322;9,400975E-1;1,375674E-1;1,632258E-1;9,487675E-1;;
30/11/2021  10:22:50,902422;9,410691E-1;9,201048E-2;1,316326E-1;9,486117E-1;;
30/11/2021  10:22:50,902522;9,422255E-1;1,321516E-1;1,303688E-1;9,484456E-1;;
30/11/2021  10:22:50,902622;9,423566E-1;1,229127E-1;1,139404E-1;9,482702E-1;;
30/11/2021  10:22:50,902722;9,425354E-1;9,232906E-2;1,777586E-1;9,480864E-1;;
30/11/2021  10:22:50,902822;9,429050E-1;1,273729E-1;1,249980E-1;9,478951E-1;;
30/11/2021  10:22:50,902922;9,427917E-1;1,264171E-1;1,265777E-1;9,476975E-1;;
30/11/2021  10:22:50,903022;9,425771E-1;1,286472E-1;1,291051E-1;9,474946E-1;;
30/11/2021  10:22:50,903122;9,431285E-1;1,283286E-1;1,281573E-1;9,472874E-1;;
30/11/2021  10:22:50,903222;9,437097E-1;1,254614E-1;1,205749E-1;9,470769E-1;;
30/11/2021  10:22:50,903322;9,440256E-1;1,359745E-1;1,240502E-1;9,468642E-1;;
30/11/2021  10:22:50,903422;9,438468E-1;1,171783E-1;1,126766E-1;9,466504E-1;;
30/11/2021  10:22:50,903522;9,437156E-1;1,181340E-1;1,028828E-1;9,464365E-1;;
30/11/2021  10:22:50,903622;9,433043E-1;5,855958E-2;9,056141E-2;9,462235E-1;;
30/11/2021  10:22:50,903722;9,432328E-1;3,817046E-2;7,192142E-2;9,460121E-1;;
30/11/2021  10:22:50,903822;9,436501E-1;7,640006E-2;1,512204E-1;9,458032E-1;;
30/11/2021  10:22:50,903922;9,436888E-1;1,496735E-1;2,042969E-1;9,455974E-1;;
30/11/2021  10:22:50,904022;9,434832E-1;1,767528E-1;1,562753E-1;9,453954E-1;;
30/11/2021  10:22:50,904122;9,438259E-1;1,296029E-1;1,227865E-1;9,451977E-1;;
30/11/2021  10:22:50,904222;9,433014E-1;1,165411E-1;1,092014E-1;9,450050E-1;;
30/11/2021  10:22:50,904322;9,434742E-1;1,260985E-1;1,164678E-1;9,448178E-1;;
30/11/2021  10:22:50,904422;9,435666E-1;1,060280E-1;1,221546E-1;9,446364E-1;;
30/11/2021  10:22:50,904522;9,440971E-1;1,069837E-1;1,063580E-1;9,444612E-1;;
30/11/2021  10:22:50,904622;9,443117E-1;1,111253E-1;1,414265E-1;9,442926E-1;;
30/11/2021  10:22:50,904722;9,446842E-1;9,965640E-2;9,688005E-2;9,441311E-1;;
30/11/2021  10:22:50,904822;9,446753E-1;9,870066E-2;9,056141E-2;9,439771E-1;;
30/11/2021  10:22:50,904922;9,439421E-1;7,480716E-2;8,203124E-2;9,438309E-1;;
30/11/2021  10:22:50,905022;9,442104E-1;8,245308E-2;8,139938E-2;9,436929E-1;;
30/11/2021  10:22:50,905122;9,444398E-1;9,328480E-2;9,688005E-2;9,435631E-1;;
30/11/2021  10:22:50,905222;9,450299E-1;1,120810E-1;1,445858E-1;9,434417E-1;;
30/11/2021  10:22:50,905322;9,449763E-1;6,588692E-2;9,498445E-2;9,433290E-1;;
30/11/2021  10:22:50,905422;9,447766E-1;1,079395E-1;1,275255E-1;9,432250E-1;;
30/11/2021  10:22:50,905522;9,448541E-1;1,079395E-1;1,313166E-1;9,431300E-1;;
30/11/2021  10:22:50,905622;9,440375E-1;1,219570E-1;1,347919E-1;9,430439E-1;;
30/11/2021  10:22:50,905722;9,445739E-1;1,216384E-1;1,316326E-1;9,429666E-1;;
30/11/2021  10:22:50,905822;9,448034E-1;1,324701E-1;1,275255E-1;9,428980E-1;;
30/11/2021  10:22:50,905922;9,445710E-1;1,289658E-1;9,688005E-2;9,428380E-1;;
30/11/2021  10:22:50,906022;9,439868E-1;1,522221E-1;1,382671E-1;9,427864E-1;;
30/11/2021  10:22:50,906122;9,434653E-1;1,550893E-1;1,370034E-1;9,427429E-1;;
30/11/2021  10:22:50,906222;9,436828E-1;1,550893E-1;1,436380E-1;9,427071E-1;;
30/11/2021  10:22:50,906322;9,429020E-1;1,423461E-1;1,253139E-1;9,426786E-1;;
30/11/2021  10:22:50,906422;9,425265E-1;1,388417E-1;1,505885E-1;9,426569E-1;;
30/11/2021  10:22:50,906522;9,426695E-1;9,678918E-2;1,066739E-1;9,426413E-1;;
30/11/2021  10:22:50,906622;9,421837E-1;1,120810E-1;1,088855E-1;9,426313E-1;;
30/11/2021  10:22:50,906722;9,419751E-1;2,988738E-2;2,042450E-2;9,426261E-1;;
30/11/2021  10:22:50,906822;9,418351E-1;8,086018E-2;9,119327E-2;9,426252E-1;;
30/11/2021  10:22:50,906922;9,410721E-1;1,178155E-1;1,139404E-1;9,426278E-1;;
30/11/2021  10:22:50,907022;9,409946E-1;1,219570E-1;1,205749E-1;9,426333E-1;;
30/11/2021  10:22:50,907122;9,412628E-1;1,251428E-1;1,186794E-1;9,426409E-1;;
30/11/2021  10:22:50,907222;9,414029E-1;1,120810E-1;1,199431E-1;9,426500E-1;;
30/11/2021  10:22:50,907322;9,413612E-1;1,155854E-1;1,224705E-1;9,426599E-1;;
30/11/2021  10:22:50,907422;9,415847E-1;1,229127E-1;1,231024E-1;9,426704E-1;;
30/11/2021  10:22:50,907522;9,412301E-1;1,318330E-1;1,287892E-1;9,426808E-1;;
30/11/2021  10:22:50,907622;9,408665E-1;1,178155E-1;1,158360E-1;9,426909E-1;;
30/11/2021  10:22:50,907722;9,405923E-1;1,296029E-1;1,281573E-1;9,427002E-1;;
30/11/2021  10:22:50,907822;9,410602E-1;1,251428E-1;1,259458E-1;9,427083E-1;;
30/11/2021  10:22:50,907922;9,410244E-1;9,774492E-2;8,203124E-2;9,427149E-1;;
30/11/2021  10:22:50,908022;9,417516E-1;9,551486E-2;5,549295E-2;9,427197E-1;;
30/11/2021  10:22:50,908122;9,418082E-1;1,219570E-1;1,373193E-1;9,427225E-1;;
30/11/2021  10:22:50,908222;9,407949E-1;1,267357E-1;1,297370E-1;9,427234E-1;;
30/11/2021  10:22:50,908322;9,406787E-1;1,863102E-1;2,036651E-1;9,427222E-1;;
30/11/2021  10:22:50,908422;9,406221E-1;1,331073E-1;1,420583E-1;9,427187E-1;;
30/11/2021  10:22:50,908522;9,406072E-1;1,171783E-1;1,322644E-1;9,427127E-1;;
30/11/2021  10:22:50,908622;9,413850E-1;1,327887E-1;1,231024E-1;9,427042E-1;;
30/11/2021  10:22:50,908722;9,414625E-1;1,570008E-1;1,885003E-1;9,426930E-1;;
30/11/2021  10:22:50,908822;9,413046E-1;1,264171E-1;1,281573E-1;9,426793E-1;;
30/11/2021  10:22:50,908922;9,407025E-1;1,155854E-1;1,180475E-1;9,426631E-1;;
30/11/2021  10:22:50,909022;9,404254E-1;1,159040E-1;1,158360E-1;9,426445E-1;;
30/11/2021  10:22:50,909122;9,406966E-1;1,296029E-1;1,335282E-1;9,426234E-1;;
30/11/2021  10:22:50,909222;9,410334E-1;1,108067E-1;9,498445E-2;9,425998E-1;;
30/11/2021  10:22:50,909322;9,406966E-1;1,413904E-1;1,414265E-1;9,425737E-1;;
30/11/2021  10:22:50,909422;9,407621E-1;1,257800E-1;1,136244E-1;9,425452E-1;;
30/11/2021  10:22:50,909522;9,400737E-1;1,085766E-1;1,041465E-1;9,425145E-1;;
30/11/2021  10:22:50,909622;9,403568E-1;1,267357E-1;1,338441E-1;9,424814E-1;;
30/11/2021  10:22:50,909722;9,394389E-1;1,442576E-1;1,550115E-1;9,424459E-1;;
30/11/2021  10:22:50,909822;9,396982E-1;7,767438E-2;1,047783E-1;9,424081E-1;;
30/11/2021  10:22:50,909922;9,401780E-1;1,280100E-1;1,218387E-1;9,423679E-1;;
30/11/2021  10:22:50,910022;9,403598E-1;9,870066E-2;7,255328E-2;9,423252E-1;;
30/11/2021  10:22:50,910122;9,397131E-1;1,850358E-1;2,140908E-1;9,422801E-1;;
30/11/2021  10:22:50,910222;9,392332E-1;1,356559E-1;1,660692E-1;9,422328E-1;;
30/11/2021  10:22:50,910322;9,386998E-1;1,296029E-1;1,325804E-1;9,421832E-1;;
30/11/2021  10:22:50,910422;9,388488E-1;1,308772E-1;1,303688E-1;9,421311E-1;;
30/11/2021  10:22:50,910522;9,385686E-1;1,321516E-1;1,313166E-1;9,420765E-1;;
30/11/2021  10:22:50,910622;9,382289E-1;9,774492E-2;9,403666E-2;9,420193E-1;;
30/11/2021  10:22:50,910722;9,387087E-1;1,321516E-1;1,246821E-1;9,419594E-1;;
30/11/2021  10:22:50,910822;9,380590E-1;6,397544E-2;9,119327E-2;9,418967E-1;;
30/11/2021  10:22:50,910922;9,372066E-1;1,321516E-1;1,310007E-1;9,418312E-1;;
30/11/2021  10:22:50,911022;9,367715E-1;-1,035976E-1;-1,243243E-2;9,417626E-1;;
30/11/2021  10:22:50,911122;9,367745E-1;7,448858E-2;1,000394E-1;9,416909E-1;;
30/11/2021  10:22:50,911222;9,368907E-1;1,397975E-1;1,682807E-1;9,416156E-1;;
30/11/2021  10:22:50,911322;9,361010E-1;1,372488E-1;1,512204E-1;9,415367E-1;;
30/11/2021  10:22:50,911422;9,364377E-1;1,079395E-1;1,114129E-1;9,414540E-1;;
30/11/2021  10:22:50,911522;9,354602E-1;1,780271E-1;2,036651E-1;9,413673E-1;;
30/11/2021  10:22:50,911622;9,351443E-1;1,388417E-1;1,360556E-1;9,412765E-1;;
30/11/2021  10:22:50,911722;9,345601E-1;1,331073E-1;1,423743E-1;9,411813E-1;;
30/11/2021  10:22:50,911822;9,343843E-1;1,350188E-1;1,335282E-1;9,410814E-1;;
30/11/2021  10:22:50,911922;9,342979E-1;1,308772E-1;1,272095E-1;9,409767E-1;;
30/11/2021  10:22:50,912022;9,343515E-1;1,264171E-1;1,316326E-1;9,408669E-1;;
30/11/2021  10:22:50,912122;9,334455E-1;1,327887E-1;1,170997E-1;9,407518E-1;;
30/11/2021  10:22:50,912222;9,334902E-1;1,286472E-1;1,442698E-1;9,406314E-1;;
30/11/2021  10:22:50,912322;9,330104E-1;1,235499E-1;1,003553E-1;9,405055E-1;;
30/11/2021  10:22:50,912422;9,331207E-1;1,139925E-1;1,114129E-1;9,403739E-1;;
30/11/2021  10:22:50,912522;9,327511E-1;1,270543E-1;1,272095E-1;9,402367E-1;;
30/11/2021  10:22:50,912622;9,331296E-1;8,213450E-2;1,272095E-1;9,400937E-1;;
30/11/2021  10:22:50,912722;9,328554E-1;5,091366E-2;9,182514E-2;9,399450E-1;;
30/11/2021  10:22:50,912822;9,331385E-1;1,174969E-1;1,335282E-1;9,397908E-1;;
30/11/2021  10:22:50,912922;9,328107E-1;1,162226E-1;1,275255E-1;9,396312E-1;;
30/11/2021  10:22:50,913022;9,321431E-1;1,378860E-1;1,679647E-1;9,394665E-1;;
30/11/2021  10:22:50,913122;9,321431E-1;1,174969E-1;1,265777E-1;9,392969E-1;;
30/11/2021  10:22:50,913222;9,321372E-1;1,111253E-1;1,234183E-1;9,391225E-1;;
30/11/2021  10:22:50,913322;9,322802E-1;9,424054E-2;9,972343E-2;9,389436E-1;;
30/11/2021  10:22:50,913422;9,327571E-1;1,171783E-1;1,297370E-1;9,387604E-1;;
30/11/2021  10:22:50,913522;9,321163E-1;9,774492E-2;1,038306E-1;9,385732E-1;;
30/11/2021  10:22:50,913622;9,323726E-1;9,487770E-2;1,069899E-1;9,383826E-1;;
30/11/2021  10:22:50,913722;9,321431E-1;1,050723E-1;1,303688E-1;9,381889E-1;;
30/11/2021  10:22:50,913822;9,317229E-1;-2,522696E-2;8,139938E-2;9,379924E-1;;
30/11/2021  10:22:50,913922;9,320626E-1;1,592309E-1;1,325804E-1;9,377935E-1;;
30/11/2021  10:22:50,914022;9,325931E-1;8,022302E-2;1,003553E-1;9,375926E-1;;
30/11/2021  10:22:50,914122;9,326051E-1;1,031608E-1;1,057261E-1;9,373902E-1;;
30/11/2021  10:22:50,914222;9,323249E-1;1,305587E-1;1,215227E-1;9,371868E-1;;
30/11/2021  10:22:50,914322;9,321252E-1;1,541336E-1;1,505885E-1;9,369829E-1;;
30/11/2021  10:22:50,914422;9,313116E-1;1,805757E-1;1,616461E-1;9,367789E-1;;
30/11/2021  10:22:50,914522;9,316335E-1;1,276914E-1;1,231024E-1;9,365751E-1;;
30/11/2021  10:22:50,914622;9,318659E-1;1,640096E-1;1,572231E-1;9,363719E-1;;
30/11/2021  10:22:50,914722;9,317289E-1;7,130278E-2;1,054102E-1;9,361696E-1;;
30/11/2021  10:22:50,914822;9,317587E-1;1,248242E-1;1,300529E-1;9,359685E-1;;
30/11/2021  10:22:50,914922;9,311477E-1;1,362931E-1;1,177316E-1;9,357689E-1;;
30/11/2021  10:22:50,915022;9,316305E-1;1,296029E-1;1,281573E-1;9,355712E-1;;
30/11/2021  10:22:50,915122;9,315083E-1;1,343816E-1;1,404787E-1;9,353755E-1;;
30/11/2021  10:22:50,915222;9,321044E-1;1,254614E-1;1,281573E-1;9,351823E-1;;
30/11/2021  10:22:50,915322;9,325186E-1;1,267357E-1;1,275255E-1;9,349918E-1;;
30/11/2021  10:22:50,915422;9,324203E-1;1,442576E-1;1,401627E-1;9,348044E-1;;
30/11/2021  10:22:50,915522;9,328167E-1;1,267357E-1;1,205749E-1;9,346207E-1;;
30/11/2021  10:22:50,915622;9,326647E-1;1,050723E-1;8,771802E-2;9,344411E-1;;
30/11/2021  10:22:50,915722;9,327034E-1;1,257800E-1;1,562753E-1;9,342660E-1;;
30/11/2021  10:22:50,915822;9,332846E-1;1,372488E-1;1,597505E-1;9,340957E-1;;
30/11/2021  10:22:50,915922;9,335170E-1;9,424054E-2;1,205749E-1;9,339308E-1;;
30/11/2021  10:22:50,916022;9,340267E-1;1,445762E-1;1,420583E-1;9,337716E-1;;
30/11/2021  10:22:50,916122;9,338300E-1;2,192288E-2;6,970989E-2;9,336186E-1;;
30/11/2021  10:22:50,916222;9,345780E-1;1,445762E-1;1,385831E-1;9,334724E-1;;
30/11/2021  10:22:50,916322;9,347986E-1;1,302401E-1;1,351078E-1;9,333332E-1;;
30/11/2021  10:22:50,916422;9,344558E-1;1,544522E-1;1,689125E-1;9,332017E-1;;
30/11/2021  10:22:50,916522;9,347032E-1;4,082398E-3;1,000394E-1;9,330782E-1;;
30/11/2021  10:22:50,916622;9,351294E-1;1,353374E-1;1,196272E-1;9,329630E-1;;
30/11/2021  10:22:50,916722;9,358387E-1;1,350188E-1;1,521681E-1;9,328565E-1;;
30/11/2021  10:22:50,916822;9,358059E-1;1,340630E-1;1,237343E-1;9,327590E-1;;
30/11/2021  10:22:50,916922;9,355675E-1;1,334259E-1;1,259458E-1;9,326708E-1;;
30/11/2021  10:22:50,917022;9,355407E-1;1,229127E-1;1,107811E-1;9,325923E-1;;
30/11/2021  10:22:50,917122;9,358119E-1;8,086018E-2;8,866581E-2;9,325234E-1;;
30/11/2021  10:22:50,917222;9,368371E-1;1,276914E-1;1,158360E-1;9,324644E-1;;
30/11/2021  10:22:50,917322;9,362857E-1;1,490363E-1;1,945030E-1;9,324154E-1;;
30/11/2021  10:22:50,917422;9,373050E-1;2,160430E-2;8,013565E-2;9,323766E-1;;
30/11/2021  10:22:50,917522;9,369980E-1;1,254614E-1;1,467973E-1;9,323480E-1;;
30/11/2021  10:22:50,917622;9,371113E-1;1,503106E-1;1,565912E-1;9,323298E-1;;
30/11/2021  10:22:50,917722;9,376656E-1;1,299215E-1;1,227865E-1;9,323219E-1;;
30/11/2021  10:22:50,917822;9,375047E-1;1,232313E-1;1,265777E-1;9,323245E-1;;
30/11/2021  10:22:50,917922;9,383243E-1;1,337445E-1;1,376353E-1;9,323374E-1;;
30/11/2021  10:22:50,918022;9,394091E-1;5,601094E-2;6,686651E-2;9,323608E-1;;
30/11/2021  10:22:50,918122;9,395670E-1;1,257800E-1;1,284732E-1;9,323946E-1;;
30/11/2021  10:22:50,918222;9,394478E-1;1,296029E-1;1,294210E-1;9,324391E-1;;
30/11/2021  10:22:50,918322;9,397906E-1;1,210013E-1;1,249980E-1;9,324943E-1;;
30/11/2021  10:22:50,918422;9,403062E-1;1,337445E-1;1,170997E-1;9,325602E-1;;
30/11/2021  10:22:50,918522;9,409857E-1;1,544522E-1;1,499566E-1;9,326368E-1;;
30/11/2021  10:22:50,918622;9,414834E-1;1,066652E-1;1,044624E-1;9,327242E-1;;
30/11/2021  10:22:50,918722;9,424102E-1;8,723178E-2;1,388990E-1;9,328224E-1;;
30/11/2021  10:22:50,918822;9,422285E-1;2,064856E-2;6,054787E-2;9,329316E-1;;
30/11/2021  10:22:50,918922;9,433461E-1;8,723178E-2;1,092014E-1;9,330518E-1;;
30/11/2021  10:22:50,919022;9,432596E-1;1,229127E-1;1,253139E-1;9,331832E-1;;
30/11/2021  10:22:50,919122;9,434176E-1;1,347002E-1;1,382671E-1;9,333258E-1;;
30/11/2021  10:22:50,919222;9,437365E-1;1,474434E-1;1,442698E-1;9,334796E-1;;
30/11/2021  10:22:50,919322;9,444696E-1;1,417090E-1;1,363715E-1;9,336445E-1;;
30/11/2021  10:22:50,919422;9,440047E-1;1,213198E-1;1,291051E-1;9,338204E-1;;
30/11/2021  10:22:50,919522;9,444339E-1;1,318330E-1;1,294210E-1;9,340071E-1;;
30/11/2021  10:22:50,919622;9,445471E-1;1,305587E-1;1,284732E-1;9,342045E-1;;
30/11/2021  10:22:50,919722;9,443504E-1;1,270543E-1;1,291051E-1;9,344121E-1;;
30/11/2021  10:22:50,919822;9,431970E-1;1,251428E-1;1,224705E-1;9,346296E-1;;
30/11/2021  10:22:50,919922;9,443862E-1;1,203641E-1;1,145722E-1;9,348564E-1;;
30/11/2021  10:22:50,920022;9,438050E-1;1,382046E-1;1,379512E-1;9,350918E-1;;
30/11/2021  10:22:50,920122;9,442759E-1;9,264764E-2;1,322644E-1;9,353352E-1;;
30/11/2021  10:22:50,920222;9,445024E-1;1,452133E-1;1,862888E-1;9,355858E-1;;
30/11/2021  10:22:50,920322;9,437573E-1;1,260985E-1;1,360556E-1;9,358431E-1;;
30/11/2021  10:22:50,920422;9,440643E-1;1,321516E-1;1,316326E-1;9,361063E-1;;
30/11/2021  10:22:50,920522;9,437097E-1;1,283286E-1;1,316326E-1;9,363746E-1;;
30/11/2021  10:22:50,920622;9,446991E-1;7,321426E-2;1,300529E-1;9,366473E-1;;
30/11/2021  10:22:50,920722;9,447975E-1;1,426647E-1;1,306848E-1;9,369235E-1;;
30/11/2021  10:22:50,920822;9,448660E-1;1,942747E-1;2,093518E-1;9,372027E-1;;
30/11/2021  10:22:50,920922;9,450180E-1;1,321516E-1;1,240502E-1;9,374842E-1;;
30/11/2021  10:22:50,921022;9,446485E-1;1,382046E-1;1,313166E-1;9,377674E-1;;
30/11/2021  10:22:50,921122;9,443474E-1;1,168597E-1;1,063580E-1;9,380518E-1;;
30/11/2021  10:22:50,921222;9,449912E-1;1,155854E-1;1,262617E-1;9,383366E-1;;
30/11/2021  10:22:50,921322;9,450329E-1;8,086018E-2;5,833634E-2;9,386211E-1;;
30/11/2021  10:22:50,921422;9,456677E-1;1,254614E-1;1,240502E-1;9,389049E-1;;
30/11/2021  10:22:50,921522;9,453399E-1;1,037979E-1;9,403666E-2;9,391874E-1;;
30/11/2021  10:22:50,921622;9,451193E-1;9,678918E-2;1,085695E-1;9,394681E-1;;
30/11/2021  10:22:50,921722;9,447677E-1;1,047537E-1;1,227865E-1;9,397467E-1;;
30/11/2021  10:22:50,921822;9,447468E-1;7,735580E-2;1,341600E-1;9,400224E-1;;
30/11/2021  10:22:50,921922;9,448779E-1;7,640006E-2;8,677022E-2;9,402948E-1;;
30/11/2021  10:22:50,922022;9,451074E-1;9,742634E-2;1,057261E-1;9,405633E-1;;
30/11/2021  10:22:50,922122;9,449137E-1;8,946184E-2;1,123607E-1;9,408274E-1;;
30/11/2021  10:22:50,922222;9,447945E-1;1,251428E-1;1,758630E-1;9,410867E-1;;
30/11/2021  10:22:50,922322;9,447796E-1;1,206827E-1;1,253139E-1;9,413408E-1;;
30/11/2021  10:22:50,922422;9,439749E-1;1,022050E-1;1,152041E-1;9,415891E-1;;
30/11/2021  10:22:50,922522;9,437037E-1;1,251428E-1;1,322644E-1;9,418313E-1;;
30/11/2021  10:22:50,922622;9,439391E-1;1,241871E-1;1,313166E-1;9,420667E-1;;
30/11/2021  10:22:50,922722;9,433997E-1;1,092138E-1;1,095173E-1;9,422948E-1;;
30/11/2021  10:22:50,922822;9,436024E-1;1,573194E-1;1,449017E-1;9,425152E-1;;
30/11/2021  10:22:50,922922;9,433282E-1;1,764342E-1;1,711241E-1;9,427274E-1;;
30/11/2021  10:22:50,923022;9,427828E-1;1,726112E-1;1,436380E-1;9,429310E-1;;
30/11/2021  10:22:50,923122;9,421450E-1;-1,503240E-2;1,085695E-1;9,431254E-1;;
30/11/2021  10:22:50,923222;9,422553E-1;1,458505E-1;1,581709E-1;9,433103E-1;;
30/11/2021  10:22:50,923322;9,425593E-1;4,868360E-2;9,435259E-2;9,434852E-1;;
30/11/2021  10:22:50,923422;9,424073E-1;1,423461E-1;1,486929E-1;9,436497E-1;;
30/11/2021  10:22:50,923522;9,428364E-1;2,256004E-2;7,634447E-2;9,438036E-1;;
30/11/2021  10:22:50,923622;9,423536E-1;1,280100E-1;1,281573E-1;9,439467E-1;;
30/11/2021  10:22:50,923722;9,421659E-1;1,315144E-1;1,297370E-1;9,440789E-1;;
30/11/2021  10:22:50,923822;9,418589E-1;1,394789E-1;1,490088E-1;9,442001E-1;;
30/11/2021  10:22:50,923922;9,417427E-1;1,127182E-1;1,221546E-1;9,443103E-1;;
30/11/2021  10:22:50,924022;9,416294E-1;1,245056E-1;1,205749E-1;9,444094E-1;;
30/11/2021  10:22:50,924122;9,416294E-1;1,190898E-1;1,221546E-1;9,444972E-1;;
30/11/2021  10:22:50,924222;9,426546E-1;9,806350E-2;1,019350E-1;9,445739E-1;;
30/11/2021  10:22:50,924322;9,417605E-1;1,216384E-1;1,319485E-1;9,446396E-1;;
30/11/2021  10:22:50,924422;9,414029E-1;1,037979E-1;1,019350E-1;9,446945E-1;;
30/11/2021  10:22:50,924522;9,407443E-1;7,894870E-2;1,063580E-1;9,447389E-1;;
30/11/2021  10:22:50,924622;9,413522E-1;1,216384E-1;1,208909E-1;9,447727E-1;;
30/11/2021  10:22:50,924722;9,414715E-1;1,420275E-1;1,667010E-1;9,447961E-1;;
30/11/2021  10:22:50,924822;9,410691E-1;9,519628E-2;1,161519E-1;9,448094E-1;;
30/11/2021  10:22:50,924922;9,408694E-1;1,286472E-1;1,404787E-1;9,448129E-1;;
30/11/2021  10:22:50,925022;9,407562E-1;1,496735E-1;1,622780E-1;9,448067E-1;;
30/11/2021  10:22:50,925122;9,401840E-1;-2,809418E-2;9,050951E-3;9,447911E-1;;
30/11/2021  10:22:50,925222;9,401601E-1;1,238685E-1;1,199431E-1;9,447664E-1;;
30/11/2021  10:22:50,925322;9,396475E-1;1,267357E-1;1,227865E-1;9,447327E-1;;
30/11/2021  10:22:50,925422;9,397369E-1;1,146297E-1;1,114129E-1;9,446903E-1;;
30/11/2021  10:22:50,925522;9,396803E-1;1,372488E-1;1,490088E-1;9,446392E-1;;
30/11/2021  10:22:50,925622;9,389114E-1;1,165411E-1;9,624818E-2;9,445798E-1;;
30/11/2021  10:22:50,925722;9,387206E-1;1,095324E-1;9,024547E-2;9,445122E-1;;
30/11/2021  10:22:50,925822;9,380620E-1;1,283286E-1;1,133085E-1;9,444365E-1;;
30/11/2021  10:22:50,925922;9,379428E-1;1,174969E-1;1,395309E-1;9,443529E-1;;
30/11/2021  10:22:50,926022;9,384852E-1;7,586778E-3;2,074043E-2;9,442614E-1;;
30/11/2021  10:22:50,926122;9,388309E-1;4,613496E-2;5,991600E-2;9,441623E-1;;
30/11/2021  10:22:50,926222;9,381603E-1;1,210013E-1;1,092014E-1;9,440558E-1;;
30/11/2021  10:22:50,926322;9,381425E-1;1,254614E-1;1,240502E-1;9,439423E-1;;
30/11/2021  10:22:50,926422;9,379636E-1;1,006121E-1;1,316326E-1;9,438222E-1;;
30/11/2021  10:22:50,926522;9,380381E-1;1,273729E-1;1,357397E-1;9,436956E-1;;
30/11/2021  10:22:50,926622;9,382080E-1;1,139925E-1;1,177316E-1;9,435631E-1;;
30/11/2021  10:22:50,926722;9,383898E-1;1,305587E-1;1,268936E-1;9,434250E-1;;
30/11/2021  10:22:50,926822;9,384554E-1;1,257800E-1;1,180475E-1;9,432817E-1;;
30/11/2021  10:22:50,926922;9,388428E-1;1,139925E-1;1,164678E-1;9,431339E-1;;
30/11/2021  10:22:50,927022;9,385835E-1;1,362931E-1;1,303688E-1;9,429820E-1;;
30/11/2021  10:22:50,927122;9,385657E-1;1,232313E-1;1,174156E-1;9,428267E-1;;
30/11/2021  10:22:50,927222;9,379458E-1;1,241871E-1;1,218387E-1;9,426684E-1;;
30/11/2021  10:22:50,927322;9,390634E-1;1,238685E-1;1,208909E-1;9,425078E-1;;
30/11/2021  10:22:50,927422;9,387743E-1;9,232906E-2;1,057261E-1;9,423453E-1;;
30/11/2021  10:22:50,927522;9,384673E-1;1,245056E-1;1,170997E-1;9,421815E-1;;
30/11/2021  10:22:50,927622;9,388846E-1;1,286472E-1;1,183634E-1;9,420169E-1;;
30/11/2021  10:22:50,927722;9,382885E-1;7,385142E-2;6,339125E-2;9,418520E-1;;
30/11/2021  10:22:50,927822;9,380620E-1;4,135626E-2;8,929768E-2;9,416874E-1;;
30/11/2021  10:22:50,927922;9,375345E-1;1,315144E-1;1,332122E-1;9,415233E-1;;
30/11/2021  10:22:50,928022;9,372692E-1;8,723178E-2;9,214107E-2;9,413600E-1;;
30/11/2021  10:22:50,928122;9,381216E-1;1,210013E-1;1,215227E-1;9,411977E-1;;
30/11/2021  10:22:50,928222;9,374928E-1;1,324701E-1;1,600664E-1;9,410367E-1;;
30/11/2021  10:22:50,928322;9,375017E-1;1,286472E-1;1,205749E-1;9,408773E-1;;
30/11/2021  10:22:50,928422;9,366463E-1;1,353374E-1;1,253139E-1;9,407195E-1;;
30/11/2021  10:22:50,928522;9,364735E-1;9,965640E-2;1,107811E-1;9,405636E-1;;
30/11/2021  10:22:50,928622;9,367089E-1;1,455319E-1;1,458495E-1;9,404094E-1;;
30/11/2021  10:22:50,928722;9,362738E-1;1,254614E-1;1,120448E-1;9,402572E-1;;
30/11/2021  10:22:50,928822;9,372603E-1;1,375674E-1;1,600664E-1;9,401068E-1;;
30/11/2021  10:22:50,928922;9,372424E-1;1,302401E-1;1,095173E-1;9,399583E-1;;
30/11/2021  10:22:50,929022;9,366404E-1;1,117624E-1;1,003553E-1;9,398121E-1;;
30/11/2021  10:22:50,929122;9,365838E-1;1,143111E-1;8,613836E-2;9,396681E-1;;
30/11/2021  10:22:50,929222;9,365331E-1;1,289658E-1;1,458495E-1;9,395265E-1;;
30/11/2021  10:22:50,929322;9,369176E-1;1,292843E-1;1,098333E-1;9,393874E-1;;
30/11/2021  10:22:50,929422;9,368222E-1;1,382046E-1;1,449017E-1;9,392509E-1;;
30/11/2021  10:22:50,929522;9,374272E-1;1,241871E-1;1,354238E-1;9,391170E-1;;
30/11/2021  10:22:50,929622;9,380054E-1;1,168597E-1;1,354238E-1;9,389861E-1;;
30/11/2021  10:22:50,929722;9,375166E-1;7,799296E-2;1,347919E-1;9,388583E-1;;
30/11/2021  10:22:50,929822;9,375047E-1;1,139925E-1;1,218387E-1;9,387341E-1;;
30/11/2021  10:22:50,929922;9,370457E-1;9,678918E-2;9,656411E-2;9,386136E-1;;
30/11/2021  10:22:50,930022;9,376686E-1;1,012493E-1;1,085695E-1;9,384969E-1;;
30/11/2021  10:22:50,930122;9,378116E-1;8,723178E-2;1,076217E-1;9,383842E-1;;
30/11/2021  10:22:50,930222;9,379726E-1;1,069837E-1;1,164678E-1;9,382756E-1;;
30/11/2021  10:22:50,930322;9,372990E-1;9,997498E-2;1,126766E-1;9,381715E-1;;
30/11/2021  10:22:50,930422;9,370904E-1;9,997498E-2;1,050943E-1;9,380718E-1;;
30/11/2021  10:22:50,930522;9,362887E-1;7,385142E-2;6,844617E-2;9,379766E-1;;
30/11/2021  10:22:50,930622;9,367089E-1;7,576290E-2;8,961361E-2;9,378858E-1;;
30/11/2021  10:22:50,930722;9,365152E-1;5,919674E-2;1,041465E-1;9,377991E-1;;
30/11/2021  10:22:50,930822;9,370517E-1;1,168597E-1;1,493248E-1;9,377165E-1;;
30/11/2021  10:22:50,930922;9,369086E-1;1,270543E-1;1,464814E-1;9,376379E-1;;
30/11/2021  10:22:50,931022;9,368669E-1;1,397975E-1;1,382671E-1;9,375632E-1;;
30/11/2021  10:22:50,931122;9,364407E-1;1,496735E-1;1,351078E-1;9,374923E-1;;
30/11/2021  10:22:50,931222;9,366106E-1;1,671954E-1;1,461654E-1;9,374251E-1;;
30/11/2021  10:22:50,931322;9,367983E-1;1,808943E-1;1,660692E-1;9,373615E-1;;
30/11/2021  10:22:50,931422;9,375106E-1;1,729298E-1;1,562753E-1;9,373013E-1;;
30/11/2021  10:22:50,931522;9,373765E-1;1,474434E-1;1,499566E-1;9,372446E-1;;
30/11/2021  10:22:50,931622;9,381544E-1;1,353374E-1;1,332122E-1;9,371914E-1;;
30/11/2021  10:22:50,931722;9,379189E-1;1,178155E-1;1,268936E-1;9,371418E-1;;
30/11/2021  10:22:50,931822;9,379994E-1;1,257800E-1;1,183634E-1;9,370960E-1;;
30/11/2021  10:22:50,931922;9,378742E-1;1,292843E-1;1,231024E-1;9,370540E-1;;
30/11/2021  10:22:50,932022;9,385031E-1;1,347002E-1;1,325804E-1;9,370159E-1;;
30/11/2021  10:22:50,932122;9,391945E-1;1,366117E-1;1,376353E-1;9,369818E-1;;
30/11/2021  10:22:50,932222;9,400946E-1;5,218798E-2;1,378993E-2;9,369520E-1;;
30/11/2021  10:22:50,932322;9,401750E-1;1,362931E-1;1,467973E-1;9,369267E-1;;
30/11/2021  10:22:50,932422;9,394180E-1;1,254614E-1;1,328963E-1;9,369063E-1;;
30/11/2021  10:22:50,932522;9,398233E-1;1,299215E-1;1,332122E-1;9,368911E-1;;
30/11/2021  10:22:50,932622;9,397667E-1;1,248242E-1;1,297370E-1;9,368813E-1;;
30/11/2021  10:22:50,932722;9,399634E-1;1,401161E-1;1,306848E-1;9,368769E-1;;
30/11/2021  10:22:50,932822;9,406936E-1;1,327887E-1;1,237343E-1;9,368780E-1;;
30/11/2021  10:22:50,932922;9,407413E-1;1,722926E-1;1,783905E-1;9,368848E-1;;
30/11/2021  10:22:50,933022;9,408963E-1;1,127182E-1;1,186794E-1;9,368974E-1;;
30/11/2021  10:22:50,933122;9,410184E-1;1,296029E-1;1,291051E-1;9,369161E-1;;
30/11/2021  10:22:50,933222;9,399038E-1;1,117624E-1;1,013031E-1;9,369407E-1;;
30/11/2021  10:22:50,933322;9,403449E-1;1,260985E-1;1,499566E-1;9,369714E-1;;
30/11/2021  10:22:50,933422;9,408873E-1;1,235499E-1;1,199431E-1;9,370078E-1;;
30/11/2021  10:22:50,933522;9,415966E-1;1,127182E-1;1,572231E-1;9,370500E-1;;
30/11/2021  10:22:50,933622;9,415251E-1;1,123996E-1;9,308886E-2;9,370979E-1;;
30/11/2021  10:22:50,933722;9,413075E-1;1,311958E-1;1,174156E-1;9,371515E-1;;
30/11/2021  10:22:50,933822;9,415340E-1;1,401161E-1;1,477451E-1;9,372107E-1;;
30/11/2021  10:22:50,933922;9,409559E-1;1,273729E-1;1,319485E-1;9,372754E-1;;
30/11/2021  10:22:50,934022;9,417963E-1;1,331073E-1;1,420583E-1;9,373455E-1;;
30/11/2021  10:22:50,934122;9,420973E-1;1,305587E-1;1,366875E-1;9,374207E-1;;
30/11/2021  10:22:50,934222;9,424132E-1;1,235499E-1;1,246821E-1;9,375009E-1;;
30/11/2021  10:22:50,934322;9,429884E-1;2,254955E-1;2,456840E-1;9,375861E-1;;
30/11/2021  10:22:50,934422;9,430689E-1;1,442576E-1;1,433221E-1;9,376762E-1;;
30/11/2021  10:22:50,934522;9,414089E-1;1,267357E-1;1,376353E-1;9,377712E-1;;
30/11/2021  10:22:50,934622;9,420854E-1;1,401161E-1;1,436380E-1;9,378709E-1;;
30/11/2021  10:22:50,934722;9,424669E-1;1,292843E-1;1,303688E-1;9,379750E-1;;
30/11/2021  10:22:50,934822;9,430510E-1;1,324701E-1;1,240502E-1;9,380831E-1;;
30/11/2021  10:22:50,934922;9,431315E-1;1,350188E-1;1,325804E-1;9,381951E-1;;
30/11/2021  10:22:50,935022;9,432775E-1;1,397975E-1;1,436380E-1;9,383109E-1;;
30/11/2021  10:22:50,935122;9,431762E-1;1,614609E-1;1,613302E-1;9,384303E-1;;
30/11/2021  10:22:50,935222;9,423179E-1;1,528593E-1;1,591187E-1;9,385530E-1;;
30/11/2021  10:22:50,935322;9,426278E-1;1,617795E-1;1,629098E-1;9,386789E-1;;
30/11/2021  10:22:50,935422;9,431792E-1;1,235499E-1;1,433221E-1;9,388074E-1;;
30/11/2021  10:22:50,935522;9,436888E-1;1,190898E-1;1,736515E-1;9,389384E-1;;
30/11/2021  10:22:50,935622;9,435785E-1;-1,375808E-2;5,991600E-2;9,390716E-1;;
30/11/2021  10:22:50,935722;9,428275E-1;1,311958E-1;1,360556E-1;9,392068E-1;;
30/11/2021  10:22:50,935822;9,427023E-1;1,404346E-1;1,363715E-1;9,393436E-1;;
30/11/2021  10:22:50,935922;9,413731E-1;1,675139E-1;1,682807E-1;9,394818E-1;;
30/11/2021  10:22:50,936022;9,415817E-1;1,213198E-1;1,493248E-1;9,396207E-1;;
30/11/2021  10:22:50,936122;9,420586E-1;1,334259E-1;1,161519E-1;9,397598E-1;;
30/11/2021  10:22:50,936222;9,418917E-1;1,372488E-1;1,385831E-1;9,398984E-1;;
30/11/2021  10:22:50,936322;9,417456E-1;1,257800E-1;1,003553E-1;9,400360E-1;;
30/11/2021  10:22:50,936422;9,414476E-1;1,452133E-1;1,768108E-1;9,401723E-1;;
30/11/2021  10:22:50,936522;9,408217E-1;-2,926362E-3;3,811669E-2;9,403066E-1;;
30/11/2021  10:22:50,936622;9,405446E-1;1,404346E-1;1,483770E-1;9,404384E-1;;
30/11/2021  10:22:50,936722;9,412122E-1;1,327887E-1;1,234183E-1;9,405672E-1;;
30/11/2021  10:22:50,936822;9,410035E-1;1,694254E-1;1,976624E-1;9,406923E-1;;
30/11/2021  10:22:50,936922;9,403091E-1;1,656025E-1;1,483770E-1;9,408135E-1;;
30/11/2021  10:22:50,937022;9,403896E-1;1,410718E-1;1,613302E-1;9,409303E-1;;
30/11/2021  10:22:50,937122;9,400230E-1;1,433019E-1;1,635417E-1;9,410421E-1;;
30/11/2021  10:22:50,937222;9,397697E-1;1,789828E-1;1,524841E-1;9,411487E-1;;
30/11/2021  10:22:50,937322;9,396594E-1;1,318330E-1;1,332122E-1;9,412494E-1;;
30/11/2021  10:22:50,937422;9,396117E-1;1,420275E-1;1,347919E-1;9,413440E-1;;
30/11/2021  10:22:50,937522;9,403777E-1;1,375674E-1;1,281573E-1;9,414320E-1;;
30/11/2021  10:22:50,937622;9,404403E-1;1,260985E-1;1,591187E-1;9,415134E-1;;
30/11/2021  10:22:50,937722;9,407264E-1;1,388417E-1;1,287892E-1;9,415879E-1;;
30/11/2021  10:22:50,937822;9,401571E-1;1,257800E-1;1,208909E-1;9,416557E-1;;
30/11/2021  10:22:50,937922;9,397727E-1;1,340630E-1;1,606983E-1;9,417166E-1;;
30/11/2021  10:22:50,938022;9,397369E-1;6,875414E-2;7,286922E-2;9,417708E-1;;
30/11/2021  10:22:50,938122;9,401124E-1;8,086018E-2;9,719598E-2;9,418181E-1;;
30/11/2021  10:22:50,938222;9,399753E-1;1,069837E-1;1,246821E-1;9,418586E-1;;
30/11/2021  10:22:50,938322;9,401899E-1;9,392196E-2;1,110970E-1;9,418923E-1;;
30/11/2021  10:22:50,938422;9,397608E-1;1,028422E-1;1,117289E-1;9,419194E-1;;
30/11/2021  10:22:50,938522;9,386074E-1;1,369303E-1;1,708081E-1;9,419399E-1;;
30/11/2021  10:22:50,938622;9,378891E-1;1,159040E-1;1,265777E-1;9,419539E-1;;
30/11/2021  10:22:50,938722;9,380143E-1;1,015679E-1;1,164678E-1;9,419612E-1;;
30/11/2021  10:22:50,938822;9,375166E-1;1,037979E-1;1,183634E-1;9,419615E-1;;
30/11/2021  10:22:50,938922;9,378414E-1;1,139925E-1;1,259458E-1;9,419548E-1;;
30/11/2021  10:22:50,939022;9,378593E-1;1,085766E-1;1,152041E-1;9,419409E-1;;
30/11/2021  10:22:50,939122;9,377759E-1;1,006121E-1;9,340479E-2;9,419199E-1;;
30/11/2021  10:22:50,939222;9,372037E-1;1,108067E-1;1,208909E-1;9,418916E-1;;
30/11/2021  10:22:50,939322;9,367894E-1;1,289658E-1;1,379512E-1;9,418563E-1;;
30/11/2021  10:22:50,939422;9,369474E-1;1,327887E-1;1,382671E-1;9,418138E-1;;
30/11/2021  10:22:50,939522;9,374779E-1;5,091366E-2;8,898175E-2;9,417641E-1;;
30/11/2021  10:22:50,939622;9,380501E-1;1,799386E-1;1,452176E-1;9,417075E-1;;
30/11/2021  10:22:50,939722;9,374630E-1;1,095324E-1;1,167838E-1;9,416442E-1;;
30/11/2021  10:22:50,939822;9,372513E-1;7,130278E-2;9,845971E-2;9,415746E-1;;
30/11/2021  10:22:50,939922;9,369205E-1;-3,255430E-2;9,688005E-2;9,414989E-1;;
30/11/2021  10:22:50,940022;9,368401E-1;1,280100E-1;2,001898E-1;9,414173E-1;;
30/11/2021  10:22:50,940122;9,374361E-1;4,740928E-2;1,319485E-1;9,413302E-1;;
30/11/2021  10:22:50,940222;9,375762E-1;1,280100E-1;1,249980E-1;9,412378E-1;;
30/11/2021  10:22:50,940322;9,384673E-1;1,369303E-1;1,622780E-1;9,411406E-1;;
30/11/2021  10:22:50,940422;9,379279E-1;1,241871E-1;1,196272E-1;9,410391E-1;;
30/11/2021  10:22:50,940522;9,378683E-1;1,210013E-1;1,177316E-1;9,409339E-1;;
30/11/2021  10:22:50,940622;9,372692E-1;1,283286E-1;1,417424E-1;9,408254E-1;;
30/11/2021  10:22:50,940722;9,379815E-1;4,613496E-2;8,582243E-2;9,407142E-1;;
30/11/2021  10:22:50,940822;9,383362E-1;1,117624E-1;1,044624E-1;9,406006E-1;;
30/11/2021  10:22:50,940922;9,386044E-1;1,174969E-1;1,360556E-1;9,404852E-1;;
30/11/2021  10:22:50,941022;9,386491E-1;1,225942E-1;1,066739E-1;9,403685E-1;;
30/11/2021  10:22:50,941122;9,384256E-1;1,009307E-1;9,498445E-2;9,402512E-1;;
30/11/2021  10:22:50,941222;9,374391E-1;8,563888E-2;7,034176E-2;9,401337E-1;;
30/11/2021  10:22:50,941322;9,372931E-1;1,159040E-1;1,335282E-1;9,400165E-1;;
30/11/2021  10:22:50,941422;9,374153E-1;1,037979E-1;9,688005E-2;9,398996E-1;;
30/11/2021  10:22:50,941522;9,371083E-1;1,366117E-1;1,433221E-1;9,397835E-1;;
30/11/2021  10:22:50,941622;9,376477E-1;1,359745E-1;1,559593E-1;9,396682E-1;;
30/11/2021  10:22:50,941722;9,378057E-1;1,324701E-1;1,622780E-1;9,395539E-1;;
30/11/2021  10:22:50,941822;9,376060E-1;1,369303E-1;1,287892E-1;9,394410E-1;;
30/11/2021  10:22:50,941922;9,365778E-1;1,120810E-1;1,224705E-1;9,393297E-1;;
30/11/2021  10:22:50,942022;9,371172E-1;1,245056E-1;1,256299E-1;9,392200E-1;;
30/11/2021  10:22:50,942122;9,372424E-1;1,117624E-1;1,158360E-1;9,391122E-1;;
30/11/2021  10:22:50,942222;9,384405E-1;1,225942E-1;1,265777E-1;9,390062E-1;;
30/11/2021  10:22:50,942322;9,379309E-1;1,280100E-1;1,249980E-1;9,389024E-1;;
30/11/2021  10:22:50,942422;9,377371E-1;1,248242E-1;1,202590E-1;9,388011E-1;;
30/11/2021  10:22:50,942522;9,374689E-1;1,168597E-1;1,095173E-1;9,387024E-1;;
30/11/2021  10:22:50,942622;9,370159E-1;1,276914E-1;1,117289E-1;9,386067E-1;;
30/11/2021  10:22:50,942722;9,371441E-1;1,353374E-1;1,249980E-1;9,385138E-1;;
30/11/2021  10:22:50,942822;9,379517E-1;5,792242E-2;1,000394E-1;9,384238E-1;;
30/11/2021  10:22:50,942922;9,382766E-1;1,366117E-1;1,449017E-1;9,383369E-1;;
30/11/2021  10:22:50,943022;9,388071E-1;1,260985E-1;1,344760E-1;9,382532E-1;;
30/11/2021  10:22:50,943122;9,382855E-1;1,276914E-1;1,316326E-1;9,381731E-1;;
30/11/2021  10:22:50,943222;9,379040E-1;1,308772E-1;1,341600E-1;9,380967E-1;;
30/11/2021  10:22:50,943322;9,381037E-1;1,347002E-1;1,376353E-1;9,380242E-1;;
30/11/2021  10:22:50,943422;9,379666E-1;1,347002E-1;1,322644E-1;9,379557E-1;;
30/11/2021  10:22:50,943522;9,379696E-1;1,292843E-1;1,360556E-1;9,378912E-1;;
30/11/2021  10:22:50,943622;9,389829E-1;1,206827E-1;1,294210E-1;9,378308E-1;;
30/11/2021  10:22:50,943722;9,391558E-1;1,296029E-1;1,237343E-1;9,377745E-1;;
30/11/2021  10:22:50,943822;9,394747E-1;1,286472E-1;1,243661E-1;9,377226E-1;;
30/11/2021  10:22:50,943922;9,385537E-1;1,254614E-1;1,186794E-1;9,376753E-1;;
30/11/2021  10:22:50,944022;9,385001E-1;1,181340E-1;1,114129E-1;9,376327E-1;;
30/11/2021  10:22:50,944122;9,390932E-1;1,206827E-1;1,224705E-1;9,375947E-1;;
30/11/2021  10:22:50,944222;9,396177E-1;1,101695E-1;7,792413E-2;9,375615E-1;;
30/11/2021  10:22:50,944322;9,400200E-1;1,015679E-1;5,201770E-2;9,375331E-1;;
30/11/2021  10:22:50,944422;9,405893E-1;1,589123E-1;1,954508E-1;9,375096E-1;;
30/11/2021  10:22:50,944522;9,408337E-1;1,257800E-1;1,310007E-1;9,374914E-1;;
30/11/2021  10:22:50,944622;9,401959E-1;1,264171E-1;1,297370E-1;9,374787E-1;;
30/11/2021  10:22:50,944722;9,399843E-1;1,181340E-1;1,215227E-1;9,374715E-1;;
30/11/2021  10:22:50,944822;9,408903E-1;1,194084E-1;1,227865E-1;9,374700E-1;;
30/11/2021  10:22:50,944922;9,413940E-1;1,235499E-1;1,088855E-1;9,374741E-1;;
30/11/2021  10:22:50,945022;9,419125E-1;1,519035E-1;1,442698E-1;9,374841E-1;;
30/11/2021  10:22:50,945122;9,424222E-1;1,143111E-1;1,224705E-1;9,375002E-1;;
30/11/2021  10:22:50,945222;9,421241E-1;1,260985E-1;1,208909E-1;9,375225E-1;;
30/11/2021  10:22:50,945322;9,422463E-1;8,595746E-2;7,981972E-2;9,375513E-1;;
30/11/2021  10:22:50,945422;9,423745E-1;1,155854E-1;1,202590E-1;9,375867E-1;;
30/11/2021  10:22:50,945522;9,430600E-1;8,659462E-2;1,161519E-1;9,376288E-1;;
30/11/2021  10:22:50,945622;9,431613E-1;1,181340E-1;1,000394E-1;9,376776E-1;;
30/11/2021  10:22:50,945722;9,443206E-1;6,238254E-2;4,601499E-2;9,377333E-1;;
30/11/2021  10:22:50,945822;9,444369E-1;1,305587E-1;1,152041E-1;9,377961E-1;;
30/11/2021  10:22:50,945922;9,440107E-1;1,343816E-1;1,379512E-1;9,378662E-1;;
30/11/2021  10:22:50,946022;9,438766E-1;1,302401E-1;1,278414E-1;9,379436E-1;;
30/11/2021  10:22:50,946122;9,448481E-1;1,286472E-1;1,031987E-1;9,380284E-1;;
30/11/2021  10:22:50,946222;9,455902E-1;1,190898E-1;1,227865E-1;9,381205E-1;;
30/11/2021  10:22:50,946322;9,453727E-1;1,095324E-1;1,161519E-1;9,382202E-1;;
30/11/2021  10:22:50,946422;9,456975E-1;1,251428E-1;1,303688E-1;9,383274E-1;;
30/11/2021  10:22:50,946522;9,451313E-1;1,037979E-1;1,114129E-1;9,384421E-1;;
30/11/2021  10:22:50,946622;9,455396E-1;8,627604E-2;9,403666E-2;9,385642E-1;;
30/11/2021  10:22:50,946722;9,451670E-1;1,034794E-1;1,117289E-1;9,386936E-1;;
30/11/2021  10:22:50,946822;9,456141E-1;1,018865E-1;1,126766E-1;9,388299E-1;;
30/11/2021  10:22:50,946922;9,459091E-1;9,455912E-2;9,688005E-2;9,389731E-1;;
30/11/2021  10:22:50,947022;9,455217E-1;9,901924E-2;1,139404E-1;9,391226E-1;;
30/11/2021  10:22:50,947122;9,460075E-1;1,031608E-1;1,291051E-1;9,392783E-1;;
30/11/2021  10:22:50,947222;9,450061E-1;6,620550E-2;7,697633E-2;9,394398E-1;;
30/11/2021  10:22:50,947322;9,447230E-1;-7,386482E-3;7,128955E-2;9,396065E-1;;
30/11/2021  10:22:50,947422;9,442014E-1;1,550893E-1;2,115634E-1;9,397780E-1;;
30/11/2021  10:22:50,947522;9,448183E-1;1,172832E-2;9,782784E-2;9,399534E-1;;
30/11/2021  10:22:50,947622;9,449018E-1;1,289658E-1;1,347919E-1;9,401322E-1;;
30/11/2021  10:22:50,947722;9,452743E-1;1,321516E-1;1,467973E-1;9,403137E-1;;
30/11/2021  10:22:50,947822;9,440196E-1;1,296029E-1;1,300529E-1;9,404974E-1;;
30/11/2021  10:22:50,947922;9,435636E-1;1,608238E-1;1,436380E-1;9,406826E-1;;
30/11/2021  10:22:50,948022;9,428752E-1;1,894960E-1;1,667010E-1;9,408685E-1;;
30/11/2021  10:22:50,948122;9,432328E-1;1,286472E-1;1,199431E-1;9,410542E-1;;
30/11/2021  10:22:50,948222;9,441507E-1;1,474434E-1;1,325804E-1;9,412390E-1;;
30/11/2021  10:22:50,948322;9,435547E-1;1,302401E-1;1,294210E-1;9,414221E-1;;
30/11/2021  10:22:50,948422;9,437782E-1;1,292843E-1;1,174156E-1;9,416029E-1;;
30/11/2021  10:22:50,948522;9,436292E-1;1,222756E-1;1,338441E-1;9,417809E-1;;
30/11/2021  10:22:50,948622;9,426606E-1;5,505520E-2;7,128955E-2;9,419555E-1;;
30/11/2021  10:22:50,948722;9,421510E-1;1,283286E-1;1,347919E-1;9,421261E-1;;
30/11/2021  10:22:50,948822;9,424102E-1;1,417090E-1;1,303688E-1;9,422921E-1;;
30/11/2021  10:22:50,948922;9,428335E-1;1,780271E-1;2,137749E-1;9,424528E-1;;
30/11/2021  10:22:50,949022;9,424907E-1;1,283286E-1;1,265777E-1;9,426077E-1;;
30/11/2021  10:22:50,949122;9,424460E-1;1,213198E-1;1,366875E-1;9,427563E-1;;
30/11/2021  10:22:50,949222;9,416294E-1;1,914074E-1;2,134590E-1;9,428982E-1;;
30/11/2021  10:22:50,949322;9,414834E-1;4,400978E-3;9,214107E-2;9,430329E-1;;
30/11/2021  10:22:50,949422;9,414059E-1;1,165411E-1;1,275255E-1;9,431601E-1;;
30/11/2021  10:22:50,949522;9,414685E-1;1,331073E-1;1,325804E-1;9,432792E-1;;
30/11/2021  10:22:50,949622;9,420526E-1;1,232313E-1;1,136244E-1;9,433900E-1;;
30/11/2021  10:22:50,949722;9,421927E-1;1,372488E-1;1,363715E-1;9,434921E-1;;
30/11/2021  10:22:50,949822;9,414208E-1;-2,108542E-2;-5,481921E-3;9,435857E-1;;
30/11/2021  10:22:50,949922;9,414804E-1;1,413904E-1;1,581709E-1;9,436705E-1;;
30/11/2021  10:22:50,950022;9,411824E-1;1,079395E-1;1,107811E-1;9,437465E-1;;
30/11/2021  10:22:50,950122;9,407472E-1;1,343816E-1;1,275255E-1;9,438136E-1;;
30/11/2021  10:22:50,950222;9,415013E-1;1,337445E-1;1,354238E-1;9,438716E-1;;
30/11/2021  10:22:50,950322;9,418321E-1;1,353374E-1;1,518522E-1;9,439208E-1;;
30/11/2021  10:22:50,950422;9,419513E-1;1,149482E-1;1,092014E-1;9,439611E-1;;
30/11/2021  10:22:50,950522;9,417367E-1;1,369303E-1;1,319485E-1;9,439928E-1;;
30/11/2021  10:22:50,950622;9,412151E-1;1,735670E-1;2,166183E-1;9,440163E-1;;
30/11/2021  10:22:50,950722;9,410214E-1;1,241871E-1;1,294210E-1;9,440316E-1;;
30/11/2021  10:22:50,950822;9,422672E-1;1,267357E-1;1,300529E-1;9,440391E-1;;
30/11/2021  10:22:50,950922;9,419066E-1;1,254614E-1;1,227865E-1;9,440390E-1;;
30/11/2021  10:22:50,951022;9,425920E-1;1,267357E-1;1,351078E-1;9,440318E-1;;
30/11/2021  10:22:50,951122;9,422404E-1;1,350188E-1;1,281573E-1;9,440180E-1;;
30/11/2021  10:22:50,951222;9,417903E-1;1,165411E-1;1,174156E-1;9,439979E-1;;
30/11/2021  10:22:50,951322;9,413910E-1;1,356559E-1;1,341600E-1;9,439721E-1;;
30/11/2021  10:22:50,951422;9,416175E-1;1,350188E-1;1,294210E-1;9,439409E-1;;
30/11/2021  10:22:50,951522;9,419870E-1;1,331073E-1;1,325804E-1;9,439045E-1;;
30/11/2021  10:22:50,951622;9,424311E-1;1,302401E-1;1,426902E-1;9,438635E-1;;
30/11/2021  10:22:50,951722;9,421748E-1;1,178155E-1;1,107811E-1;9,438181E-1;;
30/11/2021  10:22:50,951822;9,414417E-1;1,168597E-1;1,006712E-1;9,437690E-1;;
30/11/2021  10:22:50,951922;9,405982E-1;6,907272E-2;1,000394E-1;9,437164E-1;;
30/11/2021  10:22:50,952022;9,403032E-1;1,538150E-1;2,235688E-1;9,436604E-1;;
30/11/2021  10:22:50,952122;9,400856E-1;1,347002E-1;1,363715E-1;9,436012E-1;;
30/11/2021  10:22:50,952222;9,405088E-1;9,933782E-2;1,622780E-1;9,435389E-1;;
30/11/2021  10:22:50,952322;9,404313E-1;1,369303E-1;1,341600E-1;9,434734E-1;;
30/11/2021  10:22:50,952422;9,403419E-1;1,057094E-1;2,033491E-1;9,434049E-1;;
30/11/2021  10:22:50,952522;9,398472E-1;1,433019E-1;1,297370E-1;9,433336E-1;;
30/11/2021  10:22:50,952622;9,382408E-1;1,350188E-1;1,291051E-1;9,432595E-1;;
30/11/2021  10:22:50,952722;9,378474E-1;4,294916E-2;6,844617E-2;9,431825E-1;;
30/11/2021  10:22:50,952822;9,381276E-1;1,302401E-1;1,300529E-1;9,431023E-1;;
30/11/2021  10:22:50,952922;9,385627E-1;8,914326E-2;9,561632E-2;9,430188E-1;;
30/11/2021  10:22:50,953022;9,379636E-1;1,206827E-1;1,177316E-1;9,429319E-1;;
30/11/2021  10:22:50,953122;9,375345E-1;1,232313E-1;1,013031E-1;9,428414E-1;;
30/11/2021  10:22:50,953222;9,362977E-1;2,638300E-2;7,350108E-2;9,427473E-1;;
30/11/2021  10:22:50,953322;9,354334E-1;1,254614E-1;1,291051E-1;9,426492E-1;;
30/11/2021  10:22:50,953422;9,349655E-1;1,519035E-1;1,692285E-1;9,425469E-1;;
30/11/2021  10:22:50,953522;9,353022E-1;2,988738E-2;5,865227E-2;9,424398E-1;;
30/11/2021  10:22:50,953622;9,356867E-1;1,082581E-1;1,486929E-1;9,423277E-1;;
30/11/2021  10:22:50,953722;9,353529E-1;1,388417E-1;1,556434E-1;9,422103E-1;;
30/11/2021  10:22:50,953822;9,349148E-1;1,477620E-1;1,704922E-1;9,420876E-1;;
30/11/2021  10:22:50,953922;9,341131E-1;1,251428E-1;1,243661E-1;9,419594E-1;;
30/11/2021  10:22:50,954022;9,328614E-1;1,452133E-1;1,366875E-1;9,418256E-1;;
30/11/2021  10:22:50,954122;9,330223E-1;1,538150E-1;1,534319E-1;9,416858E-1;;
30/11/2021  10:22:50,954222;9,327571E-1;1,302401E-1;1,253139E-1;9,415399E-1;;
30/11/2021  10:22:50,954322;9,334634E-1;1,388417E-1;1,306848E-1;9,413875E-1;;
30/11/2021  10:22:50,954422;9,330789E-1;1,321516E-1;1,316326E-1;9,412287E-1;;
30/11/2021  10:22:50,954522;9,323547E-1;1,216384E-1;1,259458E-1;9,410634E-1;;
30/11/2021  10:22:50,954622;9,310851E-1;1,219570E-1;1,186794E-1;9,408917E-1;;
30/11/2021  10:22:50,954722;9,309212E-1;1,044351E-1;1,088855E-1;9,407134E-1;;
30/11/2021  10:22:50,954822;9,307007E-1;9,742634E-2;9,530039E-2;9,405284E-1;;
30/11/2021  10:22:50,954922;9,315530E-1;1,006121E-1;1,028828E-1;9,403366E-1;;
30/11/2021  10:22:50,955022;9,321014E-1;1,216384E-1;1,565912E-1;9,401380E-1;;
30/11/2021  10:22:50,955122;9,317795E-1;1,101695E-1;1,720719E-1;9,399330E-1;;
30/11/2021  10:22:50,955222;9,313235E-1;1,130368E-1;1,186794E-1;9,397220E-1;;
30/11/2021  10:22:50,955322;9,310970E-1;8,309024E-2;1,076217E-1;9,395052E-1;;
30/11/2021  10:22:50,955422;9,315888E-1;1,079395E-1;1,246821E-1;9,392830E-1;;
30/11/2021  10:22:50,955522;9,321282E-1;1,015679E-1;1,136244E-1;9,390559E-1;;
30/11/2021  10:22:50,955622;9,331356E-1;1,216384E-1;1,208909E-1;9,388244E-1;;
30/11/2021  10:22:50,955722;9,336541E-1;9,392196E-2;1,202590E-1;9,385893E-1;;
30/11/2021  10:22:50,955822;9,338985E-1;1,264171E-1;1,306848E-1;9,383515E-1;;
30/11/2021  10:22:50,955922;9,337346E-1;1,251428E-1;1,278414E-1;9,381120E-1;;
30/11/2021  10:22:50,956022;9,336213E-1;1,397975E-1;1,281573E-1;9,378717E-1;;
30/11/2021  10:22:50,956122;9,339104E-1;1,477620E-1;1,101492E-1;9,376315E-1;;
30/11/2021  10:22:50,956222;9,353946E-1;1,716555E-1;1,449017E-1;9,373922E-1;;
30/11/2021  10:22:50,956322;9,360115E-1;1,898145E-1;1,859729E-1;9,371550E-1;;
30/11/2021  10:22:50,956422;9,366940E-1;1,114439E-1;1,679647E-1;9,369209E-1;;
30/11/2021  10:22:50,956522;9,365420E-1;1,471248E-1;1,515363E-1;9,366911E-1;;
30/11/2021  10:22:50,956622;9,360086E-1;1,343816E-1;1,411105E-1;9,364667E-1;;
30/11/2021  10:22:50,956722;9,353022E-1;1,321516E-1;1,325804E-1;9,362487E-1;;
30/11/2021  10:22:50,956822;9,364288E-1;1,359745E-1;1,373193E-1;9,360378E-1;;
30/11/2021  10:22:50,956922;9,371798E-1;1,187712E-1;1,294210E-1;9,358347E-1;;
30/11/2021  10:22:50,957022;9,381544E-1;1,197269E-1;1,158360E-1;9,356402E-1;;
30/11/2021  10:22:50,957122;9,383153E-1;1,356559E-1;1,322644E-1;9,354551E-1;;
30/11/2021  10:22:50,957222;9,381276E-1;1,210013E-1;1,234183E-1;9,352804E-1;;
30/11/2021  10:22:50,957322;9,379189E-1;1,219570E-1;1,240502E-1;9,351167E-1;;
30/11/2021  10:22:50,957422;9,375494E-1;1,264171E-1;1,227865E-1;9,349646E-1;;
30/11/2021  10:22:50,957522;9,383719E-1;4,719558E-3;7,666040E-2;9,348246E-1;;
30/11/2021  10:22:50,957622;9,392303E-1;1,356559E-1;8,266311E-2;9,346969E-1;;
30/11/2021  10:22:50,957722;9,398889E-1;4,963934E-2;6,844617E-2;9,345820E-1;;
30/11/2021  10:22:50,957822;9,393763E-1;8,563888E-2;1,050943E-1;9,344804E-1;;
30/11/2021  10:22:50,957922;9,392929E-1;1,289658E-1;1,224705E-1;9,343924E-1;;
30/11/2021  10:22:50,958022;9,392243E-1;1,385232E-1;1,493248E-1;9,343183E-1;;
30/11/2021  10:22:50,958122;9,392094E-1;1,391603E-1;1,417424E-1;9,342580E-1;;
30/11/2021  10:22:50,958222;9,396773E-1;3,211744E-2;6,686651E-2;9,342115E-1;;
30/11/2021  10:22:50,958322;9,410781E-1;1,378860E-1;1,414265E-1;9,341789E-1;;
30/11/2021  10:22:50,958422;9,410095E-1;1,264171E-1;1,316326E-1;9,341601E-1;;
30/11/2021  10:22:50,958522;9,409916E-1;1,554079E-1;1,490088E-1;9,341552E-1;;
30/11/2021  10:22:50,958622;9,407294E-1;1,407532E-1;1,370034E-1;9,341643E-1;;
30/11/2021  10:22:50,958722;9,403062E-1;1,194084E-1;1,227865E-1;9,341871E-1;;
30/11/2021  10:22:50,958822;9,404075E-1;1,264171E-1;1,253139E-1;9,342233E-1;;
30/11/2021  10:22:50,958922;9,410095E-1;1,327887E-1;1,370034E-1;9,342725E-1;;
30/11/2021  10:22:50,959022;9,412986E-1;1,251428E-1;1,101492E-1;9,343345E-1;;
30/11/2021  10:22:50,959122;9,412986E-1;1,280100E-1;1,145722E-1;9,344087E-1;;
30/11/2021  10:22:50,959222;9,416413E-1;1,318330E-1;1,420583E-1;9,344947E-1;;
30/11/2021  10:22:50,959322;9,410781E-1;1,045400E-2;7,855599E-2;9,345923E-1;;
30/11/2021  10:22:50,959422;9,401184E-1;1,595494E-1;1,667010E-1;9,347008E-1;;
30/11/2021  10:22:50,959522;9,405416E-1;1,168597E-1;1,202590E-1;9,348196E-1;;
30/11/2021  10:22:50,959622;9,410751E-1;1,611423E-1;1,644895E-1;9,349478E-1;;
30/11/2021  10:22:50,959722;9,414536E-1;1,280100E-1;1,297370E-1;9,350849E-1;;
30/11/2021  10:22:50,959822;9,411436E-1;2,032998E-2;9,087734E-2;9,352302E-1;;
30/11/2021  10:22:50,959922;9,409886E-1;1,286472E-1;1,227865E-1;9,353831E-1;;
30/11/2021  10:22:50,960022;9,402883E-1;1,347002E-1;1,335282E-1;9,355428E-1;;
30/11/2021  10:22:50,960122;9,394925E-1;1,879031E-1;1,881844E-1;9,357086E-1;;
30/11/2021  10:22:50,960222;9,398710E-1;2,479010E-2;7,981972E-2;9,358795E-1;;
30/11/2021  10:22:50,960322;9,408486E-1;1,286472E-1;1,164678E-1;9,360546E-1;;
30/11/2021  10:22:50,960422;9,401005E-1;1,270543E-1;1,306848E-1;9,362331E-1;;
30/11/2021  10:22:50,960522;9,399634E-1;1,225942E-1;9,403666E-2;9,364144E-1;;
30/11/2021  10:22:50,960622;9,395343E-1;1,391603E-1;1,654373E-1;9,365974E-1;;
30/11/2021  10:22:50,960722;9,392243E-1;1,448948E-1;1,897641E-1;9,367816E-1;;
30/11/2021  10:22:50,960822;9,393346E-1;1,359745E-1;1,480610E-1;9,369659E-1;;
30/11/2021  10:22:50,960922;9,395581E-1;1,302401E-1;1,133085E-1;9,371497E-1;;
30/11/2021  10:22:50,961022;9,409112E-1;1,009307E-1;1,464814E-1;9,373321E-1;;
30/11/2021  10:22:50,961122;9,401929E-1;1,308772E-1;1,215227E-1;9,375127E-1;;
30/11/2021  10:22:50,961222;9,399128E-1;1,095324E-1;1,543797E-1;9,376910E-1;;
30/11/2021  10:22:50,961322;9,393733E-1;1,369303E-1;1,648054E-1;9,378665E-1;;
30/11/2021  10:22:50,961422;9,386938E-1;1,936375E-1;1,594346E-1;9,380387E-1;;
30/11/2021  10:22:50,961522;9,392869E-1;1,267357E-1;1,291051E-1;9,382071E-1;;
30/11/2021  10:22:50,961622;9,403091E-1;1,350188E-1;1,332122E-1;9,383709E-1;;
30/11/2021  10:22:50,961722;9,403240E-1;1,276914E-1;1,120448E-1;9,385300E-1;;
30/11/2021  10:22:50,961822;9,400826E-1;1,232313E-1;1,161519E-1;9,386841E-1;;
30/11/2021  10:22:50,961922;9,399694E-1;9,392196E-2;9,688005E-2;9,388329E-1;;
30/11/2021  10:22:50,962022;9,392362E-1;7,066562E-2;1,003553E-1;9,389764E-1;;
30/11/2021  10:22:50,962122;9,382587E-1;2,001140E-2;2,105637E-2;9,391141E-1;;
30/11/2021  10:22:50,962222;9,383332E-1;6,652408E-2;1,136244E-1;9,392458E-1;;
30/11/2021  10:22:50,962322;9,388100E-1;1,401161E-1;1,423743E-1;9,393709E-1;;
30/11/2021  10:22:50,962422;9,390246E-1;9,201048E-2;1,057261E-1;9,394892E-1;;
30/11/2021  10:22:50,962522;9,382259E-1;1,267357E-1;1,268936E-1;9,396005E-1;;
30/11/2021  10:22:50,962622;9,372990E-1;9,742634E-2;9,972343E-2;9,397044E-1;;
30/11/2021  10:22:50,962722;9,370070E-1;8,436456E-2;9,593225E-2;9,398007E-1;;
30/11/2021  10:22:50,962822;9,363513E-1;1,235499E-1;1,316326E-1;9,398890E-1;;
30/11/2021  10:22:50,962922;9,359430E-1;1,283286E-1;1,297370E-1;9,399687E-1;;
30/11/2021  10:22:50,963022;9,363602E-1;1,194084E-1;1,202590E-1;9,400395E-1;;
30/11/2021  10:22:50,963122;9,362500E-1;1,127182E-1;1,212068E-1;9,401010E-1;;
30/11/2021  10:22:50,963222;9,362410E-1;1,130368E-1;1,142563E-1;9,401530E-1;;
30/11/2021  10:22:50,963322;9,358625E-1;7,130278E-2;5,170177E-2;9,401953E-1;;
30/11/2021  10:22:50,963422;9,350131E-1;1,044351E-1;9,877564E-2;9,402277E-1;;
30/11/2021  10:22:50,963522;9,351711E-1;9,870066E-2;1,041465E-1;9,402501E-1;;
30/11/2021  10:22:50,963622;9,359162E-1;1,009307E-1;1,152041E-1;9,402622E-1;;
30/11/2021  10:22:50,963722;9,365659E-1;7,353284E-2;1,114129E-1;9,402643E-1;;
30/11/2021  10:22:50,963822;9,366851E-1;6,811698E-2;7,350108E-2;9,402564E-1;;
30/11/2021  10:22:50,963922;9,363781E-1;8,372740E-2;1,035146E-1;9,402390E-1;;
30/11/2021  10:22:50,964022;9,363275E-1;1,187712E-1;1,496407E-1;9,402123E-1;;
30/11/2021  10:22:50,964122;9,370010E-1;9,519628E-2;1,411105E-1;9,401769E-1;;
30/11/2021  10:22:50,964222;9,372126E-1;1,165411E-1;1,231024E-1;9,401333E-1;;
30/11/2021  10:22:50,964322;9,382378E-1;9,455912E-2;1,414265E-1;9,400819E-1;;
30/11/2021  10:22:50,964422;9,388577E-1;1,267357E-1;1,265777E-1;9,400236E-1;;
30/11/2021  10:22:50,964522;9,390664E-1;1,483991E-1;1,420583E-1;9,399592E-1;;
30/11/2021  10:22:50,964622;9,399604E-1;1,687883E-1;1,467973E-1;9,398898E-1;;
30/11/2021  10:22:50,964722;9,395968E-1;1,738855E-1;1,540637E-1;9,398162E-1;;
30/11/2021  10:22:50,964822;9,393942E-1;9,296622E-2;7,981972E-2;9,397395E-1;;
30/11/2021  10:22:50,964922;9,395104E-1;1,410718E-1;1,436380E-1;9,396606E-1;;
30/11/2021  10:22:50,965022;9,402704E-1;1,203641E-1;1,170997E-1;9,395803E-1;;
30/11/2021  10:22:50,965122;9,409529E-1;1,101695E-1;1,126766E-1;9,394994E-1;;
30/11/2021  10:22:50,965222;9,407264E-1;1,165411E-1;1,063580E-1;9,394189E-1;;
30/11/2021  10:22:50,965322;9,405207E-1;1,057094E-1;9,435259E-2;9,393395E-1;;
30/11/2021  10:22:50,965422;9,401661E-1;1,350188E-1;1,417424E-1;9,392620E-1;;
30/11/2021  10:22:50,965522;9,416056E-1;1,519035E-1;1,449017E-1;9,391871E-1;;
30/11/2021  10:22:50,965622;9,424222E-1;1,821686E-1;2,042969E-1;9,391154E-1;;
30/11/2021  10:22:50,965722;9,427619E-1;6,907272E-2;6,844617E-2;9,390477E-1;;
30/11/2021  10:22:50,965822;9,428275E-1;1,260985E-1;1,392149E-1;9,389848E-1;;
30/11/2021  10:22:50,965922;9,425950E-1;1,305587E-1;1,392149E-1;9,389276E-1;;
30/11/2021  10:22:50,966022;9,420854E-1;1,267357E-1;1,180475E-1;9,388765E-1;;
30/11/2021  10:22:50,966122;9,422374E-1;1,178155E-1;1,193112E-1;9,388322E-1;;
30/11/2021  10:22:50,966222;9,428841E-1;1,219570E-1;1,265777E-1;9,387949E-1;;
30/11/2021  10:22:50,966322;9,434146E-1;1,483991E-1;1,572231E-1;9,387649E-1;;
30/11/2021  10:22:50,966422;9,434355E-1;1,375674E-1;1,569071E-1;9,387426E-1;;
30/11/2021  10:22:50,966522;9,429854E-1;1,254614E-1;1,243661E-1;9,387284E-1;;
30/11/2021  10:22:50,966622;9,431583E-1;1,270543E-1;1,240502E-1;9,387224E-1;;
30/11/2021  10:22:50,966722;9,427470E-1;2,732825E-1;2,453681E-1;9,387247E-1;;
30/11/2021  10:22:50,966822;9,428335E-1;1,401161E-1;1,486929E-1;9,387353E-1;;
30/11/2021  10:22:50,966922;9,434742E-1;1,162226E-1;1,243661E-1;9,387541E-1;;
30/11/2021  10:22:50,967022;9,435636E-1;1,139925E-1;1,092014E-1;9,387811E-1;;
30/11/2021  10:22:50,967122;9,428066E-1;1,241871E-1;1,073058E-1;9,388161E-1;;
30/11/2021  10:22:50,967222;9,424639E-1;1,222756E-1;1,338441E-1;9,388590E-1;;
30/11/2021  10:22:50,967322;9,414774E-1;1,506292E-1;2,017695E-1;9,389093E-1;;
30/11/2021  10:22:50,967422;9,416324E-1;1,280100E-1;1,354238E-1;9,389666E-1;;
30/11/2021  10:22:50,967522;9,415698E-1;1,366117E-1;1,373193E-1;9,390302E-1;;
30/11/2021  10:22:50,967622;9,411466E-1;-4,848330E-2;5,802041E-2;9,390996E-1;;
30/11/2021  10:22:50,967722;9,410572E-1;8,786894E-2;1,095173E-1;9,391740E-1;;
30/11/2021  10:22:50,967822;9,399336E-1;1,382046E-1;1,739675E-1;9,392528E-1;;
30/11/2021  10:22:50,967922;9,394776E-1;1,305587E-1;1,287892E-1;9,393350E-1;;
30/11/2021  10:22:50,968022;9,388398E-1;1,318330E-1;1,310007E-1;9,394200E-1;;
30/11/2021  10:22:50,968122;9,386759E-1;1,353374E-1;1,328963E-1;9,395065E-1;;
30/11/2021  10:22:50,968222;9,385239E-1;1,280100E-1;1,253139E-1;9,395937E-1;;
30/11/2021  10:22:50,968322;9,383928E-1;1,120810E-1;1,136244E-1;9,396806E-1;;
30/11/2021  10:22:50,968422;9,377133E-1;1,181340E-1;1,186794E-1;9,397663E-1;;
30/11/2021  10:22:50,968522;9,372364E-1;1,203641E-1;1,265777E-1;9,398500E-1;;
30/11/2021  10:22:50,968622;9,367328E-1;1,872659E-1;1,929234E-1;9,399306E-1;;
30/11/2021  10:22:50,968722;9,358953E-1;1,404346E-1;1,439539E-1;9,400073E-1;;
30/11/2021  10:22:50,968822;9,366165E-1;1,289658E-1;1,344760E-1;9,400791E-1;;
30/11/2021  10:22:50,968922;9,373646E-1;1,267357E-1;1,275255E-1;9,401453E-1;;
30/11/2021  10:22:50,969022;9,365331E-1;1,359745E-1;1,306848E-1;9,402053E-1;;
30/11/2021  10:22:50,969122;9,361516E-1;1,248242E-1;1,199431E-1;9,402585E-1;;
30/11/2021  10:22:50,969222;9,357195E-1;1,327887E-1;1,442698E-1;9,403044E-1;;
30/11/2021  10:22:50,969322;9,351294E-1;1,331073E-1;1,325804E-1;9,403427E-1;;
30/11/2021  10:22:50,969422;9,347986E-1;1,318330E-1;1,392149E-1;9,403727E-1;;
30/11/2021  10:22:50,969522;9,345423E-1;1,190898E-1;1,284732E-1;9,403939E-1;;
30/11/2021  10:22:50,969622;9,350847E-1;1,251428E-1;1,303688E-1;9,404060E-1;;
30/11/2021  10:22:50,969722;9,347449E-1;1,369303E-1;1,411105E-1;9,404085E-1;;
30/11/2021  10:22:50,969822;9,337793E-1;1,452133E-1;1,300529E-1;9,404014E-1;;
30/11/2021  10:22:50,969922;9,330193E-1;1,229127E-1;1,411105E-1;9,403843E-1;;
30/11/2021  10:22:50,970022;9,327004E-1;-2,904992E-2;3,969635E-2;9,403570E-1;;
30/11/2021  10:22:50,970122;9,323488E-1;1,496735E-1;1,569071E-1;9,403190E-1;;
30/11/2021  10:22:50,970222;9,329478E-1;1,299215E-1;1,265777E-1;9,402702E-1;;
30/11/2021  10:22:50,970322;9,328554E-1;1,181340E-1;1,167838E-1;9,402104E-1;;
30/11/2021  10:22:50,970422;9,331207E-1;1,229127E-1;1,133085E-1;9,401397E-1;;
30/11/2021  10:22:50,970522;9,326885E-1;1,069837E-1;1,025668E-1;9,400581E-1;;
30/11/2021  10:22:50,970622;9,320269E-1;1,410718E-1;1,651214E-1;9,399659E-1;;
30/11/2021  10:22:50,970722;9,320716E-1;9,774492E-2;1,066739E-1;9,398632E-1;;
30/11/2021  10:22:50,970822;9,327094E-1;1,251428E-1;1,243661E-1;9,397502E-1;;
30/11/2021  10:22:50,970922;9,335409E-1;1,315144E-1;1,246821E-1;9,396273E-1;;
30/11/2021  10:22:50,971022;9,338389E-1;1,573194E-1;1,711241E-1;9,394950E-1;;
30/11/2021  10:22:50,971122;9,342114E-1;1,289658E-1;1,417424E-1;9,393541E-1;;
30/11/2021  10:22:50,971222;9,341906E-1;1,047537E-1;1,110970E-1;9,392052E-1;;
30/11/2021  10:22:50,971322;9,342591E-1;1,391603E-1;1,417424E-1;9,390494E-1;;
30/11/2021  10:22:50,971422;9,341638E-1;1,053908E-1;1,559593E-1;9,388873E-1;;
30/11/2021  10:22:50,971522;9,354036E-1;7,417000E-2;1,363715E-1;9,387199E-1;;
30/11/2021  10:22:50,971622;9,360741E-1;1,289658E-1;1,148882E-1;9,385481E-1;;
30/11/2021  10:22:50,971722;9,361814E-1;1,318330E-1;1,297370E-1;9,383730E-1;;
30/11/2021  10:22:50,971822;9,355138E-1;1,092138E-1;8,834988E-2;9,381958E-1;;
30/11/2021  10:22:50,971922;9,357642E-1;6,301970E-2;6,497092E-2;9,380173E-1;;
30/11/2021  10:22:50,972022;9,354662E-1;1,216384E-1;1,493248E-1;9,378386E-1;;
30/11/2021  10:22:50,972122;9,355973E-1;1,245056E-1;1,360556E-1;9,376605E-1;;
30/11/2021  10:22:50,972222;9,357046E-1;1,327887E-1;1,129926E-1;9,374836E-1;;
30/11/2021  10:22:50,972322;9,358894E-1;1,347002E-1;1,619620E-1;9,373087E-1;;
30/11/2021  10:22:50,972422;9,360324E-1;1,268406E-2;3,148212E-2;9,371365E-1;;
30/11/2021  10:22:50,972522;9,361218E-1;1,101695E-1;1,344760E-1;9,369677E-1;;
30/11/2021  10:22:50,972622;9,354483E-1;7,640006E-2;7,950379E-2;9,368028E-1;;
30/11/2021  10:22:50,972722;9,359847E-1;1,022050E-1;1,006712E-1;9,366424E-1;;
30/11/2021  10:22:50,972822;9,362529E-1;9,933782E-2;1,063580E-1;9,364869E-1;;
30/11/2021  10:22:50,972922;9,365569E-1;9,933782E-2;1,092014E-1;9,363368E-1;;
30/11/2021  10:22:50,973022;9,375971E-1;9,424054E-2;1,088855E-1;9,361926E-1;;
30/11/2021  10:22:50,973122;9,377997E-1;1,012493E-1;1,123607E-1;9,360549E-1;;
30/11/2021  10:22:50,973222;9,377133E-1;1,060280E-1;1,139404E-1;9,359241E-1;;
30/11/2021  10:22:50,973322;9,372663E-1;7,417000E-2;9,782784E-2;9,358010E-1;;
30/11/2021  10:22:50,973422;9,381186E-1;2,414245E-1;2,381017E-1;9,356859E-1;;
30/11/2021  10:22:50,973522;9,384465E-1;1,503106E-1;1,423743E-1;9,355791E-1;;
30/11/2021  10:22:50,973622;9,388697E-1;1,547707E-1;1,306848E-1;9,354811E-1;;
30/11/2021  10:22:50,973722;9,390276E-1;1,397975E-1;1,196272E-1;9,353924E-1;;
30/11/2021  10:22:50,973822;9,385150E-1;1,789828E-1;1,869207E-1;9,353132E-1;;
30/11/2021  10:22:50,973922;9,386730E-1;1,522221E-1;1,490088E-1;9,352438E-1;;
30/11/2021  10:22:50,974022;9,381812E-1;1,404346E-1;1,401627E-1;9,351844E-1;;
30/11/2021  10:22:50,974122;9,381723E-1;1,388417E-1;1,521681E-1;9,351350E-1;;
30/11/2021  10:22:50,974222;9,387504E-1;4,581638E-2;1,158360E-1;9,350954E-1;;
30/11/2021  10:22:50,974322;9,396386E-1;1,362931E-1;1,351078E-1;9,350657E-1;;
30/11/2021  10:22:50,974422;9,398710E-1;1,267357E-1;1,382671E-1;9,350458E-1;;
30/11/2021  10:22:50,974522;9,393495E-1;1,225942E-1;1,227865E-1;9,350357E-1;;
30/11/2021  10:22:50,974622;9,393972E-1;1,311958E-1;1,177316E-1;9,350355E-1;;
30/11/2021  10:22:50,974722;9,391111E-1;1,235499E-1;1,259458E-1;9,350450E-1;;
30/11/2021  10:22:50,974822;9,391140E-1;1,417090E-1;1,556434E-1;9,350640E-1;;
30/11/2021  10:22:50,974922;9,402972E-1;1,088952E-1;1,016190E-1;9,350921E-1;;
30/11/2021  10:22:50,975022;9,407115E-1;1,082581E-1;1,114129E-1;9,351292E-1;;
30/11/2021  10:22:50,975122;9,414715E-1;1,331073E-1;1,328963E-1;9,351753E-1;;
30/11/2021  10:22:50,975222;9,415251E-1;1,159040E-1;1,240502E-1;9,352302E-1;;
30/11/2021  10:22:50,975322;9,413344E-1;1,210013E-1;1,183634E-1;9,352940E-1;;
30/11/2021  10:22:50,975422;9,414685E-1;1,251428E-1;1,265777E-1;9,353665E-1;;
30/11/2021  10:22:50,975522;9,420109E-1;1,254614E-1;1,294210E-1;9,354477E-1;;
30/11/2021  10:22:50,975622;9,429467E-1;1,302401E-1;1,300529E-1;9,355375E-1;;
30/11/2021  10:22:50,975722;9,436411E-1;1,076209E-1;8,645429E-2;9,356357E-1;;
30/11/2021  10:22:50,975822;9,437693E-1;1,254614E-1;1,325804E-1;9,357424E-1;;
30/11/2021  10:22:50,975922;9,439689E-1;1,347002E-1;1,376353E-1;9,358577E-1;;
30/11/2021  10:22:50,976022;9,434355E-1;1,152668E-1;1,006712E-1;9,359816E-1;;
30/11/2021  10:22:50,976122;9,437216E-1;1,213198E-1;1,332122E-1;9,361140E-1;;
30/11/2021  10:22:50,976222;9,441269E-1;1,139925E-1;1,199431E-1;9,362546E-1;;
30/11/2021  10:22:50,976322;9,441925E-1;8,149734E-2;7,539667E-2;9,364032E-1;;
30/11/2021  10:22:50,976422;9,450687E-1;1,229127E-1;1,215227E-1;9,365597E-1;;
30/11/2021  10:22:50,976522;9,449435E-1;4,008194E-2;9,688005E-2;9,367238E-1;;
30/11/2021  10:22:50,976622;9,448779E-1;1,391603E-1;1,363715E-1;9,368954E-1;;
30/11/2021  10:22:50,976722;9,452564E-1;1,286472E-1;1,294210E-1;9,370742E-1;;
30/11/2021  10:22:50,976822;9,442074E-1;1,324701E-1;1,363715E-1;9,372598E-1;;
30/11/2021  10:22:50,976922;9,453935E-1;1,197269E-1;1,316326E-1;9,374519E-1;;
30/11/2021  10:22:50,977022;9,457989E-1;1,257800E-1;1,265777E-1;9,376500E-1;;
30/11/2021  10:22:50,977122;9,454829E-1;1,506292E-1;1,654373E-1;9,378539E-1;;
30/11/2021  10:22:50,977222;9,451462E-1;1,257800E-1;1,398468E-1;9,380631E-1;;
30/11/2021  10:22:50,977322;9,448034E-1;1,308772E-1;1,306848E-1;9,382772E-1;;
30/11/2021  10:22:50,977422;9,442908E-1;1,353374E-1;1,268936E-1;9,384955E-1;;
30/11/2021  10:22:50,977522;9,447349E-1;1,053908E-1;1,016190E-1;9,387175E-1;;
30/11/2021  10:22:50,977622;9,454293E-1;1,299215E-1;1,272095E-1;9,389424E-1;;
30/11/2021  10:22:50,977722;9,453667E-1;1,550893E-1;1,591187E-1;9,391698E-1;;
30/11/2021  10:22:50,977822;9,448869E-1;9,232906E-2;1,016190E-1;9,393989E-1;;
30/11/2021  10:22:50,977922;9,446961E-1;1,939561E-1;2,099837E-1;9,396294E-1;;
30/11/2021  10:22:50,978022;9,444547E-1;1,213198E-1;1,281573E-1;9,398605E-1;;
30/11/2021  10:22:50,978122;9,443266E-1;1,283286E-1;1,306848E-1;9,400917E-1;;
30/11/2021  10:22:50,978222;9,441209E-1;1,289658E-1;1,253139E-1;9,403222E-1;;
30/11/2021  10:22:50,978322;9,448332E-1;9,487770E-2;1,496407E-1;9,405513E-1;;
30/11/2021  10:22:50,978422;9,446395E-1;1,480806E-1;1,332122E-1;9,407785E-1;;
30/11/2021  10:22:50,978522;9,439272E-1;5,919674E-2;1,667010E-1;9,410032E-1;;
30/11/2021  10:22:50,978622;9,430003E-1;1,334259E-1;1,313166E-1;9,412247E-1;;
30/11/2021  10:22:50,978722;9,426904E-1;1,149482E-1;1,208909E-1;9,414425E-1;;
30/11/2021  10:22:50,978822;9,423447E-1;1,337445E-1;1,313166E-1;9,416557E-1;;
30/11/2021  10:22:50,978922;9,424728E-1;1,394789E-1;1,310007E-1;9,418634E-1;;
30/11/2021  10:22:50,979022;9,421212E-1;7,162136E-2;5,802041E-2;9,420650E-1;;
30/11/2021  10:22:50,979122;9,424639E-1;1,429833E-1;1,357397E-1;9,422598E-1;;
30/11/2021  10:22:50,979222;9,426993E-1;9,965640E-2;7,476481E-2;9,424471E-1;;
30/11/2021  10:22:50,979322;9,417218E-1;1,302401E-1;1,297370E-1;9,426264E-1;;
30/11/2021  10:22:50,979422;9,411496E-1;1,340630E-1;1,376353E-1;9,427974E-1;;
30/11/2021  10:22:50,979522;9,414983E-1;1,442576E-1;1,401627E-1;9,429594E-1;;
30/11/2021  10:22:50,979622;9,418321E-1;1,181340E-1;1,193112E-1;9,431119E-1;;
30/11/2021  10:22:50,979722;9,418529E-1;1,136739E-1;1,199431E-1;9,432547E-1;;
30/11/2021  10:22:50,979822;9,420765E-1;4,486064E-2;8,171531E-2;9,433875E-1;;
30/11/2021  10:22:50,979922;9,410721E-1;1,656025E-1;1,878685E-1;9,435101E-1;;
30/11/2021  10:22:50,980022;9,404790E-1;1,369303E-1;1,316326E-1;9,436224E-1;;
30/11/2021  10:22:50,980122;9,404969E-1;1,334259E-1;1,341600E-1;9,437241E-1;;
30/11/2021  10:22:50,980222;9,401363E-1;1,270543E-1;1,322644E-1;9,438151E-1;;
30/11/2021  10:22:50,980322;9,397935E-1;1,260985E-1;1,224705E-1;9,438950E-1;;
30/11/2021  10:22:50,980422;9,401571E-1;2,415294E-2;6,117973E-2;9,439637E-1;;
30/11/2021  10:22:50,980522;9,405952E-1;1,034794E-1;1,101492E-1;9,440211E-1;;
30/11/2021  10:22:50,980622;9,391558E-1;1,165411E-1;1,291051E-1;9,440673E-1;;
30/11/2021  10:22:50,980722;9,392929E-1;1,085766E-1;1,098333E-1;9,441022E-1;;
30/11/2021  10:22:50,980822;9,385150E-1;1,522221E-1;2,191457E-1;9,441258E-1;;
30/11/2021  10:22:50,980922;9,386372E-1;1,130368E-1;1,291051E-1;9,441380E-1;;
30/11/2021  10:22:50,981022;9,385120E-1;2,479010E-2;5,802041E-2;9,441389E-1;;
30/11/2021  10:22:50,981122;9,386521E-1;1,245056E-1;1,376353E-1;9,441284E-1;;
30/11/2021  10:22:50,981222;9,386044E-1;3,339176E-2;1,013031E-1;9,441066E-1;;
30/11/2021  10:22:50,981322;9,374630E-1;1,299215E-1;1,471132E-1;9,440739E-1;;
30/11/2021  10:22:50,981422;9,369623E-1;9,806350E-2;1,073058E-1;9,440302E-1;;
30/11/2021  10:22:50,981522;9,369980E-1;1,213198E-1;1,388990E-1;9,439756E-1;;
30/11/2021  10:22:50,981622;9,368550E-1;1,254614E-1;1,376353E-1;9,439102E-1;;
30/11/2021  10:22:50,981722;9,373139E-1;1,305587E-1;1,335282E-1;9,438342E-1;;
30/11/2021  10:22:50,981822;9,372513E-1;1,407532E-1;1,354238E-1;9,437477E-1;;
30/11/2021  10:22:50,981922;9,366076E-1;1,713369E-1;1,458495E-1;9,436511E-1;;
30/11/2021  10:22:50,982022;9,364556E-1;1,687883E-1;1,588027E-1;9,435447E-1;;
30/11/2021  10:22:50,982122;9,361576E-1;1,971419E-1;1,821817E-1;9,434289E-1;;
30/11/2021  10:22:50,982222;9,361427E-1;1,382046E-1;1,155200E-1;9,433039E-1;;
30/11/2021  10:22:50,982322;9,365122E-1;1,394789E-1;1,357397E-1;9,431701E-1;;
30/11/2021  10:22:50,982422;9,360533E-1;1,417090E-1;1,641736E-1;9,430279E-1;;
30/11/2021  10:22:50,982522;9,359996E-1;1,675139E-1;1,442698E-1;9,428777E-1;;
30/11/2021  10:22:50,982622;9,351413E-1;7,608148E-2;8,487463E-2;9,427200E-1;;
30/11/2021  10:22:50,982722;9,342412E-1;1,468062E-1;1,562753E-1;9,425551E-1;;
30/11/2021  10:22:50,982822;9,340833E-1;1,022050E-1;1,202590E-1;9,423833E-1;;
30/11/2021  10:22:50,982922;9,339581E-1;1,359745E-1;1,354238E-1;9,422047E-1;;
30/11/2021  10:22:50,983022;9,337435E-1;1,334259E-1;1,351078E-1;9,420195E-1;;
30/11/2021  10:22:50,983122;9,339611E-1;1,229127E-1;1,215227E-1;9,418280E-1;;
30/11/2021  10:22:50,983222;9,332220E-1;1,468062E-1;1,553275E-1;9,416305E-1;;
30/11/2021  10:22:50,983322;9,321878E-1;9,360338E-2;5,928414E-2;9,414271E-1;;
30/11/2021  10:22:50,983422;9,327779E-1;1,162226E-1;1,483770E-1;9,412181E-1;;
30/11/2021  10:22:50,983522;9,317408E-1;1,311958E-1;1,082536E-1;9,410036E-1;;
30/11/2021  10:22:50,983622;9,317080E-1;1,493549E-1;1,578549E-1;9,407838E-1;;
30/11/2021  10:22:50,983722;9,318540E-1;4,709070E-2;1,916077E-2;9,405588E-1;;
30/11/2021  10:22:50,983822;9,318600E-1;8,595746E-2;9,845971E-2;9,403288E-1;;
30/11/2021  10:22:50,983922;9,314964E-1;1,241871E-1;1,284732E-1;9,400942E-1;;
30/11/2021  10:22:50,984022;9,310613E-1;1,905566E-2;5,422923E-2;9,398551E-1;;
30/11/2021  10:22:50,984122;9,302476E-1;1,047537E-1;1,170997E-1;9,396119E-1;;
30/11/2021  10:22:50,984222;9,296963E-1;1,372488E-1;1,310007E-1;9,393648E-1;;
30/11/2021  10:22:50,984322;9,300211E-1;7,130278E-2;8,645429E-2;9,391138E-1;;
30/11/2021  10:22:50,984422;9,303996E-1;1,098510E-1;1,249980E-1;9,388591E-1;;
30/11/2021  10:22:50,984522;9,309033E-1;2,287862E-2;8,929768E-2;9,386010E-1;;
30/11/2021  10:22:50,984622;9,304771E-1;1,337445E-1;1,335282E-1;9,383399E-1;;
30/11/2021  10:22:50,984722;9,302298E-1;1,159040E-1;1,152041E-1;9,380762E-1;;
30/11/2021  10:22:50,984822;9,293089E-1;1,327887E-1;1,303688E-1;9,378104E-1;;
30/11/2021  10:22:50,984922;9,296486E-1;1,433019E-1;1,395309E-1;9,375428E-1;;
30/11/2021  10:22:50,985022;9,297470E-1;1,296029E-1;1,379512E-1;9,372738E-1;;
30/11/2021  10:22:50,985122;9,308586E-1;1,060280E-1;1,085695E-1;9,370036E-1;;
30/11/2021  10:22:50,985222;9,302566E-1;1,251428E-1;1,189953E-1;9,367329E-1;;
30/11/2021  10:22:50,985322;9,295920E-1;1,194084E-1;1,177316E-1;9,364622E-1;;
30/11/2021  10:22:50,985422;9,296903E-1;9,615202E-2;8,613836E-2;9,361919E-1;;
30/11/2021  10:22:50,985522;9,293506E-1;1,235499E-1;1,433221E-1;9,359225E-1;;
30/11/2021  10:22:50,985622;9,293953E-1;1,391603E-1;1,584868E-1;9,356543E-1;;
30/11/2021  10:22:50,985722;9,301135E-1;9,519628E-2;7,981972E-2;9,353877E-1;;
30/11/2021  10:22:50,985822;9,296724E-1;1,225942E-1;1,237343E-1;9,351232E-1;;
30/11/2021  10:22:50,985922;9,294430E-1;1,324701E-1;1,543797E-1;9,348611E-1;;
30/11/2021  10:22:50,986022;9,294102E-1;1,136739E-1;1,088855E-1;9,346020E-1;;
30/11/2021  10:22:50,986122;9,292999E-1;1,229127E-1;1,142563E-1;9,343460E-1;;
30/11/2021  10:22:50,986222;9,296188E-1;1,452133E-1;1,325804E-1;9,340937E-1;;
30/11/2021  10:22:50,986322;9,295830E-1;1,404346E-1;1,619620E-1;9,338452E-1;;
30/11/2021  10:22:50,986422;9,304890E-1;1,289658E-1;1,123607E-1;9,336010E-1;;
30/11/2021  10:22:50,986522;9,313802E-1;1,509478E-1;1,875525E-1;9,333616E-1;;
30/11/2021  10:22:50,986622;9,310941E-1;1,238685E-1;1,145722E-1;9,331275E-1;;
30/11/2021  10:22:50,986722;9,311179E-1;1,260985E-1;1,152041E-1;9,328994E-1;;
30/11/2021  10:22:50,986822;9,313951E-1;1,200455E-1;9,814378E-2;9,326778E-1;;
30/11/2021  10:22:50,986922;9,317855E-1;1,009307E-1;9,308886E-2;9,324633E-1;;
30/11/2021  10:22:50,987022;9,326051E-1;1,178155E-1;1,009872E-1;9,322563E-1;;
30/11/2021  10:22:50,987122;9,335409E-1;1,397975E-1;2,077722E-1;9,320576E-1;;
30/11/2021  10:22:50,987222;9,339969E-1;4,613496E-2;6,844617E-2;9,318678E-1;;
30/11/2021  10:22:50,987322;9,347926E-1;1,292843E-1;1,452176E-1;9,316876E-1;;
30/11/2021  10:22:50,987422;9,347062E-1;1,515849E-1;1,556434E-1;9,315180E-1;;
30/11/2021  10:22:50,987522;9,347688E-1;1,318330E-1;1,275255E-1;9,313595E-1;;
30/11/2021  10:22:50,987622;9,344201E-1;1,311958E-1;1,325804E-1;9,312129E-1;;
30/11/2021  10:22:50,987722;9,355377E-1;1,276914E-1;1,303688E-1;9,310786E-1;;
30/11/2021  10:22:50,987822;9,357582E-1;1,203641E-1;1,265777E-1;9,309570E-1;;
30/11/2021  10:22:50,987922;9,362172E-1;1,248242E-1;1,237343E-1;9,308487E-1;;
30/11/2021  10:22:50,988022;9,361039E-1;1,299215E-1;1,227865E-1;9,307540E-1;;
30/11/2021  10:22:50,988122;9,357970E-1;1,296029E-1;1,218387E-1;9,306733E-1;;
30/11/2021  10:22:50,988222;9,361635E-1;1,101695E-1;9,340479E-2;9,306067E-1;;
30/11/2021  10:22:50,988322;9,364079E-1;6,078964E-2;1,009872E-1;9,305544E-1;;
30/11/2021  10:22:50,988422;9,377967E-1;9,009900E-2;1,158360E-1;9,305163E-1;;
30/11/2021  10:22:50,988522;9,388249E-1;1,544522E-1;1,632258E-1;9,304927E-1;;
30/11/2021  10:22:50,988622;9,390544E-1;1,311958E-1;1,420583E-1;9,304838E-1;;
30/11/2021  10:22:50,988722;9,395849E-1;5,728526E-2;8,297904E-2;9,304899E-1;;
30/11/2021  10:22:50,988822;9,402048E-1;1,053908E-1;1,120448E-1;9,305112E-1;;
30/11/2021  10:22:50,988922;9,404939E-1;1,063466E-1;1,139404E-1;9,305480E-1;;
30/11/2021  10:22:50,989022;9,418678E-1;1,098510E-1;1,167838E-1;9,306005E-1;;
30/11/2021  10:22:50,989122;9,428305E-1;1,108067E-1;1,183634E-1;9,306689E-1;;
30/11/2021  10:22:50,989222;9,432328E-1;1,031608E-1;1,218387E-1;9,307536E-1;;
30/11/2021  10:22:50,989322;9,434593E-1;1,015679E-1;1,161519E-1;9,308548E-1;;
30/11/2021  10:22:50,989422;9,435368E-1;1,117624E-1;1,199431E-1;9,309727E-1;;
30/11/2021  10:22:50,989522;9,441507E-1;1,098510E-1;1,148882E-1;9,311075E-1;;
30/11/2021  10:22:50,989622;9,446187E-1;1,060280E-1;1,133085E-1;9,312592E-1;;
30/11/2021  10:22:50,989722;9,455098E-1;9,933782E-2;1,060421E-1;9,314277E-1;;
30/11/2021  10:22:50,989822;9,458495E-1;1,133553E-1;1,445858E-1;9,316130E-1;;
30/11/2021  10:22:50,989922;9,465618E-1;8,309024E-2;6,591871E-2;9,318150E-1;;
30/11/2021  10:22:50,990022;9,463025E-1;1,468062E-1;1,619620E-1;9,320336E-1;;
30/11/2021  10:22:50,990122;9,464277E-1;1,331073E-1;1,379512E-1;9,322686E-1;;
30/11/2021  10:22:50,990222;9,467287E-1;1,585937E-1;1,499566E-1;9,325196E-1;;
30/11/2021  10:22:50,990322;9,465916E-1;1,573194E-1;1,439539E-1;9,327863E-1;;
30/11/2021  10:22:50,990422;9,478791E-1;1,875845E-1;1,673329E-1;9,330680E-1;;
30/11/2021  10:22:50,990522;9,483738E-1;1,595494E-1;1,445858E-1;9,333642E-1;;
30/11/2021  10:22:50,990622;9,474768E-1;1,732484E-1;1,866047E-1;9,336745E-1;;
30/11/2021  10:22:50,990722;9,476049E-1;1,413904E-1;1,442698E-1;9,339982E-1;;
30/11/2021  10:22:50,990822;9,477509E-1;1,391603E-1;1,376353E-1;9,343346E-1;;
30/11/2021  10:22:50,990922;9,474768E-1;1,315144E-1;1,300529E-1;9,346828E-1;;
30/11/2021  10:22:50,991022;9,478404E-1;1,382046E-1;1,531159E-1;9,350419E-1;;
30/11/2021  10:22:50,991122;9,476705E-1;3,594040E-2;5,486109E-2;9,354110E-1;;
30/11/2021  10:22:50,991222;9,477033E-1;1,423461E-1;1,572231E-1;9,357889E-1;;
30/11/2021  10:22:50,991322;9,478404E-1;5,760384E-2;-1,085277E-2;9,361748E-1;;
30/11/2021  10:22:50,991422;9,470983E-1;1,184526E-1;1,174156E-1;9,365675E-1;;
30/11/2021  10:22:50,991522;9,468837E-1;1,254614E-1;1,341600E-1;9,369659E-1;;
30/11/2021  10:22:50,991622;9,466244E-1;1,394789E-1;1,603824E-1;9,373688E-1;;
30/11/2021  10:22:50,991722;9,469284E-1;1,359745E-1;1,366875E-1;9,377748E-1;;
30/11/2021  10:22:50,991822;9,472681E-1;1,334259E-1;1,316326E-1;9,381828E-1;;
30/11/2021  10:22:50,991922;9,470804E-1;1,136739E-1;1,385831E-1;9,385917E-1;;
30/11/2021  10:22:50,992022;9,460879E-1;1,611423E-1;2,008217E-1;9,390002E-1;;
30/11/2021  10:22:50,992122;9,457184E-1;1,283286E-1;1,351078E-1;9,394073E-1;;
30/11/2021  10:22:50,992222;9,448273E-1;1,143111E-1;1,088855E-1;9,398116E-1;;
30/11/2021  10:22:50,992322;9,441299E-1;1,216384E-1;1,243661E-1;9,402117E-1;;
30/11/2021  10:22:50,992422;9,445382E-1;1,248242E-1;1,268936E-1;9,406063E-1;;
30/11/2021  10:22:50,992522;9,440941E-1;1,273729E-1;1,259458E-1;9,409941E-1;;
30/11/2021  10:22:50,992622;9,434414E-1;1,232313E-1;1,126766E-1;9,413737E-1;;
30/11/2021  10:22:50,992722;9,430600E-1;1,200455E-1;1,272095E-1;9,417439E-1;;
30/11/2021  10:22:50,992822;9,419155E-1;1,178155E-1;1,152041E-1;9,421034E-1;;
30/11/2021  10:22:50,992922;9,418231E-1;1,251428E-1;1,806020E-1;9,424510E-1;;
30/11/2021  10:22:50,993022;9,418231E-1;1,187712E-1;1,215227E-1;9,427854E-1;;
30/11/2021  10:22:50,993122;9,419662E-1;1,203641E-1;1,395309E-1;9,431056E-1;;
30/11/2021  10:22:50,993222;9,419364E-1;1,385232E-1;1,452176E-1;9,434106E-1;;
30/11/2021  10:22:50,993322;9,414208E-1;1,254614E-1;1,291051E-1;9,436995E-1;;
30/11/2021  10:22:50,993422;9,412420E-1;1,397975E-1;1,395309E-1;9,439718E-1;;
30/11/2021  10:22:50,993522;9,403360E-1;1,235499E-1;1,338441E-1;9,442267E-1;;
30/11/2021  10:22:50,993622;9,406280E-1;1,308772E-1;1,445858E-1;9,444638E-1;;
30/11/2021  10:22:50,993722;9,406042E-1;1,257800E-1;1,360556E-1;9,446823E-1;;
30/11/2021  10:22:50,993822;9,401810E-1;1,213198E-1;1,202590E-1;9,448820E-1;;
30/11/2021  10:22:50,993922;9,403211E-1;1,264171E-1;1,297370E-1;9,450626E-1;;
30/11/2021  10:22:50,994022;9,399426E-1;1,331073E-1;1,139404E-1;9,452239E-1;;
30/11/2021  10:22:50,994122;9,393614E-1;1,216384E-1;1,256299E-1;9,453658E-1;;
30/11/2021  10:22:50,994222;9,387504E-1;8,181592E-2;6,970989E-2;9,454882E-1;;
30/11/2021  10:22:50,994322;9,381395E-1;1,245056E-1;1,205749E-1;9,455911E-1;;
30/11/2021  10:22:50,994422;9,386372E-1;1,251428E-1;1,234183E-1;9,456742E-1;;
30/11/2021  10:22:50,994522;9,389293E-1;1,483991E-1;1,960827E-1;9,457378E-1;;
30/11/2021  10:22:50,994622;9,391826E-1;1,015679E-1;1,107811E-1;9,457820E-1;;
30/11/2021  10:22:50,994722;9,381156E-1;1,254614E-1;1,392149E-1;9,458071E-1;;
30/11/2021  10:22:50,994822;9,376120E-1;1,382046E-1;1,445858E-1;9,458136E-1;;
30/11/2021  10:22:50,994922;9,377312E-1;1,585937E-1;1,411105E-1;9,458018E-1;;
30/11/2021  10:22:50,995022;9,376477E-1;1,248242E-1;1,287892E-1;9,457720E-1;;
30/11/2021  10:22:50,995122;9,380292E-1;1,264171E-1;1,253139E-1;9,457248E-1;;
30/11/2021  10:22:50,995222;9,390604E-1;1,267357E-1;1,224705E-1;9,456606E-1;;
30/11/2021  10:22:50,995322;9,392273E-1;1,490363E-1;1,426902E-1;9,455804E-1;;
30/11/2021  10:22:50,995422;9,387951E-1;1,168597E-1;1,148882E-1;9,454850E-1;;
30/11/2021  10:22:50,995522;9,396117E-1;9,838208E-2;1,114129E-1;9,453754E-1;;
30/11/2021  10:22:50,995622;9,393256E-1;1,611423E-1;8,361090E-2;9,452528E-1;;
30/11/2021  10:22:50,995722;9,397906E-1;1,746276E-2;6,433905E-2;9,451181E-1;;
30/11/2021  10:22:50,995822;9,402704E-1;1,334259E-1;1,363715E-1;9,449725E-1;;
30/11/2021  10:22:50,995922;9,407025E-1;9,933782E-2;1,035146E-1;9,448172E-1;;
30/11/2021  10:22:50,996022;9,405744E-1;7,608148E-2;6,844617E-2;9,446535E-1;;
30/11/2021  10:22:50,996122;9,404641E-1;1,324701E-1;1,259458E-1;9,444825E-1;;
30/11/2021  10:22:50,996222;9,398681E-1;1,397975E-1;1,736515E-1;9,443055E-1;;
30/11/2021  10:22:50,996322;9,399187E-1;1,305587E-1;1,335282E-1;9,441235E-1;;
30/11/2021  10:22:50,996422;9,402346E-1;1,260985E-1;1,306848E-1;9,439375E-1;;
30/11/2021  10:22:50,996522;9,406250E-1;1,327887E-1;1,297370E-1;9,437484E-1;;
30/11/2021  10:22:50,996622;9,405505E-1;1,362931E-1;1,313166E-1;9,435571E-1;;
30/11/2021  10:22:50,996722;9,401124E-1;1,391603E-1;1,294210E-1;9,433646E-1;;
30/11/2021  10:22:50,996822;9,395402E-1;1,264171E-1;1,063580E-1;9,431718E-1;;
30/11/2021  10:22:50,996922;9,395790E-1;1,203641E-1;1,174156E-1;9,429793E-1;;
30/11/2021  10:22:50,997022;9,396654E-1;1,222756E-1;1,208909E-1;9,427877E-1;;
30/11/2021  10:22:50,997122;9,398710E-1;1,264171E-1;1,284732E-1;9,425975E-1;;
30/11/2021  10:22:50,997222;9,398979E-1;8,946184E-2;1,044624E-1;9,424094E-1;;
30/11/2021  10:22:50,997322;9,393048E-1;3,211744E-2;7,097362E-2;9,422238E-1;;
30/11/2021  10:22:50,997422;9,398621E-1;1,028422E-1;1,069899E-1;9,420411E-1;;
30/11/2021  10:22:50,997522;9,384852E-1;-3,510294E-2;-9,904969E-3;9,418619E-1;;
30/11/2021  10:22:50,997622;9,382915E-1;1,047537E-1;1,275255E-1;9,416864E-1;;
30/11/2021  10:22:50,997722;9,386431E-1;1,073023E-1;1,370034E-1;9,415146E-1;;
30/11/2021  10:22:50,997822;9,386342E-1;7,608148E-2;1,123607E-1;9,413466E-1;;
30/11/2021  10:22:50,997922;9,385835E-1;9,519628E-2;9,940750E-2;9,411827E-1;;
30/11/2021  10:22:50,998022;9,378951E-1;9,519628E-2;1,079377E-1;9,410229E-1;;
30/11/2021  10:22:50,998122;9,378891E-1;9,965640E-2;1,088855E-1;9,408673E-1;;
30/11/2021  10:22:50,998222;9,368520E-1;1,127182E-1;1,202590E-1;9,407157E-1;;
30/11/2021  10:22:50,998322;9,366046E-1;1,289658E-1;1,581709E-1;9,405680E-1;;
30/11/2021  10:22:50,998422;9,364169E-1;6,588692E-2;1,022509E-1;9,404241E-1;;
30/11/2021  10:22:50,998522;9,360115E-1;1,417090E-1;1,101492E-1;9,402834E-1;;
30/11/2021  10:22:50,998622;9,353916E-1;1,789828E-1;1,496407E-1;9,401459E-1;;
30/11/2021  10:22:50,998722;9,347330E-1;1,563636E-1;1,344760E-1;9,400109E-1;;
30/11/2021  10:22:50,998822;9,341220E-1;1,608238E-1;1,404787E-1;9,398782E-1;;
30/11/2021  10:22:50,998922;9,333919E-1;1,232313E-1;1,060421E-1;9,397470E-1;;
30/11/2021  10:22:50,999022;9,321431E-1;1,082581E-1;1,066739E-1;9,396168E-1;;
30/11/2021  10:22:50,999122;9,322921E-1;1,127182E-1;9,719598E-2;9,394868E-1;;
30/11/2021  10:22:50,999222;9,322057E-1;1,410718E-1;1,581709E-1;9,393562E-1;;
30/11/2021  10:22:50,999322;9,314159E-1;1,098510E-1;8,455870E-2;9,392245E-1;;
30/11/2021  10:22:50,999422;9,306589E-1;1,206827E-1;1,524841E-1;9,390910E-1;;
30/11/2021  10:22:50,999522;9,300688E-1;1,353374E-1;1,559593E-1;9,389550E-1;;
30/11/2021  10:22:50,999622;9,302238E-1;1,225942E-1;1,237343E-1;9,388157E-1;;
30/11/2021  10:22:50,999722;9,299258E-1;1,178155E-1;1,189953E-1;9,386727E-1;;
30/11/2021  10:22:50,999822;9,307513E-1;1,286472E-1;1,249980E-1;9,385253E-1;;
30/11/2021  10:22:50,999922;9,311090E-1;1,127182E-1;1,152041E-1;9,383733E-1;;
30/11/2021  10:22:51,000022;9,312878E-1;1,251428E-1;1,218387E-1;9,382166E-1;;
30/11/2021  10:22:51,000122;9,314100E-1;1,267357E-1;1,196272E-1;9,380553E-1;;
30/11/2021  10:22:51,000222;9,315977E-1;1,190898E-1;1,117289E-1;9,378894E-1;;
30/11/2021  10:22:51,000322;9,312341E-1;1,130368E-1;8,866581E-2;9,377193E-1;;
30/11/2021  10:22:51,000422;9,321461E-1;1,270543E-1;1,205749E-1;9,375453E-1;;
30/11/2021  10:22:51,000522;9,327749E-1;9,296622E-2;1,085695E-1;9,373677E-1;;
30/11/2021  10:22:51,000622;9,333859E-1;1,222756E-1;1,300529E-1;9,371871E-1;;
30/11/2021  10:22:51,000722;9,335528E-1;8,340882E-2;1,101492E-1;9,370042E-1;;
30/11/2021  10:22:51,000822;9,334336E-1;1,372488E-1;1,354238E-1;9,368198E-1;;
30/11/2021  10:22:51,000922;9,328852E-1;1,442576E-1;1,414265E-1;9,366346E-1;;
30/11/2021  10:22:51,001022;9,334544E-1;1,213198E-1;1,328963E-1;9,364492E-1;;
30/11/2021  10:22:51,001122;9,338627E-1;1,308772E-1;1,313166E-1;9,362644E-1;;
30/11/2021  10:22:51,001222;9,340893E-1;1,276914E-1;1,310007E-1;9,360807E-1;;
30/11/2021  10:22:51,001322;9,345899E-1;1,331073E-1;1,407946E-1;9,358989E-1;;
30/11/2021  10:22:51,001422;9,347419E-1;1,248242E-1;1,199431E-1;9,357197E-1;;
30/11/2021  10:22:51,001522;9,351860E-1;1,423461E-1;1,357397E-1;9,355439E-1;;
30/11/2021  10:22:51,001622;9,355585E-1;1,347002E-1;1,325804E-1;9,353722E-1;;
30/11/2021  10:22:51,001722;9,359102E-1;1,318330E-1;1,284732E-1;9,352054E-1;;
30/11/2021  10:22:51,001822;9,371977E-1;1,296029E-1;1,240502E-1;9,350443E-1;;
30/11/2021  10:22:51,001922;9,381395E-1;8,882468E-2;1,208909E-1;9,348898E-1;;
30/11/2021  10:22:51,002022;9,390485E-1;1,395838E-2;-2,538564E-2;9,347428E-1;;
30/11/2021  10:22:51,002122;9,398889E-1;1,216384E-1;1,521681E-1;9,346044E-1;;
30/11/2021  10:22:51,002222;9,397906E-1;1,171783E-1;1,152041E-1;9,344758E-1;;
30/11/2021  10:22:51,002322;9,407353E-1;1,286472E-1;1,281573E-1;9,343579E-1;;
30/11/2021  10:22:51,002422;9,420467E-1;1,311958E-1;1,249980E-1;9,342518E-1;;
30/11/2021  10:22:51,002522;9,425801E-1;1,299215E-1;1,366875E-1;9,341585E-1;;
30/11/2021  10:22:51,002622;9,437842E-1;1,251428E-1;1,126766E-1;9,340791E-1;;
30/11/2021  10:22:51,002722;9,445292E-1;1,308772E-1;1,275255E-1;9,340146E-1;;
30/11/2021  10:22:51,002822;9,444309E-1;1,114439E-1;1,101492E-1;9,339661E-1;;
30/11/2021  10:22:51,002922;9,448422E-1;1,225942E-1;1,249980E-1;9,339345E-1;;
30/11/2021  10:22:51,003022;9,448690E-1;1,340630E-1;1,335282E-1;9,339205E-1;;
30/11/2021  10:22:51,003122;9,457333E-1;1,318330E-1;1,588027E-1;9,339248E-1;;
30/11/2021  10:22:51,003222;9,463919E-1;1,012493E-1;1,013031E-1;9,339477E-1;;
30/11/2021  10:22:51,003322;9,466572E-1;1,356559E-1;1,205749E-1;9,339897E-1;;
30/11/2021  10:22:51,003422;9,470774E-1;5,696668E-2;8,455870E-2;9,340513E-1;;
30/11/2021  10:22:51,003522;9,468777E-1;1,331073E-1;1,278414E-1;9,341325E-1;;
30/11/2021  10:22:51,003622;9,466006E-1;1,347002E-1;1,445858E-1;9,342335E-1;;
30/11/2021  10:22:51,003722;9,463830E-1;1,155854E-1;1,483770E-1;9,343541E-1;;
30/11/2021  10:22:51,003822;9,465231E-1;1,206827E-1;1,202590E-1;9,344940E-1;;
30/11/2021  10:22:51,003922;9,469940E-1;1,362931E-1;1,287892E-1;9,346526E-1;;
30/11/2021  10:22:51,004022;9,466453E-1;1,585937E-1;1,562753E-1;9,348294E-1;;
30/11/2021  10:22:51,004122;9,465380E-1;1,073023E-1;1,629098E-1;9,350237E-1;;
30/11/2021  10:22:51,004222;9,457661E-1;1,334259E-1;1,287892E-1;9,352348E-1;;
30/11/2021  10:22:51,004322;9,455753E-1;1,280100E-1;1,268936E-1;9,354616E-1;;
30/11/2021  10:22:51,004422;9,456528E-1;1,280100E-1;1,291051E-1;9,357031E-1;;
30/11/2021  10:22:51,004522;9,459628E-1;1,257800E-1;1,316326E-1;9,359580E-1;;
30/11/2021  10:22:51,004622;9,456856E-1;1,369303E-1;1,259458E-1;9,362253E-1;;
30/11/2021  10:22:51,004722;9,462370E-1;1,331073E-1;1,259458E-1;9,365037E-1;;
30/11/2021  10:22:51,004822;9,462846E-1;1,286472E-1;1,528000E-1;9,367921E-1;;
30/11/2021  10:22:51,004922;9,453905E-1;1,391603E-1;1,253139E-1;9,370894E-1;;
30/11/2021  10:22:51,005022;9,461773E-1;1,334259E-1;1,452176E-1;9,373944E-1;;
30/11/2021  10:22:51,005122;9,465409E-1;1,063466E-1;1,117289E-1;9,377061E-1;;
30/11/2021  10:22:51,005222;9,471966E-1;1,022050E-1;1,291051E-1;9,380232E-1;;
30/11/2021  10:22:51,005322;9,471310E-1;1,378860E-1;1,553275E-1;9,383450E-1;;
30/11/2021  10:22:51,005422;9,471757E-1;8,086018E-2;9,719598E-2;9,386706E-1;;
30/11/2021  10:22:51,005522;9,465558E-1;1,085766E-1;1,186794E-1;9,389990E-1;;
30/11/2021  10:22:51,005622;9,459538E-1;1,085766E-1;1,139404E-1;9,393294E-1;;
30/11/2021  10:22:51,005722;9,464575E-1;1,152668E-1;1,341600E-1;9,396609E-1;;
30/11/2021  10:22:51,005822;9,463413E-1;9,870066E-2;1,161519E-1;9,399923E-1;;
30/11/2021  10:22:51,005922;9,466780E-1;1,002936E-1;1,044624E-1;9,403227E-1;;
30/11/2021  10:22:51,006022;9,464545E-1;9,901924E-2;1,088855E-1;9,406513E-1;;
30/11/2021  10:22:51,006122;9,460850E-1;9,678918E-2;8,013565E-2;9,409773E-1;;
30/11/2021  10:22:51,006222;9,455694E-1;1,257800E-1;1,398468E-1;9,412999E-1;;
30/11/2021  10:22:51,006322;9,456737E-1;1,085766E-1;1,234183E-1;9,416180E-1;;
30/11/2021  10:22:51,006422;9,459449E-1;8,850610E-2;1,057261E-1;9,419310E-1;;
30/11/2021  10:22:51,006522;9,457303E-1;1,085766E-1;1,139404E-1;9,422380E-1;;
30/11/2021  10:22:51,006622;9,460552E-1;1,356559E-1;1,581709E-1;9,425383E-1;;
30/11/2021  10:22:51,006722;9,470804E-1;9,583344E-2;9,245700E-2;9,428313E-1;;
30/11/2021  10:22:51,006822;9,462936E-1;1,509478E-1;1,543797E-1;9,431166E-1;;
30/11/2021  10:22:51,006922;9,463472E-1;1,624167E-1;1,603824E-1;9,433939E-1;;
30/11/2021  10:22:51,007022;9,464933E-1;1,901331E-1;1,900800E-1;9,436627E-1;;
30/11/2021  10:22:51,007122;9,455962E-1;1,700626E-1;1,578549E-1;9,439227E-1;;
30/11/2021  10:22:51,007222;9,467973E-1;1,550893E-1;1,493248E-1;9,441736E-1;;
30/11/2021  10:22:51,007322;9,464039E-1;1,394789E-1;1,306848E-1;9,444151E-1;;
30/11/2021  10:22:51,007422;9,465499E-1;1,448948E-1;1,439539E-1;9,446471E-1;;
30/11/2021  10:22:51,007522;9,462012E-1;1,286472E-1;1,025668E-1;9,448693E-1;;
30/11/2021  10:22:51,007622;9,458763E-1;7,894870E-2;6,307532E-2;9,450817E-1;;
30/11/2021  10:22:51,007722;9,451789E-1;1,037979E-1;8,645429E-2;9,452841E-1;;
30/11/2021  10:22:51,007822;9,451223E-1;1,353374E-1;1,357397E-1;9,454762E-1;;
30/11/2021  10:22:51,007922;9,457214E-1;1,219570E-1;1,205749E-1;9,456579E-1;;
30/11/2021  10:22:51,008022;9,455276E-1;4,422348E-2;8,771802E-2;9,458289E-1;;
30/11/2021  10:22:51,008122;9,450687E-1;9,742634E-2;1,158360E-1;9,459892E-1;;
30/11/2021  10:22:51,008222;9,448124E-1;1,257800E-1;1,237343E-1;9,461387E-1;;
30/11/2021  10:22:51,008322;9,439362E-1;1,624167E-1;1,907119E-1;9,462774E-1;;
30/11/2021  10:22:51,008422;9,433878E-1;1,359745E-1;1,366875E-1;9,464050E-1;;
30/11/2021  10:22:51,008522;9,434325E-1;1,286472E-1;1,268936E-1;9,465213E-1;;
30/11/2021  10:22:51,008622;9,435368E-1;1,200455E-1;1,253139E-1;9,466261E-1;;
30/11/2021  10:22:51,008722;9,429020E-1;1,315144E-1;1,325804E-1;9,467192E-1;;
30/11/2021  10:22:51,008822;9,426904E-1;1,296029E-1;1,300529E-1;9,468005E-1;;
30/11/2021  10:22:51,008922;9,410393E-1;1,012493E-1;1,142563E-1;9,468698E-1;;
30/11/2021  10:22:51,009022;9,404134E-1;1,139925E-1;1,155200E-1;9,469269E-1;;
30/11/2021  10:22:51,009122;9,389948E-1;1,347002E-1;1,341600E-1;9,469714E-1;;
30/11/2021  10:22:51,009222;9,396714E-1;1,347002E-1;1,322644E-1;9,470027E-1;;
30/11/2021  10:22:51,009322;9,387951E-1;2,489498E-3;7,792413E-2;9,470204E-1;;
30/11/2021  10:22:51,009422;9,380948E-1;1,114439E-1;1,085695E-1;9,470242E-1;;
30/11/2021  10:22:51,009522;9,374957E-1;1,225942E-1;1,180475E-1;9,470136E-1;;
30/11/2021  10:22:51,009622;9,359400E-1;4,719558E-3;4,190788E-2;9,469883E-1;;
30/11/2021  10:22:51,009722;9,347390E-1;1,362931E-1;1,524841E-1;9,469477E-1;;
30/11/2021  10:22:51,009822;9,343396E-1;1,493549E-1;1,651214E-1;9,468914E-1;;
30/11/2021  10:22:51,009922;9,341965E-1;4,900218E-2;1,196272E-1;9,468186E-1;;
30/11/2021  10:22:51,010022;9,337763E-1;1,426647E-1;1,385831E-1;9,467291E-1;;
30/11/2021  10:22:51,010122;9,329269E-1;1,292843E-1;1,629098E-1;9,466223E-1;;
30/11/2021  10:22:51,010222;9,321342E-1;1,264171E-1;1,180475E-1;9,464981E-1;;
30/11/2021  10:22:51,010322;9,319941E-1;1,216384E-1;9,845971E-2;9,463561E-1;;
30/11/2021  10:22:51,010422;9,311239E-1;2,299556E-1;1,610142E-1;9,461962E-1;;
30/11/2021  10:22:51,010522;9,321044E-1;1,273729E-1;1,303688E-1;9,460182E-1;;
30/11/2021  10:22:51,010622;9,319017E-1;1,200455E-1;9,909157E-2;9,458223E-1;;
30/11/2021  10:22:51,010722;9,317080E-1;1,324701E-1;1,316326E-1;9,456087E-1;;
30/11/2021  10:22:51,010822;9,318034E-1;1,235499E-1;1,054102E-1;9,453779E-1;;
30/11/2021  10:22:51,010922;9,315560E-1;1,257800E-1;1,142563E-1;9,451304E-1;;
30/11/2021  10:22:51,011022;9,310881E-1;9,360338E-2;6,844617E-2;9,448669E-1;;
30/11/2021  10:22:51,011122;9,311537E-1;1,229127E-1;1,430061E-1;9,445879E-1;;
30/11/2021  10:22:51,011222;9,319196E-1;6,333828E-2;7,824006E-2;9,442944E-1;;
30/11/2021  10:22:51,011322;9,327541E-1;1,668768E-1;1,644895E-1;9,439871E-1;;
30/11/2021  10:22:51,011422;9,325306E-1;1,337445E-1;1,420583E-1;9,436673E-1;;
30/11/2021  10:22:51,011522;9,331683E-1;1,487177E-1;1,689125E-1;9,433361E-1;;
30/11/2021  10:22:51,011622;9,327541E-1;1,210013E-1;1,221546E-1;9,429948E-1;;
30/11/2021  10:22:51,011722;9,327302E-1;1,413904E-1;1,370034E-1;9,426449E-1;;
30/11/2021  10:22:51,011822;9,329627E-1;1,286472E-1;1,284732E-1;9,422875E-1;;
30/11/2021  10:22:51,011922;9,338210E-1;1,219570E-1;1,227865E-1;9,419240E-1;;
30/11/2021  10:22:51,012022;9,340505E-1;1,206827E-1;1,240502E-1;9,415557E-1;;
30/11/2021  10:22:51,012122;9,339104E-1;1,229127E-1;1,278414E-1;9,411842E-1;;
30/11/2021  10:22:51,012222;9,340177E-1;1,327887E-1;1,224705E-1;9,408108E-1;;
30/11/2021  10:22:51,012322;9,335051E-1;1,382046E-1;1,253139E-1;9,404369E-1;;
30/11/2021  10:22:51,012422;9,332786E-1;9,774492E-2;7,981972E-2;9,400637E-1;;
30/11/2021  10:22:51,012522;9,333531E-1;1,251428E-1;1,183634E-1;9,396923E-1;;
30/11/2021  10:22:51,012622;9,344707E-1;1,238685E-1;1,398468E-1;9,393237E-1;;
30/11/2021  10:22:51,012722;9,339522E-1;1,359745E-1;1,505885E-1;9,389591E-1;;
30/11/2021  10:22:51,012822;9,342591E-1;1,187712E-1;1,376353E-1;9,385995E-1;;
30/11/2021  10:22:51,012922;9,350251E-1;1,219570E-1;1,224705E-1;9,382459E-1;;
30/11/2021  10:22:51,013022;9,342770E-1;1,429833E-1;1,376353E-1;9,378993E-1;;
30/11/2021  10:22:51,013122;9,350251E-1;1,257800E-1;1,338441E-1;9,375607E-1;;
30/11/2021  10:22:51,013222;9,356450E-1;1,340630E-1;1,341600E-1;9,372310E-1;;
30/11/2021  10:22:51,013322;9,368281E-1;1,375674E-1;1,275255E-1;9,369110E-1;;
30/11/2021  10:22:51,013422;9,371530E-1;1,324701E-1;1,401627E-1;9,366019E-1;;
30/11/2021  10:22:51,013522;9,376567E-1;1,347002E-1;1,316326E-1;9,363046E-1;;
30/11/2021  10:22:51,013622;9,385031E-1;1,340630E-1;1,297370E-1;9,360202E-1;;
30/11/2021  10:22:51,013722;9,380978E-1;1,283286E-1;1,256299E-1;9,357497E-1;;
30/11/2021  10:22:51,013822;9,386431E-1;1,117624E-1;1,088855E-1;9,354941E-1;;
30/11/2021  10:22:51,013922;9,395909E-1;9,870066E-2;1,025668E-1;9,352541E-1;;
30/11/2021  10:22:51,014022;9,397339E-1;7,417000E-2;8,582243E-2;9,350305E-1;;
30/11/2021  10:22:51,014122;9,406340E-1;1,248242E-1;1,480610E-1;9,348242E-1;;
30/11/2021  10:22:51,014222;9,408575E-1;9,838208E-2;1,139404E-1;9,346358E-1;;
30/11/2021  10:22:51,014322;9,404045E-1;1,018865E-1;1,183634E-1;9,344660E-1;;
30/11/2021  10:22:51,014422;9,397637E-1;1,069837E-1;1,177316E-1;9,343152E-1;;
30/11/2021  10:22:51,014522;9,402197E-1;9,965640E-2;1,136244E-1;9,341837E-1;;
30/11/2021  10:22:51,014622;9,401035E-1;8,627604E-2;1,000394E-1;9,340715E-1;;
30/11/2021  10:22:51,014722;9,401422E-1;9,296622E-2;9,340479E-2;9,339786E-1;;
30/11/2021  10:22:51,014822;9,404552E-1;1,044351E-1;1,170997E-1;9,339048E-1;;
30/11/2021  10:22:51,014922;9,396892E-1;1,127182E-1;1,212068E-1;9,338499E-1;;
30/11/2021  10:22:51,015022;9,388100E-1;1,276914E-1;1,376353E-1;9,338134E-1;;
30/11/2021  10:22:51,015122;9,391945E-1;1,321516E-1;1,265777E-1;9,337947E-1;;
30/11/2021  10:22:51,015222;9,392750E-1;-3,223572E-2;5,106991E-2;9,337932E-1;;
30/11/2021  10:22:51,015322;9,393852E-1;1,777085E-1;1,616461E-1;9,338080E-1;;
30/11/2021  10:22:51,015422;9,396445E-1;1,554079E-1;1,291051E-1;9,338384E-1;;
30/11/2021  10:22:51,015522;9,391677E-1;1,174969E-1;9,940750E-2;9,338837E-1;;
30/11/2021  10:22:51,015622;9,391319E-1;1,394789E-1;1,306848E-1;9,339430E-1;;
30/11/2021  10:22:51,015722;9,392631E-1;1,331073E-1;1,442698E-1;9,340156E-1;;
30/11/2021  10:22:51,015822;9,391230E-1;1,280100E-1;1,310007E-1;9,341004E-1;;
30/11/2021  10:22:51,015922;9,395432E-1;1,229127E-1;1,041465E-1;9,341967E-1;;
30/11/2021  10:22:51,016022;9,398442E-1;1,404346E-1;1,332122E-1;9,343035E-1;;
30/11/2021  10:22:51,016122;9,404224E-1;1,229127E-1;1,278414E-1;9,344202E-1;;
30/11/2021  10:22:51,016222;9,407562E-1;1,483991E-1;1,613302E-1;9,345460E-1;;
30/11/2021  10:22:51,016322;9,398323E-1;1,245056E-1;1,253139E-1;9,346803E-1;;
30/11/2021  10:22:51,016422;9,399247E-1;1,280100E-1;1,294210E-1;9,348224E-1;;
30/11/2021  10:22:51,016522;9,400975E-1;1,254614E-1;1,240502E-1;9,349716E-1;;
30/11/2021  10:22:51,016622;9,406996E-1;1,203641E-1;1,231024E-1;9,351272E-1;;
30/11/2021  10:22:51,016722;9,412509E-1;1,235499E-1;1,101492E-1;9,352884E-1;;
30/11/2021  10:22:51,016822;9,411436E-1;1,372488E-1;1,265777E-1;9,354548E-1;;
30/11/2021  10:22:51,016922;9,418410E-1;1,216384E-1;1,433221E-1;9,356258E-1;;
30/11/2021  10:22:51,017022;9,411973E-1;1,139925E-1;1,123607E-1;9,358011E-1;;
30/11/2021  10:22:51,017122;9,413820E-1;1,127182E-1;1,385831E-1;9,359801E-1;;
30/11/2021  10:22:51,017222;9,413195E-1;1,436204E-1;1,550115E-1;9,361624E-1;;
30/11/2021  10:22:51,017322;9,419960E-1;1,098510E-1;1,136244E-1;9,363475E-1;;
30/11/2021  10:22:51,017422;9,427798E-1;1,267357E-1;1,294210E-1;9,365349E-1;;
30/11/2021  10:22:51,017522;9,422255E-1;1,088952E-1;1,224705E-1;9,367243E-1;;
30/11/2021  10:22:51,017622;9,428692E-1;1,305587E-1;1,227865E-1;9,369155E-1;;
30/11/2021  10:22:51,017722;9,425712E-1;1,149482E-1;1,167838E-1;9,371082E-1;;
30/11/2021  10:22:51,017822;9,423387E-1;1,519035E-1;1,651214E-1;9,373021E-1;;
30/11/2021  10:22:51,017922;9,426964E-1;-1,185709E-1;-2,638533E-3;9,374968E-1;;
30/11/2021  10:22:51,018022;9,432537E-1;1,206827E-1;1,110970E-1;9,376920E-1;;
30/11/2021  10:22:51,018122;9,439123E-1;1,210013E-1;1,275255E-1;9,378875E-1;;
30/11/2021  10:22:51,018222;9,438080E-1;1,241871E-1;9,466852E-2;9,380831E-1;;
30/11/2021  10:22:51,018322;9,441954E-1;1,455319E-1;1,736515E-1;9,382787E-1;;
30/11/2021  10:22:51,018422;9,441746E-1;1,232313E-1;1,584868E-1;9,384742E-1;;
30/11/2021  10:22:51,018522;9,450568E-1;1,232313E-1;1,297370E-1;9,386696E-1;;
30/11/2021  10:22:51,018622;9,453220E-1;1,206827E-1;1,133085E-1;9,388648E-1;;
30/11/2021  10:22:51,018722;9,461803E-1;1,359745E-1;1,486929E-1;9,390599E-1;;
30/11/2021  10:22:51,018822;9,461982E-1;9,328480E-2;8,645429E-2;9,392551E-1;;
30/11/2021  10:22:51,018922;9,468986E-1;1,213198E-1;1,423743E-1;9,394505E-1;;
30/11/2021  10:22:51,019022;9,474976E-1;1,299215E-1;1,467973E-1;9,396463E-1;;
30/11/2021  10:22:51,019122;9,471549E-1;1,292843E-1;1,243661E-1;9,398428E-1;;
30/11/2021  10:22:51,019222;9,481175E-1;1,267357E-1;1,231024E-1;9,400402E-1;;
30/11/2021  10:22:51,019322;9,486868E-1;1,238685E-1;1,246821E-1;9,402389E-1;;
30/11/2021  10:22:51,019422;9,491845E-1;1,120810E-1;1,031987E-1;9,404390E-1;;
30/11/2021  10:22:51,019522;9,502991E-1;1,235499E-1;1,205749E-1;9,406409E-1;;
30/11/2021  10:22:51,019622;9,501829E-1;1,187712E-1;1,259458E-1;9,408451E-1;;
30/11/2021  10:22:51,019722;9,502663E-1;1,560451E-1;1,553275E-1;9,410519E-1;;
30/11/2021  10:22:51,019822;9,509935E-1;9,870066E-2;5,454516E-2;9,412617E-1;;
30/11/2021  10:22:51,019922;9,510680E-1;1,436204E-1;1,155200E-1;9,414749E-1;;
30/11/2021  10:22:51,020022;9,517803E-1;1,286472E-1;1,275255E-1;9,416915E-1;;
30/11/2021  10:22:51,020122;9,519025E-1;1,238685E-1;1,363715E-1;9,419121E-1;;
30/11/2021  10:22:51,020222;9,519949E-1;1,324701E-1;1,259458E-1;9,421367E-1;;
30/11/2021  10:22:51,020322;9,520485E-1;1,296029E-1;1,183634E-1;9,423655E-1;;
30/11/2021  10:22:51,020422;9,518250E-1;1,378860E-1;1,521681E-1;9,425987E-1;;
30/11/2021  10:22:51,020522;9,516015E-1;1,359745E-1;1,357397E-1;9,428361E-1;;
30/11/2021  10:22:51,020622;9,514435E-1;1,382046E-1;1,363715E-1;9,430776E-1;;
30/11/2021  10:22:51,020722;9,518310E-1;1,203641E-1;1,231024E-1;9,433230E-1;;
30/11/2021  10:22:51,020822;9,512051E-1;1,369303E-1;1,278414E-1;9,435719E-1;;
30/11/2021  10:22:51,020922;9,511664E-1;1,362931E-1;1,297370E-1;9,438239E-1;;
30/11/2021  10:22:51,021022;9,504600E-1;1,178155E-1;9,877564E-2;9,440785E-1;;
30/11/2021  10:22:51,021122;9,497925E-1;1,267357E-1;1,205749E-1;9,443351E-1;;
30/11/2021  10:22:51,021222;9,498610E-1;1,251428E-1;1,249980E-1;9,445931E-1;;
30/11/2021  10:22:51,021322;9,496375E-1;1,366117E-1;1,347919E-1;9,448515E-1;;
30/11/2021  10:22:51,021422;9,498491E-1;1,127182E-1;1,338441E-1;9,451095E-1;;
30/11/2021  10:22:51,021522;9,489252E-1;1,401161E-1;1,189953E-1;9,453665E-1;;
30/11/2021  10:22:51,021622;9,491606E-1;1,382046E-1;1,395309E-1;9,456215E-1;;
30/11/2021  10:22:51,021722;9,483887E-1;1,477620E-1;1,689125E-1;9,458738E-1;;
30/11/2021  10:22:51,021822;9,485020E-1;1,324701E-1;1,812339E-1;9,461225E-1;;
30/11/2021  10:22:51,021922;9,483410E-1;1,372488E-1;1,360556E-1;9,463668E-1;;
30/11/2021  10:22:51,022022;9,485228E-1;6,461260E-2;1,120448E-1;9,466058E-1;;
30/11/2021  10:22:51,022122;9,488000E-1;1,101695E-1;1,104651E-1;9,468390E-1;;
30/11/2021  10:22:51,022222;9,485705E-1;1,206827E-1;1,480610E-1;9,470656E-1;;
30/11/2021  10:22:51,022322;9,481831E-1;1,063466E-1;1,047783E-1;9,472853E-1;;
30/11/2021  10:22:51,022422;9,478880E-1;1,076209E-1;1,114129E-1;9,474974E-1;;
30/11/2021  10:22:51,022522;9,476496E-1;1,178155E-1;1,543797E-1;9,477014E-1;;
30/11/2021  10:22:51,022622;9,472622E-1;1,114439E-1;1,281573E-1;9,478968E-1;;
30/11/2021  10:22:51,022722;9,472085E-1;6,174538E-2;6,528685E-2;9,480831E-1;;
30/11/2021  10:22:51,022822;9,468867E-1;1,117624E-1;1,117289E-1;9,482599E-1;;
30/11/2021  10:22:51,022922;9,462340E-1;9,073616E-2;7,255328E-2;9,484265E-1;;
30/11/2021  10:22:51,023022;9,456737E-1;-9,499598E-2;1,726518E-2;9,485827E-1;;
30/11/2021  10:22:51,023122;9,450657E-1;8,723178E-2;1,155200E-1;9,487278E-1;;
30/11/2021  10:22:51,023222;9,441269E-1;1,308772E-1;1,572231E-1;9,488614E-1;;
30/11/2021  10:22:51,023322;9,436381E-1;9,105474E-2;9,940750E-2;9,489828E-1;;
30/11/2021  10:22:51,023422;9,434861E-1;1,426647E-1;1,379512E-1;9,490914E-1;;
30/11/2021  10:22:51,023522;9,431613E-1;1,770713E-1;1,774427E-1;9,491866E-1;;
30/11/2021  10:22:51,023622;9,425712E-1;2,003277E-1;2,175661E-1;9,492680E-1;;
30/11/2021  10:22:51,023722;9,421212E-1;1,614609E-1;1,436380E-1;9,493350E-1;;
30/11/2021  10:22:51,023822;9,411138E-1;1,554079E-1;1,518522E-1;9,493873E-1;;
30/11/2021  10:22:51,023922;9,408843E-1;1,413904E-1;1,370034E-1;9,494244E-1;;
30/11/2021  10:22:51,024022;9,412151E-1;1,372488E-1;1,395309E-1;9,494460E-1;;
30/11/2021  10:22:51,024122;9,415638E-1;1,254614E-1;1,180475E-1;9,494516E-1;;
30/11/2021  10:22:51,024222;9,415787E-1;1,324701E-1;1,303688E-1;9,494414E-1;;
30/11/2021  10:22:51,024322;9,411734E-1;1,334259E-1;1,256299E-1;9,494153E-1;;
30/11/2021  10:22:51,024422;9,408337E-1;1,241871E-1;1,123607E-1;9,493736E-1;;
30/11/2021  10:22:51,024522;9,413463E-1;9,647060E-2;8,613836E-2;9,493165E-1;;
30/11/2021  10:22:51,024622;9,415340E-1;1,130368E-1;1,063580E-1;9,492442E-1;;
30/11/2021  10:22:51,024722;9,422344E-1;2,670158E-2;8,108345E-2;9,491575E-1;;
30/11/2021  10:22:51,024822;9,421808E-1;1,292843E-1;1,474292E-1;9,490567E-1;;
30/11/2021  10:22:51,024922;9,434146E-1;1,296029E-1;1,395309E-1;9,489429E-1;;
30/11/2021  10:22:51,025022;9,427560E-1;1,334259E-1;1,351078E-1;9,488168E-1;;
30/11/2021  10:22:51,025122;9,424579E-1;1,353374E-1;1,300529E-1;9,486795E-1;;
30/11/2021  10:22:51,025222;9,421808E-1;1,257800E-1;1,351078E-1;9,485320E-1;;
30/11/2021  10:22:51,025322;9,430242E-1;1,280100E-1;1,322644E-1;9,483750E-1;;
30/11/2021  10:22:51,025422;9,427291E-1;1,181340E-1;1,208909E-1;9,482095E-1;;
30/11/2021  10:22:51,025522;9,430629E-1;1,238685E-1;1,385831E-1;9,480364E-1;;
30/11/2021  10:22:51,025622;9,430033E-1;1,222756E-1;1,189953E-1;9,478568E-1;;
30/11/2021  10:22:51,025722;9,431345E-1;1,203641E-1;1,180475E-1;9,476715E-1;;
30/11/2021  10:22:51,025822;9,420228E-1;1,241871E-1;1,170997E-1;9,474815E-1;;
30/11/2021  10:22:51,025922;9,416413E-1;1,369303E-1;1,275255E-1;9,472876E-1;;
30/11/2021  10:22:51,026022;9,414864E-1;1,114439E-1;1,088855E-1;9,470904E-1;;
30/11/2021  10:22:51,026122;9,417188E-1;1,219570E-1;1,499566E-1;9,468905E-1;;
30/11/2021  10:22:51,026222;9,424401E-1;8,595746E-2;2,263603E-2;9,466884E-1;;
30/11/2021  10:22:51,026322;9,420824E-1;2,054250E-1;2,482115E-1;9,464848E-1;;
30/11/2021  10:22:51,026422;9,416622E-1;1,238685E-1;1,366875E-1;9,462803E-1;;
30/11/2021  10:22:51,026522;9,414446E-1;1,324701E-1;1,300529E-1;9,460755E-1;;
30/11/2021  10:22:51,026622;9,415132E-1;1,369303E-1;1,328963E-1;9,458709E-1;;
30/11/2021  10:22:51,026722;9,420168E-1;1,235499E-1;1,208909E-1;9,456670E-1;;
30/11/2021  10:22:51,026822;9,422910E-1;1,206827E-1;1,025668E-1;9,454643E-1;;
30/11/2021  10:22:51,026922;9,419394E-1;1,241871E-1;1,310007E-1;9,452632E-1;;
30/11/2021  10:22:51,027022;9,425324E-1;1,219570E-1;1,215227E-1;9,450644E-1;;
30/11/2021  10:22:51,027122;9,419543E-1;1,229127E-1;1,205749E-1;9,448684E-1;;
30/11/2021  10:22:51,027222;9,418500E-1;1,248242E-1;1,136244E-1;9,446756E-1;;
30/11/2021  10:22:51,027322;9,423775E-1;1,292843E-1;2,014535E-1;9,444865E-1;;
30/11/2021  10:22:51,027422;9,427858E-1;8,223938E-3;5,738855E-2;9,443015E-1;;
30/11/2021  10:22:51,027522;9,429139E-1;7,894870E-2;8,677022E-2;9,441209E-1;;
30/11/2021  10:22:51,027622;9,431643E-1;7,321426E-2;4,538313E-2;9,439454E-1;;
30/11/2021  10:22:51,027722;9,431285E-1;1,273729E-1;1,237343E-1;9,437754E-1;;
30/11/2021  10:22:51,027822;9,423953E-1;1,493549E-1;1,619620E-1;9,436113E-1;;
30/11/2021  10:22:51,027922;9,426636E-1;1,308772E-1;1,344760E-1;9,434533E-1;;
30/11/2021  10:22:51,028022;9,427709E-1;1,248242E-1;1,243661E-1;9,433019E-1;;
30/11/2021  10:22:51,028122;9,429437E-1;1,420275E-1;1,379512E-1;9,431570E-1;;
30/11/2021  10:22:51,028222;9,428633E-1;1,308772E-1;1,303688E-1;9,430191E-1;;
30/11/2021  10:22:51,028322;9,429020E-1;1,289658E-1;1,291051E-1;9,428881E-1;;
30/11/2021  10:22:51,028422;9,427858E-1;1,347002E-1;1,243661E-1;9,427643E-1;;
30/11/2021  10:22:51,028522;9,423357E-1;1,225942E-1;1,240502E-1;9,426476E-1;;
30/11/2021  10:22:51,028622;9,419483E-1;1,203641E-1;1,265777E-1;9,425382E-1;;
30/11/2021  10:22:51,028722;9,422940E-1;1,248242E-1;1,278414E-1;9,424358E-1;;
30/11/2021  10:22:51,028822;9,427560E-1;1,248242E-1;1,145722E-1;9,423403E-1;;
30/11/2021  10:22:51,028922;9,428662E-1;1,117624E-1;1,224705E-1;9,422517E-1;;
30/11/2021  10:22:51,029022;9,427619E-1;1,254614E-1;1,313166E-1;9,421699E-1;;
30/11/2021  10:22:51,029122;9,427858E-1;1,362931E-1;1,806020E-1;9,420948E-1;;
30/11/2021  10:22:51,029222;9,426487E-1;1,888588E-1;1,745993E-1;9,420264E-1;;
30/11/2021  10:22:51,029322;9,429199E-1;1,417090E-1;1,423743E-1;9,419644E-1;;
30/11/2021  10:22:51,029422;9,432179E-1;7,098420E-2;9,498445E-2;9,419090E-1;;
30/11/2021  10:22:51,029522;9,434802E-1;1,222756E-1;1,205749E-1;9,418598E-1;;
30/11/2021  10:22:51,029622;9,437931E-1;1,477620E-1;1,708081E-1;9,418169E-1;;
30/11/2021  10:22:51,029722;9,440673E-1;1,420275E-1;1,392149E-1;9,417803E-1;;
30/11/2021  10:22:51,029822;9,433580E-1;1,350188E-1;1,319485E-1;9,417500E-1;;
30/11/2021  10:22:51,029922;9,434563E-1;1,757970E-1;1,739675E-1;9,417259E-1;;
30/11/2021  10:22:51,030022;9,433759E-1;1,512664E-1;1,689125E-1;9,417079E-1;;
30/11/2021  10:22:51,030122;9,433610E-1;1,315144E-1;1,148882E-1;9,416958E-1;;
30/11/2021  10:22:51,030222;9,435666E-1;1,210013E-1;1,351078E-1;9,416893E-1;;
30/11/2021  10:22:51,030322;9,436769E-1;1,066652E-1;8,708615E-2;9,416883E-1;;
30/11/2021  10:22:51,030422;9,440345E-1;1,573194E-1;1,483770E-1;9,416925E-1;;
30/11/2021  10:22:51,030522;9,429318E-1;-8,023642E-3;6,465498E-2;9,417019E-1;;
30/11/2021  10:22:51,030622;9,425920E-1;1,120810E-1;1,300529E-1;9,417161E-1;;
30/11/2021  10:22:51,030722;9,429169E-1;1,066652E-1;1,107811E-1;9,417347E-1;;
30/11/2021  10:22:51,030822;9,428573E-1;1,022050E-1;1,104651E-1;9,417573E-1;;
30/11/2021  10:22:51,030922;9,430242E-1;1,015679E-1;1,095173E-1;9,417836E-1;;
30/11/2021  10:22:51,031022;9,428484E-1;1,028422E-1;1,344760E-1;9,418132E-1;;
30/11/2021  10:22:51,031122;9,423417E-1;1,111253E-1;1,363715E-1;9,418457E-1;;
30/11/2021  10:22:51,031222;9,414625E-1;1,101695E-1;1,224705E-1;9,418806E-1;;
30/11/2021  10:22:51,031322;9,417546E-1;9,009900E-2;1,101492E-1;9,419176E-1;;
30/11/2021  10:22:51,031422;9,412867E-1;1,088952E-1;1,208909E-1;9,419559E-1;;
30/11/2021  10:22:51,031522;9,419692E-1;1,162226E-1;1,129926E-1;9,419952E-1;;
30/11/2021  10:22:51,031622;9,420377E-1;1,267357E-1;1,335282E-1;9,420348E-1;;
30/11/2021  10:22:51,031722;9,413403E-1;1,187712E-1;8,424277E-2;9,420745E-1;;
30/11/2021  10:22:51,031822;9,408247E-1;9,169190E-2;6,244346E-2;9,421138E-1;;
30/11/2021  10:22:51,031922;9,406608E-1;-1,598814E-2;4,348754E-2;9,421522E-1;;
30/11/2021  10:22:51,032022;9,402644E-1;7,130278E-2;9,688005E-2;9,421894E-1;;
30/11/2021  10:22:51,032122;9,403777E-1;1,251428E-1;1,505885E-1;9,422246E-1;;
30/11/2021  10:22:51,032222;9,406131E-1;1,022050E-1;9,688005E-2;9,422575E-1;;
30/11/2021  10:22:51,032322;9,408367E-1;1,267357E-1;1,265777E-1;9,422878E-1;;
30/11/2021  10:22:51,032422;9,398383E-1;1,413904E-1;1,278414E-1;9,423150E-1;;
30/11/2021  10:22:51,032522;9,393197E-1;1,063466E-1;1,998739E-1;9,423390E-1;;
30/11/2021  10:22:51,032622;9,390783E-1;1,289658E-1;1,328963E-1;9,423592E-1;;
30/11/2021  10:22:51,032722;9,387743E-1;1,404346E-1;1,398468E-1;9,423752E-1;;
30/11/2021  10:22:51,032822;9,390634E-1;1,235499E-1;1,294210E-1;9,423867E-1;;
30/11/2021  10:22:51,032922;9,395253E-1;1,219570E-1;1,259458E-1;9,423932E-1;;
30/11/2021  10:22:51,033022;9,394568E-1;1,216384E-1;1,202590E-1;9,423946E-1;;
30/11/2021  10:22:51,033122;9,388905E-1;1,318330E-1;1,442698E-1;9,423909E-1;;
30/11/2021  10:22:51,033222;9,386253E-1;1,139925E-1;1,164678E-1;9,423817E-1;;
30/11/2021  10:22:51,033322;9,380381E-1;1,222756E-1;1,208909E-1;9,423671E-1;;
30/11/2021  10:22:51,033422;9,379428E-1;1,318330E-1;1,300529E-1;9,423469E-1;;
30/11/2021  10:22:51,033522;9,380918E-1;9,774492E-2;1,351078E-1;9,423208E-1;;
30/11/2021  10:22:51,033622;9,383332E-1;7,767438E-2;9,403666E-2;9,422887E-1;;
30/11/2021  10:22:51,033722;9,380739E-1;6,779840E-2;8,803395E-2;9,422506E-1;;
30/11/2021  10:22:51,033822;9,373944E-1;1,557265E-1;1,698603E-1;9,422066E-1;;
30/11/2021  10:22:51,033922;9,363722E-1;2,054250E-1;2,087200E-1;9,421566E-1;;
30/11/2021  10:22:51,034022;9,362857E-1;1,232313E-1;1,325804E-1;9,421004E-1;;
30/11/2021  10:22:51,034122;9,361993E-1;1,324701E-1;1,606983E-1;9,420380E-1;;
30/11/2021  10:22:51,034222;9,366463E-1;1,362931E-1;1,275255E-1;9,419690E-1;;
30/11/2021  10:22:51,034322;9,360086E-1;1,382046E-1;1,464814E-1;9,418936E-1;;
30/11/2021  10:22:51,034422;9,354960E-1;1,251428E-1;1,196272E-1;9,418116E-1;;
30/11/2021  10:22:51,034522;9,342949E-1;1,260985E-1;1,212068E-1;9,417231E-1;;
30/11/2021  10:22:51,034622;9,342621E-1;1,155854E-1;1,006712E-1;9,416278E-1;;
30/11/2021  10:22:51,034722;9,338240E-1;1,353374E-1;1,335282E-1;9,415256E-1;;
30/11/2021  10:22:51,034822;9,340118E-1;1,063466E-1;9,814378E-2;9,414164E-1;;
30/11/2021  10:22:51,034922;9,340952E-1;1,286472E-1;1,218387E-1;9,412999E-1;;
30/11/2021  10:22:51,035022;9,344022E-1;1,012493E-1;7,729226E-2;9,411762E-1;;
30/11/2021  10:22:51,035122;9,336303E-1;1,037979E-1;1,066739E-1;9,410455E-1;;
30/11/2021  10:22:51,035222;9,330491E-1;9,201048E-2;1,082536E-1;9,409078E-1;;
30/11/2021  10:22:51,035322;9,326319E-1;1,388417E-1;1,651214E-1;9,407633E-1;;
30/11/2021  10:22:51,035422;9,323428E-1;1,260985E-1;1,436380E-1;9,406119E-1;;
30/11/2021  10:22:51,035522;9,328018E-1;1,286472E-1;1,313166E-1;9,404537E-1;;
30/11/2021  10:22:51,035622;9,329240E-1;1,439390E-1;1,417424E-1;9,402888E-1;;
30/11/2021  10:22:51,035722;9,326080E-1;2,006463E-1;1,976624E-1;9,401175E-1;;
30/11/2021  10:22:51,035822;9,323994E-1;1,280100E-1;1,218387E-1;9,399400E-1;;
30/11/2021  10:22:51,035922;9,317378E-1;1,245056E-1;1,275255E-1;9,397567E-1;;
30/11/2021  10:22:51,036022;9,316156E-1;1,229127E-1;1,202590E-1;9,395678E-1;;
30/11/2021  10:22:51,036122;9,314159E-1;1,232313E-1;1,287892E-1;9,393735E-1;;
30/11/2021  10:22:51,036222;9,315798E-1;1,216384E-1;1,199431E-1;9,391739E-1;;
30/11/2021  10:22:51,036322;9,318361E-1;1,324701E-1;1,287892E-1;9,389695E-1;;
30/11/2021  10:22:51,036422;9,318838E-1;1,206827E-1;1,256299E-1;9,387606E-1;;
30/11/2021  10:22:51,036522;9,306768E-1;1,302401E-1;1,133085E-1;9,385476E-1;;
30/11/2021  10:22:51,036622;9,297350E-1;2,224146E-2;5,991600E-2;9,383308E-1;;
30/11/2021  10:22:51,036722;9,287635E-1;9,360338E-2;1,044624E-1;9,381104E-1;;
30/11/2021  10:22:51,036822;9,294340E-1;1,257800E-1;1,553275E-1;9,378863E-1;;
30/11/2021  10:22:51,036922;9,293327E-1;1,483991E-1;1,783905E-1;9,376587E-1;;
30/11/2021  10:22:51,037022;9,288916E-1;7,289568E-2;1,082536E-1;9,374276E-1;;
30/11/2021  10:22:51,037122;9,284922E-1;1,254614E-1;1,243661E-1;9,371932E-1;;
30/11/2021  10:22:51,037222;9,278396E-1;1,372488E-1;1,313166E-1;9,369556E-1;;
30/11/2021  10:22:51,037322;9,271511E-1;1,391603E-1;1,370034E-1;9,367148E-1;;
30/11/2021  10:22:51,037422;9,281912E-1;1,340630E-1;1,341600E-1;9,364710E-1;;
30/11/2021  10:22:51,037522;9,279856E-1;1,270543E-1;1,189953E-1;9,362241E-1;;
30/11/2021  10:22:51,037622;9,287009E-1;1,382046E-1;1,515363E-1;9,359745E-1;;
30/11/2021  10:22:51,037722;9,284535E-1;1,194084E-1;1,167838E-1;9,357225E-1;;
30/11/2021  10:22:51,037822;9,285221E-1;1,241871E-1;1,253139E-1;9,354686E-1;;
30/11/2021  10:22:51,037922;9,277561E-1;1,327887E-1;1,126766E-1;9,352131E-1;;
30/11/2021  10:22:51,038022;9,274819E-1;1,273729E-1;1,136244E-1;9,349566E-1;;
30/11/2021  10:22:51,038122;9,283373E-1;1,174969E-1;1,117289E-1;9,346992E-1;;
30/11/2021  10:22:51,038222;9,284952E-1;1,407532E-1;1,581709E-1;9,344415E-1;;
30/11/2021  10:22:51,038322;9,288320E-1;3,339176E-2;8,455870E-2;9,341839E-1;;
30/11/2021  10:22:51,038422;9,283820E-1;1,187712E-1;1,212068E-1;9,339270E-1;;
30/11/2021  10:22:51,038522;9,283999E-1;1,248242E-1;1,322644E-1;9,336714E-1;;
30/11/2021  10:22:51,038622;9,278902E-1;1,165411E-1;1,199431E-1;9,334174E-1;;
30/11/2021  10:22:51,038722;9,275684E-1;1,079395E-1;1,189953E-1;9,331656E-1;;
30/11/2021  10:22:51,038822;9,279737E-1;1,044351E-1;1,123607E-1;9,329163E-1;;
30/11/2021  10:22:51,038922;9,288499E-1;9,710776E-2;8,708615E-2;9,326698E-1;;
30/11/2021  10:22:51,039022;9,286085E-1;1,022050E-1;1,098333E-1;9,324266E-1;;
30/11/2021  10:22:51,039122;9,284088E-1;9,678918E-2;1,069899E-1;9,321872E-1;;
30/11/2021  10:22:51,039222;9,280541E-1;1,002936E-1;1,095173E-1;9,319520E-1;;
30/11/2021  10:22:51,039322;9,278455E-1;1,050723E-1;1,098333E-1;9,317215E-1;;
30/11/2021  10:22:51,039422;9,275624E-1;9,179678E-3;3,306178E-2;9,314957E-1;;
30/11/2021  10:22:51,039522;9,279707E-1;9,519628E-2;9,498445E-2;9,312750E-1;;
30/11/2021  10:22:51,039622;9,283343E-1;5,632952E-2;7,792413E-2;9,310596E-1;;
30/11/2021  10:22:51,039722;9,282866E-1;9,933782E-2;1,044624E-1;9,308497E-1;;
30/11/2021  10:22:51,039822;9,283581E-1;1,149482E-1;1,161519E-1;9,306456E-1;;
30/11/2021  10:22:51,039922;9,280214E-1;1,477620E-1;1,505885E-1;9,304476E-1;;
30/11/2021  10:22:51,040022;9,281883E-1;1,461691E-1;1,347919E-1;9,302559E-1;;
30/11/2021  10:22:51,040122;9,292075E-1;1,684697E-1;1,467973E-1;9,300706E-1;;
30/11/2021  10:22:51,040222;9,298483E-1;1,828058E-1;1,657532E-1;9,298921E-1;;
30/11/2021  10:22:51,040322;9,301761E-1;1,640096E-1;1,509044E-1;9,297207E-1;;
30/11/2021  10:22:51,040422;9,305516E-1;2,178496E-1;2,084040E-1;9,295570E-1;;
30/11/2021  10:22:51,040522;9,306857E-1;1,420275E-1;1,407946E-1;9,294013E-1;;
30/11/2021  10:22:51,040622;9,307394E-1;1,359745E-1;1,294210E-1;9,292542E-1;;
30/11/2021  10:22:51,040722;9,314219E-1;1,229127E-1;1,310007E-1;9,291161E-1;;
30/11/2021  10:22:51,040822;9,313235E-1;1,353374E-1;1,335282E-1;9,289873E-1;;
30/11/2021  10:22:51,040922;9,322713E-1;1,079395E-1;9,340479E-2;9,288683E-1;;
30/11/2021  10:22:51,041022;9,333650E-1;1,388417E-1;1,167838E-1;9,287595E-1;;
30/11/2021  10:22:51,041122;9,332130E-1;1,292843E-1;1,388990E-1;9,286615E-1;;
30/11/2021  10:22:51,041222;9,339402E-1;1,324701E-1;1,338441E-1;9,285746E-1;;
30/11/2021  10:22:51,041322;9,334395E-1;1,474434E-1;1,616461E-1;9,284995E-1;;
30/11/2021  10:22:51,041422;9,337465E-1;1,283286E-1;1,272095E-1;9,284364E-1;;
30/11/2021  10:22:51,041522;9,348820E-1;5,346230E-2;1,249980E-1;9,283856E-1;;
30/11/2021  10:22:51,041622;9,355436E-1;1,222756E-1;1,196272E-1;9,283475E-1;;
30/11/2021  10:22:51,041722;9,364884E-1;1,538150E-1;1,736515E-1;9,283225E-1;;
30/11/2021  10:22:51,041822;9,365867E-1;1,362931E-1;1,310007E-1;9,283109E-1;;
30/11/2021  10:22:51,041922;9,359996E-1;1,267357E-1;1,313166E-1;9,283131E-1;;
30/11/2021  10:22:51,042022;9,364795E-1;1,675139E-1;1,853410E-1;9,283293E-1;;
30/11/2021  10:22:51,042122;9,371441E-1;1,109116E-2;5,770448E-2;9,283597E-1;;
30/11/2021  10:22:51,042222;9,372573E-1;1,248242E-1;9,403666E-2;9,284043E-1;;
30/11/2021  10:22:51,042322;9,384584E-1;1,194084E-1;1,366875E-1;9,284632E-1;;
30/11/2021  10:22:51,042422;9,389561E-1;1,200455E-1;6,970989E-2;9,285365E-1;;
30/11/2021  10:22:51,042522;9,392243E-1;1,869473E-1;1,998739E-1;9,286242E-1;;
30/11/2021  10:22:51,042622;9,394121E-1;1,270543E-1;1,313166E-1;9,287265E-1;;
30/11/2021  10:22:51,042722;9,393167E-1;1,311958E-1;1,430061E-1;9,288433E-1;;
30/11/2021  10:22:51,042822;9,400648E-1;1,216384E-1;1,117289E-1;9,289746E-1;;
30/11/2021  10:22:51,042922;9,410214E-1;1,296029E-1;1,316326E-1;9,291202E-1;;
30/11/2021  10:22:51,043022;9,413671E-1;1,171783E-1;1,050943E-1;9,292800E-1;;
30/11/2021  10:22:51,043122;9,419066E-1;1,350188E-1;1,676488E-1;9,294539E-1;;
30/11/2021  10:22:51,043222;9,431017E-1;1,318330E-1;1,509044E-1;9,296419E-1;;
30/11/2021  10:22:51,043322;9,427977E-1;1,318330E-1;1,240502E-1;9,298439E-1;;
30/11/2021  10:22:51,043422;9,432477E-1;1,219570E-1;1,240502E-1;9,300598E-1;;
30/11/2021  10:22:51,043522;9,446485E-1;1,245056E-1;1,313166E-1;9,302894E-1;;
30/11/2021  10:22:51,043622;9,451134E-1;1,101695E-1;1,050943E-1;9,305327E-1;;
30/11/2021  10:22:51,043722;9,453846E-1;1,251428E-1;1,246821E-1;9,307896E-1;;
30/11/2021  10:22:51,043822;9,464992E-1;1,308772E-1;1,325804E-1;9,310599E-1;;
30/11/2021  10:22:51,043922;9,460432E-1;1,165411E-1;1,186794E-1;9,313436E-1;;
30/11/2021  10:22:51,044022;9,457780E-1;7,257710E-2;8,834988E-2;9,316405E-1;;
30/11/2021  10:22:51,044122;9,463234E-1;1,194084E-1;1,101492E-1;9,319501E-1;;
30/11/2021  10:22:51,044222;9,467525E-1;-3,860732E-2;7,508074E-2;9,322721E-1;;
30/11/2021  10:22:51,044322;9,476705E-1;1,356559E-1;1,461654E-1;9,326059E-1;;
30/11/2021  10:22:51,044422;9,480937E-1;1,292843E-1;1,306848E-1;9,329511E-1;;
30/11/2021  10:22:51,044522;9,484573E-1;8,691320E-2;1,022509E-1;9,333073E-1;;
30/11/2021  10:22:51,044622;9,481145E-1;1,793014E-1;1,670170E-1;9,336742E-1;;
30/11/2021  10:22:51,044722;9,480669E-1;1,331073E-1;1,392149E-1;9,340510E-1;;
30/11/2021  10:22:51,044822;9,488954E-1;1,458505E-1;1,442698E-1;9,344373E-1;;
30/11/2021  10:22:51,044922;9,491100E-1;1,331073E-1;1,294210E-1;9,348324E-1;;
30/11/2021  10:22:51,045022;9,495063E-1;1,267357E-1;1,363715E-1;9,352356E-1;;
30/11/2021  10:22:51,045122;9,498133E-1;1,296029E-1;1,170997E-1;9,356463E-1;;
30/11/2021  10:22:51,045222;9,493692E-1;1,286472E-1;1,502726E-1;9,360639E-1;;
30/11/2021  10:22:51,045322;9,492500E-1;9,678918E-2;8,866581E-2;9,364876E-1;;
30/11/2021  10:22:51,045422;9,494289E-1;1,168597E-1;1,101492E-1;9,369167E-1;;
30/11/2021  10:22:51,045522;9,498133E-1;1,283286E-1;1,272095E-1;9,373503E-1;;
30/11/2021  10:22:51,045622;9,501322E-1;1,687883E-1;2,169342E-1;9,377875E-1;;
30/11/2021  10:22:51,045722;9,505673E-1;-1,981110E-2;2,074043E-2;9,382276E-1;;
30/11/2021  10:22:51,045822;9,510054E-1;-4,083738E-2;4,190788E-2;9,386698E-1;;
30/11/2021  10:22:51,045922;9,510799E-1;1,506292E-1;1,679647E-1;9,391135E-1;;
30/11/2021  10:22:51,046022;9,507163E-1;1,350188E-1;1,186794E-1;9,395581E-1;;
30/11/2021  10:22:51,046122;9,510472E-1;1,235499E-1;1,240502E-1;9,400027E-1;;
30/11/2021  10:22:51,046222;9,511872E-1;1,372488E-1;1,344760E-1;9,404468E-1;;
30/11/2021  10:22:51,046322;9,518310E-1;1,350188E-1;1,284732E-1;9,408897E-1;;
30/11/2021  10:22:51,046422;9,529933E-1;1,382046E-1;1,423743E-1;9,413307E-1;;
30/11/2021  10:22:51,046522;9,529039E-1;1,184526E-1;1,041465E-1;9,417694E-1;;
30/11/2021  10:22:51,046622;9,527489E-1;8,563888E-2;9,909157E-2;9,422055E-1;;
30/11/2021  10:22:51,046722;9,520873E-1;8,372740E-2;1,009872E-1;9,426385E-1;;
30/11/2021  10:22:51,046822;9,524032E-1;9,647060E-2;1,189953E-1;9,430679E-1;;
30/11/2021  10:22:51,046922;9,530529E-1;9,392196E-2;8,677022E-2;9,434933E-1;;
30/11/2021  10:22:51,047022;9,532526E-1;1,050723E-1;1,016190E-1;9,439140E-1;;
30/11/2021  10:22:51,047122;9,531185E-1;2,638300E-2;3,306178E-2;9,443298E-1;;
30/11/2021  10:22:51,047222;9,529993E-1;-3,574010E-2;4,601499E-2;9,447403E-1;;
30/11/2021  10:22:51,047322;9,519412E-1;9,264764E-2;1,117289E-1;9,451449E-1;;
30/11/2021  10:22:51,047422;9,518012E-1;1,219570E-1;1,610142E-1;9,455431E-1;;
30/11/2021  10:22:51,047522;9,519144E-1;8,563888E-2;1,082536E-1;9,459343E-1;;
30/11/2021  10:22:51,047622;9,517624E-1;9,678918E-2;1,076217E-1;9,463179E-1;;
30/11/2021  10:22:51,047722;9,517684E-1;8,309024E-2;8,771802E-2;9,466931E-1;;
30/11/2021  10:22:51,047822;9,515359E-1;1,509478E-1;2,159864E-1;9,470595E-1;;
30/11/2021  10:22:51,047922;9,508624E-1;1,031608E-1;1,063580E-1;9,474165E-1;;
30/11/2021  10:22:51,048022;9,499146E-1;1,168597E-1;1,234183E-1;9,477634E-1;;
30/11/2021  10:22:51,048122;9,500547E-1;1,327887E-1;1,373193E-1;9,480995E-1;;
30/11/2021  10:22:51,048222;9,500786E-1;1,210013E-1;1,344760E-1;9,484241E-1;;
30/11/2021  10:22:51,048322;9,504004E-1;1,490363E-1;1,370034E-1;9,487365E-1;;
30/11/2021  10:22:51,048422;9,498759E-1;1,652839E-1;1,401627E-1;9,490364E-1;;
30/11/2021  10:22:51,048522;9,504153E-1;1,735670E-1;1,512204E-1;9,493232E-1;;
30/11/2021  10:22:51,048622;9,505942E-1;1,611423E-1;1,265777E-1;9,495966E-1;;
30/11/2021  10:22:51,048722;9,489609E-1;1,232313E-1;1,629098E-1;9,498563E-1;;
30/11/2021  10:22:51,048822;9,493156E-1;8,117876E-2;1,189953E-1;9,501020E-1;;
30/11/2021  10:22:51,048922;9,495630E-1;1,171783E-1;1,388990E-1;9,503334E-1;;
30/11/2021  10:22:51,049022;9,499623E-1;1,726112E-1;1,796542E-1;9,505504E-1;;
30/11/2021  10:22:51,049122;9,501113E-1;1,410718E-1;1,670170E-1;9,507528E-1;;
30/11/2021  10:22:51,049222;9,495540E-1;1,308772E-1;1,313166E-1;9,509407E-1;;
30/11/2021  10:22:51,049322;9,490980E-1;1,423461E-1;1,436380E-1;9,511142E-1;;
30/11/2021  10:22:51,049422;9,485974E-1;1,359745E-1;1,449017E-1;9,512732E-1;;
30/11/2021  10:22:51,049522;9,480251E-1;1,143111E-1;1,354238E-1;9,514178E-1;;
30/11/2021  10:22:51,049622;9,489073E-1;1,305587E-1;1,224705E-1;9,515479E-1;;
30/11/2021  10:22:51,049722;9,485139E-1;1,251428E-1;1,430061E-1;9,516636E-1;;
30/11/2021  10:22:51,049822;9,479059E-1;1,292843E-1;1,341600E-1;9,517650E-1;;
30/11/2021  10:22:51,049922;9,468479E-1;1,391603E-1;1,347919E-1;9,518522E-1;;
30/11/2021  10:22:51,050022;9,457929E-1;1,260985E-1;1,136244E-1;9,519251E-1;;
30/11/2021  10:22:51,050122;9,454472E-1;1,229127E-1;1,129926E-1;9,519837E-1;;
30/11/2021  10:22:51,050222;9,451700E-1;1,168597E-1;1,139404E-1;9,520278E-1;;
30/11/2021  10:22:51,050322;9,450657E-1;1,531778E-1;1,780746E-1;9,520571E-1;;
30/11/2021  10:22:51,050422;9,449256E-1;1,598680E-1;1,417424E-1;9,520716E-1;;
30/11/2021  10:22:51,050522;9,440852E-1;1,213198E-1;1,392149E-1;9,520713E-1;;
30/11/2021  10:22:51,050622;9,431553E-1;1,353374E-1;1,449017E-1;9,520561E-1;;
30/11/2021  10:22:51,050722;9,418857E-1;1,366117E-1;1,388990E-1;9,520260E-1;;
30/11/2021  10:22:51,050822;9,423447E-1;1,305587E-1;1,265777E-1;9,519806E-1;;
30/11/2021  10:22:51,050922;9,420675E-1;1,420275E-1;1,442698E-1;9,519200E-1;;
30/11/2021  10:22:51,051022;9,419692E-1;7,990444E-2;6,307532E-2;9,518440E-1;;
30/11/2021  10:22:51,051122;9,416056E-1;1,340630E-1;1,363715E-1;9,517528E-1;;
30/11/2021  10:22:51,051222;9,408575E-1;1,241871E-1;1,287892E-1;9,516464E-1;;
30/11/2021  10:22:51,051322;9,397399E-1;1,289658E-1;1,237343E-1;9,515249E-1;;
30/11/2021  10:22:51,051422;9,391349E-1;2,319720E-2;6,181159E-2;9,513885E-1;;
30/11/2021  10:22:51,051522;9,391200E-1;1,445762E-1;1,509044E-1;9,512371E-1;;
30/11/2021  10:22:51,051622;9,391349E-1;1,264171E-1;1,231024E-1;9,510709E-1;;
30/11/2021  10:22:51,051722;9,397190E-1;1,210013E-1;1,430061E-1;9,508899E-1;;
30/11/2021  10:22:51,051822;9,393405E-1;4,326774E-2;6,054787E-2;9,506946E-1;;
30/11/2021  10:22:51,051922;9,385776E-1;9,487770E-2;9,814378E-2;9,504855E-1;;
30/11/2021  10:22:51,052022;9,381156E-1;1,327887E-1;1,351078E-1;9,502629E-1;;
30/11/2021  10:22:51,052122;9,372066E-1;1,213198E-1;1,310007E-1;9,500275E-1;;
30/11/2021  10:22:51,052222;9,369682E-1;1,181340E-1;1,180475E-1;9,497794E-1;;
30/11/2021  10:22:51,052322;9,372513E-1;1,299215E-1;1,265777E-1;9,495192E-1;;
30/11/2021  10:22:51,052422;9,369682E-1;1,404346E-1;1,407946E-1;9,492472E-1;;
30/11/2021  10:22:51,052522;9,363573E-1;1,114439E-1;1,246821E-1;9,489639E-1;;
30/11/2021  10:22:51,052622;9,356450E-1;1,146297E-1;1,205749E-1;9,486699E-1;;
30/11/2021  10:22:51,052722;9,345572E-1;1,241871E-1;1,287892E-1;9,483657E-1;;
30/11/2021  10:22:51,052822;9,344618E-1;1,216384E-1;1,237343E-1;9,480515E-1;;
30/11/2021  10:22:51,052922;9,340177E-1;1,362931E-1;1,313166E-1;9,477277E-1;;
30/11/2021  10:22:51,053022;9,339641E-1;9,870066E-2;1,073058E-1;9,473947E-1;;
30/11/2021  10:22:51,053122;9,338955E-1;1,350188E-1;1,433221E-1;9,470529E-1;;
30/11/2021  10:22:51,053222;9,335737E-1;1,334259E-1;1,569071E-1;9,467027E-1;;
30/11/2021  10:22:51,053322;9,328852E-1;1,337445E-1;1,338441E-1;9,463446E-1;;
30/11/2021  10:22:51,053422;9,320090E-1;1,289658E-1;1,310007E-1;9,459792E-1;;
30/11/2021  10:22:51,053522;9,329538E-1;1,273729E-1;1,310007E-1;9,456068E-1;;
30/11/2021  10:22:51,053622;9,331385E-1;1,085766E-1;1,467973E-1;9,452280E-1;;
30/11/2021  10:22:51,053722;9,338270E-1;1,267357E-1;1,212068E-1;9,448434E-1;;
30/11/2021  10:22:51,053822;9,337346E-1;1,691068E-1;1,910278E-1;9,444539E-1;;
30/11/2021  10:22:51,053922;9,333442E-1;1,327887E-1;1,234183E-1;9,440603E-1;;
30/11/2021  10:22:51,054022;9,327720E-1;1,229127E-1;1,246821E-1;9,436637E-1;;
30/11/2021  10:22:51,054122;9,330372E-1;1,977790E-1;1,932393E-1;9,432646E-1;;
30/11/2021  10:22:51,054222;9,334843E-1;1,238685E-1;1,297370E-1;9,428641E-1;;
30/11/2021  10:22:51,054322;9,345810E-1;9,933782E-2;8,234717E-2;9,424629E-1;;
30/11/2021  10:22:51,054422;9,346674E-1;1,299215E-1;1,310007E-1;9,420622E-1;;
30/11/2021  10:22:51,054522;9,347002E-1;1,280100E-1;1,069899E-1;9,416629E-1;;
30/11/2021  10:22:51,054622;9,343515E-1;1,464877E-1;1,430061E-1;9,412662E-1;;
30/11/2021  10:22:51,054722;9,338955E-1;1,022050E-1;1,215227E-1;9,408732E-1;;
30/11/2021  10:22:51,054822;9,338717E-1;1,566822E-1;1,651214E-1;9,404846E-1;;
30/11/2021  10:22:51,054922;9,347509E-1;8,022302E-2;8,361090E-2;9,401014E-1;;
30/11/2021  10:22:51,055022;9,357493E-1;1,225942E-1;1,287892E-1;9,397243E-1;;
30/11/2021  10:22:51,055122;9,360115E-1;1,280100E-1;1,218387E-1;9,393543E-1;;
30/11/2021  10:22:51,055222;9,354393E-1;1,286472E-1;1,723878E-1;9,389924E-1;;
30/11/2021  10:22:51,055322;9,349357E-1;1,359745E-1;1,695444E-1;9,386395E-1;;
30/11/2021  10:22:51,055422;9,346615E-1;1,203641E-1;1,243661E-1;9,382964E-1;;
30/11/2021  10:22:51,055522;9,353589E-1;1,053908E-1;1,170997E-1;9,379636E-1;;
30/11/2021  10:22:51,055622;9,362053E-1;1,063466E-1;1,164678E-1;9,376417E-1;;
30/11/2021  10:22:51,055722;9,368907E-1;4,932076E-2;7,634447E-2;9,373312E-1;;
30/11/2021  10:22:51,055822;9,367000E-1;1,015679E-1;1,161519E-1;9,370330E-1;;
30/11/2021  10:22:51,055922;9,364944E-1;9,264764E-2;1,193112E-1;9,367476E-1;;
30/11/2021  10:22:51,056022;9,365987E-1;1,557265E-1;1,951349E-1;9,364756E-1;;
30/11/2021  10:22:51,056122;9,359698E-1;1,640096E-1;1,856569E-1;9,362175E-1;;
30/11/2021  10:22:51,056222;9,357612E-1;-8,979382E-3;7,760819E-2;9,359733E-1;;
30/11/2021  10:22:51,056322;9,376090E-1;9,774492E-2;1,291051E-1;9,357434E-1;;
30/11/2021  10:22:51,056422;9,379875E-1;1,413904E-1;1,588027E-1;9,355280E-1;;
30/11/2021  10:22:51,056522;9,381156E-1;9,838208E-2;1,054102E-1;9,353274E-1;;
30/11/2021  10:22:51,056622;9,381097E-1;1,280100E-1;1,196272E-1;9,351420E-1;;
30/11/2021  10:22:51,056722;9,371023E-1;1,722926E-1;1,537478E-1;9,349719E-1;;
30/11/2021  10:22:51,056822;9,375226E-1;1,742041E-1;1,673329E-1;9,348172E-1;;
30/11/2021  10:22:51,056922;9,384882E-1;1,636910E-1;1,610142E-1;9,346779E-1;;
30/11/2021  10:22:51,057022;9,399902E-1;1,474434E-1;1,388990E-1;9,345540E-1;;
30/11/2021  10:22:51,057122;9,405982E-1;1,296029E-1;1,310007E-1;9,344457E-1;;
30/11/2021  10:22:51,057222;9,403956E-1;1,340630E-1;1,259458E-1;9,343532E-1;;
30/11/2021  10:22:51,057322;9,402197E-1;9,965640E-2;1,095173E-1;9,342767E-1;;
30/11/2021  10:22:51,057422;9,400946E-1;1,225942E-1;1,202590E-1;9,342163E-1;;
30/11/2021  10:22:51,057522;9,402764E-1;1,111253E-1;1,092014E-1;9,341720E-1;;
30/11/2021  10:22:51,057622;9,415102E-1;1,334259E-1;1,291051E-1;9,341436E-1;;
30/11/2021  10:22:51,057722;9,420139E-1;1,372488E-1;1,531159E-1;9,341310E-1;;
30/11/2021  10:22:51,057822;9,420168E-1;1,159040E-1;1,145722E-1;9,341342E-1;;
30/11/2021  10:22:51,057922;9,420109E-1;1,168597E-1;1,268936E-1;9,341531E-1;;
30/11/2021  10:22:51,058022;9,415460E-1;1,493549E-1;1,657532E-1;9,341876E-1;;
30/11/2021  10:22:51,058122;9,411317E-1;9,997498E-2;1,300529E-1;9,342373E-1;;
30/11/2021  10:22:51,058222;9,416801E-1;1,276914E-1;1,278414E-1;9,343018E-1;;
30/11/2021  10:22:51,058322;9,423685E-1;1,260985E-1;1,281573E-1;9,343805E-1;;
30/11/2021  10:22:51,058422;9,433073E-1;1,159040E-1;1,069899E-1;9,344729E-1;;
30/11/2021  10:22:51,058522;9,424550E-1;1,302401E-1;1,401627E-1;9,345787E-1;;
30/11/2021  10:22:51,058622;9,425175E-1;1,152668E-1;9,150920E-2;9,346974E-1;;
30/11/2021  10:22:51,058722;9,418023E-1;1,171783E-1;9,940750E-2;9,348285E-1;;
30/11/2021  10:22:51,058822;9,411883E-1;1,391603E-1;1,246821E-1;9,349712E-1;;
30/11/2021  10:22:51,058922;9,418559E-1;-4,943904E-2;4,791059E-2;9,351247E-1;;
30/11/2021  10:22:51,059022;9,426189E-1;1,343816E-1;9,308886E-2;9,352880E-1;;
30/11/2021  10:22:51,059122;9,427947E-1;9,328480E-2;8,992954E-2;9,354606E-1;;
30/11/2021  10:22:51,059222;9,425086E-1;4,581638E-2;5,296550E-2;9,356416E-1;;
30/11/2021  10:22:51,059322;9,419215E-1;1,149482E-1;1,212068E-1;9,358303E-1;;
30/11/2021  10:22:51,059422;9,409529E-1;1,031608E-1;1,189953E-1;9,360260E-1;;
30/11/2021  10:22:51,059522;9,407949E-1;1,254614E-1;1,262617E-1;9,362277E-1;;
30/11/2021  10:22:51,059622;9,412926E-1;9,678918E-2;7,476481E-2;9,364343E-1;;
30/11/2021  10:22:51,059722;9,418827E-1;1,321516E-1;1,313166E-1;9,366448E-1;;
30/11/2021  10:22:51,059822;9,423149E-1;9,615202E-2;1,063580E-1;9,368583E-1;;
30/11/2021  10:22:51,059922;9,420139E-1;1,382046E-1;1,322644E-1;9,370742E-1;;
30/11/2021  10:22:51,060022;9,416801E-1;1,222756E-1;1,287892E-1;9,372918E-1;;
30/11/2021  10:22:51,060122;9,408217E-1;1,114439E-1;1,167838E-1;9,375103E-1;;
30/11/2021  10:22:51,060222;9,404045E-1;1,251428E-1;1,291051E-1;9,377288E-1;;
30/11/2021  10:22:51,060322;9,411406E-1;1,264171E-1;1,152041E-1;9,379466E-1;;
30/11/2021  10:22:51,060422;9,412509E-1;1,095324E-1;1,013031E-1;9,381627E-1;;
30/11/2021  10:22:51,060522;9,414864E-1;1,334259E-1;1,278414E-1;9,383765E-1;;
30/11/2021  10:22:51,060622;9,405744E-1;1,251428E-1;1,215227E-1;9,385873E-1;;
30/11/2021  10:22:51,060722;9,399813E-1;1,213198E-1;1,050943E-1;9,387946E-1;;
30/11/2021  10:22:51,060822;9,392869E-1;2,447152E-2;7,887192E-2;9,389976E-1;;
30/11/2021  10:22:51,060922;9,395134E-1;1,286472E-1;1,486929E-1;9,391954E-1;;
30/11/2021  10:22:51,061022;9,398204E-1;1,257800E-1;1,164678E-1;9,393873E-1;;
30/11/2021  10:22:51,061122;9,392392E-1;1,334259E-1;1,338441E-1;9,395727E-1;;
30/11/2021  10:22:51,061222;9,391230E-1;1,397975E-1;1,638576E-1;9,397510E-1;;
30/11/2021  10:22:51,061322;9,383988E-1;1,270543E-1;1,221546E-1;9,399215E-1;;
30/11/2021  10:22:51,061422;9,375166E-1;1,372488E-1;1,268936E-1;9,400836E-1;;
30/11/2021  10:22:51,061522;9,377461E-1;1,541336E-1;1,512204E-1;9,402367E-1;;
30/11/2021  10:22:51,061622;9,375345E-1;-7,301396E-2;4,096008E-2;9,403801E-1;;
30/11/2021  10:22:51,061722;9,380113E-1;1,254614E-1;1,164678E-1;9,405133E-1;;
30/11/2021  10:22:51,061822;9,378087E-1;1,366117E-1;1,556434E-1;9,406359E-1;;
30/11/2021  10:22:51,061922;9,376567E-1;1,340630E-1;1,170997E-1;9,407475E-1;;
30/11/2021  10:22:51,062022;9,371292E-1;1,136739E-1;1,016190E-1;9,408481E-1;;
30/11/2021  10:22:51,062122;9,365510E-1;1,302401E-1;1,022509E-1;9,409372E-1;;
30/11/2021  10:22:51,062222;9,367626E-1;8,181592E-2;6,876210E-2;9,410147E-1;;
30/11/2021  10:22:51,062322;9,370397E-1;1,276914E-1;1,079377E-1;9,410804E-1;;
30/11/2021  10:22:51,062422;9,379577E-1;1,678325E-1;1,834454E-1;9,411343E-1;;
30/11/2021  10:22:51,062522;9,376000E-1;6,015248E-2;9,814378E-2;9,411764E-1;;
30/11/2021  10:22:51,062622;9,379040E-1;1,283286E-1;1,398468E-1;9,412071E-1;;
30/11/2021  10:22:51,062722;9,370040E-1;1,388417E-1;1,464814E-1;9,412267E-1;;
30/11/2021  10:22:51,062822;9,367268E-1;1,280100E-1;1,243661E-1;9,412354E-1;;
30/11/2021  10:22:51,062922;9,370606E-1;1,385232E-1;1,316326E-1;9,412335E-1;;
30/11/2021  10:22:51,063022;9,377461E-1;1,315144E-1;1,291051E-1;9,412212E-1;;
30/11/2021  10:22:51,063122;9,379696E-1;9,137332E-2;8,203124E-2;9,411991E-1;;
30/11/2021  10:22:51,063222;9,378564E-1;1,299215E-1;1,328963E-1;9,411675E-1;;
30/11/2021  10:22:51,063322;9,375643E-1;1,194084E-1;1,218387E-1;9,411271E-1;;
30/11/2021  10:22:51,063422;9,366493E-1;1,168597E-1;1,164678E-1;9,410784E-1;;
30/11/2021  10:22:51,063522;9,361337E-1;1,066652E-1;9,719598E-2;9,410218E-1;;
30/11/2021  10:22:51,063622;9,361665E-1;5,760384E-2;1,379512E-1;9,409575E-1;;
30/11/2021  10:22:51,063722;9,366583E-1;1,009307E-1;1,139404E-1;9,408860E-1;;
30/11/2021  10:22:51,063822;9,372871E-1;1,442576E-1;1,177316E-1;9,408075E-1;;
30/11/2021  10:22:51,063922;9,364526E-1;5,027650E-2;8,297904E-2;9,407224E-1;;
30/11/2021  10:22:51,064022;9,362410E-1;9,647060E-2;1,076217E-1;9,406314E-1;;
30/11/2021  10:22:51,064122;9,354244E-1;1,034794E-1;1,110970E-1;9,405346E-1;;
30/11/2021  10:22:51,064222;9,354483E-1;1,034794E-1;1,095173E-1;9,404325E-1;;
30/11/2021  10:22:51,064322;9,357344E-1;9,551486E-2;1,110970E-1;9,403253E-1;;
30/11/2021  10:22:51,064422;9,364198E-1;1,139925E-1;1,278414E-1;9,402132E-1;;
30/11/2021  10:22:51,064522;9,369027E-1;1,260985E-1;1,442698E-1;9,400968E-1;;
30/11/2021  10:22:51,064622;9,358864E-1;1,248242E-1;1,291051E-1;9,399765E-1;;
30/11/2021  10:22:51,064722;9,357821E-1;1,480806E-1;1,401627E-1;9,398528E-1;;
30/11/2021  10:22:51,064822;9,351562E-1;1,490363E-1;1,347919E-1;9,397260E-1;;
30/11/2021  10:22:51,064922;9,355198E-1;1,691068E-1;1,493248E-1;9,395966E-1;;
30/11/2021  10:22:51,065022;9,355556E-1;1,636910E-1;1,550115E-1;9,394647E-1;;
30/11/2021  10:22:51,065122;9,358804E-1;1,429833E-1;1,644895E-1;9,393308E-1;;
30/11/2021  10:22:51,065222;9,363185E-1;1,254614E-1;9,087734E-2;9,391952E-1;;
30/11/2021  10:22:51,065322;9,354632E-1;1,423461E-1;1,635417E-1;9,390583E-1;;
30/11/2021  10:22:51,065422;9,347390E-1;1,181340E-1;1,319485E-1;9,389205E-1;;
30/11/2021  10:22:51,065522;9,383451E-1;1,034794E-1;7,381701E-2;9,387822E-1;;
30/11/2021  10:22:51,065622;9,378295E-1;1,022050E-1;7,855599E-2;9,386439E-1;;
30/11/2021  10:22:51,065722;9,373080E-1;6,949618E-3;9,682815E-3;9,385064E-1;;
30/11/2021  10:22:51,065822;9,372394E-1;1,127182E-1;1,167838E-1;9,383704E-1;;
30/11/2021  10:22:51,065922;9,377431E-1;9,710776E-2;1,107811E-1;9,382365E-1;;
30/11/2021  10:22:51,066022;9,378981E-1;1,257800E-1;1,351078E-1;9,381052E-1;;
30/11/2021  10:22:51,066122;9,371381E-1;1,245056E-1;1,177316E-1;9,379771E-1;;
30/11/2021  10:22:51,066222;9,365063E-1;1,315144E-1;1,287892E-1;9,378526E-1;;
30/11/2021  10:22:51,066322;9,360771E-1;5,250656E-2;1,246821E-1;9,377320E-1;;
30/11/2021  10:22:51,066422;9,358119E-1;1,178155E-1;1,281573E-1;9,376153E-1;;
30/11/2021  10:22:51,066522;9,359370E-1;1,130368E-1;1,164678E-1;9,375026E-1;;
30/11/2021  10:22:51,066622;9,367596E-1;1,264171E-1;1,256299E-1;9,373940E-1;;
30/11/2021  10:22:51,066722;9,357403E-1;1,238685E-1;1,268936E-1;9,372893E-1;;
30/11/2021  10:22:51,066822;9,358804E-1;1,232313E-1;1,237343E-1;9,371887E-1;;
30/11/2021  10:22:51,066922;9,354781E-1;8,659462E-2;1,016190E-1;9,370921E-1;;
30/11/2021  10:22:51,067022;9,350191E-1;1,222756E-1;1,170997E-1;9,369994E-1;;
30/11/2021  10:22:51,067122;9,349833E-1;1,181340E-1;1,183634E-1;9,369104E-1;;
30/11/2021  10:22:51,067222;9,352307E-1;1,292843E-1;1,306848E-1;9,368249E-1;;
30/11/2021  10:22:51,067322;9,352426E-1;1,260985E-1;1,404787E-1;9,367427E-1;;
30/11/2021  10:22:51,067422;9,357850E-1;1,139925E-1;1,098333E-1;9,366637E-1;;
30/11/2021  10:22:51,067522;9,346406E-1;1,168597E-1;1,164678E-1;9,365878E-1;;
30/11/2021  10:22:51,067622;9,353797E-1;1,276914E-1;1,262617E-1;9,365148E-1;;
30/11/2021  10:22:51,067722;9,357970E-1;9,742634E-2;9,403666E-2;9,364446E-1;;
30/11/2021  10:22:51,067822;9,359668E-1;1,222756E-1;1,316326E-1;9,363773E-1;;
30/11/2021  10:22:51,067922;9,363602E-1;3,817046E-2;7,792413E-2;9,363128E-1;;
30/11/2021  10:22:51,068022;9,371023E-1;1,190898E-1;1,193112E-1;9,362512E-1;;
30/11/2021  10:22:51,068122;9,373497E-1;8,818752E-2;1,941871E-1;9,361928E-1;;
30/11/2021  10:22:51,068222;9,377461E-1;1,216384E-1;1,148882E-1;9,361379E-1;;
30/11/2021  10:22:51,068322;9,378683E-1;1,235499E-1;1,189953E-1;9,360867E-1;;
30/11/2021  10:22:51,068422;9,382199E-1;1,917260E-1;1,755471E-1;9,360397E-1;;
30/11/2021  10:22:51,068522;9,384703E-1;1,289658E-1;1,265777E-1;9,359970E-1;;
30/11/2021  10:22:51,068622;9,389591E-1;1,136739E-1;1,107811E-1;9,359591E-1;;
30/11/2021  10:22:51,068722;9,395164E-1;1,347002E-1;1,376353E-1;9,359264E-1;;
30/11/2021  10:22:51,068822;9,393793E-1;1,206827E-1;1,126766E-1;9,358991E-1;;
30/11/2021  10:22:51,068922;9,397727E-1;9,583344E-2;9,466852E-2;9,358778E-1;;
30/11/2021  10:22:51,069022;9,400320E-1;1,241871E-1;1,360556E-1;9,358627E-1;;
30/11/2021  10:22:51,069122;9,403777E-1;1,439390E-1;1,392149E-1;9,358541E-1;;
30/11/2021  10:22:51,069222;9,405327E-1;8,914326E-2;8,045158E-2;9,358524E-1;;
30/11/2021  10:22:51,069322;9,412360E-1;1,350188E-1;1,467973E-1;9,358578E-1;;
30/11/2021  10:22:51,069422;9,411943E-1;1,560451E-1;1,783905E-1;9,358706E-1;;
30/11/2021  10:22:51,069522;9,418082E-1;1,318330E-1;1,565912E-1;9,358911E-1;;
30/11/2021  10:22:51,069622;9,420347E-1;1,232313E-1;1,278414E-1;9,359195E-1;;
30/11/2021  10:22:51,069722;9,415132E-1;1,213198E-1;1,253139E-1;9,359561E-1;;
30/11/2021  10:22:51,069822;9,421420E-1;1,238685E-1;1,098333E-1;9,360010E-1;;
30/11/2021  10:22:51,069922;9,430510E-1;1,362931E-1;1,332122E-1;9,360543E-1;;
30/11/2021  10:22:51,070022;9,433729E-1;1,276914E-1;1,262617E-1;9,361162E-1;;
30/11/2021  10:22:51,070122;9,433788E-1;1,168597E-1;1,186794E-1;9,361867E-1;;
30/11/2021  10:22:51,070222;9,438080E-1;1,216384E-1;1,272095E-1;9,362661E-1;;
30/11/2021  10:22:51,070322;9,436292E-1;1,171783E-1;1,050943E-1;9,363544E-1;;
30/11/2021  10:22:51,070422;9,431106E-1;1,101695E-1;1,227865E-1;9,364516E-1;;
30/11/2021  10:22:51,070522;9,433759E-1;1,155854E-1;1,546956E-1;9,365576E-1;;
30/11/2021  10:22:51,070622;9,437573E-1;7,512574E-2;6,307532E-2;9,366721E-1;;
30/11/2021  10:22:51,070722;9,440643E-1;1,362931E-1;1,711241E-1;9,367949E-1;;
30/11/2021  10:22:51,070822;9,441388E-1;7,608148E-2;6,149566E-2;9,369258E-1;;
30/11/2021  10:22:51,070922;9,444011E-1;9,774492E-2;1,063580E-1;9,370646E-1;;
30/11/2021  10:22:51,071022;9,440554E-1;9,201048E-2;1,047783E-1;9,372109E-1;;
30/11/2021  10:22:51,071122;9,439123E-1;9,678918E-2;1,177316E-1;9,373644E-1;;
30/11/2021  10:22:51,071222;9,437395E-1;1,063466E-1;1,215227E-1;9,375248E-1;;
30/11/2021  10:22:51,071322;9,447826E-1;9,997498E-2;1,120448E-1;9,376915E-1;;
30/11/2021  10:22:51,071422;9,441090E-1;1,127182E-1;1,313166E-1;9,378641E-1;;
30/11/2021  10:22:51,071522;9,446961E-1;1,327887E-1;1,388990E-1;9,380421E-1;;
30/11/2021  10:22:51,071622;9,444637E-1;1,216384E-1;1,297370E-1;9,382252E-1;;
30/11/2021  10:22:51,071722;9,442759E-1;1,299215E-1;1,013031E-1;9,384127E-1;;
30/11/2021  10:22:51,071822;9,439183E-1;7,353284E-2;1,019350E-1;9,386043E-1;;
30/11/2021  10:22:51,071922;9,443445E-1;1,665582E-1;1,407946E-1;9,387994E-1;;
30/11/2021  10:22:51,072022;9,447468E-1;1,706997E-1;1,755471E-1;9,389973E-1;;
30/11/2021  10:22:51,072122;9,445799E-1;-5,931502E-2;6,117973E-2;9,391975E-1;;
30/11/2021  10:22:51,072222;9,451462E-1;1,410718E-1;1,426902E-1;9,393997E-1;;
30/11/2021  10:22:51,072322;9,444786E-1;1,375674E-1;1,483770E-1;9,396034E-1;;
30/11/2021  10:22:51,072422;9,442610E-1;1,270543E-1;1,284732E-1;9,398080E-1;;
30/11/2021  10:22:51,072522;9,441656E-1;1,315144E-1;1,325804E-1;9,400131E-1;;
30/11/2021  10:22:51,072622;9,450210E-1;1,270543E-1;1,287892E-1;9,402181E-1;;
30/11/2021  10:22:51,072722;9,449405E-1;1,241871E-1;1,199431E-1;9,404226E-1;;
30/11/2021  10:22:51,072822;9,449763E-1;1,241871E-1;1,253139E-1;9,406261E-1;;
30/11/2021  10:22:51,072922;9,449793E-1;1,324701E-1;1,316326E-1;9,408283E-1;;
30/11/2021  10:22:51,073022;9,445382E-1;1,382046E-1;1,300529E-1;9,410289E-1;;
30/11/2021  10:22:51,073122;9,441180E-1;1,216384E-1;1,177316E-1;9,412274E-1;;
30/11/2021  10:22:51,073222;9,444339E-1;7,703722E-2;1,458495E-1;9,414233E-1;;
30/11/2021  10:22:51,073322;9,443594E-1;1,216384E-1;7,950379E-2;9,416163E-1;;
30/11/2021  10:22:51,073422;9,446574E-1;1,296029E-1;1,338441E-1;9,418058E-1;;
30/11/2021  10:22:51,073522;9,445412E-1;-9,297962E-3;-4,528935E-2;9,419916E-1;;
30/11/2021  10:22:51,073622;9,445382E-1;1,037979E-1;9,656411E-2;9,421733E-1;;
30/11/2021  10:22:51,073722;9,446574E-1;1,347002E-1;1,398468E-1;9,423507E-1;;
30/11/2021  10:22:51,073822;9,443117E-1;1,334259E-1;1,291051E-1;9,425235E-1;;
30/11/2021  10:22:51,073922;9,448809E-1;1,519035E-1;1,824976E-1;9,426913E-1;;
30/11/2021  10:22:51,074022;9,454055E-1;1,566822E-1;1,632258E-1;9,428541E-1;;
30/11/2021  10:22:51,074122;9,456349E-1;5,378088E-2;9,814378E-2;9,430118E-1;;
30/11/2021  10:22:51,074222;9,454055E-1;1,901331E-1;1,954508E-1;9,431644E-1;;
30/11/2021  10:22:51,074322;9,443415E-1;1,359745E-1;1,366875E-1;9,433119E-1;;
30/11/2021  10:22:51,074422;9,441209E-1;1,382046E-1;1,328963E-1;9,434542E-1;;
30/11/2021  10:22:51,074522;9,446812E-1;1,426647E-1;1,310007E-1;9,435911E-1;;
30/11/2021  10:22:51,074622;9,450210E-1;1,280100E-1;1,227865E-1;9,437224E-1;;
30/11/2021  10:22:51,074722;9,450359E-1;1,028422E-1;8,329497E-2;9,438481E-1;;
30/11/2021  10:22:51,074822;9,448630E-1;1,267357E-1;1,139404E-1;9,439682E-1;;
30/11/2021  10:22:51,074922;9,446902E-1;1,311958E-1;1,366875E-1;9,440826E-1;;
30/11/2021  10:22:51,075022;9,437365E-1;1,280100E-1;1,335282E-1;9,441915E-1;;
30/11/2021  10:22:51,075122;9,435279E-1;1,538150E-1;2,115634E-1;9,442945E-1;;
30/11/2021  10:22:51,075222;9,430808E-1;1,458505E-1;1,411105E-1;9,443916E-1;;
30/11/2021  10:22:51,075322;9,435904E-1;6,970988E-2;1,354238E-1;9,444825E-1;;
30/11/2021  10:22:51,075422;9,436769E-1;9,901924E-2;1,126766E-1;9,445670E-1;;
30/11/2021  10:22:51,075522;9,434832E-1;5,038138E-3;9,245700E-2;9,446450E-1;;
30/11/2021  10:22:51,075622;9,429884E-1;1,286472E-1;1,281573E-1;9,447165E-1;;
30/11/2021  10:22:51,075722;9,423596E-1;1,356559E-1;1,328963E-1;9,447812E-1;;
30/11/2021  10:22:51,075822;9,421271E-1;1,442576E-1;1,509044E-1;9,448392E-1;;
30/11/2021  10:22:51,075922;9,421003E-1;-1,726246E-2;8,550650E-2;9,448901E-1;;
30/11/2021  10:22:51,076022;9,421301E-1;1,331073E-1;1,155200E-1;9,449338E-1;;
30/11/2021  10:22:51,076122;9,417814E-1;1,273729E-1;1,240502E-1;9,449701E-1;;
30/11/2021  10:22:51,076222;9,417367E-1;1,245056E-1;9,877564E-2;9,449990E-1;;
30/11/2021  10:22:51,076322;9,414536E-1;1,404346E-1;1,543797E-1;9,450203E-1;;
30/11/2021  10:22:51,076422;9,413046E-1;1,085766E-1;1,164678E-1;9,450340E-1;;
30/11/2021  10:22:51,076522;9,413701E-1;1,114439E-1;1,584868E-1;9,450401E-1;;
30/11/2021  10:22:51,076622;9,418142E-1;1,143111E-1;1,069899E-1;9,450385E-1;;
30/11/2021  10:22:51,076722;9,419274E-1;1,407532E-1;1,625939E-1;9,450295E-1;;
30/11/2021  10:22:51,076822;9,430451E-1;1,331073E-1;1,164678E-1;9,450131E-1;;
30/11/2021  10:22:51,076922;9,430749E-1;1,251428E-1;1,490088E-1;9,449898E-1;;
30/11/2021  10:22:51,077022;9,424848E-1;1,413904E-1;1,445858E-1;9,449601E-1;;
30/11/2021  10:22:51,077122;9,425265E-1;1,783457E-1;1,761790E-1;9,449245E-1;;
30/11/2021  10:22:51,077222;9,428215E-1;1,347002E-1;1,287892E-1;9,448834E-1;;
30/11/2021  10:22:51,077322;9,436292E-1;1,397975E-1;1,366875E-1;9,448372E-1;;
30/11/2021  10:22:51,077422;9,432060E-1;1,401161E-1;1,205749E-1;9,447864E-1;;
30/11/2021  10:22:51,077522;9,435279E-1;1,394789E-1;1,338441E-1;9,447317E-1;;
30/11/2021  10:22:51,077622;9,441150E-1;1,257800E-1;1,148882E-1;9,446737E-1;;
30/11/2021  10:22:51,077722;9,438229E-1;1,257800E-1;1,189953E-1;9,446128E-1;;
30/11/2021  10:22:51,077822;9,433163E-1;1,573194E-1;1,862888E-1;9,445498E-1;;
30/11/2021  10:22:51,077922;9,433580E-1;1,404346E-1;1,281573E-1;9,444851E-1;;
30/11/2021  10:22:51,078022;9,437007E-1;8,946184E-2;7,729226E-2;9,444192E-1;;
30/11/2021  10:22:51,078122;9,439272E-1;1,366117E-1;1,281573E-1;9,443524E-1;;
30/11/2021  10:22:51,078222;9,442372E-1;1,264171E-1;1,104651E-1;9,442852E-1;;
30/11/2021  10:22:51,078322;9,446037E-1;1,417090E-1;1,449017E-1;9,442182E-1;;
30/11/2021  10:22:51,078422;9,440107E-1;1,152668E-1;1,477451E-1;9,441518E-1;;
30/11/2021  10:22:51,078522;9,444130E-1;1,241871E-1;1,227865E-1;9,440865E-1;;
30/11/2021  10:22:51,078622;9,444011E-1;1,114439E-1;1,237343E-1;9,440226E-1;;
30/11/2021  10:22:51,078722;9,447319E-1;1,235499E-1;1,281573E-1;9,439606E-1;;
30/11/2021  10:22:51,078822;9,448571E-1;1,037979E-1;1,158360E-1;9,439008E-1;;
30/11/2021  10:22:51,078922;9,451491E-1;1,120810E-1;1,107811E-1;9,438436E-1;;
30/11/2021  10:22:51,079022;9,449375E-1;1,155854E-1;1,006712E-1;9,437894E-1;;
30/11/2021  10:22:51,079122;9,450866E-1;9,232906E-2;8,961361E-2;9,437385E-1;;
30/11/2021  10:22:51,079222;9,450448E-1;9,615202E-2;1,152041E-1;9,436912E-1;;
30/11/2021  10:22:51,079322;9,451372E-1;1,006121E-1;1,047783E-1;9,436478E-1;;
30/11/2021  10:22:51,079422;9,450389E-1;9,678918E-2;1,057261E-1;9,436083E-1;;
30/11/2021  10:22:51,079522;9,448481E-1;1,025236E-1;9,688005E-2;9,435731E-1;;
30/11/2021  10:22:51,079622;9,446991E-1;8,372740E-2;9,561632E-2;9,435421E-1;;
30/11/2021  10:22:51,079722;9,442968E-1;6,716124E-2;1,050943E-1;9,435153E-1;;
30/11/2021  10:22:51,079822;9,428662E-1;1,397975E-1;1,265777E-1;9,434928E-1;;
30/11/2021  10:22:51,079922;9,428096E-1;1,429833E-1;1,354238E-1;9,434740E-1;;
30/11/2021  10:22:51,080022;9,431851E-1;1,614609E-1;1,420583E-1;9,434588E-1;;
30/11/2021  10:22:51,080122;9,425980E-1;1,777085E-1;1,540637E-1;9,434465E-1;;
30/11/2021  10:22:51,080222;9,419602E-1;1,630538E-1;1,562753E-1;9,434368E-1;;
30/11/2021  10:22:51,080322;9,414655E-1;1,547707E-1;1,461654E-1;9,434293E-1;;
30/11/2021  10:22:51,080422;9,408724E-1;1,331073E-1;1,243661E-1;9,434232E-1;;
30/11/2021  10:22:51,080522;9,397757E-1;1,856730E-1;1,806020E-1;9,434180E-1;;
30/11/2021  10:22:51,080622;9,398561E-1;1,366117E-1;1,366875E-1;9,434128E-1;;
30/11/2021  10:22:51,080722;9,398919E-1;1,276914E-1;1,294210E-1;9,434069E-1;;
30/11/2021  10:22:51,080822;9,392631E-1;1,289658E-1;1,464814E-1;9,433996E-1;;
30/11/2021  10:22:51,080922;9,385388E-1;1,143111E-1;1,000394E-1;9,433901E-1;;
30/11/2021  10:22:51,081022;9,382050E-1;1,152668E-1;9,593225E-2;9,433779E-1;;
30/11/2021  10:22:51,081122;9,380918E-1;1,347002E-1;1,477451E-1;9,433620E-1;;
30/11/2021  10:22:51,081222;9,375464E-1;1,356559E-1;1,411105E-1;9,433419E-1;;
30/11/2021  10:22:51,081322;9,379130E-1;1,311958E-1;1,272095E-1;9,433170E-1;;
30/11/2021  10:22:51,081422;9,385746E-1;1,254614E-1;1,284732E-1;9,432866E-1;;
30/11/2021  10:22:51,081522;9,378295E-1;1,187712E-1;1,066739E-1;9,432506E-1;;
30/11/2021  10:22:51,081622;9,381633E-1;1,483991E-1;1,698603E-1;9,432085E-1;;
30/11/2021  10:22:51,081722;9,378385E-1;1,334259E-1;1,170997E-1;9,431603E-1;;
30/11/2021  10:22:51,081822;9,375673E-1;1,238685E-1;1,215227E-1;9,431058E-1;;
30/11/2021  10:22:51,081922;9,376030E-1;1,178155E-1;1,164678E-1;9,430448E-1;;
30/11/2021  10:22:51,082022;9,390485E-1;1,324701E-1;1,294210E-1;9,429774E-1;;
30/11/2021  10:22:51,082122;9,388816E-1;1,347002E-1;1,316326E-1;9,429038E-1;;
30/11/2021  10:22:51,082222;9,392332E-1;1,187712E-1;1,186794E-1;9,428242E-1;;
30/11/2021  10:22:51,082322;9,400916E-1;1,063466E-1;1,133085E-1;9,427390E-1;;
30/11/2021  10:22:51,082422;9,397548E-1;9,296622E-2;7,255328E-2;9,426490E-1;;
30/11/2021  10:22:51,082522;9,401095E-1;1,378860E-1;1,698603E-1;9,425545E-1;;
30/11/2021  10:22:51,082622;9,409886E-1;1,206827E-1;1,287892E-1;9,424563E-1;;
30/11/2021  10:22:51,082722;9,416324E-1;2,574584E-2;7,381701E-2;9,423550E-1;;
30/11/2021  10:22:51,082822;9,418947E-1;1,452133E-1;1,866047E-1;9,422516E-1;;
30/11/2021  10:22:51,082922;9,426457E-1;1,264171E-1;1,404787E-1;9,421469E-1;;
30/11/2021  10:22:51,083022;9,432149E-1;1,200455E-1;1,256299E-1;9,420418E-1;;
30/11/2021  10:22:51,083122;9,430719E-1;1,299215E-1;1,319485E-1;9,419374E-1;;
30/11/2021  10:22:51,083222;9,437037E-1;1,248242E-1;1,360556E-1;9,418346E-1;;
30/11/2021  10:22:51,083322;9,441925E-1;1,299215E-1;1,351078E-1;9,417344E-1;;
30/11/2021  10:22:51,083422;9,455306E-1;1,229127E-1;1,272095E-1;9,416378E-1;;
30/11/2021  10:22:51,083522;9,456290E-1;1,260985E-1;1,388990E-1;9,415456E-1;;
30/11/2021  10:22:51,083622;9,454502E-1;1,264171E-1;1,177316E-1;9,414591E-1;;
30/11/2021  10:22:51,083722;9,457601E-1;1,168597E-1;1,133085E-1;9,413791E-1;;
30/11/2021  10:22:51,083822;9,453309E-1;1,013542E-2;5,644075E-2;9,413064E-1;;
30/11/2021  10:22:51,083922;9,452594E-1;1,130368E-1;1,445858E-1;9,412416E-1;;
30/11/2021  10:22:51,084022;9,458734E-1;1,200455E-1;1,133085E-1;9,411853E-1;;
30/11/2021  10:22:51,084122;9,462787E-1;9,870066E-2;9,308886E-2;9,411380E-1;;
30/11/2021  10:22:51,084222;9,459479E-1;8,022302E-2;7,981972E-2;9,410999E-1;;
30/11/2021  10:22:51,084322;9,450806E-1;1,550893E-1;1,989261E-1;9,410715E-1;;
30/11/2021  10:22:51,084422;9,448452E-1;1,601866E-1;1,439539E-1;9,410529E-1;;
30/11/2021  10:22:51,084522;9,438020E-1;1,143111E-1;1,224705E-1;9,410438E-1;;
30/11/2021  10:22:51,084622;9,436173E-1;1,245056E-1;1,259458E-1;9,410441E-1;;
30/11/2021  10:22:51,084722;9,440464E-1;1,225942E-1;1,237343E-1;9,410533E-1;;
30/11/2021  10:22:51,084822;9,430570E-1;1,152668E-1;1,069899E-1;9,410709E-1;;
30/11/2021  10:22:51,084922;9,427202E-1;1,187712E-1;1,262617E-1;9,410964E-1;;
30/11/2021  10:22:51,085022;9,418052E-1;1,213198E-1;1,272095E-1;9,411289E-1;;
30/11/2021  10:22:51,085122;9,408605E-1;1,324701E-1;1,246821E-1;9,411678E-1;;
30/11/2021  10:22:51,085222;9,401869E-1;5,027650E-2;3,843263E-2;9,412120E-1;;
30/11/2021  10:22:51,085322;9,399157E-1;1,143111E-1;1,205749E-1;9,412605E-1;;
30/11/2021  10:22:51,085422;9,396952E-1;1,302401E-1;1,262617E-1;9,413120E-1;;
30/11/2021  10:22:51,085522;9,393525E-1;1,181340E-1;1,316326E-1;9,413656E-1;;
30/11/2021  10:22:51,085622;9,390455E-1;1,222756E-1;1,063580E-1;9,414201E-1;;
30/11/2021  10:22:51,085722;9,380441E-1;1,219570E-1;1,243661E-1;9,414745E-1;;
30/11/2021  10:22:51,085822;9,372335E-1;1,267357E-1;1,287892E-1;9,415277E-1;;
30/11/2021  10:22:51,085922;9,367000E-1;1,372488E-1;1,385831E-1;9,415786E-1;;
30/11/2021  10:22:51,086022;9,362589E-1;5,059508E-2;8,455870E-2;9,416261E-1;;
30/11/2021  10:22:51,086122;9,363930E-1;1,401161E-1;1,442698E-1;9,416689E-1;;
30/11/2021  10:22:51,086222;9,363334E-1;6,970988E-2;1,117289E-1;9,417061E-1;;
30/11/2021  10:22:51,086322;9,351264E-1;1,687883E-1;1,815498E-1;9,417368E-1;;
30/11/2021  10:22:51,086422;9,341548E-1;1,225942E-1;1,287892E-1;9,417602E-1;;
30/11/2021  10:22:51,086522;9,334962E-1;1,219570E-1;1,180475E-1;9,417752E-1;;
30/11/2021  10:22:51,086622;9,328643E-1;1,069837E-1;1,009872E-1;9,417809E-1;;
30/11/2021  10:22:51,086722;9,328316E-1;1,088952E-1;1,170997E-1;9,417764E-1;;
30/11/2021  10:22:51,086822;9,330551E-1;6,270112E-2;5,644075E-2;9,417609E-1;;
30/11/2021  10:22:51,086922;9,323011E-1;1,082581E-1;1,177316E-1;9,417336E-1;;
30/11/2021  10:22:51,087022;9,321044E-1;1,022050E-1;1,294210E-1;9,416941E-1;;
30/11/2021  10:22:51,087122;9,310702E-1;9,455912E-2;1,152041E-1;9,416419E-1;;
30/11/2021  10:22:51,087222;9,304205E-1;1,219570E-1;1,866047E-1;9,415765E-1;;
30/11/2021  10:22:51,087322;9,304533E-1;9,774492E-2;1,114129E-1;9,414974E-1;;
30/11/2021  10:22:51,087422;9,309629E-1;9,041758E-2;1,095173E-1;9,414043E-1;;
30/11/2021  10:22:51,087522;9,308199E-1;4,581638E-2;7,444887E-2;9,412970E-1;;
30/11/2021  10:22:51,087622;9,309152E-1;2,594380E-4;9,751191E-2;9,411755E-1;;
30/11/2021  10:22:51,087722;9,308646E-1;1,073023E-1;1,240502E-1;9,410401E-1;;
30/11/2021  10:22:51,087822;9,305278E-1;1,219570E-1;1,347919E-1;9,408909E-1;;
30/11/2021  10:22:51,087922;9,306738E-1;1,436204E-1;1,455336E-1;9,407283E-1;;
30/11/2021  10:22:51,088022;9,306887E-1;1,869473E-1;1,531159E-1;9,405528E-1;;
30/11/2021  10:22:51,088122;9,315471E-1;1,694254E-1;1,430061E-1;9,403648E-1;;
30/11/2021  10:22:51,088222;9,321938E-1;1,541336E-1;1,531159E-1;9,401650E-1;;
30/11/2021  10:22:51,088322;9,320656E-1;1,439390E-1;1,313166E-1;9,399544E-1;;
30/11/2021  10:22:51,088422;9,324441E-1;1,477620E-1;1,518522E-1;9,397339E-1;;
30/11/2021  10:22:51,088522;9,325127E-1;1,608238E-1;1,745993E-1;9,395046E-1;;
30/11/2021  10:22:51,088622;9,325991E-1;1,280100E-1;1,325804E-1;9,392676E-1;;
30/11/2021  10:22:51,088722;9,330730E-1;3,753330E-2;7,792413E-2;9,390239E-1;;
30/11/2021  10:22:51,088822;9,332697E-1;9,392196E-2;1,363715E-1;9,387746E-1;;
30/11/2021  10:22:51,088922;9,339164E-1;1,264171E-1;1,152041E-1;9,385210E-1;;
30/11/2021  10:22:51,089022;9,331534E-1;1,063466E-1;1,325804E-1;9,382642E-1;;
30/11/2021  10:22:51,089122;9,327600E-1;1,194084E-1;1,212068E-1;9,380053E-1;;
30/11/2021  10:22:51,089222;9,324382E-1;1,480806E-1;1,335282E-1;9,377453E-1;;
30/11/2021  10:22:51,089322;9,326975E-1;1,187712E-1;1,221546E-1;9,374852E-1;;
30/11/2021  10:22:51,089422;9,332548E-1;1,222756E-1;1,306848E-1;9,372255E-1;;
30/11/2021  10:22:51,089522;9,328256E-1;1,184526E-1;1,038306E-1;9,369673E-1;;
30/11/2021  10:22:51,089622;9,328077E-1;1,257800E-1;1,303688E-1;9,367112E-1;;
30/11/2021  10:22:51,089722;9,325008E-1;1,069837E-1;7,855599E-2;9,364580E-1;;
30/11/2021  10:22:51,089822;9,323666E-1;3,944478E-2;3,021839E-2;9,362083E-1;;
30/11/2021  10:22:51,089922;9,322534E-1;1,190898E-1;1,878685E-1;9,359627E-1;;
30/11/2021  10:22:51,090022;9,327124E-1;1,002936E-1;8,834988E-2;9,357216E-1;;
30/11/2021  10:22:51,090122;9,332369E-1;1,238685E-1;1,265777E-1;9,354855E-1;;
30/11/2021  10:22:51,090222;9,332786E-1;1,267357E-1;1,300529E-1;9,352549E-1;;
30/11/2021  10:22:51,090322;9,332279E-1;1,120810E-1;1,003553E-1;9,350304E-1;;
30/11/2021  10:22:51,090422;9,325276E-1;1,770713E-1;1,796542E-1;9,348125E-1;;
30/11/2021  10:22:51,090522;9,326796E-1;1,984162E-1;1,600664E-1;9,346015E-1;;
30/11/2021  10:22:51,090622;9,323786E-1;1,251428E-1;1,291051E-1;9,343978E-1;;
30/11/2021  10:22:51,090722;9,330372E-1;1,280100E-1;1,411105E-1;9,342015E-1;;
30/11/2021  10:22:51,090822;9,331683E-1;1,331073E-1;1,287892E-1;9,340128E-1;;
30/11/2021  10:22:51,090922;9,326945E-1;1,633724E-1;1,837613E-1;9,338320E-1;;
30/11/2021  10:22:51,091022;9,329240E-1;1,238685E-1;1,231024E-1;9,336592E-1;;
30/11/2021  10:22:51,091122;9,322534E-1;1,155854E-1;1,148882E-1;9,334947E-1;;
30/11/2021  10:22:51,091222;9,319345E-1;1,356559E-1;1,265777E-1;9,333383E-1;;
30/11/2021  10:22:51,091322;9,314368E-1;1,229127E-1;1,401627E-1;9,331899E-1;;
30/11/2021  10:22:51,091422;9,319792E-1;1,149482E-1;1,243661E-1;9,330495E-1;;
30/11/2021  10:22:51,091522;9,317557E-1;1,318330E-1;1,363715E-1;9,329167E-1;;
30/11/2021  10:22:51,091622;9,309152E-1;1,108067E-1;1,126766E-1;9,327913E-1;;
30/11/2021  10:22:51,091722;9,308824E-1;1,037979E-1;9,308886E-2;9,326731E-1;;
30/11/2021  10:22:51,091822;9,308199E-1;7,863012E-2;1,035146E-1;9,325617E-1;;
30/11/2021  10:22:51,091922;9,301433E-1;1,873708E-2;7,444887E-2;9,324566E-1;;
30/11/2021  10:22:51,092022;9,305040E-1;1,296029E-1;1,303688E-1;9,323575E-1;;
30/11/2021  10:22:51,092122;9,310613E-1;1,280100E-1;1,316326E-1;9,322639E-1;;
30/11/2021  10:22:51,092222;9,318749E-1;1,471248E-1;1,727037E-1;9,321755E-1;;
30/11/2021  10:22:51,092322;9,321670E-1;1,302401E-1;1,373193E-1;9,320922E-1;;
30/11/2021  10:22:51,092422;9,318928E-1;1,296029E-1;1,212068E-1;9,320140E-1;;
30/11/2021  10:22:51,092522;9,323517E-1;1,302401E-1;1,215227E-1;9,319407E-1;;
30/11/2021  10:22:51,092622;9,321163E-1;1,487177E-1;2,084040E-1;9,318725E-1;;
30/11/2021  10:22:51,092722;9,330879E-1;1,359745E-1;1,272095E-1;9,318092E-1;;
30/11/2021  10:22:51,092822;9,337018E-1;1,178155E-1;1,101492E-1;9,317511E-1;;
30/11/2021  10:22:51,092922;9,341042E-1;1,337445E-1;1,284732E-1;9,316983E-1;;
30/11/2021  10:22:51,093022;9,341906E-1;1,238685E-1;1,082536E-1;9,316510E-1;;
30/11/2021  10:22:51,093122;9,343396E-1;1,130368E-1;9,530039E-2;9,316095E-1;;
30/11/2021  10:22:51,093222;9,341906E-1;1,286472E-1;1,471132E-1;9,315740E-1;;
30/11/2021  10:22:51,093322;9,346197E-1;1,362931E-1;1,335282E-1;9,315448E-1;;
30/11/2021  10:22:51,093422;9,354274E-1;1,391603E-1;1,420583E-1;9,315219E-1;;
30/11/2021  10:22:51,093522;9,362679E-1;1,464877E-1;1,407946E-1;9,315057E-1;;
30/11/2021  10:22:51,093622;9,366702E-1;1,101695E-1;9,498445E-2;9,314965E-1;;
30/11/2021  10:22:51,093722;9,366583E-1;1,824872E-1;2,020854E-1;9,314946E-1;;
30/11/2021  10:22:51,093822;9,366970E-1;1,273729E-1;1,259458E-1;9,315004E-1;;
30/11/2021  10:22:51,093922;9,366940E-1;1,385232E-1;1,325804E-1;9,315141E-1;;
30/11/2021  10:22:51,094022;9,373288E-1;1,359745E-1;1,328963E-1;9,315360E-1;;
30/11/2021  10:22:51,094122;9,377878E-1;1,311958E-1;1,335282E-1;9,315661E-1;;
30/11/2021  10:22:51,094222;9,386491E-1;1,490363E-1;1,404787E-1;9,316048E-1;;
30/11/2021  10:22:51,094322;9,386402E-1;1,366117E-1;1,284732E-1;9,316523E-1;;
30/11/2021  10:22:51,094422;9,380322E-1;1,388417E-1;1,338441E-1;9,317086E-1;;
30/11/2021  10:22:51,094522;9,379815E-1;1,095324E-1;9,972343E-2;9,317740E-1;;
30/11/2021  10:22:51,094622;9,384017E-1;1,522221E-1;1,584868E-1;9,318484E-1;;
30/11/2021  10:22:51,094722;9,390127E-1;1,210013E-1;1,246821E-1;9,319317E-1;;
30/11/2021  10:22:51,094822;9,397131E-1;1,248242E-1;1,622780E-1;9,320237E-1;;
30/11/2021  10:22:51,094922;9,396505E-1;1,194084E-1;1,240502E-1;9,321245E-1;;
30/11/2021  10:22:51,095022;9,394896E-1;1,257800E-1;1,575390E-1;9,322341E-1;;
30/11/2021  10:22:51,095122;9,394538E-1;1,028422E-1;1,088855E-1;9,323523E-1;;
30/11/2021  10:22:51,095222;9,394061E-1;1,133553E-1;1,183634E-1;9,324789E-1;;
30/11/2021  10:22:51,095322;9,391230E-1;1,050723E-1;1,139404E-1;9,326136E-1;;
30/11/2021  10:22:51,095422;9,393733E-1;1,041165E-1;1,170997E-1;9,327560E-1;;
30/11/2021  10:22:51,095522;9,401810E-1;1,037979E-1;1,057261E-1;9,329057E-1;;
30/11/2021  10:22:51,095622;9,401869E-1;1,085766E-1;1,325804E-1;9,330624E-1;;
30/11/2021  10:22:51,095722;9,398591E-1;9,965640E-2;1,180475E-1;9,332256E-1;;
30/11/2021  10:22:51,095822;9,395939E-1;1,127182E-1;1,170997E-1;9,333951E-1;;
30/11/2021  10:22:51,095922;9,393525E-1;1,031608E-1;1,057261E-1;9,335704E-1;;
30/11/2021  10:22:51,096022;9,391617E-1;1,385232E-1;1,540637E-1;9,337507E-1;;
30/11/2021  10:22:51,096122;9,392273E-1;1,522221E-1;1,322644E-1;9,339356E-1;;
30/11/2021  10:22:51,096222;9,398532E-1;1,761156E-1;1,758630E-1;9,341244E-1;;
30/11/2021  10:22:51,096322;9,405446E-1;2,153009E-1;2,649559E-1;9,343165E-1;;
30/11/2021  10:22:51,096422;9,401691E-1;2,051064E-1;1,967146E-1;9,345114E-1;;
30/11/2021  10:22:51,096522;9,395939E-1;1,691068E-1;1,657532E-1;9,347088E-1;;
30/11/2021  10:22:51,096622;9,400051E-1;1,327887E-1;1,351078E-1;9,349082E-1;;
30/11/2021  10:22:51,096722;9,401393E-1;1,327887E-1;1,275255E-1;9,351089E-1;;
30/11/2021  10:22:51,096822;9,413552E-1;1,296029E-1;1,347919E-1;9,353106E-1;;
30/11/2021  10:22:51,096922;9,411734E-1;1,222756E-1;1,095173E-1;9,355129E-1;;
30/11/2021  10:22:51,097022;9,413075E-1;1,334259E-1;1,328963E-1;9,357157E-1;;
30/11/2021  10:22:51,097122;9,413493E-1;1,311958E-1;1,253139E-1;9,359185E-1;;
30/11/2021  10:22:51,097222;9,410810E-1;1,429833E-1;1,366875E-1;9,361213E-1;;
30/11/2021  10:22:51,097322;9,410304E-1;1,139925E-1;9,972343E-2;9,363237E-1;;
30/11/2021  10:22:51,097422;9,417546E-1;8,723178E-2;7,286922E-2;9,365255E-1;;
30/11/2021  10:22:51,097522;9,424877E-1;1,267357E-1;1,272095E-1;9,367263E-1;;
30/11/2021  10:22:51,097622;9,428364E-1;1,216384E-1;1,193112E-1;9,369261E-1;;
30/11/2021  10:22:51,097722;9,426964E-1;1,633724E-1;1,347919E-1;9,371248E-1;;
30/11/2021  10:22:51,097822;9,427440E-1;1,076209E-1;1,003553E-1;9,373225E-1;;
30/11/2021  10:22:51,097922;9,424013E-1;1,194084E-1;1,644895E-1;9,375190E-1;;
30/11/2021  10:22:51,098022;9,424520E-1;1,413904E-1;1,281573E-1;9,377143E-1;;
30/11/2021  10:22:51,098122;9,430719E-1;1,267357E-1;1,268936E-1;9,379081E-1;;
30/11/2021  10:22:51,098222;9,434414E-1;1,375674E-1;1,351078E-1;9,381005E-1;;
30/11/2021  10:22:51,098322;9,435845E-1;1,334259E-1;1,338441E-1;9,382913E-1;;
30/11/2021  10:22:51,098422;9,431553E-1;1,601866E-1;1,619620E-1;9,384805E-1;;
30/11/2021  10:22:51,098522;9,437395E-1;1,289658E-1;1,272095E-1;9,386681E-1;;
30/11/2021  10:22:51,098622;9,438497E-1;1,289658E-1;1,259458E-1;9,388540E-1;;
30/11/2021  10:22:51,098722;9,439570E-1;1,394789E-1;1,338441E-1;9,390383E-1;;
30/11/2021  10:22:51,098822;9,450419E-1;1,190898E-1;1,193112E-1;9,392208E-1;;
30/11/2021  10:22:51,098922;9,457810E-1;9,487770E-2;8,203124E-2;9,394019E-1;;
30/11/2021  10:22:51,099022;9,463621E-1;1,248242E-1;1,069899E-1;9,395816E-1;;
30/11/2021  10:22:51,099122;9,460879E-1;1,254614E-1;1,325804E-1;9,397603E-1;;
30/11/2021  10:22:51,099222;9,467585E-1;1,229127E-1;1,278414E-1;9,399384E-1;;
30/11/2021  10:22:51,099322;9,467347E-1;1,305587E-1;1,673329E-1;9,401161E-1;;
30/11/2021  10:22:51,099422;9,466453E-1;1,331073E-1;1,322644E-1;9,402937E-1;;
30/11/2021  10:22:51,099522;9,474768E-1;1,407532E-1;1,445858E-1;9,404714E-1;;
30/11/2021  10:22:51,099622;9,475691E-1;1,206827E-1;1,218387E-1;9,406496E-1;;
30/11/2021  10:22:51,099722;9,474559E-1;1,022050E-1;1,347919E-1;9,408283E-1;;
30/11/2021  10:22:51,099822;9,466333E-1;1,286472E-1;1,186794E-1;9,410077E-1;;
30/11/2021  10:22:51,099922;9,459508E-1;1,356559E-1;1,310007E-1;9,411879E-1;;
30/11/2021  10:22:51,100022;9,459896E-1;1,831244E-1;1,859729E-1;9,413687E-1;;
30/11/2021  10:22:51,100122;9,457392E-1;5,473662E-2;5,991600E-2;9,415497E-1;;
30/11/2021  10:22:51,100222;9,463115E-1;1,225942E-1;1,054102E-1;9,417306E-1;;
30/11/2021  10:22:51,100322;9,464903E-1;1,496735E-1;1,534319E-1;9,419111E-1;;
30/11/2021  10:22:51,100422;9,455604E-1;1,018865E-1;5,802041E-2;9,420911E-1;;
30/11/2021  10:22:51,100522;9,453756E-1;1,729298E-1;2,039810E-1;9,422700E-1;;
30/11/2021  10:22:51,100622;9,452237E-1;2,012834E-1;2,444203E-1;9,424475E-1;;
30/11/2021  10:22:51,100722;9,452713E-1;1,452133E-1;1,603824E-1;9,426232E-1;;
30/11/2021  10:22:51,100822;9,461416E-1;1,066652E-1;9,877564E-2;9,427966E-1;;
30/11/2021  10:22:51,100922;9,462191E-1;1,359745E-1;1,328963E-1;9,429674E-1;;
30/11/2021  10:22:51,101022;9,464158E-1;1,318330E-1;1,139404E-1;9,431354E-1;;
30/11/2021  10:22:51,101122;9,453756E-1;1,238685E-1;1,569071E-1;9,433004E-1;;
30/11/2021  10:22:51,101222;9,452326E-1;1,477620E-1;1,695444E-1;9,434621E-1;;
30/11/2021  10:22:51,101322;9,446663E-1;7,926728E-2;1,357397E-1;9,436202E-1;;
30/11/2021  10:22:51,101422;9,447587E-1;1,267357E-1;1,256299E-1;9,437743E-1;;
30/11/2021  10:22:51,101522;9,447528E-1;1,302401E-1;1,281573E-1;9,439240E-1;;
30/11/2021  10:22:51,101622;9,447170E-1;1,031608E-1;1,069899E-1;9,440689E-1;;
30/11/2021  10:22:51,101722;9,439868E-1;1,321516E-1;1,148882E-1;9,442086E-1;;
30/11/2021  10:22:51,101822;9,436769E-1;1,127182E-1;1,088855E-1;9,443428E-1;;
30/11/2021  10:22:51,101922;9,424252E-1;4,008194E-2;7,981972E-2;9,444709E-1;;
30/11/2021  10:22:51,102022;9,421420E-1;-3,542152E-2;2,674314E-2;9,445925E-1;;
30/11/2021  10:22:51,102122;9,427351E-1;8,882468E-2;1,025668E-1;9,447069E-1;;
30/11/2021  10:22:51,102222;9,430957E-1;1,448948E-1;1,493248E-1;9,448136E-1;;
30/11/2021  10:22:51,102322;9,431225E-1;1,340630E-1;1,392149E-1;9,449124E-1;;
30/11/2021  10:22:51,102422;9,424907E-1;1,436204E-1;1,414265E-1;9,450029E-1;;
30/11/2021  10:22:51,102522;9,419841E-1;1,069837E-1;1,047783E-1;9,450850E-1;;
30/11/2021  10:22:51,102622;9,412450E-1;1,582751E-1;1,588027E-1;9,451584E-1;;
30/11/2021  10:22:51,102722;9,409827E-1;1,187712E-1;1,265777E-1;9,452227E-1;;
30/11/2021  10:22:51,102822;9,409529E-1;1,123996E-1;1,231024E-1;9,452777E-1;;
30/11/2021  10:22:51,102922;9,408367E-1;1,037979E-1;1,095173E-1;9,453230E-1;;
30/11/2021  10:22:51,103022;9,413433E-1;9,901924E-2;1,126766E-1;9,453584E-1;;
30/11/2021  10:22:51,103122;9,403240E-1;1,108067E-1;1,095173E-1;9,453838E-1;;
30/11/2021  10:22:51,103222;9,397488E-1;4,390490E-2;4,411940E-2;9,453991E-1;;
30/11/2021  10:22:51,103322;9,398233E-1;9,424054E-2;8,992954E-2;9,454043E-1;;
30/11/2021  10:22:51,103422;9,392690E-1;8,213450E-2;9,403666E-2;9,453990E-1;;
30/11/2021  10:22:51,103522;9,397101E-1;9,455912E-2;1,101492E-1;9,453833E-1;;
30/11/2021  10:22:51,103622;9,405565E-1;8,309024E-2;1,253139E-1;9,453571E-1;;
30/11/2021  10:22:51,103722;9,406280E-1;1,267357E-1;8,929768E-2;9,453207E-1;;
30/11/2021  10:22:51,103822;9,406161E-1;5,282514E-2;7,571260E-2;9,452744E-1;;
30/11/2021  10:22:51,103922;9,406429E-1;1,082581E-1;1,417424E-1;9,452186E-1;;
30/11/2021  10:22:51,104022;9,406370E-1;1,037979E-1;1,395309E-1;9,451538E-1;;
30/11/2021  10:22:51,104122;9,413880E-1;1,410718E-1;1,373193E-1;9,450805E-1;;
30/11/2021  10:22:51,104222;9,417933E-1;1,821686E-1;1,575390E-1;9,449993E-1;;
30/11/2021  10:22:51,104322;9,419006E-1;1,605052E-1;1,414265E-1;9,449109E-1;;
30/11/2021  10:22:51,104422;9,425980E-1;1,821686E-1;1,774427E-1;9,448161E-1;;
30/11/2021  10:22:51,104522;9,419602E-1;1,483991E-1;1,480610E-1;9,447157E-1;;
30/11/2021  10:22:51,104622;9,419662E-1;1,334259E-1;1,351078E-1;9,446105E-1;;
30/11/2021  10:22:51,104722;9,417337E-1;1,321516E-1;1,016190E-1;9,445013E-1;;
30/11/2021  10:22:51,104822;9,417546E-1;1,044351E-1;1,262617E-1;9,443887E-1;;
30/11/2021  10:22:51,104922;9,420198E-1;1,037979E-1;9,340479E-2;9,442733E-1;;
30/11/2021  10:22:51,105022;9,418827E-1;1,082581E-1;1,101492E-1;9,441558E-1;;
30/11/2021  10:22:51,105122;9,420735E-1;6,970988E-2;5,328143E-2;9,440367E-1;;
30/11/2021  10:22:51,105222;9,412390E-1;7,480716E-2;8,866581E-2;9,439166E-1;;
30/11/2021  10:22:51,105322;9,412360E-1;1,162226E-1;1,234183E-1;9,437960E-1;;
30/11/2021  10:22:51,105422;9,410781E-1;1,407532E-1;1,654373E-1;9,436751E-1;;
30/11/2021  10:22:51,105522;9,426278E-1;8,978042E-2;9,909157E-2;9,435545E-1;;
30/11/2021  10:22:51,105622;9,429378E-1;1,296029E-1;1,316326E-1;9,434345E-1;;
30/11/2021  10:22:51,105722;9,424073E-1;1,114439E-1;1,076217E-1;9,433158E-1;;
30/11/2021  10:22:51,105822;9,423655E-1;1,066652E-1;1,979783E-1;9,431989E-1;;
30/11/2021  10:22:51,105922;9,423477E-1;1,181340E-1;1,161519E-1;9,430842E-1;;
30/11/2021  10:22:51,106022;9,417367E-1;1,222756E-1;1,243661E-1;9,429722E-1;;
30/11/2021  10:22:51,106122;9,421390E-1;1,178155E-1;1,234183E-1;9,428632E-1;;
30/11/2021  10:22:51,106222;9,428186E-1;1,302401E-1;1,319485E-1;9,427573E-1;;
30/11/2021  10:22:51,106322;9,425533E-1;1,321516E-1;1,297370E-1;9,426551E-1;;
30/11/2021  10:22:51,106422;9,421718E-1;1,232313E-1;1,313166E-1;9,425566E-1;;
30/11/2021  10:22:51,106522;9,420675E-1;1,206827E-1;1,164678E-1;9,424622E-1;;
30/11/2021  10:22:51,106622;9,411645E-1;1,254614E-1;1,060421E-1;9,423720E-1;;
30/11/2021  10:22:51,106722;9,411108E-1;1,034794E-1;1,243661E-1;9,422860E-1;;
30/11/2021  10:22:51,106822;9,413254E-1;9,487770E-2;9,561632E-2;9,422040E-1;;
30/11/2021  10:22:51,106922;9,413880E-1;1,225942E-1;1,291051E-1;9,421260E-1;;
30/11/2021  10:22:51,107022;9,412479E-1;1,429833E-1;1,594346E-1;9,420518E-1;;
30/11/2021  10:22:51,107122;9,408873E-1;1,343816E-1;1,439539E-1;9,419815E-1;;
30/11/2021  10:22:51,107222;9,403956E-1;1,206827E-1;1,253139E-1;9,419147E-1;;
30/11/2021  10:22:51,107322;9,403598E-1;1,241871E-1;1,287892E-1;9,418514E-1;;
30/11/2021  10:22:51,107422;9,403032E-1;1,225942E-1;1,373193E-1;9,417911E-1;;
30/11/2021  10:22:51,107522;9,397786E-1;8,691320E-2;1,088855E-1;9,417337E-1;;
30/11/2021  10:22:51,107622;9,397965E-1;1,197269E-1;1,167838E-1;9,416789E-1;;
30/11/2021  10:22:51,107722;9,399247E-1;1,350188E-1;1,546956E-1;9,416262E-1;;
30/11/2021  10:22:51,107822;9,392899E-1;1,350188E-1;1,313166E-1;9,415755E-1;;
30/11/2021  10:22:51,107922;9,380769E-1;1,286472E-1;1,174156E-1;9,415262E-1;;
30/11/2021  10:22:51,108022;9,369384E-1;1,165411E-1;1,082536E-1;9,414781E-1;;
30/11/2021  10:22:51,108122;9,371947E-1;1,267357E-1;1,202590E-1;9,414303E-1;;
30/11/2021  10:22:51,108222;9,373020E-1;1,267357E-1;1,212068E-1;9,413823E-1;;
30/11/2021  10:22:51,108322;9,371977E-1;1,369303E-1;1,733356E-1;9,413334E-1;;
30/11/2021  10:22:51,108422;9,372037E-1;1,714418E-2;3,306178E-2;9,412831E-1;;
30/11/2021  10:22:51,108522;9,364109E-1;1,280100E-1;1,385831E-1;9,412310E-1;;
30/11/2021  10:22:51,108622;9,360235E-1;1,324701E-1;1,420583E-1;9,411766E-1;;
30/11/2021  10:22:51,108722;9,354185E-1;1,203641E-1;1,215227E-1;9,411195E-1;;
30/11/2021  10:22:51,108822;9,359788E-1;1,222756E-1;1,259458E-1;9,410592E-1;;
30/11/2021  10:22:51,108922;9,359877E-1;1,311958E-1;1,328963E-1;9,409952E-1;;
30/11/2021  10:22:51,109022;9,361546E-1;7,990444E-2;6,623464E-2;9,409273E-1;;
30/11/2021  10:22:51,109122;9,362291E-1;1,101695E-1;1,237343E-1;9,408552E-1;;
30/11/2021  10:22:51,109222;9,356062E-1;1,324701E-1;1,335282E-1;9,407790E-1;;
30/11/2021  10:22:51,109322;9,345452E-1;1,238685E-1;1,170997E-1;9,406985E-1;;
30/11/2021  10:22:51,109422;9,338747E-1;-4,837842E-3;5,454516E-2;9,406134E-1;;
30/11/2021  10:22:51,109522;9,347539E-1;1,280100E-1;1,436380E-1;9,405236E-1;;
30/11/2021  10:22:51,109622;9,342889E-1;1,206827E-1;1,164678E-1;9,404287E-1;;
30/11/2021  10:22:51,109722;9,337674E-1;9,424054E-2;8,961361E-2;9,403286E-1;;
30/11/2021  10:22:51,109822;9,332458E-1;8,818752E-2;1,025668E-1;9,402233E-1;;
30/11/2021  10:22:51,109922;9,332190E-1;1,085766E-1;1,079377E-1;9,401125E-1;;
30/11/2021  10:22:51,110022;9,322057E-1;1,433019E-1;1,537478E-1;9,399961E-1;;
30/11/2021  10:22:51,110122;9,328643E-1;1,359745E-1;1,354238E-1;9,398739E-1;;
30/11/2021  10:22:51,110222;9,327869E-1;1,302401E-1;1,363715E-1;9,397458E-1;;
30/11/2021  10:22:51,110322;9,333889E-1;1,353374E-1;1,297370E-1;9,396119E-1;;
30/11/2021  10:22:51,110422;9,340237E-1;1,362931E-1;1,376353E-1;9,394723E-1;;
30/11/2021  10:22:51,110522;9,333650E-1;1,592309E-1;1,575390E-1;9,393272E-1;;
30/11/2021  10:22:51,110622;9,333680E-1;1,238685E-1;1,300529E-1;9,391772E-1;;
30/11/2021  10:22:51,110722;9,330879E-1;1,031608E-1;1,189953E-1;9,390225E-1;;
30/11/2021  10:22:51,110822;9,338836E-1;1,197269E-1;1,240502E-1;9,388634E-1;;
30/11/2021  10:22:51,110922;9,344827E-1;1,197269E-1;1,215227E-1;9,387005E-1;;
30/11/2021  10:22:51,111022;9,343217E-1;8,436456E-2;9,214107E-2;9,385342E-1;;
30/11/2021  10:22:51,111122;9,341548E-1;1,044351E-1;1,231024E-1;9,383653E-1;;
30/11/2021  10:22:51,111222;9,341846E-1;1,114439E-1;1,268936E-1;9,381942E-1;;
30/11/2021  10:22:51,111322;9,337644E-1;1,238685E-1;1,720719E-1;9,380216E-1;;
30/11/2021  10:22:51,111422;9,339194E-1;-1,885536E-2;8,045158E-2;9,378480E-1;;
30/11/2021  10:22:51,111522;9,340833E-1;1,267357E-1;1,404787E-1;9,376738E-1;;
30/11/2021  10:22:51,111622;9,347121E-1;1,332122E-2;9,877564E-2;9,374995E-1;;
30/11/2021  10:22:51,111722;9,347926E-1;9,806350E-2;9,308886E-2;9,373257E-1;;
30/11/2021  10:22:51,111822;9,350519E-1;1,181340E-1;1,578549E-1;9,371530E-1;;
30/11/2021  10:22:51,111922;9,349595E-1;1,190898E-1;1,306848E-1;9,369820E-1;;
30/11/2021  10:22:51,112022;9,345780E-1;1,340630E-1;1,392149E-1;9,368132E-1;;
30/11/2021  10:22:51,112122;9,352993E-1;2,159381E-1;1,790224E-1;9,366472E-1;;
30/11/2021  10:22:51,112222;9,356152E-1;1,627352E-1;1,490088E-1;9,364845E-1;;
30/11/2021  10:22:51,112322;9,365569E-1;1,617795E-1;1,281573E-1;9,363257E-1;;
30/11/2021  10:22:51,112422;9,373735E-1;1,793014E-1;1,685966E-1;9,361713E-1;;
30/11/2021  10:22:51,112522;9,376805E-1;3,562182E-2;9,435259E-2;9,360223E-1;;
30/11/2021  10:22:51,112622;9,377669E-1;1,372488E-1;1,398468E-1;9,358793E-1;;
30/11/2021  10:22:51,112722;9,375553E-1;6,747982E-2;9,214107E-2;9,357431E-1;;
30/11/2021  10:22:51,112822;9,377163E-1;1,286472E-1;1,325804E-1;9,356143E-1;;
30/11/2021  10:22:51,112922;9,389471E-1;1,069837E-1;1,041465E-1;9,354936E-1;;
30/11/2021  10:22:51,113022;9,394121E-1;1,305587E-1;1,319485E-1;9,353816E-1;;
30/11/2021  10:22:51,113122;9,391319E-1;1,057094E-1;1,202590E-1;9,352787E-1;;
30/11/2021  10:22:51,113222;9,384763E-1;1,541336E-1;1,862888E-1;9,351857E-1;;
30/11/2021  10:22:51,113322;9,385806E-1;1,522221E-1;1,717559E-1;9,351030E-1;;
30/11/2021  10:22:51,113422;9,383809E-1;1,200455E-1;1,278414E-1;9,350306E-1;;
30/11/2021  10:22:51,113522;9,388875E-1;1,331073E-1;1,338441E-1;9,349687E-1;;
30/11/2021  10:22:51,113622;9,394925E-1;1,273729E-1;1,183634E-1;9,349175E-1;;
30/11/2021  10:22:51,113722;9,398055E-1;7,958586E-2;9,530039E-2;9,348770E-1;;
30/11/2021  10:22:51,113822;9,399873E-1;1,388417E-1;1,382671E-1;9,348473E-1;;
30/11/2021  10:22:51,113922;9,390425E-1;1,324701E-1;1,006712E-1;9,348286E-1;;
30/11/2021  10:22:51,114022;9,396416E-1;1,060280E-1;8,708615E-2;9,348207E-1;;
30/11/2021  10:22:51,114122;9,395492E-1;4,390490E-2;3,085026E-2;9,348236E-1;;
30/11/2021  10:22:51,114222;9,393614E-1;1,299215E-1;1,231024E-1;9,348370E-1;;
30/11/2021  10:22:51,114322;9,395879E-1;1,286472E-1;1,098333E-1;9,348607E-1;;
30/11/2021  10:22:51,114422;9,395164E-1;1,073023E-1;1,152041E-1;9,348943E-1;;
30/11/2021  10:22:51,114522;9,400469E-1;1,404346E-1;1,426902E-1;9,349376E-1;;
30/11/2021  10:22:51,114622;9,386968E-1;1,229127E-1;1,325804E-1;9,349902E-1;;
30/11/2021  10:22:51,114722;9,388160E-1;2,165753E-1;1,821817E-1;9,350516E-1;;
30/11/2021  10:22:51,114822;9,385329E-1;1,350188E-1;1,426902E-1;9,351212E-1;;
30/11/2021  10:22:51,114922;9,381156E-1;1,334259E-1;1,328963E-1;9,351983E-1;;
30/11/2021  10:22:51,115022;9,388100E-1;1,200455E-1;1,297370E-1;9,352823E-1;;
30/11/2021  10:22:51,115122;9,389561E-1;1,318330E-1;1,300529E-1;9,353725E-1;;
30/11/2021  10:22:51,115222;9,382915E-1;1,353374E-1;1,177316E-1;9,354682E-1;;
30/11/2021  10:22:51,115322;9,385984E-1;1,362931E-1;1,433221E-1;9,355690E-1;;
30/11/2021  10:22:51,115422;9,371709E-1;1,257800E-1;1,221546E-1;9,356740E-1;;
30/11/2021  10:22:51,115522;9,378057E-1;1,350188E-1;1,177316E-1;9,357825E-1;;
30/11/2021  10:22:51,115622;9,378713E-1;1,232313E-1;1,240502E-1;9,358938E-1;;
30/11/2021  10:22:51,115722;9,380531E-1;1,232313E-1;1,291051E-1;9,360072E-1;;
30/11/2021  10:22:51,115822;9,372484E-1;4,995792E-2;9,087734E-2;9,361220E-1;;
30/11/2021  10:22:51,115922;9,366106E-1;1,248242E-1;1,370034E-1;9,362376E-1;;
30/11/2021  10:22:51,116022;9,356778E-1;1,671954E-1;1,695444E-1;9,363531E-1;;
30/11/2021  10:22:51,116122;9,354483E-1;1,875845E-1;1,840773E-1;9,364677E-1;;
30/11/2021  10:22:51,116222;9,353052E-1;1,366117E-1;1,310007E-1;9,365806E-1;;
30/11/2021  10:22:51,116322;9,353589E-1;1,216384E-1;1,284732E-1;9,366907E-1;;
30/11/2021  10:22:51,116422;9,350787E-1;1,359745E-1;1,322644E-1;9,367973E-1;;
30/11/2021  10:22:51,116522;9,348164E-1;1,426647E-1;1,499566E-1;9,368996E-1;;
30/11/2021  10:22:51,116622;9,339462E-1;1,187712E-1;1,183634E-1;9,369970E-1;;
30/11/2021  10:22:51,116722;9,331266E-1;1,340630E-1;1,215227E-1;9,370887E-1;;
30/11/2021  10:22:51,116822;9,339849E-1;1,356559E-1;1,205749E-1;9,371739E-1;;
30/11/2021  10:22:51,116922;9,337853E-1;-3,563522E-3;9,308886E-2;9,372519E-1;;
30/11/2021  10:22:51,117022;9,340952E-1;2,594380E-4;1,600145E-2;9,373223E-1;;
30/11/2021  10:22:51,117122;9,344946E-1;1,254614E-1;1,123607E-1;9,373845E-1;;
30/11/2021  10:22:51,117222;9,347211E-1;1,159040E-1;9,308886E-2;9,374385E-1;;
30/11/2021  10:22:51,117322;9,347270E-1;1,359745E-1;1,316326E-1;9,374840E-1;;
30/11/2021  10:22:51,117422;9,345363E-1;9,901924E-2;1,199431E-1;9,375212E-1;;
30/11/2021  10:22:51,117522;9,345005E-1;1,439390E-1;1,616461E-1;9,375501E-1;;
30/11/2021  10:22:51,117622;9,356360E-1;1,190898E-1;9,688005E-2;9,375707E-1;;
30/11/2021  10:22:51,117722;9,357761E-1;1,407532E-1;1,332122E-1;9,375834E-1;;
30/11/2021  10:22:51,117822;9,364496E-1;1,044351E-1;1,388990E-1;9,375884E-1;;
30/11/2021  10:22:51,117922;9,361993E-1;1,308772E-1;1,253139E-1;9,375864E-1;;
30/11/2021  10:22:51,118022;9,359609E-1;1,245056E-1;1,180475E-1;9,375778E-1;;
30/11/2021  10:22:51,118122;9,357016E-1;1,331073E-1;1,281573E-1;9,375632E-1;;
30/11/2021  10:22:51,118222;9,357254E-1;1,289658E-1;1,316326E-1;9,375429E-1;;
30/11/2021  10:22:51,118322;9,361278E-1;1,350188E-1;1,300529E-1;9,375174E-1;;
30/11/2021  10:22:51,118422;9,368192E-1;1,372488E-1;1,272095E-1;9,374871E-1;;
30/11/2021  10:22:51,118522;9,364884E-1;1,292843E-1;1,186794E-1;9,374525E-1;;
30/11/2021  10:22:51,118622;9,363781E-1;1,143111E-1;1,107811E-1;9,374142E-1;;
30/11/2021  10:22:51,118722;9,359996E-1;1,203641E-1;1,060421E-1;9,373728E-1;;
30/11/2021  10:22:51,118822;9,359192E-1;6,949618E-3;4,159195E-2;9,373285E-1;;
30/11/2021  10:22:51,118922;9,372484E-1;1,044351E-1;1,025668E-1;9,372818E-1;;
30/11/2021  10:22:51,119022;9,374898E-1;-7,556260E-2;4,253974E-2;9,372331E-1;;
30/11/2021  10:22:51,119122;9,380918E-1;1,162226E-1;1,799702E-1;9,371831E-1;;
30/11/2021  10:22:51,119222;9,383302E-1;1,159040E-1;1,234183E-1;9,371324E-1;;
30/11/2021  10:22:51,119322;9,386104E-1;1,037979E-1;1,079377E-1;9,370817E-1;;
30/11/2021  10:22:51,119422;9,389382E-1;9,933782E-2;1,057261E-1;9,370317E-1;;
30/11/2021  10:22:51,119522;9,387177E-1;1,076209E-1;1,088855E-1;9,369831E-1;;
30/11/2021  10:22:51,119622;9,403538E-1;-5,421774E-2;5,675668E-2;9,369365E-1;;
30/11/2021  10:22:51,119722;9,407830E-1;1,015679E-1;1,028828E-1;9,368926E-1;;
30/11/2021  10:22:51,119822;9,413016E-1;9,965640E-2;1,275255E-1;9,368524E-1;;
30/11/2021  10:22:51,119922;9,410334E-1;9,232906E-2;9,056141E-2;9,368166E-1;;
30/11/2021  10:22:51,120022;9,412122E-1;1,273729E-1;1,237343E-1;9,367859E-1;;
30/11/2021  10:22:51,120122;9,408188E-1;1,136739E-1;1,117289E-1;9,367610E-1;;
30/11/2021  10:22:51,120222;9,409737E-1;1,448948E-1;1,253139E-1;9,367423E-1;;
30/11/2021  10:22:51,120322;9,410959E-1;1,668768E-1;1,335282E-1;9,367303E-1;;
30/11/2021  10:22:51,120422;9,421122E-1;1,837615E-1;1,910278E-1;9,367253E-1;;
30/11/2021  10:22:51,120522;9,420586E-1;1,426647E-1;1,483770E-1;9,367276E-1;;
30/11/2021  10:22:51,120622;9,412330E-1;1,605052E-1;1,673329E-1;9,367376E-1;;
30/11/2021  10:22:51,120722;9,416592E-1;1,442576E-1;1,550115E-1;9,367553E-1;;
30/11/2021  10:22:51,120822;9,411496E-1;1,308772E-1;1,275255E-1;9,367810E-1;;
30/11/2021  10:22:51,120922;9,406459E-1;1,101695E-1;1,243661E-1;9,368144E-1;;
30/11/2021  10:22:51,121022;9,409141E-1;1,280100E-1;1,262617E-1;9,368555E-1;;
30/11/2021  10:22:51,121122;9,411645E-1;1,013542E-2;5,675668E-2;9,369039E-1;;
30/11/2021  10:22:51,121222;9,402913E-1;1,235499E-1;1,240502E-1;9,369593E-1;;
30/11/2021  10:22:51,121322;9,403568E-1;1,210013E-1;1,205749E-1;9,370215E-1;;
30/11/2021  10:22:51,121422;9,400439E-1;1,337445E-1;1,240502E-1;9,370899E-1;;
30/11/2021  10:22:51,121522;9,395700E-1;1,267357E-1;1,155200E-1;9,371640E-1;;
30/11/2021  10:22:51,121622;9,398830E-1;1,461691E-1;1,701763E-1;9,372432E-1;;
30/11/2021  10:22:51,121722;9,406817E-1;1,076209E-1;1,000394E-1;9,373270E-1;;
30/11/2021  10:22:51,121822;9,407651E-1;6,015248E-2;8,961361E-2;9,374149E-1;;
30/11/2021  10:22:51,121922;9,404611E-1;-6,963020E-4;3,748483E-2;9,375065E-1;;
30/11/2021  10:22:51,122022;9,404075E-1;7,671864E-2;8,013565E-2;9,376014E-1;;
30/11/2021  10:22:51,122122;9,402704E-1;1,238685E-1;1,249980E-1;9,376992E-1;;
30/11/2021  10:22:51,122222;9,412032E-1;1,238685E-1;1,275255E-1;9,377996E-1;;
30/11/2021  10:22:51,122322;9,410512E-1;1,260985E-1;1,240502E-1;9,379020E-1;;
30/11/2021  10:22:51,122422;9,425622E-1;1,206827E-1;1,186794E-1;9,380064E-1;;
30/11/2021  10:22:51,122522;9,416860E-1;1,085766E-1;1,297370E-1;9,381125E-1;;
30/11/2021  10:22:51,122622;9,417009E-1;1,241871E-1;1,246821E-1;9,382204E-1;;
30/11/2021  10:22:51,122722;9,414059E-1;1,280100E-1;1,281573E-1;9,383298E-1;;
30/11/2021  10:22:51,122822;9,411853E-1;1,187712E-1;1,205749E-1;9,384404E-1;;
30/11/2021  10:22:51,122922;9,415042E-1;1,305587E-1;1,313166E-1;9,385521E-1;;
30/11/2021  10:22:51,123022;9,418201E-1;1,343816E-1;1,291051E-1;9,386646E-1;;
30/11/2021  10:22:51,123122;9,422672E-1;7,863012E-2;7,602853E-2;9,387776E-1;;
30/11/2021  10:22:51,123222;9,424907E-1;1,139925E-1;1,136244E-1;9,388910E-1;;
30/11/2021  10:22:51,123322;9,422255E-1;1,264171E-1;1,379512E-1;9,390047E-1;;
30/11/2021  10:22:51,123422;9,418410E-1;1,219570E-1;1,272095E-1;9,391187E-1;;
30/11/2021  10:22:51,123522;9,422255E-1;7,385142E-2;1,493248E-1;9,392327E-1;;
30/11/2021  10:22:51,123622;9,423447E-1;1,206827E-1;1,139404E-1;9,393466E-1;;
30/11/2021  10:22:51,123722;9,435785E-1;1,155854E-1;1,452176E-1;9,394603E-1;;
30/11/2021  10:22:51,123822;9,438229E-1;1,264171E-1;1,262617E-1;9,395738E-1;;
30/11/2021  10:22:51,123922;9,438110E-1;1,448948E-1;1,793383E-1;9,396873E-1;;
30/11/2021  10:22:51,124022;9,435219E-1;1,216384E-1;1,272095E-1;9,398007E-1;;
30/11/2021  10:22:51,124122;9,429914E-1;1,143111E-1;1,212068E-1;9,399143E-1;;
30/11/2021  10:22:51,124222;9,432656E-1;1,576380E-1;1,382671E-1;9,400279E-1;;
30/11/2021  10:22:51,124322;9,443534E-1;1,257800E-1;1,404787E-1;9,401415E-1;;
30/11/2021  10:22:51,124422;9,443266E-1;1,057094E-1;9,182514E-2;9,402551E-1;;
30/11/2021  10:22:51,124522;9,441507E-1;1,445762E-1;1,471132E-1;9,403688E-1;;
30/11/2021  10:22:51,124622;9,436679E-1;9,615202E-2;5,612482E-2;9,404826E-1;;
30/11/2021  10:22:51,124722;9,434295E-1;1,684697E-1;1,638576E-1;9,405966E-1;;
30/11/2021  10:22:51,124822;9,436322E-1;1,213198E-1;1,322644E-1;9,407104E-1;;
30/11/2021  10:22:51,124922;9,434981E-1;1,362931E-1;1,499566E-1;9,408241E-1;;
30/11/2021  10:22:51,125022;9,442908E-1;3,530324E-2;8,834988E-2;9,409374E-1;;
30/11/2021  10:22:51,125122;9,442342E-1;1,241871E-1;1,243661E-1;9,410503E-1;;
30/11/2021  10:22:51,125222;9,441299E-1;1,222756E-1;1,341600E-1;9,411626E-1;;
30/11/2021  10:22:51,125322;9,444160E-1;1,652839E-1;2,166183E-1;9,412745E-1;;
30/11/2021  10:22:51,125422;9,435010E-1;1,433019E-1;1,739675E-1;9,413856E-1;;
30/11/2021  10:22:51,125522;9,435159E-1;1,235499E-1;1,189953E-1;9,414960E-1;;
30/11/2021  10:22:51,125622;9,432179E-1;1,276914E-1;1,268936E-1;9,416055E-1;;
30/11/2021  10:22:51,125722;9,439868E-1;1,222756E-1;1,237343E-1;9,417136E-1;;
30/11/2021  10:22:51,125822;9,442670E-1;1,937424E-2;7,255328E-2;9,418204E-1;;
30/11/2021  10:22:51,125922;9,444816E-1;1,289658E-1;1,297370E-1;9,419256E-1;;
30/11/2021  10:22:51,126022;9,443296E-1;1,270543E-1;1,341600E-1;9,420292E-1;;
30/11/2021  10:22:51,126122;9,438795E-1;1,222756E-1;1,189953E-1;9,421313E-1;;
30/11/2021  10:22:51,126222;9,432537E-1;1,031608E-1;1,224705E-1;9,422317E-1;;
30/11/2021  10:22:51,126322;9,429854E-1;9,073616E-2;1,035146E-1;9,423301E-1;;
30/11/2021  10:22:51,126422;9,438199E-1;4,326774E-2;8,929768E-2;9,424264E-1;;
30/11/2021  10:22:51,126522;9,428305E-1;1,359745E-1;1,439539E-1;9,425202E-1;;
30/11/2021  10:22:51,126622;9,430987E-1;1,225942E-1;1,297370E-1;9,426114E-1;;
30/11/2021  10:22:51,126722;9,419781E-1;1,356559E-1;1,430061E-1;9,426997E-1;;
30/11/2021  10:22:51,126822;9,410274E-1;1,499920E-1;1,670170E-1;9,427847E-1;;
30/11/2021  10:22:51,126922;9,411794E-1;1,136739E-1;1,316326E-1;9,428659E-1;;
30/11/2021  10:22:51,127022;9,408903E-1;1,162226E-1;1,284732E-1;9,429427E-1;;
30/11/2021  10:22:51,127122;9,403181E-1;1,044351E-1;1,095173E-1;9,430147E-1;;
30/11/2021  10:22:51,127222;9,400350E-1;1,050723E-1;1,152041E-1;9,430814E-1;;
30/11/2021  10:22:51,127322;9,398472E-1;9,838208E-2;9,877564E-2;9,431422E-1;;
30/11/2021  10:22:51,127422;9,396922E-1;1,098510E-1;1,316326E-1;9,431966E-1;;
30/11/2021  10:22:51,127522;9,393823E-1;9,169190E-2;7,918786E-2;9,432442E-1;;
30/11/2021  10:22:51,127622;9,387296E-1;9,105474E-2;9,845971E-2;9,432845E-1;;
30/11/2021  10:22:51,127722;9,394985E-1;9,105474E-2;9,972343E-2;9,433172E-1;;
30/11/2021  10:22:51,127822;9,399277E-1;9,105474E-2;1,395309E-1;9,433420E-1;;
30/11/2021  10:22:51,127922;9,399813E-1;4,294916E-2;6,655058E-2;9,433588E-1;;
30/11/2021  10:22:51,128022;9,401869E-1;2,594380E-4;5,422923E-2;9,433675E-1;;
30/11/2021  10:22:51,128122;9,393137E-1;1,260985E-1;1,584868E-1;9,433684E-1;;
30/11/2021  10:22:51,128222;9,393525E-1;1,149482E-1;1,370034E-1;9,433614E-1;;
30/11/2021  10:22:51,128322;9,401333E-1;1,413904E-1;1,398468E-1;9,433466E-1;;
30/11/2021  10:22:51,128422;9,399932E-1;1,203641E-1;1,234183E-1;9,433243E-1;;
30/11/2021  10:22:51,128522;9,408992E-1;1,598680E-1;1,385831E-1;9,432947E-1;;
30/11/2021  10:22:51,128622;9,406221E-1;1,557265E-1;1,600664E-1;9,432582E-1;;
30/11/2021  10:22:51,128722;9,405446E-1;1,397975E-1;1,433221E-1;9,432154E-1;;
30/11/2021  10:22:51,128822;9,409559E-1;1,480806E-1;1,584868E-1;9,431666E-1;;
30/11/2021  10:22:51,128922;9,403062E-1;1,650702E-2;8,708615E-2;9,431124E-1;;
30/11/2021  10:22:51,129022;9,405118E-1;1,732484E-1;1,986102E-1;9,430531E-1;;
30/11/2021  10:22:51,129122;9,408903E-1;6,779840E-2;6,718244E-2;9,429893E-1;;
30/11/2021  10:22:51,129222;9,408247E-1;6,620550E-2;9,593225E-2;9,429215E-1;;
30/11/2021  10:22:51,129322;9,400797E-1;4,231200E-2;8,139938E-2;9,428500E-1;;
30/11/2021  10:22:51,129422;9,401899E-1;7,353284E-2;7,444887E-2;9,427752E-1;;
30/11/2021  10:22:51,129522;9,395462E-1;1,152668E-1;1,303688E-1;9,426975E-1;;
30/11/2021  10:22:51,129622;9,396833E-1;1,311958E-1;1,395309E-1;9,426172E-1;;
30/11/2021  10:22:51,129722;9,391766E-1;9,774492E-2;1,069899E-1;9,425344E-1;;
30/11/2021  10:22:51,129822;9,394091E-1;1,302401E-1;1,265777E-1;9,424494E-1;;
30/11/2021  10:22:51,129922;9,397488E-1;5,983390E-2;8,992954E-2;9,423622E-1;;
30/11/2021  10:22:51,130022;9,391409E-1;1,219570E-1;1,259458E-1;9,422731E-1;;
30/11/2021  10:22:51,130122;9,392094E-1;1,216384E-1;1,069899E-1;9,421824E-1;;
30/11/2021  10:22:51,130222;9,385597E-1;1,210013E-1;1,227865E-1;9,420901E-1;;
30/11/2021  10:22:51,130322;9,387653E-1;1,232313E-1;1,256299E-1;9,419964E-1;;
30/11/2021  10:22:51,130422;9,396863E-1;1,210013E-1;1,253139E-1;9,419014E-1;;
30/11/2021  10:22:51,130522;9,400320E-1;1,127182E-1;1,123607E-1;9,418053E-1;;
30/11/2021  10:22:51,130622;9,398889E-1;1,302401E-1;1,259458E-1;9,417085E-1;;
30/11/2021  10:22:51,130722;9,396416E-1;1,057094E-1;1,095173E-1;9,416113E-1;;
30/11/2021  10:22:51,130822;9,398204E-1;1,025236E-1;7,697633E-2;9,415142E-1;;
30/11/2021  10:22:51,130922;9,395015E-1;1,229127E-1;1,518522E-1;9,414173E-1;;
30/11/2021  10:22:51,131022;9,399157E-1;1,356559E-1;1,606983E-1;9,413209E-1;;
30/11/2021  10:22:51,131122;9,405684E-1;6,365686E-2;1,212068E-1;9,412253E-1;;
30/11/2021  10:22:51,131222;9,399843E-1;1,260985E-1;1,294210E-1;9,411310E-1;;
30/11/2021  10:22:51,131322;9,403628E-1;4,390490E-2;7,666040E-2;9,410381E-1;;
30/11/2021  10:22:51,131422;9,401571E-1;1,388417E-1;1,360556E-1;9,409471E-1;;
30/11/2021  10:22:51,131522;9,395492E-1;1,187712E-1;1,152041E-1;9,408582E-1;;
30/11/2021  10:22:51,131622;9,391885E-1;1,296029E-1;1,575390E-1;9,407715E-1;;
30/11/2021  10:22:51,131722;9,389054E-1;1,483991E-1;1,449017E-1;9,406871E-1;;
30/11/2021  10:22:51,131822;9,394449E-1;1,241871E-1;1,142563E-1;9,406050E-1;;
30/11/2021  10:22:51,131922;9,394657E-1;1,407532E-1;1,660692E-1;9,405252E-1;;
30/11/2021  10:22:51,132022;9,387206E-1;1,289658E-1;1,202590E-1;9,404477E-1;;
30/11/2021  10:22:51,132122;9,385239E-1;1,362931E-1;1,253139E-1;9,403725E-1;;
30/11/2021  10:22:51,132222;9,377133E-1;1,108067E-1;1,003553E-1;9,402995E-1;;
30/11/2021  10:22:51,132322;9,373348E-1;9,360338E-2;9,119327E-2;9,402283E-1;;
30/11/2021  10:22:51,132422;9,376835E-1;1,181340E-1;1,025668E-1;9,401588E-1;;
30/11/2021  10:22:51,132522;9,377461E-1;1,296029E-1;1,856569E-1;9,400907E-1;;
30/11/2021  10:22:51,132622;9,376746E-1;8,436456E-2;1,076217E-1;9,400236E-1;;
30/11/2021  10:22:51,132722;9,378474E-1;1,187712E-1;1,486929E-1;9,399575E-1;;
30/11/2021  10:22:51,132822;9,378265E-1;1,490363E-1;1,597505E-1;9,398921E-1;;
30/11/2021  10:22:51,132922;9,368580E-1;1,413904E-1;1,417424E-1;9,398274E-1;;
30/11/2021  10:22:51,133022;9,372394E-1;1,139925E-1;1,205749E-1;9,397632E-1;;
30/11/2021  10:22:51,133122;9,377520E-1;1,397975E-1;1,379512E-1;9,396993E-1;;
30/11/2021  10:22:51,133222;9,382527E-1;1,388417E-1;1,316326E-1;9,396357E-1;;
30/11/2021  10:22:51,133322;9,383451E-1;1,343816E-1;1,347919E-1;9,395723E-1;;
30/11/2021  10:22:51,133422;9,379905E-1;1,264171E-1;1,275255E-1;9,395093E-1;;
30/11/2021  10:22:51,133522;9,376358E-1;1,388417E-1;1,341600E-1;9,394467E-1;;
30/11/2021  10:22:51,133622;9,376269E-1;1,397975E-1;1,114129E-1;9,393847E-1;;
30/11/2021  10:22:51,133722;9,385061E-1;8,086018E-2;8,519056E-2;9,393232E-1;;
30/11/2021  10:22:51,133822;9,389889E-1;1,044351E-1;1,145722E-1;9,392623E-1;;
30/11/2021  10:22:51,133922;9,395134E-1;1,251428E-1;1,256299E-1;9,392023E-1;;
30/11/2021  10:22:51,134022;9,397697E-1;3,817046E-2;8,645429E-2;9,391435E-1;;
30/11/2021  10:22:51,134122;9,402525E-1;1,031608E-1;1,054102E-1;9,390863E-1;;
30/11/2021  10:22:51,134222;9,398859E-1;1,366117E-1;1,335282E-1;9,390312E-1;;
30/11/2021  10:22:51,134322;9,398770E-1;1,229127E-1;1,341600E-1;9,389784E-1;;
30/11/2021  10:22:51,134422;9,406787E-1;1,458505E-1;1,474292E-1;9,389285E-1;;
30/11/2021  10:22:51,134522;9,413105E-1;1,350188E-1;1,360556E-1;9,388817E-1;;
30/11/2021  10:22:51,134622;9,417039E-1;1,375674E-1;1,354238E-1;9,388385E-1;;
30/11/2021  10:22:51,134722;9,419125E-1;1,614609E-1;1,341600E-1;9,387993E-1;;
30/11/2021  10:22:51,134822;9,415728E-1;1,407532E-1;1,316326E-1;9,387648E-1;;
30/11/2021  10:22:51,134922;9,408307E-1;1,350188E-1;1,303688E-1;9,387352E-1;;
30/11/2021  10:22:51,135022;9,415102E-1;1,296029E-1;1,284732E-1;9,387108E-1;;
30/11/2021  10:22:51,135122;9,422612E-1;1,315144E-1;1,287892E-1;9,386918E-1;;
30/11/2021  10:22:51,135222;9,424043E-1;1,162226E-1;1,189953E-1;9,386784E-1;;
30/11/2021  10:22:51,135322;9,426129E-1;8,659462E-2;1,212068E-1;9,386708E-1;;
30/11/2021  10:22:51,135422;9,422851E-1;1,343816E-1;1,812339E-1;9,386694E-1;;
30/11/2021  10:22:51,135522;9,423953E-1;1,159040E-1;1,180475E-1;9,386743E-1;;
30/11/2021  10:22:51,135622;9,422434E-1;1,139925E-1;1,224705E-1;9,386855E-1;;
30/11/2021  10:22:51,135722;9,428454E-1;1,130368E-1;1,215227E-1;9,387031E-1;;
30/11/2021  10:22:51,135822;9,436530E-1;1,289658E-1;1,281573E-1;9,387272E-1;;
30/11/2021  10:22:51,135922;9,440137E-1;9,392196E-2;9,909157E-2;9,387578E-1;;
30/11/2021  10:22:51,136022;9,440584E-1;1,251428E-1;2,295715E-1;9,387951E-1;;
30/11/2021  10:22:51,136122;9,441239E-1;9,901924E-2;1,085695E-1;9,388393E-1;;
30/11/2021  10:22:51,136222;9,438140E-1;1,031608E-1;1,177316E-1;9,388904E-1;;
30/11/2021  10:22:51,136322;9,436322E-1;1,187712E-1;1,158360E-1;9,389485E-1;;
30/11/2021  10:22:51,136422;9,444726E-1;1,385232E-1;1,471132E-1;9,390133E-1;;
30/11/2021  10:22:51,136522;9,447677E-1;9,678918E-2;1,082536E-1;9,390849E-1;;
30/11/2021  10:22:51,136622;9,453965E-1;2,051064E-1;1,714400E-1;9,391633E-1;;
30/11/2021  10:22:51,136722;9,455425E-1;1,722926E-1;1,202590E-1;9,392483E-1;;
30/11/2021  10:22:51,136822;9,452624E-1;1,872659E-1;1,723878E-1;9,393401E-1;;
30/11/2021  10:22:51,136922;9,452237E-1;1,888588E-1;1,853410E-1;9,394385E-1;;
30/11/2021  10:22:51,137022;9,453876E-1;1,458505E-1;1,373193E-1;9,395434E-1;;
30/11/2021  10:22:51,137122;9,457989E-1;1,264171E-1;1,240502E-1;9,396548E-1;;
30/11/2021  10:22:51,137222;9,467317E-1;1,283286E-1;1,275255E-1;9,397723E-1;;
30/11/2021  10:22:51,137322;9,466602E-1;1,423461E-1;1,581709E-1;9,398959E-1;;
30/11/2021  10:22:51,137422;9,466780E-1;1,636910E-1;2,093518E-1;9,400255E-1;;
30/11/2021  10:22:51,137522;9,464426E-1;1,178155E-1;1,212068E-1;9,401611E-1;;
30/11/2021  10:22:51,137622;9,453756E-1;1,286472E-1;1,249980E-1;9,403023E-1;;
30/11/2021  10:22:51,137722;9,455545E-1;1,222756E-1;1,227865E-1;9,404489E-1;;
30/11/2021  10:22:51,137822;9,455187E-1;1,280100E-1;1,341600E-1;9,406003E-1;;
30/11/2021  10:22:51,137922;9,459270E-1;1,324701E-1;1,196272E-1;9,407559E-1;;
30/11/2021  10:22:51,138022;9,457601E-1;1,334259E-1;1,284732E-1;9,409154E-1;;
30/11/2021  10:22:51,138122;9,449524E-1;1,302401E-1;1,354238E-1;9,410782E-1;;
30/11/2021  10:22:51,138222;9,447230E-1;1,598680E-1;1,866047E-1;9,412437E-1;;
30/11/2021  10:22:51,138322;9,443683E-1;1,710183E-1;1,777586E-1;9,414113E-1;;
30/11/2021  10:22:51,138422;9,447975E-1;1,289658E-1;1,373193E-1;9,415801E-1;;
30/11/2021  10:22:51,138522;9,447587E-1;1,292843E-1;1,341600E-1;9,417497E-1;;
30/11/2021  10:22:51,138622;9,448958E-1;1,337445E-1;1,471132E-1;9,419192E-1;;
30/11/2021  10:22:51,138722;9,445501E-1;1,130368E-1;1,351078E-1;9,420882E-1;;
30/11/2021  10:22:51,138822;9,439332E-1;1,235499E-1;1,265777E-1;9,422561E-1;;
30/11/2021  10:22:51,138922;9,441478E-1;1,327887E-1;1,272095E-1;9,424223E-1;;
30/11/2021  10:22:51,139022;9,442074E-1;1,289658E-1;1,310007E-1;9,425861E-1;;
30/11/2021  10:22:51,139122;9,442700E-1;1,283286E-1;1,297370E-1;9,427470E-1;;
30/11/2021  10:22:51,139222;9,449107E-1;1,305587E-1;1,275255E-1;9,429045E-1;;
30/11/2021  10:22:51,139322;9,450150E-1;1,264171E-1;1,262617E-1;9,430584E-1;;
30/11/2021  10:22:51,139422;9,442998E-1;1,257800E-1;1,177316E-1;9,432082E-1;;
30/11/2021  10:22:51,139522;9,443653E-1;1,555128E-2;7,034176E-2;9,433537E-1;;
30/11/2021  10:22:51,139622;9,441031E-1;1,225942E-1;1,107811E-1;9,434946E-1;;
30/11/2021  10:22:51,139722;9,439034E-1;1,171783E-1;1,205749E-1;9,436306E-1;;
30/11/2021  10:22:51,139822;9,439153E-1;1,111253E-1;1,060421E-1;9,437614E-1;;
30/11/2021  10:22:51,139922;9,446276E-1;1,570008E-1;1,824976E-1;9,438866E-1;;
30/11/2021  10:22:51,140022;9,442700E-1;1,726112E-1;1,430061E-1;9,440062E-1;;
30/11/2021  10:22:51,140122;9,435338E-1;1,248242E-1;1,392149E-1;9,441199E-1;;
30/11/2021  10:22:51,140222;9,430182E-1;1,060280E-1;1,287892E-1;9,442275E-1;;
30/11/2021  10:22:51,140322;9,426248E-1;2,032998E-2;7,571260E-2;9,443289E-1;;
30/11/2021  10:22:51,140422;9,423804E-1;1,375674E-1;1,332122E-1;9,444236E-1;;
30/11/2021  10:22:51,140522;9,425801E-1;1,283286E-1;1,291051E-1;9,445113E-1;;
30/11/2021  10:22:51,140622;9,429676E-1;1,280100E-1;1,202590E-1;9,445917E-1;;
30/11/2021  10:22:51,140722;9,428305E-1;1,382046E-1;1,603824E-1;9,446647E-1;;
30/11/2021  10:22:51,140822;9,418917E-1;1,133553E-1;9,182514E-2;9,447302E-1;;
30/11/2021  10:22:51,140922;9,422076E-1;1,123996E-1;8,992954E-2;9,447880E-1;;
30/11/2021  10:22:51,141022;9,422612E-1;1,385232E-1;1,180475E-1;9,448380E-1;;
30/11/2021  10:22:51,141122;9,421390E-1;2,542726E-2;7,065769E-2;9,448802E-1;;
30/11/2021  10:22:51,141222;9,428394E-1;1,359745E-1;1,297370E-1;9,449145E-1;;
30/11/2021  10:22:51,141322;9,430570E-1;3,594040E-2;7,128955E-2;9,449411E-1;;
30/11/2021  10:22:51,141422;9,430003E-1;1,334259E-1;1,262617E-1;9,449603E-1;;
30/11/2021  10:22:51,141522;9,430838E-1;1,305587E-1;1,313166E-1;9,449722E-1;;
30/11/2021  10:22:51,141622;9,426844E-1;1,483991E-1;1,809180E-1;9,449772E-1;;
30/11/2021  10:22:51,141722;9,430749E-1;1,254614E-1;1,167838E-1;9,449756E-1;;
30/11/2021  10:22:51,141822;9,443385E-1;1,206827E-1;1,291051E-1;9,449678E-1;;
30/11/2021  10:22:51,141922;9,447736E-1;1,321516E-1;1,291051E-1;9,449543E-1;;
30/11/2021  10:22:51,142022;9,453071E-1;1,359745E-1;1,316326E-1;9,449356E-1;;
30/11/2021  10:22:51,142122;9,458912E-1;1,324701E-1;1,297370E-1;9,449127E-1;;
30/11/2021  10:22:51,142222;9,456677E-1;1,283286E-1;1,218387E-1;9,448862E-1;;
30/11/2021  10:22:51,142322;9,454055E-1;1,369303E-1;1,287892E-1;9,448570E-1;;
30/11/2021  10:22:51,142422;9,457303E-1;1,241871E-1;1,256299E-1;9,448259E-1;;
30/11/2021  10:22:51,142522;9,454293E-1;1,149482E-1;1,212068E-1;9,447933E-1;;
30/11/2021  10:22:51,142622;9,466631E-1;9,360338E-2;1,022509E-1;9,447600E-1;;
30/11/2021  10:22:51,142722;9,466095E-1;1,369303E-1;1,196272E-1;9,447266E-1;;
30/11/2021  10:22:51,142822;9,470387E-1;9,901924E-2;9,403666E-2;9,446938E-1;;
30/11/2021  10:22:51,142922;9,466006E-1;5,155082E-2;7,444887E-2;9,446621E-1;;
30/11/2021  10:22:51,143022;9,460611E-1;1,149482E-1;1,471132E-1;9,446323E-1;;
30/11/2021  10:22:51,143122;9,472205E-1;1,334259E-1;1,537478E-1;9,446047E-1;;
30/11/2021  10:22:51,143222;9,463800E-1;1,225942E-1;1,600664E-1;9,445797E-1;;
30/11/2021  10:22:51,143322;9,470089E-1;1,152668E-1;1,167838E-1;9,445577E-1;;
30/11/2021  10:22:51,143422;9,467585E-1;1,181340E-1;1,553275E-1;9,445391E-1;;
30/11/2021  10:22:51,143522;9,466929E-1;1,079395E-1;1,170997E-1;9,445240E-1;;
30/11/2021  10:22:51,143622;9,466751E-1;9,201048E-2;9,245700E-2;9,445128E-1;;
30/11/2021  10:22:51,143722;9,459300E-1;1,471248E-1;1,543797E-1;9,445055E-1;;
30/11/2021  10:22:51,143822;9,461148E-1;-2,299690E-2;5,264957E-2;9,445021E-1;;
30/11/2021  10:22:51,143922;9,465320E-1;8,277166E-2;8,361090E-2;9,445026E-1;;
30/11/2021  10:22:51,144022;9,471072E-1;9,137332E-2;1,202590E-1;9,445070E-1;;
30/11/2021  10:22:51,144122;9,467525E-1;9,742634E-2;8,961361E-2;9,445153E-1;;
30/11/2021  10:22:51,144222;9,467406E-1;9,169190E-2;9,340479E-2;9,445274E-1;;
30/11/2021  10:22:51,144322;9,464456E-1;3,848904E-2;5,296550E-2;9,445435E-1;;
30/11/2021  10:22:51,144422;9,455604E-1;1,841850E-2;8,329497E-2;9,445633E-1;;
30/11/2021  10:22:51,144522;9,460641E-1;9,870066E-2;1,019350E-1;9,445867E-1;;
30/11/2021  10:22:51,144622;9,460075E-1;1,557265E-1;1,559593E-1;9,446133E-1;;
30/11/2021  10:22:51,144722;9,464545E-1;1,512664E-1;1,461654E-1;9,446429E-1;;
30/11/2021  10:22:51,144822;9,456469E-1;1,649653E-1;1,701763E-1;9,446753E-1;;
30/11/2021  10:22:51,144922;9,458614E-1;1,608238E-1;1,742834E-1;9,447102E-1;;
30/11/2021  10:22:51,145022;9,449554E-1;1,570008E-1;1,556434E-1;9,447473E-1;;
30/11/2021  10:22:51,145122;9,448750E-1;1,088952E-1;1,215227E-1;9,447863E-1;;
30/11/2021  10:22:51,145222;9,449018E-1;1,229127E-1;1,281573E-1;9,448266E-1;;
30/11/2021  10:22:51,145322;9,446544E-1;1,203641E-1;1,215227E-1;9,448679E-1;;
30/11/2021  10:22:51,145422;9,442968E-1;1,194084E-1;1,268936E-1;9,449097E-1;;
30/11/2021  10:22:51,145522;9,435070E-1;1,216384E-1;1,133085E-1;9,449515E-1;;
30/11/2021  10:22:51,145622;9,429884E-1;1,238685E-1;1,199431E-1;9,449927E-1;;
30/11/2021  10:22:51,145722;9,423834E-1;1,206827E-1;1,060421E-1;9,450328E-1;;
30/11/2021  10:22:51,145822;9,419006E-1;1,225942E-1;1,183634E-1;9,450710E-1;;
30/11/2021  10:22:51,145922;9,423179E-1;-3,032424E-2;9,403666E-2;9,451065E-1;;
30/11/2021  10:22:51,146022;9,422851E-1;8,436456E-2;1,073058E-1;9,451389E-1;;
30/11/2021  10:22:51,146122;9,416652E-1;1,022050E-1;1,281573E-1;9,451675E-1;;
30/11/2021  10:22:51,146222;9,418589E-1;1,254614E-1;1,284732E-1;9,451918E-1;;
30/11/2021  10:22:51,146322;9,414834E-1;1,171783E-1;1,234183E-1;9,452114E-1;;
30/11/2021  10:22:51,146422;9,405416E-1;1,229127E-1;1,297370E-1;9,452257E-1;;
30/11/2021  10:22:51,146522;9,412062E-1;1,238685E-1;1,237343E-1;9,452345E-1;;
30/11/2021  10:22:51,146622;9,418947E-1;1,159040E-1;1,205749E-1;9,452372E-1;;
30/11/2021  10:22:51,146722;9,415489E-1;1,181340E-1;1,322644E-1;9,452338E-1;;
30/11/2021  10:22:51,146822;9,417546E-1;1,174969E-1;1,208909E-1;9,452241E-1;;
30/11/2021  10:22:51,146922;9,412181E-1;1,200455E-1;1,212068E-1;9,452081E-1;;
30/11/2021  10:22:51,147022;9,406966E-1;1,155854E-1;1,145722E-1;9,451857E-1;;
30/11/2021  10:22:51,147122;9,408247E-1;1,327887E-1;1,249980E-1;9,451570E-1;;
30/11/2021  10:22:51,147222;9,410542E-1;1,311958E-1;1,294210E-1;9,451218E-1;;
30/11/2021  10:22:51,147322;9,410810E-1;4,963934E-2;8,898175E-2;9,450803E-1;;
30/11/2021  10:22:51,147422;9,419185E-1;1,573194E-1;9,340479E-2;9,450325E-1;;
30/11/2021  10:22:51,147522;9,418529E-1;1,436204E-1;1,395309E-1;9,449787E-1;;
30/11/2021  10:22:51,147622;9,410125E-1;1,213198E-1;1,300529E-1;9,449193E-1;;
30/11/2021  10:22:51,147722;9,411228E-1;1,098510E-1;1,199431E-1;9,448545E-1;;
30/11/2021  10:22:51,147822;9,413016E-1;1,152668E-1;1,240502E-1;9,447846E-1;;
30/11/2021  10:22:51,147922;9,417874E-1;1,181340E-1;1,205749E-1;9,447099E-1;;
30/11/2021  10:22:51,148022;9,417903E-1;1,280100E-1;1,167838E-1;9,446307E-1;;
30/11/2021  10:22:51,148122;9,419870E-1;1,133553E-1;1,164678E-1;9,445475E-1;;
30/11/2021  10:22:51,148222;9,416473E-1;1,292843E-1;1,310007E-1;9,444608E-1;;
30/11/2021  10:22:51,148322;9,417427E-1;1,181340E-1;1,249980E-1;9,443709E-1;;
30/11/2021  10:22:51,148422;9,412599E-1;1,216384E-1;1,193112E-1;9,442783E-1;;
30/11/2021  10:22:51,148522;9,413493E-1;1,337445E-1;1,401627E-1;9,441834E-1;;
30/11/2021  10:22:51,148622;9,414864E-1;1,114439E-1;1,022509E-1;9,440863E-1;;
30/11/2021  10:22:51,148722;9,417754E-1;1,254614E-1;1,126766E-1;9,439876E-1;;
30/11/2021  10:22:51,148822;9,421212E-1;8,659462E-2;3,337771E-2;9,438875E-1;;
30/11/2021  10:22:51,148922;9,415460E-1;1,719741E-1;1,938712E-1;9,437864E-1;;
30/11/2021  10:22:51,149022;9,410274E-1;1,108067E-1;1,256299E-1;9,436849E-1;;
30/11/2021  10:22:51,149122;9,410870E-1;1,280100E-1;1,287892E-1;9,435830E-1;;
30/11/2021  10:22:51,149222;9,414327E-1;1,229127E-1;1,231024E-1;9,434810E-1;;
30/11/2021  10:22:51,149322;9,419483E-1;1,114439E-1;1,174156E-1;9,433792E-1;;
30/11/2021  10:22:51,149422;9,420616E-1;1,292843E-1;1,335282E-1;9,432779E-1;;
30/11/2021  10:22:51,149522;9,419721E-1;2,420617E-1;2,039810E-1;9,431775E-1;;
30/11/2021  10:22:51,149622;9,413910E-1;1,206827E-1;1,278414E-1;9,430782E-1;;
30/11/2021  10:22:51,149722;9,402197E-1;1,200455E-1;1,249980E-1;9,429804E-1;;
30/11/2021  10:22:51,149822;9,408605E-1;1,362931E-1;1,313166E-1;9,428841E-1;;
30/11/2021  10:22:51,149922;9,403836E-1;1,216384E-1;1,234183E-1;9,427893E-1;;
30/11/2021  10:22:51,150022;9,409857E-1;1,229127E-1;1,167838E-1;9,426960E-1;;
30/11/2021  10:22:51,150122;9,410959E-1;1,276914E-1;1,199431E-1;9,426043E-1;;
30/11/2021  10:22:51,150222;9,403836E-1;1,410718E-1;1,442698E-1;9,425142E-1;;
30/11/2021  10:22:51,150322;9,401959E-1;2,315485E-1;2,093518E-1;9,424258E-1;;
30/11/2021  10:22:51,150422;9,396266E-1;7,289568E-2;5,707262E-2;9,423390E-1;;
30/11/2021  10:22:51,150522;9,394747E-1;1,270543E-1;1,401627E-1;9,422537E-1;;
30/11/2021  10:22:51,150622;9,392392E-1;9,583344E-2;1,240502E-1;9,421698E-1;;
30/11/2021  10:22:51,150722;9,399336E-1;1,190898E-1;1,745993E-1;9,420870E-1;;
30/11/2021  10:22:51,150822;9,396565E-1;1,076209E-1;7,887192E-2;9,420053E-1;;
30/11/2021  10:22:51,150922;9,390246E-1;1,448948E-1;1,392149E-1;9,419246E-1;;
30/11/2021  10:22:51,151022;9,387773E-1;1,423461E-1;1,407946E-1;9,418446E-1;;
30/11/2021  10:22:51,151122;9,380024E-1;1,397975E-1;1,477451E-1;9,417654E-1;;
30/11/2021  10:22:51,151222;9,381484E-1;1,130368E-1;1,281573E-1;9,416864E-1;;
30/11/2021  10:22:51,151322;9,381246E-1;1,088952E-1;1,082536E-1;9,416076E-1;;
30/11/2021  10:22:51,151422;9,380322E-1;1,152668E-1;1,234183E-1;9,415285E-1;;
30/11/2021  10:22:51,151522;9,373080E-1;1,155854E-1;1,088855E-1;9,414491E-1;;
30/11/2021  10:22:51,151622;9,377431E-1;3,466608E-2;7,887192E-2;9,413690E-1;;
30/11/2021  10:22:51,151722;9,370517E-1;8,213450E-2;6,528685E-2;9,412881E-1;;
30/11/2021  10:22:51,151822;9,369146E-1;7,576290E-2;7,508074E-2;9,412060E-1;;
30/11/2021  10:22:51,151922;9,371321E-1;9,838208E-2;1,054102E-1;9,411227E-1;;
30/11/2021  10:22:51,152022;9,371232E-1;1,104881E-1;1,430061E-1;9,410377E-1;;
30/11/2021  10:22:51,152122;9,374421E-1;9,041758E-2;8,992954E-2;9,409512E-1;;
30/11/2021  10:22:51,152222;9,369384E-1;1,006121E-1;1,300529E-1;9,408630E-1;;
30/11/2021  10:22:51,152322;9,370964E-1;1,034794E-1;1,297370E-1;9,407731E-1;;
30/11/2021  10:22:51,152422;9,363245E-1;8,850610E-2;1,227865E-1;9,406815E-1;;
30/11/2021  10:22:51,152522;9,360533E-1;1,340630E-1;1,414265E-1;9,405881E-1;;
30/11/2021  10:22:51,152622;9,367060E-1;1,296029E-1;1,366875E-1;9,404928E-1;;
30/11/2021  10:22:51,152722;9,367328E-1;1,429833E-1;1,221546E-1;9,403956E-1;;
30/11/2021  10:22:51,152822;9,363126E-1;1,799386E-1;1,578549E-1;9,402966E-1;;
30/11/2021  10:22:51,152922;9,364854E-1;1,608238E-1;1,385831E-1;9,401957E-1;;
30/11/2021  10:22:51,153022;9,359937E-1;1,503106E-1;1,445858E-1;9,400931E-1;;
30/11/2021  10:22:51,153122;9,361546E-1;1,614609E-1;1,847091E-1;9,399889E-1;;
30/11/2021  10:22:51,153222;9,360294E-1;1,468062E-1;1,338441E-1;9,398830E-1;;
30/11/2021  10:22:51,153322;9,361397E-1;1,356559E-1;1,376353E-1;9,397756E-1;;
30/11/2021  10:22:51,153422;9,356897E-1;5,792242E-2;1,038306E-1;9,396667E-1;;
30/11/2021  10:22:51,153522;9,360086E-1;5,601094E-2;8,708615E-2;9,395565E-1;;
30/11/2021  10:22:51,153622;9,348880E-1;1,114439E-1;1,035146E-1;9,394450E-1;;
30/11/2021  10:22:51,153722;9,351502E-1;1,120810E-1;1,392149E-1;9,393322E-1;;
30/11/2021  10:22:51,153822;9,342800E-1;1,334259E-1;1,363715E-1;9,392182E-1;;
30/11/2021  10:22:51,153922;9,342234E-1;1,280100E-1;1,313166E-1;9,391029E-1;;
30/11/2021  10:22:51,154022;9,348462E-1;1,461691E-1;1,411105E-1;9,389861E-1;;
30/11/2021  10:22:51,154122;9,344409E-1;1,413904E-1;1,385831E-1;9,388679E-1;;
30/11/2021  10:22:51,154222;9,340624E-1;1,200455E-1;1,167838E-1;9,387483E-1;;
30/11/2021  10:22:51,154322;9,338180E-1;1,200455E-1;1,028828E-1;9,386272E-1;;
30/11/2021  10:22:51,154422;9,339522E-1;1,210013E-1;1,167838E-1;9,385046E-1;;
30/11/2021  10:22:51,154522;9,335021E-1;1,334259E-1;1,310007E-1;9,383806E-1;;
30/11/2021  10:22:51,154622;9,343247E-1;1,350188E-1;1,332122E-1;9,382551E-1;;
30/11/2021  10:22:51,154722;9,341489E-1;4,677212E-2;1,028828E-1;9,381282E-1;;
30/11/2021  10:22:51,154822;9,341667E-1;1,420275E-1;1,294210E-1;9,380001E-1;;
30/11/2021  10:22:51,154922;9,342412E-1;1,178155E-1;1,117289E-1;9,378710E-1;;
30/11/2021  10:22:51,155022;9,342204E-1;4,263058E-2;4,822652E-2;9,377411E-1;;
30/11/2021  10:22:51,155122;9,340624E-1;1,706997E-1;1,913437E-1;9,376105E-1;;
30/11/2021  10:22:51,155222;9,341608E-1;1,213198E-1;2,185139E-1;9,374796E-1;;
30/11/2021  10:22:51,155322;9,343962E-1;8,946184E-2;1,442698E-1;9,373486E-1;;
30/11/2021  10:22:51,155422;9,356539E-1;1,280100E-1;1,306848E-1;9,372176E-1;;
30/11/2021  10:22:51,155522;9,353380E-1;1,464877E-1;1,578549E-1;9,370873E-1;;
30/11/2021  10:22:51,155622;9,347360E-1;1,429833E-1;1,360556E-1;9,369579E-1;;
30/11/2021  10:22:51,155722;9,343038E-1;1,276914E-1;1,287892E-1;9,368299E-1;;
30/11/2021  10:22:51,155822;9,341042E-1;1,299215E-1;1,414265E-1;9,367036E-1;;
30/11/2021  10:22:51,155922;9,343903E-1;1,324701E-1;1,370034E-1;9,365791E-1;;
30/11/2021  10:22:51,156022;9,343277E-1;9,806350E-2;8,708615E-2;9,364565E-1;;
30/11/2021  10:22:51,156122;9,340922E-1;1,359745E-1;1,262617E-1;9,363360E-1;;
30/11/2021  10:22:51,156222;9,344946E-1;1,356559E-1;1,145722E-1;9,362178E-1;;
30/11/2021  10:22:51,156322;9,341161E-1;1,280100E-1;1,199431E-1;9,361020E-1;;
30/11/2021  10:22:51,156422;9,336035E-1;1,555128E-2;7,255328E-2;9,359887E-1;;
30/11/2021  10:22:51,156522;9,336064E-1;1,305587E-1;1,417424E-1;9,358780E-1;;
30/11/2021  10:22:51,156622;9,338836E-1;9,360338E-2;7,539667E-2;9,357699E-1;;
30/11/2021  10:22:51,156722;9,340386E-1;1,299215E-1;1,588027E-1;9,356644E-1;;
30/11/2021  10:22:51,156822;9,340922E-1;1,474434E-1;1,632258E-1;9,355614E-1;;
30/11/2021  10:22:51,156922;9,338478E-1;1,417090E-1;1,742834E-1;9,354613E-1;;
30/11/2021  10:22:51,157022;9,335707E-1;1,302401E-1;1,246821E-1;9,353639E-1;;
30/11/2021  10:22:51,157122;9,331981E-1;1,331073E-1;1,275255E-1;9,352692E-1;;
30/11/2021  10:22:51,157222;9,329925E-1;1,340630E-1;1,351078E-1;9,351773E-1;;
30/11/2021  10:22:51,157322;9,338866E-1;1,382046E-1;1,332122E-1;9,350879E-1;;
30/11/2021  10:22:51,157422;9,336899E-1;1,276914E-1;1,189953E-1;9,350012E-1;;
30/11/2021  10:22:51,157522;9,343277E-1;1,302401E-1;1,281573E-1;9,349170E-1;;
30/11/2021  10:22:51,157622;9,344588E-1;1,340630E-1;1,253139E-1;9,348355E-1;;
30/11/2021  10:22:51,157722;9,340028E-1;1,378860E-1;1,231024E-1;9,347569E-1;;
30/11/2021  10:22:51,157822;9,329120E-1;-3,669584E-2;1,600145E-2;9,346812E-1;;
30/11/2021  10:22:51,157922;9,340207E-1;1,002936E-1;9,845971E-2;9,346085E-1;;
30/11/2021  10:22:51,158022;9,339879E-1;1,337445E-1;1,606983E-1;9,345385E-1;;
30/11/2021  10:22:51,158122;9,345780E-1;1,433019E-1;1,537478E-1;9,344715E-1;;
30/11/2021  10:22:51,158222;9,349565E-1;1,378860E-1;1,407946E-1;9,344074E-1;;
30/11/2021  10:22:51,158322;9,345929E-1;1,394789E-1;1,373193E-1;9,343465E-1;;
30/11/2021  10:22:51,158422;9,343366E-1;1,264171E-1;1,237343E-1;9,342890E-1;;
30/11/2021  10:22:51,158522;9,341846E-1;1,397975E-1;1,442698E-1;9,342348E-1;;
30/11/2021  10:22:51,158622;9,346317E-1;1,334259E-1;1,291051E-1;9,341840E-1;;
30/11/2021  10:22:51,158722;9,348462E-1;1,257800E-1;1,208909E-1;9,341367E-1;;
30/11/2021  10:22:51,158822;9,352098E-1;1,264171E-1;1,316326E-1;9,340930E-1;;
30/11/2021  10:22:51,158922;9,347956E-1;1,334259E-1;1,196272E-1;9,340528E-1;;
30/11/2021  10:22:51,159022;9,342144E-1;1,353374E-1;1,218387E-1;9,340164E-1;;
30/11/2021  10:22:51,159122;9,343396E-1;1,296029E-1;1,205749E-1;9,339835E-1;;
30/11/2021  10:22:51,159222;9,341816E-1;1,276914E-1;1,205749E-1;9,339543E-1;;
30/11/2021  10:22:51,159322;9,341757E-1;1,283286E-1;1,189953E-1;9,339284E-1;;
30/11/2021  10:22:51,159422;9,350161E-1;1,267357E-1;1,461654E-1;9,339058E-1;;
30/11/2021  10:22:51,159522;9,349982E-1;-1,407666E-2;-1,274836E-2;9,338864E-1;;
30/11/2021  10:22:51,159622;9,345721E-1;1,442576E-1;1,948190E-1;9,338702E-1;;
30/11/2021  10:22:51,159722;9,344379E-1;1,111253E-1;1,259458E-1;9,338572E-1;;
30/11/2021  10:22:51,159822;9,344290E-1;1,047537E-1;1,076217E-1;9,338472E-1;;
30/11/2021  10:22:51,159922;9,343366E-1;1,088952E-1;1,186794E-1;9,338400E-1;;
30/11/2021  10:22:51,160022;9,355615E-1;1,076209E-1;1,136244E-1;9,338357E-1;;
30/11/2021  10:22:51,160122;9,354691E-1;1,069837E-1;9,940750E-2;9,338341E-1;;
30/11/2021  10:22:51,160222;9,357493E-1;9,232906E-2;1,098333E-1;9,338352E-1;;
30/11/2021  10:22:51,160322;9,362649E-1;1,047537E-1;1,139404E-1;9,338393E-1;;
30/11/2021  10:22:51,160422;9,363394E-1;1,050723E-1;1,133085E-1;9,338463E-1;;
30/11/2021  10:22:51,160522;9,362649E-1;1,085766E-1;1,148882E-1;9,338565E-1;;
30/11/2021  10:22:51,160622;9,369980E-1;7,586778E-3;7,002583E-2;9,338700E-1;;
30/11/2021  10:22:51,160722;9,370994E-1;1,101695E-1;1,430061E-1;9,338869E-1;;
30/11/2021  10:22:51,160822;9,378444E-1;1,442576E-1;1,170997E-1;9,339076E-1;;
30/11/2021  10:22:51,160922;9,380799E-1;1,531778E-1;1,110970E-1;9,339321E-1;;
30/11/2021  10:22:51,161022;9,382676E-1;1,716555E-1;1,477451E-1;9,339608E-1;;
30/11/2021  10:22:51,161122;9,376090E-1;1,742041E-1;1,730197E-1;9,339940E-1;;
30/11/2021  10:22:51,161222;9,378713E-1;1,573194E-1;1,512204E-1;9,340318E-1;;
30/11/2021  10:22:51,161322;9,384435E-1;1,053908E-1;9,087734E-2;9,340742E-1;;
30/11/2021  10:22:51,161422;9,390336E-1;1,254614E-1;1,287892E-1;9,341215E-1;;
30/11/2021  10:22:51,161522;9,393972E-1;1,264171E-1;1,284732E-1;9,341737E-1;;
30/11/2021  10:22:51,161622;9,390246E-1;1,375674E-1;1,461654E-1;9,342310E-1;;
30/11/2021  10:22:51,161722;9,390783E-1;1,232313E-1;1,129926E-1;9,342936E-1;;
30/11/2021  10:22:51,161822;9,384465E-1;1,260985E-1;1,262617E-1;9,343614E-1;;
30/11/2021  10:22:51,161922;9,387653E-1;1,280100E-1;1,265777E-1;9,344344E-1;;
30/11/2021  10:22:51,162022;9,389263E-1;1,257800E-1;1,272095E-1;9,345125E-1;;
30/11/2021  10:22:51,162122;9,389322E-1;1,232313E-1;1,158360E-1;9,345955E-1;;
30/11/2021  10:22:51,162222;9,397250E-1;1,143111E-1;1,221546E-1;9,346832E-1;;
30/11/2021  10:22:51,162322;9,391707E-1;1,283286E-1;1,502726E-1;9,347754E-1;;
30/11/2021  10:22:51,162422;9,388130E-1;1,047537E-1;1,047783E-1;9,348721E-1;;
30/11/2021  10:22:51,162522;9,396266E-1;1,735670E-1;1,897641E-1;9,349731E-1;;
30/11/2021  10:22:51,162622;9,392034E-1;1,442576E-1;1,471132E-1;9,350779E-1;;
30/11/2021  10:22:51,162722;9,398293E-1;1,264171E-1;1,385831E-1;9,351865E-1;;
30/11/2021  10:22:51,162822;9,400409E-1;1,241871E-1;1,234183E-1;9,352986E-1;;
30/11/2021  10:22:51,162922;9,405148E-1;5,186940E-2;1,047783E-1;9,354141E-1;;
30/11/2021  10:22:51,163022;9,404880E-1;1,222756E-1;1,278414E-1;9,355329E-1;;
30/11/2021  10:22:51,163122;9,408277E-1;1,318330E-1;1,322644E-1;9,356548E-1;;
30/11/2021  10:22:51,163222;9,403538E-1;1,356559E-1;1,404787E-1;9,357797E-1;;
30/11/2021  10:22:51,163322;9,409559E-1;1,533758E-3;6,212753E-2;9,359076E-1;;
30/11/2021  10:22:51,163422;9,419960E-1;1,206827E-1;1,114129E-1;9,360382E-1;;
30/11/2021  10:22:51,163522;9,424311E-1;1,213198E-1;1,297370E-1;9,361716E-1;;
30/11/2021  10:22:51,163622;9,428305E-1;1,127182E-1;9,814378E-2;9,363078E-1;;
30/11/2021  10:22:51,163722;9,423477E-1;1,292843E-1;1,392149E-1;9,364470E-1;;
30/11/2021  10:22:51,163822;9,424341E-1;3,243602E-2;6,370719E-2;9,365893E-1;;
30/11/2021  10:22:51,163922;9,427142E-1;1,206827E-1;1,332122E-1;9,367345E-1;;
30/11/2021  10:22:51,164022;9,428066E-1;1,044351E-1;1,057261E-1;9,368827E-1;;
30/11/2021  10:22:51,164122;9,433699E-1;1,117624E-1;1,736515E-1;9,370337E-1;;
30/11/2021  10:22:51,164222;9,439719E-1;1,206827E-1;1,212068E-1;9,371877E-1;;
30/11/2021  10:22:51,164322;9,435726E-1;1,174969E-1;1,398468E-1;9,373445E-1;;
30/11/2021  10:22:51,164422;9,431941E-1;1,413904E-1;1,594346E-1;9,375042E-1;;
30/11/2021  10:22:51,164522;9,431106E-1;-3,191714E-2;7,508074E-2;9,376667E-1;;
30/11/2021  10:22:51,164622;9,429825E-1;1,213198E-1;1,259458E-1;9,378317E-1;;
30/11/2021  10:22:51,164722;9,432984E-1;1,331073E-1;1,319485E-1;9,379990E-1;;
30/11/2021  10:22:51,164822;9,438736E-1;1,111253E-1;1,016190E-1;9,381682E-1;;
30/11/2021  10:22:51,164922;9,437812E-1;1,219570E-1;1,281573E-1;9,383392E-1;;
30/11/2021  10:22:51,165022;9,438855E-1;1,203641E-1;1,044624E-1;9,385118E-1;;
30/11/2021  10:22:51,165122;9,430242E-1;1,098510E-1;9,056141E-2;9,386857E-1;;
30/11/2021  10:22:51,165222;9,433908E-1;3,116170E-2;3,116619E-2;9,388607E-1;;
30/11/2021  10:22:51,165322;9,437305E-1;1,359745E-1;1,328963E-1;9,390363E-1;;
30/11/2021  10:22:51,165422;9,436739E-1;1,238685E-1;1,382671E-1;9,392123E-1;;
30/11/2021  10:22:51,165522;9,402913E-1;-1,407666E-2;5,833634E-2;9,393883E-1;;
30/11/2021  10:22:51,165622;9,412628E-1;1,356559E-1;1,496407E-1;9,395636E-1;;
30/11/2021  10:22:51,165722;9,404313E-1;1,292843E-1;1,404787E-1;9,397374E-1;;
30/11/2021  10:22:51,165822;9,403062E-1;1,315144E-1;1,240502E-1;9,399088E-1;;
30/11/2021  10:22:51,165922;9,404522E-1;1,264171E-1;1,253139E-1;9,400770E-1;;
30/11/2021  10:22:51,166022;9,401840E-1;1,229127E-1;1,221546E-1;9,402412E-1;;
30/11/2021  10:22:51,166122;9,411824E-1;1,168597E-1;1,227865E-1;9,404007E-1;;
30/11/2021  10:22:51,166222;9,411138E-1;1,388417E-1;1,325804E-1;9,405550E-1;;
30/11/2021  10:22:51,166322;9,420735E-1;1,241871E-1;1,287892E-1;9,407037E-1;;
30/11/2021  10:22:51,166422;9,421122E-1;1,184526E-1;1,164678E-1;9,408466E-1;;
30/11/2021  10:22:51,166522;9,421390E-1;1,229127E-1;1,221546E-1;9,409836E-1;;
30/11/2021  10:22:51,166622;9,417665E-1;1,273729E-1;1,249980E-1;9,411146E-1;;
30/11/2021  10:22:51,166722;9,422553E-1;1,257800E-1;1,234183E-1;9,412397E-1;;
30/11/2021  10:22:51,166822;9,428394E-1;1,356559E-1;1,278414E-1;9,413587E-1;;
30/11/2021  10:22:51,166922;9,438020E-1;1,547707E-1;1,673329E-1;9,414719E-1;;
30/11/2021  10:22:51,167022;9,437395E-1;1,652839E-1;1,101492E-1;9,415795E-1;;
30/11/2021  10:22:51,167122;9,436739E-1;1,382046E-1;1,452176E-1;9,416818E-1;;
30/11/2021  10:22:51,167222;9,439600E-1;1,143111E-1;1,212068E-1;9,417793E-1;;
30/11/2021  10:22:51,167322;9,432000E-1;1,241871E-1;1,259458E-1;9,418722E-1;;
30/11/2021  10:22:51,167422;9,441418E-1;1,311958E-1;1,300529E-1;9,419609E-1;;
30/11/2021  10:22:51,167522;9,442580E-1;1,060280E-1;1,221546E-1;9,420455E-1;;
30/11/2021  10:22:51,167622;9,449644E-1;1,254614E-1;1,221546E-1;9,421265E-1;;
30/11/2021  10:22:51,167722;9,452296E-1;1,292843E-1;1,278414E-1;9,422043E-1;;
30/11/2021  10:22:51,167822;9,449226E-1;1,439390E-1;1,404787E-1;9,422793E-1;;
30/11/2021  10:22:51,167922;9,451402E-1;1,245056E-1;1,234183E-1;9,423519E-1;;
30/11/2021  10:22:51,168022;9,443772E-1;1,251428E-1;1,240502E-1;9,424226E-1;;
30/11/2021  10:22:51,168122;9,449912E-1;1,334259E-1;1,445858E-1;9,424916E-1;;
30/11/2021  10:22:51,168222;9,455545E-1;1,050723E-1;1,148882E-1;9,425591E-1;;
30/11/2021  10:22:51,168322;9,456171E-1;1,060280E-1;9,245700E-2;9,426254E-1;;
30/11/2021  10:22:51,168422;9,453458E-1;5,824100E-2;2,048550E-4;9,426909E-1;;
30/11/2021  10:22:51,168522;9,453786E-1;1,311958E-1;1,164678E-1;9,427558E-1;;
30/11/2021  10:22:51,168622;9,452952E-1;1,429833E-1;1,550115E-1;9,428204E-1;;
30/11/2021  10:22:51,168722;9,444607E-1;1,187712E-1;1,237343E-1;9,428847E-1;;
30/11/2021  10:22:51,168822;9,452952E-1;1,251428E-1;1,167838E-1;9,429489E-1;;
30/11/2021  10:22:51,168922;9,458674E-1;1,289658E-1;1,306848E-1;9,430129E-1;;
30/11/2021  10:22:51,169022;9,456886E-1;1,139925E-1;1,231024E-1;9,430769E-1;;
30/11/2021  10:22:51,169122;9,453816E-1;1,550893E-1;1,600664E-1;9,431410E-1;;
30/11/2021  10:22:51,169222;9,449107E-1;1,334259E-1;1,319485E-1;9,432052E-1;;
30/11/2021  10:22:51,169322;9,443415E-1;1,378860E-1;1,335282E-1;9,432697E-1;;
30/11/2021  10:22:51,169422;9,438438E-1;1,302401E-1;1,218387E-1;9,433341E-1;;
30/11/2021  10:22:51,169522;9,448183E-1;1,324701E-1;1,325804E-1;9,433982E-1;;
30/11/2021  10:22:51,169622;9,446455E-1;1,318330E-1;1,060421E-1;9,434618E-1;;
30/11/2021  10:22:51,169722;9,449495E-1;1,340630E-1;1,246821E-1;9,435248E-1;;
30/11/2021  10:22:51,169822;9,442998E-1;1,213198E-1;1,303688E-1;9,435871E-1;;
30/11/2021  10:22:51,169922;9,442312E-1;9,137332E-2;8,961361E-2;9,436485E-1;;
30/11/2021  10:22:51,170022;9,431762E-1;1,620981E-1;1,518522E-1;9,437089E-1;;
30/11/2021  10:22:51,170122;9,435010E-1;1,614609E-1;1,376353E-1;9,437679E-1;;
30/11/2021  10:22:51,170222;9,432239E-1;1,397975E-1;1,682807E-1;9,438251E-1;;
30/11/2021  10:22:51,170322;9,437752E-1;1,276914E-1;1,227865E-1;9,438804E-1;;
30/11/2021  10:22:51,170422;9,432716E-1;7,544432E-2;9,814378E-2;9,439333E-1;;
30/11/2021  10:22:51,170522;9,429318E-1;1,203641E-1;1,243661E-1;9,439837E-1;;
30/11/2021  10:22:51,170622;9,429109E-1;1,060280E-1;1,063580E-1;9,440313E-1;;
30/11/2021  10:22:51,170722;9,416234E-1;1,092138E-1;1,303688E-1;9,440758E-1;;
30/11/2021  10:22:51,170822;9,421480E-1;1,343816E-1;1,338441E-1;9,441168E-1;;
30/11/2021  10:22:51,170922;9,424520E-1;1,031608E-1;1,009872E-1;9,441540E-1;;
30/11/2021  10:22:51,171022;9,421241E-1;1,009307E-1;1,145722E-1;9,441871E-1;;
30/11/2021  10:22:51,171122;9,420288E-1;1,069837E-1;9,972343E-2;9,442159E-1;;
30/11/2021  10:22:51,171222;9,412092E-1;9,328480E-2;1,148882E-1;9,442401E-1;;
30/11/2021  10:22:51,171322;9,410453E-1;5,155082E-2;4,822652E-2;9,442596E-1;;
30/11/2021  10:22:51,171422;9,409410E-1;1,006121E-1;1,281573E-1;9,442740E-1;;
30/11/2021  10:22:51,171522;9,407949E-1;9,519628E-2;8,992954E-2;9,442831E-1;;
30/11/2021  10:22:51,171622;9,412360E-1;4,836502E-2;1,812339E-1;9,442866E-1;;
30/11/2021  10:22:51,171722;9,411496E-1;-1,630672E-2;5,422923E-2;9,442844E-1;;
30/11/2021  10:22:51,171822;9,414268E-1;1,073023E-1;1,433221E-1;9,442764E-1;;
30/11/2021  10:22:51,171922;9,411436E-1;1,203641E-1;1,483770E-1;9,442628E-1;;
30/11/2021  10:22:51,172022;9,405118E-1;2,366458E-1;1,963986E-1;9,442436E-1;;
30/11/2021  10:22:51,172122;9,409559E-1;1,538150E-1;1,385831E-1;9,442187E-1;;
30/11/2021  10:22:51,172222;9,404760E-1;1,719741E-1;1,515363E-1;9,441883E-1;;
30/11/2021  10:22:51,172322;9,411257E-1;1,742041E-1;1,483770E-1;9,441523E-1;;
30/11/2021  10:22:51,172422;9,413820E-1;1,678325E-1;1,641736E-1;9,441111E-1;;
30/11/2021  10:22:51,172522;9,411675E-1;2,447152E-2;7,350108E-2;9,440647E-1;;
30/11/2021  10:22:51,172622;9,407651E-1;1,404346E-1;1,474292E-1;9,440135E-1;;
30/11/2021  10:22:51,172722;9,402674E-1;1,369303E-1;1,692285E-1;9,439576E-1;;
30/11/2021  10:22:51,172822;9,400886E-1;1,426647E-1;1,297370E-1;9,438974E-1;;
30/11/2021  10:22:51,172922;9,400081E-1;1,210013E-1;1,316326E-1;9,438327E-1;;
30/11/2021  10:22:51,173022;9,398383E-1;1,487177E-1;1,550115E-1;9,437639E-1;;
30/11/2021  10:22:51,173122;9,400767E-1;1,302401E-1;1,322644E-1;9,436909E-1;;
30/11/2021  10:22:51,173222;9,402555E-1;1,459554E-2;4,917431E-2;9,436140E-1;;
30/11/2021  10:22:51,173322;9,390723E-1;1,324701E-1;1,537478E-1;9,435333E-1;;
30/11/2021  10:22:51,173422;9,383451E-1;1,053908E-1;1,170997E-1;9,434489E-1;;
30/11/2021  10:22:51,173522;9,381961E-1;1,292843E-1;1,338441E-1;9,433608E-1;;
30/11/2021  10:22:51,173622;9,379100E-1;1,292843E-1;1,265777E-1;9,432689E-1;;
30/11/2021  10:22:51,173722;9,382050E-1;1,178155E-1;1,246821E-1;9,431732E-1;;
30/11/2021  10:22:51,173822;9,378474E-1;1,289658E-1;1,253139E-1;9,430735E-1;;
30/11/2021  10:22:51,173922;9,373467E-1;1,216384E-1;9,087734E-2;9,429699E-1;;
30/11/2021  10:22:51,174022;9,367060E-1;1,108067E-1;1,104651E-1;9,428624E-1;;
30/11/2021  10:22:51,174122;9,362917E-1;1,178155E-1;1,180475E-1;9,427508E-1;;
30/11/2021  10:22:51,174222;9,365271E-1;1,238685E-1;1,291051E-1;9,426350E-1;;
30/11/2021  10:22:51,174322;9,365569E-1;1,225942E-1;1,407946E-1;9,425148E-1;;
30/11/2021  10:22:51,174422;9,362679E-1;1,283286E-1;1,193112E-1;9,423904E-1;;
30/11/2021  10:22:51,174522;9,358655E-1;1,139925E-1;1,088855E-1;9,422616E-1;;
30/11/2021  10:22:51,174622;9,354274E-1;-6,441230E-2;2,484755E-2;9,421286E-1;;
30/11/2021  10:22:51,174722;9,352814E-1;6,301970E-2;1,360556E-1;9,419912E-1;;
30/11/2021  10:22:51,174822;9,350340E-1;1,251428E-1;1,300529E-1;9,418494E-1;;
30/11/2021  10:22:51,174922;9,350817E-1;1,028422E-1;1,543797E-1;9,417033E-1;;
30/11/2021  10:22:51,175022;9,347270E-1;1,079395E-1;1,208909E-1;9,415528E-1;;
30/11/2021  10:22:51,175122;9,349029E-1;1,413904E-1;1,657532E-1;9,413981E-1;;
30/11/2021  10:22:51,175222;9,348075E-1;1,194084E-1;1,193112E-1;9,412392E-1;;
30/11/2021  10:22:51,175322;9,346078E-1;1,178155E-1;1,117289E-1;9,410763E-1;;
30/11/2021  10:22:51,175422;9,338151E-1;1,436204E-1;1,575390E-1;9,409096E-1;;
30/11/2021  10:22:51,175522;9,334038E-1;1,206827E-1;1,287892E-1;9,407391E-1;;
30/11/2021  10:22:51,175622;9,333084E-1;7,608148E-2;9,372073E-2;9,405649E-1;;
30/11/2021  10:22:51,175722;9,335319E-1;1,200455E-1;1,224705E-1;9,403870E-1;;
30/11/2021  10:22:51,175822;9,336362E-1;1,181340E-1;1,000394E-1;9,402056E-1;;
30/11/2021  10:22:51,175922;9,329180E-1;1,069837E-1;9,719598E-2;9,400208E-1;;
30/11/2021  10:22:51,176022;9,321163E-1;1,270543E-1;1,278414E-1;9,398328E-1;;
30/11/2021  10:22:51,176122;9,312699E-1;1,429833E-1;1,584868E-1;9,396416E-1;;
30/11/2021  10:22:51,176222;9,312431E-1;9,870066E-2;8,740209E-2;9,394472E-1;;
30/11/2021  10:22:51,176322;9,319166E-1;1,127182E-1;1,471132E-1;9,392495E-1;;
30/11/2021  10:22:51,176422;9,317646E-1;1,436204E-1;1,632258E-1;9,390485E-1;;
30/11/2021  10:22:51,176522;9,312669E-1;1,375674E-1;1,667010E-1;9,388444E-1;;
30/11/2021  10:22:51,176622;9,312818E-1;1,184526E-1;1,237343E-1;9,386374E-1;;
30/11/2021  10:22:51,176722;9,303192E-1;1,245056E-1;1,246821E-1;9,384275E-1;;
30/11/2021  10:22:51,176822;9,305785E-1;1,267357E-1;1,249980E-1;9,382148E-1;;
30/11/2021  10:22:51,176922;9,312848E-1;1,286472E-1;1,272095E-1;9,379996E-1;;
30/11/2021  10:22:51,177022;9,316007E-1;1,143111E-1;1,142563E-1;9,377819E-1;;
30/11/2021  10:22:51,177122;9,318689E-1;1,248242E-1;1,259458E-1;9,375623E-1;;
30/11/2021  10:22:51,177222;9,322057E-1;1,222756E-1;1,193112E-1;9,373411E-1;;
30/11/2021  10:22:51,177322;9,319971E-1;1,197269E-1;1,079377E-1;9,371190E-1;;
30/11/2021  10:22:51,177422;9,316663E-1;9,296622E-2;6,339125E-2;9,368964E-1;;
30/11/2021  10:22:51,177522;9,321789E-1;1,139925E-1;1,009872E-1;9,366739E-1;;
30/11/2021  10:22:51,177622;9,319941E-1;7,608148E-2;1,215227E-1;9,364520E-1;;
30/11/2021  10:22:51,177722;9,328047E-1;1,375674E-1;1,471132E-1;9,362312E-1;;
30/11/2021  10:22:51,177822;9,329925E-1;1,120810E-1;1,262617E-1;9,360121E-1;;
30/11/2021  10:22:51,177922;9,330730E-1;1,130368E-1;1,161519E-1;9,357955E-1;;
30/11/2021  10:22:51,178022;9,327630E-1;1,206827E-1;1,237343E-1;9,355819E-1;;
30/11/2021  10:22:51,178122;9,324590E-1;1,165411E-1;1,262617E-1;9,353718E-1;;
30/11/2021  10:22:51,178222;9,329925E-1;1,171783E-1;1,180475E-1;9,351659E-1;;
30/11/2021  10:22:51,178322;9,336839E-1;1,401161E-1;1,300529E-1;9,349645E-1;;
30/11/2021  10:22:51,178422;9,340863E-1;1,350188E-1;1,385831E-1;9,347682E-1;;
30/11/2021  10:22:51,178522;9,339283E-1;1,305587E-1;1,246821E-1;9,345776E-1;;
30/11/2021  10:22:51,178622;9,337435E-1;1,264171E-1;1,234183E-1;9,343934E-1;;
30/11/2021  10:22:51,178722;9,337525E-1;1,280100E-1;1,199431E-1;9,342158E-1;;
30/11/2021  10:22:51,178822;9,331862E-1;1,174969E-1;1,117289E-1;9,340455E-1;;
30/11/2021  10:22:51,178922;9,338985E-1;1,066652E-1;1,076217E-1;9,338825E-1;;
30/11/2021  10:22:51,179022;9,338121E-1;9,519628E-2;1,278414E-1;9,337272E-1;;
30/11/2021  10:22:51,179122;9,345393E-1;-1,853678E-2;-1,058873E-3;9,335799E-1;;
30/11/2021  10:22:51,179222;9,347986E-1;1,382046E-1;1,802861E-1;9,334407E-1;;
30/11/2021  10:22:51,179322;9,347002E-1;8,340882E-2;1,167838E-1;9,333101E-1;;
30/11/2021  10:22:51,179422;9,347598E-1;9,519628E-2;1,133085E-1;9,331883E-1;;
30/11/2021  10:22:51,179522;9,352069E-1;9,583344E-2;1,142563E-1;9,330755E-1;;
30/11/2021  10:22:51,179622;9,356837E-1;9,519628E-2;1,019350E-1;9,329720E-1;;
30/11/2021  10:22:51,179722;9,360413E-1;9,615202E-2;9,308886E-2;9,328779E-1;;
30/11/2021  10:22:51,179822;9,365510E-1;1,108067E-1;1,205749E-1;9,327936E-1;;
30/11/2021  10:22:51,179922;9,368609E-1;1,216384E-1;1,366875E-1;9,327193E-1;;
30/11/2021  10:22:51,180022;9,368967E-1;1,248242E-1;1,347919E-1;9,326553E-1;;
30/11/2021  10:22:51,180122;9,372961E-1;1,359745E-1;1,338441E-1;9,326019E-1;;
30/11/2021  10:22:51,180222;9,373914E-1;1,190898E-1;1,300529E-1;9,325592E-1;;
30/11/2021  10:22:51,180322;9,381901E-1;1,461691E-1;1,625939E-1;9,325274E-1;;
30/11/2021  10:22:51,180422;9,393703E-1;1,267357E-1;1,098333E-1;9,325067E-1;;
30/11/2021  10:22:51,180522;9,399932E-1;1,216384E-1;9,150920E-2;9,324974E-1;;
30/11/2021  10:22:51,180622;9,402972E-1;1,515849E-1;1,385831E-1;9,324999E-1;;
30/11/2021  10:22:51,180722;9,399694E-1;1,538150E-1;1,562753E-1;9,325145E-1;;
30/11/2021  10:22:51,180822;9,399694E-1;1,146297E-1;1,205749E-1;9,325414E-1;;
30/11/2021  10:22:51,180922;9,407025E-1;9,742634E-2;9,372073E-2;9,325808E-1;;
30/11/2021  10:22:51,181022;9,411853E-1;1,264171E-1;1,303688E-1;9,326328E-1;;
30/11/2021  10:22:51,181122;9,413016E-1;1,248242E-1;1,278414E-1;9,326973E-1;;
30/11/2021  10:22:51,181222;9,415877E-1;1,385232E-1;1,505885E-1;9,327744E-1;;
30/11/2021  10:22:51,181322;9,410870E-1;1,280100E-1;1,272095E-1;9,328641E-1;;
30/11/2021  10:22:51,181422;9,413373E-1;1,343816E-1;1,376353E-1;9,329662E-1;;
30/11/2021  10:22:51,181522;9,412926E-1;1,210013E-1;1,139404E-1;9,330804E-1;;
30/11/2021  10:22:51,181622;9,409678E-1;1,181340E-1;1,224705E-1;9,332064E-1;;
30/11/2021  10:22:51,181722;9,421450E-1;1,219570E-1;1,126766E-1;9,333437E-1;;
30/11/2021  10:22:51,181822;9,420228E-1;1,359745E-1;1,363715E-1;9,334919E-1;;
30/11/2021  10:22:51,181922;9,423238E-1;1,267357E-1;1,455336E-1;9,336507E-1;;
30/11/2021  10:22:51,182022;9,418887E-1;8,965980E-4;7,223735E-2;9,338195E-1;;
30/11/2021  10:22:51,182122;9,417814E-1;2,041506E-1;2,564257E-1;9,339980E-1;;
30/11/2021  10:22:51,182222;9,426427E-1;1,397975E-1;1,401627E-1;9,341854E-1;;
30/11/2021  10:22:51,182322;9,422821E-1;1,375674E-1;1,695444E-1;9,343814E-1;;
30/11/2021  10:22:51,182422;9,433610E-1;1,366117E-1;1,354238E-1;9,345852E-1;;
30/11/2021  10:22:51,182522;9,432388E-1;3,625898E-2;9,024547E-2;9,347964E-1;;
30/11/2021  10:22:51,182622;9,434683E-1;1,305587E-1;1,303688E-1;9,350146E-1;;
30/11/2021  10:22:51,182722;9,430719E-1;1,324701E-1;1,325804E-1;9,352393E-1;;
30/11/2021  10:22:51,182822;9,435398E-1;1,378860E-1;1,512204E-1;9,354700E-1;;
30/11/2021  10:22:51,182922;9,438140E-1;4,135626E-2;9,719598E-2;9,357060E-1;;
30/11/2021  10:22:51,183022;9,442431E-1;1,375674E-1;1,212068E-1;9,359469E-1;;
30/11/2021  10:22:51,183122;9,446663E-1;1,225942E-1;1,284732E-1;9,361923E-1;;
30/11/2021  10:22:51,183222;9,448750E-1;1,206827E-1;1,076217E-1;9,364418E-1;;
30/11/2021  10:22:51,183322;9,442431E-1;1,573194E-1;1,619620E-1;9,366949E-1;;
30/11/2021  10:22:51,183422;9,443266E-1;1,726112E-1;1,859729E-1;9,369513E-1;;
30/11/2021  10:22:51,183522;9,438825E-1;1,404346E-1;1,486929E-1;9,372103E-1;;
30/11/2021  10:22:51,183622;9,441984E-1;1,210013E-1;1,152041E-1;9,374714E-1;;
30/11/2021  10:22:51,183722;9,443504E-1;1,952304E-1;1,843932E-1;9,377340E-1;;
30/11/2021  10:22:51,183822;9,443325E-1;1,327887E-1;1,344760E-1;9,379975E-1;;
30/11/2021  10:22:51,183922;9,450270E-1;1,308772E-1;1,521681E-1;9,382613E-1;;
30/11/2021  10:22:51,184022;9,441329E-1;1,417090E-1;1,521681E-1;9,385251E-1;;
30/11/2021  10:22:51,184122;9,434981E-1;1,808943E-1;1,856569E-1;9,387881E-1;;
30/11/2021  10:22:51,184222;9,426636E-1;1,324701E-1;1,316326E-1;9,390498E-1;;
30/11/2021  10:22:51,184322;9,427142E-1;1,232313E-1;1,278414E-1;9,393094E-1;;
30/11/2021  10:22:51,184422;9,434385E-1;1,267357E-1;1,098333E-1;9,395661E-1;;
30/11/2021  10:22:51,184522;9,430480E-1;1,359745E-1;1,294210E-1;9,398191E-1;;
30/11/2021  10:22:51,184622;9,432865E-1;1,076209E-1;8,329497E-2;9,400678E-1;;
30/11/2021  10:22:51,184722;9,423536E-1;7,958586E-2;6,149566E-2;9,403116E-1;;
30/11/2021  10:22:51,184822;9,425146E-1;1,378860E-1;1,881844E-1;9,405498E-1;;
30/11/2021  10:22:51,184922;9,425712E-1;8,404598E-2;9,877564E-2;9,407820E-1;;
30/11/2021  10:22:51,185022;9,426278E-1;1,369303E-1;1,310007E-1;9,410074E-1;;
30/11/2021  10:22:51,185122;9,429795E-1;6,397544E-2;9,877564E-2;9,412257E-1;;
30/11/2021  10:22:51,185222;9,434772E-1;1,139925E-1;1,237343E-1;9,414364E-1;;
30/11/2021  10:22:51,185322;9,432537E-1;1,203641E-1;1,013031E-1;9,416394E-1;;
30/11/2021  10:22:51,185422;9,425473E-1;1,834429E-1;1,802861E-1;9,418343E-1;;
30/11/2021  10:22:51,185522;9,423298E-1;1,292843E-1;1,300529E-1;9,420211E-1;;
30/11/2021  10:22:51,185622;9,422642E-1;1,334259E-1;1,297370E-1;9,421994E-1;;
30/11/2021  10:22:51,185722;9,425801E-1;1,372488E-1;1,322644E-1;9,423689E-1;;
30/11/2021  10:22:51,185822;9,426695E-1;1,245056E-1;1,275255E-1;9,425294E-1;;
30/11/2021  10:22:51,185922;9,424907E-1;1,388417E-1;1,281573E-1;9,426809E-1;;
30/11/2021  10:22:51,186022;9,422642E-1;1,809992E-2;8,582243E-2;9,428233E-1;;
30/11/2021  10:22:51,186122;9,415817E-1;1,088952E-1;1,082536E-1;9,429565E-1;;
30/11/2021  10:22:51,186222;9,409261E-1;1,280100E-1;1,262617E-1;9,430804E-1;;
30/11/2021  10:22:51,186322;9,414804E-1;1,334259E-1;1,319485E-1;9,431947E-1;;
30/11/2021  10:22:51,186422;9,417099E-1;1,219570E-1;1,129926E-1;9,432993E-1;;
30/11/2021  10:22:51,186522;9,420467E-1;1,178155E-1;1,054102E-1;9,433943E-1;;
30/11/2021  10:22:51,186622;9,417993E-1;1,436204E-1;1,310007E-1;9,434796E-1;;
30/11/2021  10:22:51,186722;9,414625E-1;1,235499E-1;1,183634E-1;9,435554E-1;;
30/11/2021  10:22:51,186822;9,411228E-1;8,723178E-2;9,845971E-2;9,436219E-1;;
30/11/2021  10:22:51,186922;9,412420E-1;1,149482E-1;1,167838E-1;9,436791E-1;;
30/11/2021  10:22:51,187022;9,412241E-1;4,900218E-2;1,088855E-1;9,437271E-1;;
30/11/2021  10:22:51,187122;9,415311E-1;1,069837E-1;1,126766E-1;9,437660E-1;;
30/11/2021  10:22:51,187222;9,416831E-1;1,085766E-1;1,170997E-1;9,437962E-1;;
30/11/2021  10:22:51,187322;9,412241E-1;9,933782E-2;9,814378E-2;9,438179E-1;;
30/11/2021  10:22:51,187422;9,405893E-1;1,073023E-1;1,069899E-1;9,438314E-1;;
30/11/2021  10:22:51,187522;9,406698E-1;1,302401E-1;1,129926E-1;9,438368E-1;;
30/11/2021  10:22:51,187622;9,408009E-1;9,678918E-2;1,110970E-1;9,438344E-1;;
30/11/2021  10:22:51,187722;9,407085E-1;9,901924E-2;9,466852E-2;9,438243E-1;;
30/11/2021  10:22:51,187822;9,409380E-1;7,926728E-2;8,266311E-2;9,438069E-1;;
30/11/2021  10:22:51,187922;9,407502E-1;-9,297962E-3;2,547941E-2;9,437825E-1;;
30/11/2021  10:22:51,188022;9,399962E-1;6,588692E-2;7,255328E-2;9,437512E-1;;
30/11/2021  10:22:51,188122;9,400975E-1;9,041758E-2;1,110970E-1;9,437135E-1;;
30/11/2021  10:22:51,188222;9,394538E-1;2,363272E-1;2,270440E-1;9,436694E-1;;
30/11/2021  10:22:51,188322;9,398591E-1;1,034794E-1;1,297370E-1;9,436192E-1;;
30/11/2021  10:22:51,188422;9,402495E-1;1,541336E-1;1,654373E-1;9,435630E-1;;
30/11/2021  10:22:51,188522;9,403956E-1;1,662396E-1;1,442698E-1;9,435011E-1;;
30/11/2021  10:22:51,188622;9,400886E-1;2,009648E-1;2,036651E-1;9,434339E-1;;
30/11/2021  10:22:51,188722;9,395223E-1;1,799386E-1;1,512204E-1;9,433618E-1;;
30/11/2021  10:22:51,188822;9,393852E-1;1,652839E-1;1,512204E-1;9,432850E-1;;
30/11/2021  10:22:51,188922;9,395402E-1;1,557265E-1;1,486929E-1;9,432038E-1;;
30/11/2021  10:22:51,189022;9,396743E-1;1,378860E-1;1,395309E-1;9,431184E-1;;
30/11/2021  10:22:51,189122;9,403509E-1;1,216384E-1;1,189953E-1;9,430292E-1;;
30/11/2021  10:22:51,189222;9,401482E-1;1,206827E-1;1,174156E-1;9,429364E-1;;
30/11/2021  10:22:51,189322;9,405386E-1;1,174969E-1;1,148882E-1;9,428407E-1;;
30/11/2021  10:22:51,189422;9,403002E-1;1,219570E-1;9,719598E-2;9,427424E-1;;
30/11/2021  10:22:51,189522;9,399455E-1;1,155854E-1;1,278414E-1;9,426420E-1;;
30/11/2021  10:22:51,189622;9,403032E-1;1,286472E-1;1,528000E-1;9,425400E-1;;
30/11/2021  10:22:51,189722;9,401512E-1;1,206827E-1;1,357397E-1;9,424366E-1;;
30/11/2021  10:22:51,189822;9,408873E-1;1,643281E-1;1,929234E-1;9,423324E-1;;
30/11/2021  10:22:51,189922;9,405982E-1;7,831154E-2;7,381701E-2;9,422277E-1;;
30/11/2021  10:22:51,190022;9,405625E-1;1,203641E-1;1,224705E-1;9,421230E-1;;
30/11/2021  10:22:51,190122;9,402793E-1;1,273729E-1;1,265777E-1;9,420188E-1;;
30/11/2021  10:22:51,190222;9,405535E-1;1,120810E-1;1,183634E-1;9,419152E-1;;
30/11/2021  10:22:51,190322;9,409886E-1;1,203641E-1;1,221546E-1;9,418128E-1;;
30/11/2021  10:22:51,190422;9,413046E-1;1,238685E-1;1,212068E-1;9,417118E-1;;
30/11/2021  10:22:51,190522;9,417188E-1;1,283286E-1;1,461654E-1;9,416128E-1;;
30/11/2021  10:22:51,190622;9,414715E-1;1,168597E-1;1,085695E-1;9,415161E-1;;
30/11/2021  10:22:51,190722;9,417188E-1;1,174969E-1;1,095173E-1;9,414222E-1;;
30/11/2021  10:22:51,190822;9,416473E-1;1,213198E-1;1,006712E-1;9,413315E-1;;
30/11/2021  10:22:51,190922;9,418380E-1;1,251428E-1;1,417424E-1;9,412443E-1;;
30/11/2021  10:22:51,191022;9,425444E-1;1,375674E-1;1,268936E-1;9,411611E-1;;
30/11/2021  10:22:51,191122;9,425056E-1;1,104881E-1;1,455336E-1;9,410822E-1;;
30/11/2021  10:22:51,191222;9,433788E-1;1,483991E-1;2,106156E-1;9,410080E-1;;
30/11/2021  10:22:51,191322;9,423149E-1;1,286472E-1;1,335282E-1;9,409389E-1;;
30/11/2021  10:22:51,191422;9,425622E-1;1,614609E-1;1,629098E-1;9,408752E-1;;
30/11/2021  10:22:51,191522;9,422732E-1;1,222756E-1;1,126766E-1;9,408173E-1;;
30/11/2021  10:22:51,191622;9,430361E-1;1,299215E-1;1,306848E-1;9,407650E-1;;
30/11/2021  10:22:51,191722;9,438736E-1;1,216384E-1;1,249980E-1;9,407188E-1;;
30/11/2021  10:22:51,191822;9,439213E-1;1,257800E-1;1,126766E-1;9,406788E-1;;
30/11/2021  10:22:51,191922;9,442521E-1;1,267357E-1;1,306848E-1;9,406453E-1;;
30/11/2021  10:22:51,192022;9,443832E-1;1,280100E-1;1,303688E-1;9,406186E-1;;
30/11/2021  10:22:51,192122;9,438676E-1;1,347002E-1;1,268936E-1;9,405989E-1;;
30/11/2021  10:22:51,192222;9,436203E-1;1,057094E-1;9,845971E-2;9,405863E-1;;
30/11/2021  10:22:51,192322;9,441209E-1;1,697440E-1;1,588027E-1;9,405809E-1;;
30/11/2021  10:22:51,192422;9,446961E-1;1,232313E-1;1,291051E-1;9,405827E-1;;
30/11/2021  10:22:51,192522;9,447289E-1;1,280100E-1;1,306848E-1;9,405916E-1;;
30/11/2021  10:22:51,192622;9,449554E-1;-7,715550E-2;-4,218193E-3;9,406077E-1;;
30/11/2021  10:22:51,192722;9,443862E-1;8,149734E-2;9,498445E-2;9,406311E-1;;
30/11/2021  10:22:51,192822;9,441299E-1;1,347002E-1;1,344760E-1;9,406615E-1;;
30/11/2021  10:22:51,192922;9,442580E-1;1,213198E-1;1,253139E-1;9,406989E-1;;
30/11/2021  10:22:51,193022;9,444607E-1;1,210013E-1;1,259458E-1;9,407429E-1;;
30/11/2021  10:22:51,193122;9,449912E-1;1,280100E-1;1,265777E-1;9,407933E-1;;
30/11/2021  10:22:51,193222;9,449822E-1;1,194084E-1;1,411105E-1;9,408499E-1;;
30/11/2021  10:22:51,193322;9,452028E-1;1,735670E-1;1,850251E-1;9,409125E-1;;
30/11/2021  10:22:51,193422;9,445382E-1;1,194084E-1;1,110970E-1;9,409809E-1;;
30/11/2021  10:22:51,193522;9,442372E-1;1,327887E-1;1,215227E-1;9,410547E-1;;
30/11/2021  10:22:51,193622;9,439868E-1;1,375674E-1;1,268936E-1;9,411337E-1;;
30/11/2021  10:22:51,193722;9,444726E-1;1,069837E-1;1,199431E-1;9,412173E-1;;
30/11/2021  10:22:51,193822;9,459389E-1;1,232313E-1;1,284732E-1;9,413051E-1;;
30/11/2021  10:22:51,193922;9,451819E-1;1,197269E-1;1,050943E-1;9,413969E-1;;
30/11/2021  10:22:51,194022;9,447915E-1;1,190898E-1;1,278414E-1;9,414924E-1;;
30/11/2021  10:22:51,194122;9,445680E-1;1,273729E-1;1,341600E-1;9,415914E-1;;
30/11/2021  10:22:51,194222;9,438944E-1;1,382046E-1;1,442698E-1;9,416934E-1;;
30/11/2021  10:22:51,194322;9,441746E-1;1,194084E-1;1,300529E-1;9,417979E-1;;
30/11/2021  10:22:51,194422;9,442938E-1;1,366117E-1;1,524841E-1;9,419044E-1;;
30/11/2021  10:22:51,194522;9,451700E-1;9,647060E-2;1,196272E-1;9,420125E-1;;
30/11/2021  10:22:51,194622;9,448243E-1;1,455319E-1;1,682807E-1;9,421217E-1;;
30/11/2021  10:22:51,194722;9,440554E-1;1,203641E-1;1,246821E-1;9,422318E-1;;
30/11/2021  10:22:51,194822;9,433312E-1;1,340630E-1;1,322644E-1;9,423425E-1;;
30/11/2021  10:22:51,194922;9,437842E-1;1,614609E-1;1,657532E-1;9,424530E-1;;
30/11/2021  10:22:51,195022;9,434146E-1;1,289658E-1;1,357397E-1;9,425630E-1;;
30/11/2021  10:22:51,195122;9,444458E-1;1,404346E-1;1,310007E-1;9,426720E-1;;
30/11/2021  10:22:51,195222;9,445054E-1;1,168597E-1;1,351078E-1;9,427795E-1;;
30/11/2021  10:22:51,195322;9,443713E-1;1,127182E-1;9,593225E-2;9,428854E-1;;
30/11/2021  10:22:51,195422;9,446037E-1;1,127182E-1;1,341600E-1;9,429894E-1;;
30/11/2021  10:22:51,195522;9,443504E-1;5,569236E-2;7,634447E-2;9,430913E-1;;
30/11/2021  10:22:51,195622;9,448511E-1;9,806350E-2;1,088855E-1;9,431910E-1;;
30/11/2021  10:22:51,195722;9,456647E-1;9,551486E-2;1,120448E-1;9,432883E-1;;
30/11/2021  10:22:51,195822;9,465856E-1;1,152668E-1;1,979783E-1;9,433833E-1;;
30/11/2021  10:22:51,195922;9,471012E-1;8,532030E-2;7,160549E-2;9,434763E-1;;
30/11/2021  10:22:51,196022;9,471400E-1;9,838208E-2;1,328963E-1;9,435674E-1;;
30/11/2021  10:22:51,196122;9,470655E-1;9,742634E-2;1,107811E-1;9,436572E-1;;
30/11/2021  10:22:51,196222;9,473367E-1;9,615202E-2;1,107811E-1;9,437458E-1;;
30/11/2021  10:22:51,196322;9,479268E-1;9,838208E-2;1,085695E-1;9,438337E-1;;
30/11/2021  10:22:51,196422;9,486421E-1;1,041165E-1;1,164678E-1;9,439211E-1;;
30/11/2021  10:22:51,196522;9,495391E-1;1,079395E-1;1,076217E-1;9,440085E-1;;
30/11/2021  10:22:51,196622;9,494378E-1;1,299215E-1;1,351078E-1;9,440965E-1;;
30/11/2021  10:22:51,196722;9,494467E-1;8,149734E-2;9,656411E-2;9,441855E-1;;
30/11/2021  10:22:51,196822;9,490593E-1;1,388417E-1;1,294210E-1;9,442760E-1;;
30/11/2021  10:22:51,196922;9,491696E-1;1,815315E-1;2,008217E-1;9,443683E-1;;
30/11/2021  10:22:51,197022;9,495600E-1;1,283286E-1;1,294210E-1;9,444627E-1;;
30/11/2021  10:22:51,197122;9,503259E-1;1,592309E-1;1,531159E-1;9,445594E-1;;
30/11/2021  10:22:51,197222;9,507342E-1;1,401161E-1;1,303688E-1;9,446587E-1;;
30/11/2021  10:22:51,197322;9,505196E-1;5,696668E-2;6,907803E-2;9,447608E-1;;
30/11/2021  10:22:51,197422;9,505316E-1;1,799386E-1;1,610142E-1;9,448661E-1;;
30/11/2021  10:22:51,197522;9,496852E-1;1,123996E-1;1,161519E-1;9,449747E-1;;
30/11/2021  10:22:51,197622;9,495272E-1;1,292843E-1;1,335282E-1;9,450866E-1;;
30/11/2021  10:22:51,197722;9,502157E-1;1,216384E-1;1,246821E-1;9,452017E-1;;
30/11/2021  10:22:51,197822;9,512230E-1;1,197269E-1;1,231024E-1;9,453199E-1;;
30/11/2021  10:22:51,197922;9,515806E-1;1,197269E-1;2,245166E-1;9,454413E-1;;
30/11/2021  10:22:51,198022;9,514137E-1;1,382046E-1;1,310007E-1;9,455659E-1;;
30/11/2021  10:22:51,198122;9,509548E-1;1,308772E-1;1,202590E-1;9,456938E-1;;
30/11/2021  10:22:51,198222;9,509965E-1;6,684266E-2;7,634447E-2;9,458250E-1;;
30/11/2021  10:22:51,198322;9,511157E-1;1,410718E-1;1,540637E-1;9,459592E-1;;
30/11/2021  10:22:51,198422;9,515866E-1;1,260985E-1;1,224705E-1;9,460965E-1;;
30/11/2021  10:22:51,198522;9,513035E-1;1,184526E-1;1,256299E-1;9,462366E-1;;
30/11/2021  10:22:51,198622;9,512647E-1;1,057094E-1;1,281573E-1;9,463794E-1;;
30/11/2021  10:22:51,198722;9,503021E-1;3,530324E-2;5,896821E-2;9,465247E-1;;
30/11/2021  10:22:51,198822;9,497269E-1;1,420275E-1;1,635417E-1;9,466720E-1;;
30/11/2021  10:22:51,198922;9,493424E-1;8,372740E-2;1,253139E-1;9,468209E-1;;
30/11/2021  10:22:51,199022;9,485616E-1;1,200455E-1;1,275255E-1;9,469707E-1;;
30/11/2021  10:22:51,199122;9,490533E-1;1,343816E-1;1,300529E-1;9,471207E-1;;
30/11/2021  10:22:51,199222;9,480162E-1;1,292843E-1;1,262617E-1;9,472701E-1;;
30/11/2021  10:22:51,199322;9,472473E-1;1,318330E-1;1,385831E-1;9,474182E-1;;
30/11/2021  10:22:51,199422;9,467645E-1;1,194084E-1;1,145722E-1;9,475642E-1;;
30/11/2021  10:22:51,199522;9,456588E-1;1,292843E-1;1,281573E-1;9,477070E-1;;
30/11/2021  10:22:51,199622;9,448571E-1;9,519628E-2;1,152041E-1;9,478457E-1;;
30/11/2021  10:22:51,199722;9,444071E-1;1,442576E-1;1,480610E-1;9,479792E-1;;
30/11/2021  10:22:51,199822;9,447170E-1;1,264171E-1;1,205749E-1;9,481062E-1;;
30/11/2021  10:22:51,199922;9,439689E-1;1,168597E-1;1,136244E-1;9,482259E-1;;
30/11/2021  10:22:51,200022;9,430659E-1;1,197269E-1;1,063580E-1;9,483373E-1;;
30/11/2021  10:22:51,200122;9,417337E-1;5,569236E-2;7,034176E-2;9,484394E-1;;
30/11/2021  10:22:51,200222;9,409797E-1;1,324701E-1;1,667010E-1;9,485311E-1;;
30/11/2021  10:22:51,200322;9,400469E-1;1,308772E-1;1,347919E-1;9,486114E-1;;
30/11/2021  10:22:51,200422;9,397757E-1;1,391603E-1;1,284732E-1;9,486792E-1;;
30/11/2021  10:22:51,200522;9,399068E-1;5,824100E-2;8,171531E-2;9,487333E-1;;
30/11/2021  10:22:51,200622;9,401869E-1;1,219570E-1;1,328963E-1;9,487731E-1;;
30/11/2021  10:22:51,200722;9,391945E-1;1,589123E-1;1,913437E-1;9,487977E-1;;
30/11/2021  10:22:51,200822;9,391051E-1;1,296029E-1;1,287892E-1;9,488067E-1;;
30/11/2021  10:22:51,200922;9,384673E-1;1,257800E-1;1,268936E-1;9,487997E-1;;
30/11/2021  10:22:51,201022;9,385865E-1;1,321516E-1;1,249980E-1;9,487762E-1;;
30/11/2021  10:22:51,201122;9,382706E-1;1,296029E-1;1,297370E-1;9,487359E-1;;
30/11/2021  10:22:51,201222;9,385508E-1;1,315144E-1;1,319485E-1;9,486788E-1;;
30/11/2021  10:22:51,201322;9,383094E-1;1,181340E-1;1,189953E-1;9,486049E-1;;
30/11/2021  10:22:51,201422;9,379458E-1;1,308772E-1;1,291051E-1;9,485143E-1;;
30/11/2021  10:22:51,201522;9,380858E-1;7,130278E-2;7,160549E-2;9,484072E-1;;
30/11/2021  10:22:51,201622;9,374630E-1;1,506292E-1;2,017695E-1;9,482839E-1;;
30/11/2021  10:22:51,201722;9,372335E-1;1,190898E-1;1,227865E-1;9,481448E-1;;
30/11/2021  10:22:51,201822;9,373557E-1;1,203641E-1;1,208909E-1;9,479902E-1;;
30/11/2021  10:22:51,201922;9,376865E-1;1,327887E-1;1,351078E-1;9,478207E-1;;
30/11/2021  10:22:51,202022;9,374898E-1;1,321516E-1;1,518522E-1;9,476368E-1;;
30/11/2021  10:22:51,202122;9,378921E-1;1,276914E-1;1,262617E-1;9,474392E-1;;
30/11/2021  10:22:51,202222;9,370427E-1;1,299215E-1;1,281573E-1;9,472288E-1;;
30/11/2021  10:22:51,202322;9,368520E-1;1,350188E-1;1,325804E-1;9,470061E-1;;
30/11/2021  10:22:51,202422;9,370815E-1;1,356559E-1;1,411105E-1;9,467722E-1;;
30/11/2021  10:22:51,202522;9,374987E-1;1,292843E-1;1,272095E-1;9,465275E-1;;
30/11/2021  10:22:51,202622;9,378087E-1;1,366117E-1;1,455336E-1;9,462732E-1;;
30/11/2021  10:22:51,202722;9,373735E-1;1,436204E-1;1,376353E-1;9,460102E-1;;
30/11/2021  10:22:51,202822;9,374540E-1;1,216384E-1;1,199431E-1;9,457393E-1;;
30/11/2021  10:22:51,202922;9,363900E-1;1,178155E-1;1,322644E-1;9,454616E-1;;
30/11/2021  10:22:51,203022;9,364288E-1;1,585937E-1;1,654373E-1;9,451780E-1;;
30/11/2021  10:22:51,203122;9,367358E-1;1,216384E-1;1,031987E-1;9,448891E-1;;
30/11/2021  10:22:51,203222;9,375792E-1;1,225942E-1;1,259458E-1;9,445959E-1;;
30/11/2021  10:22:51,203322;9,368490E-1;8,245308E-2;1,442179E-2;9,442991E-1;;
30/11/2021  10:22:51,203422;9,369682E-1;1,334259E-1;1,493248E-1;9,439997E-1;;
30/11/2021  10:22:51,203522;9,356688E-1;1,168597E-1;1,208909E-1;9,436986E-1;;
30/11/2021  10:22:51,203622;9,357642E-1;1,057094E-1;1,114129E-1;9,433964E-1;;
30/11/2021  10:22:51,203722;9,356569E-1;1,101695E-1;1,136244E-1;9,430936E-1;;
30/11/2021  10:22:51,203822;9,355794E-1;1,092138E-1;1,183634E-1;9,427910E-1;;
30/11/2021  10:22:51,203922;9,360026E-1;1,073023E-1;9,372073E-2;9,424888E-1;;
30/11/2021  10:22:51,204022;9,352039E-1;1,034794E-1;1,139404E-1;9,421879E-1;;
30/11/2021  10:22:51,204122;9,343187E-1;1,037979E-1;1,098333E-1;9,418885E-1;;
30/11/2021  10:22:51,204222;9,336273E-1;1,114439E-1;1,063580E-1;9,415912E-1;;
30/11/2021  10:22:51,204322;9,328852E-1;9,073616E-2;1,139404E-1;9,412959E-1;;
30/11/2021  10:22:51,204422;9,328614E-1;6,174538E-2;8,645429E-2;9,410029E-1;;
30/11/2021  10:22:51,204522;9,326140E-1;9,041758E-2;1,050943E-1;9,407120E-1;;
30/11/2021  10:22:51,204622;9,325186E-1;9,424054E-2;1,170997E-1;9,404233E-1;;
30/11/2021  10:22:51,204722;9,320388E-1;9,710776E-2;9,403666E-2;9,401368E-1;;
30/11/2021  10:22:51,204822;9,319107E-1;1,417090E-1;1,423743E-1;9,398526E-1;;
30/11/2021  10:22:51,204922;9,308646E-1;1,589123E-1;1,445858E-1;9,395704E-1;;
30/11/2021  10:22:51,205022;9,300956E-1;1,726112E-1;1,445858E-1;9,392903E-1;;
30/11/2021  10:22:51,205122;9,308288E-1;1,700626E-1;1,524841E-1;9,390121E-1;;
30/11/2021  10:22:51,205222;9,307960E-1;1,764342E-1;1,616461E-1;9,387355E-1;;
30/11/2021  10:22:51,205322;9,304712E-1;9,933782E-2;1,145722E-1;9,384606E-1;;
30/11/2021  10:22:51,205422;9,304294E-1;1,840801E-1;1,859729E-1;9,381873E-1;;
30/11/2021  10:22:51,205522;9,298930E-1;1,372488E-1;1,328963E-1;9,379156E-1;;
30/11/2021  10:22:51,205622;9,294251E-1;1,343816E-1;1,246821E-1;9,376455E-1;;
30/11/2021  10:22:51,205722;9,286681E-1;1,082581E-1;9,845971E-2;9,373769E-1;;
30/11/2021  10:22:51,205822;9,295413E-1;1,139925E-1;1,136244E-1;9,371096E-1;;
30/11/2021  10:22:51,205922;9,292284E-1;1,372488E-1;1,303688E-1;9,368437E-1;;
30/11/2021  10:22:51,206022;9,286860E-1;1,152668E-1;1,098333E-1;9,365791E-1;;
30/11/2021  10:22:51,206122;9,283611E-1;1,159040E-1;1,370034E-1;9,363159E-1;;
30/11/2021  10:22:51,206222;9,282896E-1;1,273729E-1;1,370034E-1;9,360539E-1;;
30/11/2021  10:22:51,206322;9,270081E-1;1,420275E-1;2,137749E-1;9,357931E-1;;
30/11/2021  10:22:51,206422;9,272822E-1;1,407532E-1;1,398468E-1;9,355334E-1;;
30/11/2021  10:22:51,206522;9,272554E-1;1,407532E-1;1,272095E-1;9,352747E-1;;
30/11/2021  10:22:51,206622;9,271750E-1;8,563888E-2;1,054102E-1;9,350168E-1;;
30/11/2021  10:22:51,206722;9,266504E-1;1,493549E-1;1,657532E-1;9,347597E-1;;
30/11/2021  10:22:51,206822;9,267398E-1;1,321516E-1;1,306848E-1;9,345033E-1;;
30/11/2021  10:22:51,206922;9,269753E-1;1,318330E-1;1,316326E-1;9,342477E-1;;
30/11/2021  10:22:51,207022;9,267726E-1;1,633724E-1;1,638576E-1;9,339929E-1;;
30/11/2021  10:22:51,207122;9,273240E-1;9,328480E-2;1,025668E-1;9,337389E-1;;
30/11/2021  10:22:51,207222;9,281227E-1;1,382046E-1;1,319485E-1;9,334861E-1;;
30/11/2021  10:22:51,207322;9,292820E-1;1,232313E-1;1,208909E-1;9,332348E-1;;
30/11/2021  10:22:51,207422;9,292135E-1;1,155854E-1;9,561632E-2;9,329855E-1;;
30/11/2021  10:22:51,207522;9,295532E-1;1,219570E-1;1,155200E-1;9,327391E-1;;
30/11/2021  10:22:51,207622;9,300360E-1;1,410718E-1;1,565912E-1;9,324961E-1;;
30/11/2021  10:22:51,207722;9,304235E-1;1,283286E-1;1,284732E-1;9,322572E-1;;
30/11/2021  10:22:51,207822;9,318540E-1;1,210013E-1;1,205749E-1;9,320235E-1;;
30/11/2021  10:22:51,207922;9,320239E-1;-6,696094E-2;7,855599E-2;9,317956E-1;;
30/11/2021  10:22:51,208022;9,324084E-1;1,372488E-1;1,221546E-1;9,315746E-1;;
30/11/2021  10:22:51,208122;9,327839E-1;1,407532E-1;1,720719E-1;9,313614E-1;;
30/11/2021  10:22:51,208222;9,325574E-1;1,229127E-1;1,193112E-1;9,311570E-1;;
30/11/2021  10:22:51,208322;9,316841E-1;1,260985E-1;1,281573E-1;9,309621E-1;;
30/11/2021  10:22:51,208422;9,319345E-1;1,276914E-1;1,246821E-1;9,307772E-1;;
30/11/2021  10:22:51,208522;9,322921E-1;1,280100E-1;1,328963E-1;9,306030E-1;;
30/11/2021  10:22:51,208622;9,324501E-1;1,120810E-1;1,019350E-1;9,304396E-1;;
30/11/2021  10:22:51,208722;9,321908E-1;1,407532E-1;1,363715E-1;9,302875E-1;;
30/11/2021  10:22:51,208822;9,318183E-1;1,108067E-1;1,259458E-1;9,301468E-1;;
30/11/2021  10:22:51,208922;9,314606E-1;1,302401E-1;1,597505E-1;9,300178E-1;;
30/11/2021  10:22:51,209022;9,318749E-1;1,783457E-1;1,982942E-1;9,299003E-1;;
30/11/2021  10:22:51,209122;9,321074E-1;1,286472E-1;1,234183E-1;9,297943E-1;;
30/11/2021  10:22:51,209222;9,324501E-1;1,251428E-1;1,227865E-1;9,296997E-1;;
30/11/2021  10:22:51,209322;9,331415E-1;1,257800E-1;1,227865E-1;9,296165E-1;;
30/11/2021  10:22:51,209422;9,330521E-1;1,200455E-1;1,095173E-1;9,295447E-1;;
30/11/2021  10:22:51,209522;9,330849E-1;1,480806E-1;1,708081E-1;9,294842E-1;;
30/11/2021  10:22:51,209622;9,331832E-1;1,174969E-1;1,180475E-1;9,294350E-1;;
30/11/2021  10:22:51,209722;9,332518E-1;1,296029E-1;1,291051E-1;9,293970E-1;;
30/11/2021  10:22:51,209822;9,335111E-1;1,299215E-1;1,249980E-1;9,293700E-1;;
30/11/2021  10:22:51,209922;9,338002E-1;1,248242E-1;1,253139E-1;9,293539E-1;;
30/11/2021  10:22:51,210022;9,346257E-1;1,168597E-1;1,218387E-1;9,293485E-1;;
30/11/2021  10:22:51,210122;9,341846E-1;1,267357E-1;1,234183E-1;9,293538E-1;;
30/11/2021  10:22:51,210222;9,347390E-1;1,152668E-1;1,095173E-1;9,293695E-1;;
30/11/2021  10:22:51,210322;9,339760E-1;1,270543E-1;1,224705E-1;9,293955E-1;;
30/11/2021  10:22:51,210422;9,343485E-1;1,257800E-1;1,376353E-1;9,294316E-1;;
30/11/2021  10:22:51,210522;9,349565E-1;1,181340E-1;1,180475E-1;9,294775E-1;;
30/11/2021  10:22:51,210622;9,358774E-1;1,136739E-1;1,155200E-1;9,295328E-1;;
30/11/2021  10:22:51,210722;9,356778E-1;1,455319E-1;1,234183E-1;9,295975E-1;;
30/11/2021  10:22:51,210822;9,347509E-1;1,015679E-1;1,009872E-1;9,296713E-1;;
30/11/2021  10:22:51,210922;9,352009E-1;1,362931E-1;1,625939E-1;9,297538E-1;;
30/11/2021  10:22:51,211022;9,345452E-1;2,153009E-1;2,017695E-1;9,298448E-1;;
30/11/2021  10:22:51,211122;9,356211E-1;1,229127E-1;1,224705E-1;9,299438E-1;;
30/11/2021  10:22:51,211222;9,362708E-1;1,331073E-1;1,275255E-1;9,300502E-1;;
30/11/2021  10:22:51,211322;9,363543E-1;1,311958E-1;1,249980E-1;9,301638E-1;;
30/11/2021  10:22:51,211422;9,364616E-1;1,340630E-1;1,442698E-1;9,302844E-1;;
30/11/2021  10:22:51,211522;9,373765E-1;1,299215E-1;1,060421E-1;9,304116E-1;;
30/11/2021  10:22:51,211622;9,374749E-1;1,235499E-1;1,076217E-1;9,305454E-1;;
30/11/2021  10:22:51,211722;9,379309E-1;3,976336E-2;5,896821E-2;9,306854E-1;;
30/11/2021  10:22:51,211822;9,384345E-1;1,206827E-1;1,237343E-1;9,308317E-1;;
30/11/2021  10:22:51,211922;9,389740E-1;9,201048E-2;9,182514E-2;9,309841E-1;;
30/11/2021  10:22:51,212022;9,394717E-1;9,774492E-2;1,120448E-1;9,311426E-1;;
30/11/2021  10:22:51,212122;9,396803E-1;9,073616E-2;6,844617E-2;9,313071E-1;;
30/11/2021  10:22:51,212222;9,395253E-1;2,925022E-2;3,938042E-2;9,314778E-1;;
30/11/2021  10:22:51,212322;9,397816E-1;8,277166E-2;1,436380E-1;9,316544E-1;;
30/11/2021  10:22:51,212422;9,404582E-1;1,009307E-1;1,167838E-1;9,318369E-1;;
30/11/2021  10:22:51,212522;9,407979E-1;6,238254E-2;1,063580E-1;9,320253E-1;;
30/11/2021  10:22:51,212622;9,411973E-1;1,229127E-1;1,486929E-1;9,322194E-1;;
30/11/2021  10:22:51,212722;9,418201E-1;4,390490E-2;5,517702E-2;9,324191E-1;;
30/11/2021  10:22:51,212822;9,420109E-1;1,136739E-1;1,265777E-1;9,326246E-1;;
30/11/2021  10:22:51,212922;9,408426E-1;1,225942E-1;1,284732E-1;9,328357E-1;;
30/11/2021  10:22:51,213022;9,408456E-1;1,315144E-1;1,278414E-1;9,330522E-1;;
30/11/2021  10:22:51,213122;9,405356E-1;1,388417E-1;1,291051E-1;9,332737E-1;;
30/11/2021  10:22:51,213222;9,411347E-1;1,671954E-1;1,477451E-1;9,334998E-1;;
30/11/2021  10:22:51,213322;9,418827E-1;1,738855E-1;1,606983E-1;9,337300E-1;;
30/11/2021  10:22:51,213422;9,407025E-1;1,458505E-1;1,294210E-1;9,339640E-1;;
30/11/2021  10:22:51,213522;9,401959E-1;1,474434E-1;1,420583E-1;9,342011E-1;;
30/11/2021  10:22:51,213622;9,400707E-1;1,267357E-1;1,291051E-1;9,344409E-1;;
30/11/2021  10:22:51,213722;9,391826E-1;9,487770E-2;1,641736E-1;9,346826E-1;;
30/11/2021  10:22:51,213822;9,394061E-1;1,232313E-1;1,291051E-1;9,349253E-1;;
30/11/2021  10:22:51,213922;9,397578E-1;8,627604E-2;8,740209E-2;9,351682E-1;;
30/11/2021  10:22:51,214022;9,397488E-1;1,165411E-1;1,082536E-1;9,354105E-1;;
30/11/2021  10:22:51,214122;9,396982E-1;1,273729E-1;1,445858E-1;9,356516E-1;;
30/11/2021  10:22:51,214222;9,389293E-1;1,251428E-1;1,259458E-1;9,358907E-1;;
30/11/2021  10:22:51,214322;9,384286E-1;1,257800E-1;1,291051E-1;9,361271E-1;;
30/11/2021  10:22:51,214422;9,381156E-1;1,216384E-1;1,218387E-1;9,363600E-1;;
30/11/2021  10:22:51,214522;9,379398E-1;1,015679E-1;1,148882E-1;9,365887E-1;;
30/11/2021  10:22:51,214622;9,379517E-1;1,280100E-1;1,262617E-1;9,368121E-1;;
30/11/2021  10:22:51,214722;9,378027E-1;1,168597E-1;1,505885E-1;9,370297E-1;;
30/11/2021  10:22:51,214822;9,367328E-1;1,315144E-1;1,253139E-1;9,372407E-1;;
30/11/2021  10:22:51,214922;9,364496E-1;1,095324E-1;1,066739E-1;9,374443E-1;;
30/11/2021  10:22:51,215022;9,357761E-1;1,162226E-1;1,253139E-1;9,376397E-1;;
30/11/2021  10:22:51,215122;9,353350E-1;1,388417E-1;1,679647E-1;9,378261E-1;;
30/11/2021  10:22:51,215222;9,354662E-1;1,280100E-1;1,155200E-1;9,380027E-1;;
30/11/2021  10:22:51,215322;9,353708E-1;1,296029E-1;1,313166E-1;9,381687E-1;;
30/11/2021  10:22:51,215422;9,345899E-1;1,327887E-1;1,458495E-1;9,383236E-1;;
30/11/2021  10:22:51,215522;9,343366E-1;1,646467E-1;1,685966E-1;9,384667E-1;;
30/11/2021  10:22:51,215622;9,332339E-1;1,296029E-1;1,322644E-1;9,385975E-1;;
30/11/2021  10:22:51,215722;9,329657E-1;1,159040E-1;1,212068E-1;9,387153E-1;;
30/11/2021  10:22:51,215822;9,333472E-1;1,267357E-1;1,268936E-1;9,388195E-1;;
30/11/2021  10:22:51,215922;9,342591E-1;1,210013E-1;1,249980E-1;9,389097E-1;;
30/11/2021  10:22:51,216022;9,334455E-1;1,006121E-1;9,119327E-2;9,389856E-1;;
30/11/2021  10:22:51,216122;9,342114E-1;1,267357E-1;1,316326E-1;9,390472E-1;;
30/11/2021  10:22:51,216222;9,341906E-1;1,321516E-1;1,357397E-1;9,390945E-1;;
30/11/2021  10:22:51,216322;9,336541E-1;1,152668E-1;1,180475E-1;9,391278E-1;;
30/11/2021  10:22:51,216422;9,343992E-1;1,077258E-2;5,960007E-2;9,391471E-1;;
30/11/2021  10:22:51,216522;9,348343E-1;9,933782E-2;1,265777E-1;9,391529E-1;;
30/11/2021  10:22:51,216622;9,358417E-1;1,203641E-1;1,284732E-1;9,391457E-1;;
30/11/2021  10:22:51,216722;9,357225E-1;1,268406E-2;6,655058E-2;9,391261E-1;;
30/11/2021  10:22:51,216822;9,363841E-1;1,022050E-1;1,079377E-1;9,390950E-1;;
30/11/2021  10:22:51,216922;9,361606E-1;1,213198E-1;1,234183E-1;9,390532E-1;;
30/11/2021  10:22:51,217022;9,363632E-1;1,270543E-1;1,259458E-1;9,390016E-1;;
30/11/2021  10:22:51,217122;9,367328E-1;1,464877E-1;1,455336E-1;9,389412E-1;;
30/11/2021  10:22:51,217222;9,371262E-1;1,152668E-1;1,180475E-1;9,388729E-1;;
30/11/2021  10:22:51,217322;9,381216E-1;1,299215E-1;1,265777E-1;9,387977E-1;;
30/11/2021  10:22:51,217422;9,382498E-1;1,353374E-1;1,502726E-1;9,387166E-1;;
30/11/2021  10:22:51,217522;9,381365E-1;1,159040E-1;1,208909E-1;9,386309E-1;;
30/11/2021  10:22:51,217622;9,382647E-1;1,273729E-1;1,310007E-1;9,385415E-1;;
30/11/2021  10:22:51,217722;9,382259E-1;1,369303E-1;1,259458E-1;9,384494E-1;;
30/11/2021  10:22:51,217822;9,391170E-1;1,359745E-1;1,205749E-1;9,383558E-1;;
30/11/2021  10:22:51,217922;9,401184E-1;1,178155E-1;1,218387E-1;9,382614E-1;;
30/11/2021  10:22:51,218022;9,414417E-1;1,232313E-1;1,398468E-1;9,381674E-1;;
30/11/2021  10:22:51,218122;9,419692E-1;1,241871E-1;1,047783E-1;9,380751E-1;;
30/11/2021  10:22:51,218222;9,417278E-1;1,238685E-1;1,328963E-1;9,379857E-1;;
30/11/2021  10:22:51,218322;9,424281E-1;1,241871E-1;1,275255E-1;9,379005E-1;;
30/11/2021  10:22:51,218422;9,431970E-1;9,615202E-2;1,284732E-1;9,378206E-1;;
30/11/2021  10:22:51,218522;9,434295E-1;1,292843E-1;1,281573E-1;9,377470E-1;;
30/11/2021  10:22:51,218622;9,447438E-1;1,190898E-1;1,265777E-1;9,376809E-1;;
30/11/2021  10:22:51,218722;9,448839E-1;1,264171E-1;1,227865E-1;9,376234E-1;;
30/11/2021  10:22:51,218822;9,451938E-1;1,254614E-1;1,420583E-1;9,375755E-1;;
30/11/2021  10:22:51,218922;9,449316E-1;1,292843E-1;1,322644E-1;9,375382E-1;;
30/11/2021  10:22:51,219022;9,444935E-1;1,251428E-1;1,294210E-1;9,375122E-1;;
30/11/2021  10:22:51,219122;9,444935E-1;2,092479E-1;1,799702E-1;9,374981E-1;;
30/11/2021  10:22:51,219222;9,456618E-1;1,331073E-1;1,382671E-1;9,374963E-1;;
30/11/2021  10:22:51,219322;9,460641E-1;1,123996E-1;9,372073E-2;9,375070E-1;;
30/11/2021  10:22:51,219422;9,462370E-1;1,525407E-1;1,426902E-1;9,375306E-1;;
30/11/2021  10:22:51,219522;9,460969E-1;9,965640E-2;5,517702E-2;9,375676E-1;;
30/11/2021  10:22:51,219622;9,458227E-1;1,786642E-1;2,071403E-1;9,376179E-1;;
30/11/2021  10:22:51,219722;9,453160E-1;1,831244E-1;2,106156E-1;9,376815E-1;;
30/11/2021  10:22:51,219822;9,459777E-1;1,203641E-1;1,249980E-1;9,377584E-1;;
30/11/2021  10:22:51,219922;9,463621E-1;6,716124E-2;8,455870E-2;9,378483E-1;;
30/11/2021  10:22:51,220022;9,467406E-1;1,174969E-1;1,240502E-1;9,379508E-1;;
30/11/2021  10:22:51,220122;9,475066E-1;1,130368E-1;9,056141E-2;9,380658E-1;;
30/11/2021  10:22:51,220222;9,463323E-1;1,178155E-1;1,651214E-1;9,381930E-1;;
30/11/2021  10:22:51,220322;9,474142E-1;1,203641E-1;2,046129E-1;9,383321E-1;;
30/11/2021  10:22:51,220422;9,470387E-1;1,034794E-1;1,164678E-1;9,384827E-1;;
30/11/2021  10:22:51,220522;9,473516E-1;9,870066E-2;1,101492E-1;9,386443E-1;;
30/11/2021  10:22:51,220622;9,481622E-1;8,181592E-2;1,063580E-1;9,388165E-1;;
30/11/2021  10:22:51,220722;9,487166E-1;4,613496E-2;6,844617E-2;9,389989E-1;;
30/11/2021  10:22:51,220822;9,491875E-1;1,108067E-1;1,205749E-1;9,391912E-1;;
30/11/2021  10:22:51,220922;9,493663E-1;7,831154E-2;1,098333E-1;9,393929E-1;;
30/11/2021  10:22:51,221022;9,492471E-1;3,116170E-2;9,056141E-2;9,396039E-1;;
30/11/2021  10:22:51,221122;9,494259E-1;2,108408E-1;2,207254E-1;9,398237E-1;;
30/11/2021  10:22:51,221222;9,497358E-1;1,343816E-1;1,385831E-1;9,400519E-1;;
30/11/2021  10:22:51,221322;9,506240E-1;1,509478E-1;1,344760E-1;9,402882E-1;;
30/11/2021  10:22:51,221422;9,509309E-1;1,770713E-1;1,758630E-1;9,405321E-1;;
30/11/2021  10:22:51,221522;9,507283E-1;1,289658E-1;1,325804E-1;9,407833E-1;;
30/11/2021  10:22:51,221622;9,499862E-1;1,773899E-1;1,787064E-1;9,410415E-1;;
30/11/2021  10:22:51,221722;9,493871E-1;1,687883E-1;1,641736E-1;9,413060E-1;;
30/11/2021  10:22:51,221822;9,493454E-1;1,241871E-1;1,325804E-1;9,415763E-1;;
30/11/2021  10:22:51,221922;9,498342E-1;1,331073E-1;1,407946E-1;9,418514E-1;;
30/11/2021  10:22:51,222022;9,499653E-1;1,273729E-1;1,212068E-1;9,421306E-1;;
30/11/2021  10:22:51,222122;9,495987E-1;1,334259E-1;1,325804E-1;9,424131E-1;;
30/11/2021  10:22:51,222222;9,494348E-1;1,114439E-1;1,152041E-1;9,426983E-1;;
30/11/2021  10:22:51,222322;9,495421E-1;7,735580E-2;5,960007E-2;9,429854E-1;;
30/11/2021  10:22:51,222422;9,494795E-1;1,305587E-1;1,152041E-1;9,432734E-1;;
30/11/2021  10:22:51,222522;9,500070E-1;1,123996E-1;1,152041E-1;9,435617E-1;;
30/11/2021  10:22:51,222622;9,500517E-1;1,257800E-1;1,196272E-1;9,438496E-1;;
30/11/2021  10:22:51,222722;9,508594E-1;1,120810E-1;1,464814E-1;9,441365E-1;;
30/11/2021  10:22:51,222822;9,513064E-1;-7,386482E-3;3,558924E-2;9,444219E-1;;
30/11/2021  10:22:51,222922;9,515538E-1;1,270543E-1;1,357397E-1;9,447054E-1;;
30/11/2021  10:22:51,223022;9,512081E-1;1,703812E-1;1,777586E-1;9,449867E-1;;
30/11/2021  10:22:51,223122;9,513541E-1;3,880762E-2;8,013565E-2;9,452655E-1;;
30/11/2021  10:22:51,223222;9,520873E-1;1,248242E-1;1,246821E-1;9,455415E-1;;
30/11/2021  10:22:51,223322;9,524658E-1;1,238685E-1;1,287892E-1;9,458145E-1;;
30/11/2021  10:22:51,223422;9,529784E-1;1,260985E-1;1,126766E-1;9,460843E-1;;
30/11/2021  10:22:51,223522;9,523495E-1;1,391603E-1;1,452176E-1;9,463509E-1;;
30/11/2021  10:22:51,223622;9,520754E-1;1,254614E-1;1,167838E-1;9,466141E-1;;
30/11/2021  10:22:51,223722;9,516015E-1;1,187712E-1;1,174156E-1;9,468737E-1;;
30/11/2021  10:22:51,223822;9,512647E-1;1,442576E-1;1,761790E-1;9,471294E-1;;
30/11/2021  10:22:51,223922;9,510591E-1;2,415294E-2;8,108345E-2;9,473809E-1;;
30/11/2021  10:22:51,224022;9,510531E-1;3,880762E-2;2,579535E-2;9,476276E-1;;
30/11/2021  10:22:51,224122;9,505614E-1;1,015679E-1;1,047783E-1;9,478691E-1;;
30/11/2021  10:22:51,224222;9,497865E-1;3,084312E-2;4,380347E-2;9,481049E-1;;
30/11/2021  10:22:51,224322;9,489997E-1;1,286472E-1;1,287892E-1;9,483345E-1;;
30/11/2021  10:22:51,224422;9,486540E-1;1,031608E-1;1,142563E-1;9,485572E-1;;
30/11/2021  10:22:51,224522;9,483559E-1;1,420275E-1;1,379512E-1;9,487722E-1;;
30/11/2021  10:22:51,224622;9,484632E-1;1,053908E-1;7,760819E-2;9,489788E-1;;
30/11/2021  10:22:51,224722;9,483768E-1;1,369303E-1;1,373193E-1;9,491765E-1;;
30/11/2021  10:22:51,224822;9,482129E-1;8,149734E-2;8,613836E-2;9,493645E-1;;
30/11/2021  10:22:51,224922;9,474976E-1;1,260985E-1;1,231024E-1;9,495424E-1;;
30/11/2021  10:22:51,225022;9,475990E-1;1,305587E-1;1,221546E-1;9,497098E-1;;
30/11/2021  10:22:51,225122;9,465499E-1;1,308772E-1;1,275255E-1;9,498661E-1;;
30/11/2021  10:22:51,225222;9,473397E-1;1,302401E-1;1,325804E-1;9,500108E-1;;
30/11/2021  10:22:51,225322;9,478612E-1;1,337445E-1;1,215227E-1;9,501436E-1;;
30/11/2021  10:22:51,225422;9,479447E-1;1,299215E-1;1,281573E-1;9,502644E-1;;
30/11/2021  10:22:51,225522;9,477867E-1;1,289658E-1;1,272095E-1;9,503731E-1;;
30/11/2021  10:22:51,225622;9,476139E-1;1,235499E-1;1,142563E-1;9,504697E-1;;
30/11/2021  10:22:51,225722;9,474380E-1;9,201048E-2;8,392683E-2;9,505543E-1;;
30/11/2021  10:22:51,225822;9,471907E-1;9,647060E-2;1,205749E-1;9,506270E-1;;
30/11/2021  10:22:51,225922;9,473218E-1;3,880762E-2;8,961361E-2;9,506880E-1;;
30/11/2021  10:22:51,226022;9,472205E-1;1,382046E-1;1,411105E-1;9,507373E-1;;
30/11/2021  10:22:51,226122;9,466065E-1;8,786894E-2;1,790224E-1;9,507751E-1;;
30/11/2021  10:22:51,226222;9,467466E-1;1,108067E-1;1,433221E-1;9,508017E-1;;
30/11/2021  10:22:51,226322;9,464426E-1;1,098510E-1;1,145722E-1;9,508172E-1;;
30/11/2021  10:22:51,226422;9,455008E-1;1,210013E-1;1,202590E-1;9,508218E-1;;
30/11/2021  10:22:51,226522;9,452773E-1;1,178155E-1;1,310007E-1;9,508156E-1;;
30/11/2021  10:22:51,226622;9,452028E-1;8,882468E-2;1,316326E-1;9,507987E-1;;
30/11/2021  10:22:51,226722;9,446902E-1;1,276914E-1;1,189953E-1;9,507712E-1;;
30/11/2021  10:22:51,226822;9,440971E-1;1,554079E-1;1,651214E-1;9,507331E-1;;
30/11/2021  10:22:51,226922;9,431255E-1;1,382046E-1;1,249980E-1;9,506846E-1;;
30/11/2021  10:22:51,227022;9,419096E-1;1,203641E-1;1,177316E-1;9,506254E-1;;
30/11/2021  10:22:51,227122;9,414089E-1;1,232313E-1;1,110970E-1;9,505555E-1;;
30/11/2021  10:22:51,227222;9,410751E-1;1,060280E-1;9,277293E-2;9,504746E-1;;
30/11/2021  10:22:51,227322;9,411883E-1;1,235499E-1;1,101492E-1;9,503824E-1;;
30/11/2021  10:22:51,227422;9,409857E-1;1,627352E-1;1,960827E-1;9,502787E-1;;
30/11/2021  10:22:51,227522;9,399277E-1;1,359745E-1;1,360556E-1;9,501636E-1;;
30/11/2021  10:22:51,227622;9,397071E-1;1,726112E-1;2,248325E-1;9,500368E-1;;
30/11/2021  10:22:51,227722;9,390187E-1;1,426647E-1;1,509044E-1;9,498985E-1;;
30/11/2021  10:22:51,227822;9,384703E-1;1,245056E-1;1,294210E-1;9,497484E-1;;
30/11/2021  10:22:51,227922;9,381752E-1;1,082581E-1;1,120448E-1;9,495865E-1;;
30/11/2021  10:22:51,228022;9,376269E-1;1,069837E-1;1,161519E-1;9,494128E-1;;
30/11/2021  10:22:51,228122;9,375166E-1;9,392196E-2;1,193112E-1;9,492272E-1;;
30/11/2021  10:22:51,228222;9,358595E-1;1,069837E-1;1,129926E-1;9,490298E-1;;
30/11/2021  10:22:51,228322;9,344707E-1;1,006121E-1;1,057261E-1;9,488204E-1;;
30/11/2021  10:22:51,228422;9,335319E-1;1,203641E-1;1,167838E-1;9,485989E-1;;
30/11/2021  10:22:51,228522;9,323547E-1;1,053908E-1;9,561632E-2;9,483649E-1;;
30/11/2021  10:22:51,228622;9,316961E-1;6,843556E-2;1,366875E-1;9,481180E-1;;
30/11/2021  10:22:51,228722;9,310225E-1;9,009900E-2;9,877564E-2;9,478578E-1;;
30/11/2021  10:22:51,228822;9,298930E-1;8,723178E-2;1,095173E-1;9,475839E-1;;
30/11/2021  10:22:51,228922;9,293834E-1;2,383436E-2;7,981972E-2;9,472959E-1;;
30/11/2021  10:22:51,229022;9,279886E-1;5,951532E-2;8,582243E-2;9,469935E-1;;
30/11/2021  10:22:51,229122;9,272793E-1;1,123996E-1;1,180475E-1;9,466762E-1;;
30/11/2021  10:22:51,229222;9,268441E-1;1,257800E-1;1,310007E-1;9,463439E-1;;
30/11/2021  10:22:51,229322;9,263375E-1;1,222756E-1;1,338441E-1;9,459961E-1;;
30/11/2021  10:22:51,229422;9,271004E-1;1,385232E-1;1,328963E-1;9,456328E-1;;
30/11/2021  10:22:51,229522;9,264716E-1;1,627352E-1;1,521681E-1;9,452541E-1;;
30/11/2021  10:22:51,229622;9,258517E-1;1,716555E-1;1,474292E-1;9,448601E-1;;
30/11/2021  10:22:51,229722;9,255447E-1;1,598680E-1;1,512204E-1;9,444512E-1;;
30/11/2021  10:22:51,229822;9,246566E-1;1,554079E-1;1,483770E-1;9,440277E-1;;
30/11/2021  10:22:51,229922;9,247699E-1;1,417090E-1;1,426902E-1;9,435902E-1;;
30/11/2021  10:22:51,230022;9,249546E-1;1,254614E-1;1,272095E-1;9,431390E-1;;
30/11/2021  10:22:51,230122;9,246566E-1;7,193994E-2;9,119327E-2;9,426748E-1;;
30/11/2021  10:22:51,230222;9,240278E-1;1,382046E-1;1,401627E-1;9,421984E-1;;
30/11/2021  10:22:51,230322;9,237238E-1;1,241871E-1;1,354238E-1;9,417104E-1;;
30/11/2021  10:22:51,230422;9,229012E-1;2,309114E-1;2,630603E-1;9,412117E-1;;
30/11/2021  10:22:51,230522;9,222515E-1;2,319720E-2;9,972343E-2;9,407030E-1;;
30/11/2021  10:22:51,230622;9,223439E-1;1,238685E-1;1,249980E-1;9,401850E-1;;
30/11/2021  10:22:51,230722;9,227939E-1;9,498258E-3;8,013565E-2;9,396584E-1;;
30/11/2021  10:22:51,230822;9,226091E-1;1,159040E-1;1,095173E-1;9,391241E-1;;
30/11/2021  10:22:51,230922;9,229519E-1;1,292843E-1;1,708081E-1;9,385831E-1;;
30/11/2021  10:22:51,231022;9,220071E-1;1,184526E-1;1,174156E-1;9,380363E-1;;
30/11/2021  10:22:51,231122;9,218253E-1;1,190898E-1;1,193112E-1;9,374850E-1;;
30/11/2021  10:22:51,231222;9,223439E-1;1,442576E-1;1,145722E-1;9,369299E-1;;
30/11/2021  10:22:51,231322;9,227999E-1;1,203641E-1;1,297370E-1;9,363722E-1;;
30/11/2021  10:22:51,231422;9,229549E-1;1,002936E-1;8,455870E-2;9,358130E-1;;
30/11/2021  10:22:51,231522;9,240963E-1;1,499920E-1;1,404787E-1;9,352536E-1;;
30/11/2021  10:22:51,231622;9,241201E-1;1,618844E-2;9,751191E-2;9,346954E-1;;
30/11/2021  10:22:51,231722;9,241798E-1;1,292843E-1;1,221546E-1;9,341398E-1;;
30/11/2021  10:22:51,231822;9,247609E-1;1,302401E-1;1,341600E-1;9,335882E-1;;
30/11/2021  10:22:51,231922;9,255507E-1;1,362931E-1;1,515363E-1;9,330421E-1;;
30/11/2021  10:22:51,232022;9,260365E-1;9,073616E-2;1,000394E-1;9,325030E-1;;
30/11/2021  10:22:51,232122;9,269425E-1;1,340630E-1;1,341600E-1;9,319724E-1;;
30/11/2021  10:22:51,232222;9,267726E-1;1,487177E-1;1,584868E-1;9,314519E-1;;
30/11/2021  10:22:51,232322;9,274909E-1;1,668768E-1;1,951349E-1;9,309430E-1;;
30/11/2021  10:22:51,232422;9,269157E-1;1,359745E-1;1,401627E-1;9,304472E-1;;
30/11/2021  10:22:51,232522;9,270647E-1;1,305587E-1;1,284732E-1;9,299658E-1;;
30/11/2021  10:22:51,232622;9,276637E-1;1,257800E-1;1,253139E-1;9,294999E-1;;
30/11/2021  10:22:51,232722;9,280035E-1;1,267357E-1;1,262617E-1;9,290507E-1;;
30/11/2021  10:22:51,232822;9,281495E-1;1,232313E-1;1,234183E-1;9,286191E-1;;
30/11/2021  10:22:51,232922;9,286025E-1;1,353374E-1;1,392149E-1;9,282060E-1;;
30/11/2021  10:22:51,233022;9,282240E-1;1,171783E-1;8,898175E-2;9,278124E-1;;
30/11/2021  10:22:51,233122;9,283879E-1;8,277166E-2;6,686651E-2;9,274389E-1;;
30/11/2021  10:22:51,233222;9,282806E-1;1,264171E-1;1,540637E-1;9,270862E-1;;
30/11/2021  10:22:51,233322;9,286264E-1;1,219570E-1;1,224705E-1;9,267545E-1;;
30/11/2021  10:22:51,233422;9,297946E-1;1,873708E-2;7,508074E-2;9,264443E-1;;
30/11/2021  10:22:51,233522;9,298781E-1;1,331073E-1;1,420583E-1;9,261560E-1;;
30/11/2021  10:22:51,233622;9,292194E-1;1,308772E-1;1,379512E-1;9,258899E-1;;
30/11/2021  10:22:51,233722;9,290615E-1;2,745568E-1;2,346264E-1;9,256461E-1;;
30/11/2021  10:22:51,233822;9,293208E-1;1,257800E-1;1,278414E-1;9,254246E-1;;
30/11/2021  10:22:51,233922;9,298989E-1;1,210013E-1;1,291051E-1;9,252254E-1;;
30/11/2021  10:22:51,234022;9,303907E-1;1,082581E-1;1,249980E-1;9,250482E-1;;
30/11/2021  10:22:51,234122;9,310017E-1;1,216384E-1;1,183634E-1;9,248930E-1;;
30/11/2021  10:22:51,234222;9,310821E-1;1,276914E-1;1,332122E-1;9,247596E-1;;
30/11/2021  10:22:51,234322;9,311745E-1;1,206827E-1;1,129926E-1;9,246479E-1;;
30/11/2021  10:22:51,234422;9,316692E-1;1,359745E-1;1,436380E-1;9,245577E-1;;
30/11/2021  10:22:51,234522;9,316275E-1;1,031608E-1;1,107811E-1;9,244886E-1;;
30/11/2021  10:22:51,234622;9,314785E-1;1,063466E-1;1,120448E-1;9,244403E-1;;
30/11/2021  10:22:51,234722;9,318779E-1;1,232313E-1;1,253139E-1;9,244125E-1;;
30/11/2021  10:22:51,234822;9,326975E-1;1,468062E-1;1,727037E-1;9,244045E-1;;
30/11/2021  10:22:51,234922;9,316991E-1;1,445762E-1;1,246821E-1;9,244160E-1;;
30/11/2021  10:22:51,235022;9,316037E-1;1,232313E-1;1,328963E-1;9,244463E-1;;
30/11/2021  10:22:51,235122;9,308079E-1;1,904517E-1;2,071403E-1;9,244947E-1;;
30/11/2021  10:22:51,235222;9,306649E-1;1,215178E-3;7,887192E-2;9,245602E-1;;
30/11/2021  10:22:51,235322;9,305904E-1;1,260985E-1;1,221546E-1;9,246418E-1;;
30/11/2021  10:22:51,235422;9,307841E-1;1,098510E-1;1,155200E-1;9,247384E-1;;
30/11/2021  10:22:51,235522;9,308675E-1;1,280100E-1;1,218387E-1;9,248490E-1;;
30/11/2021  10:22:51,235622;9,306589E-1;1,299215E-1;1,467973E-1;9,249724E-1;;
30/11/2021  10:22:51,235722;9,305278E-1;1,283286E-1;1,193112E-1;9,251076E-1;;
30/11/2021  10:22:51,235822;9,308169E-1;1,251428E-1;1,129926E-1;9,252534E-1;;
30/11/2021  10:22:51,235922;9,309897E-1;1,264171E-1;1,066739E-1;9,254090E-1;;
30/11/2021  10:22:51,236022;9,320895E-1;1,305587E-1;1,028828E-1;9,255731E-1;;
30/11/2021  10:22:51,236122;9,331475E-1;1,013542E-2;6,970989E-2;9,257452E-1;;
30/11/2021  10:22:51,236222;9,335826E-1;9,678918E-2;1,028828E-1;9,259245E-1;;
30/11/2021  10:22:51,236322;9,331415E-1;6,110822E-2;4,633093E-2;9,261106E-1;;
30/11/2021  10:22:51,236422;9,342472E-1;1,101695E-1;1,158360E-1;9,263030E-1;;
30/11/2021  10:22:51,236522;9,345840E-1;6,949618E-3;8,266311E-2;9,265013E-1;;
30/11/2021  10:22:51,236622;9,354393E-1;1,251428E-1;1,480610E-1;9,267053E-1;;
30/11/2021  10:22:51,236722;9,368401E-1;1,073023E-1;1,183634E-1;9,269147E-1;;
30/11/2021  10:22:51,236822;9,379964E-1;1,053908E-1;1,152041E-1;9,271295E-1;;
30/11/2021  10:22:51,236922;9,381484E-1;9,073616E-2;1,126766E-1;9,273499E-1;;
30/11/2021  10:22:51,237022;9,383272E-1;9,264764E-2;1,022509E-1;9,275761E-1;;
30/11/2021  10:22:51,237122;9,387147E-1;9,201048E-2;1,035146E-1;9,278082E-1;;
30/11/2021  10:22:51,237222;9,387534E-1;9,838208E-2;1,063580E-1;9,280463E-1;;
30/11/2021  10:22:51,237322;9,389442E-1;1,143111E-1;1,278414E-1;9,282905E-1;;
30/11/2021  10:22:51,237422;9,401750E-1;1,273729E-1;1,357397E-1;9,285408E-1;;
30/11/2021  10:22:51,237522;9,405505E-1;1,327887E-1;1,278414E-1;9,287972E-1;;
30/11/2021  10:22:51,237622;9,406727E-1;1,276914E-1;1,142563E-1;9,290597E-1;;
30/11/2021  10:22:51,237722;9,412658E-1;1,716555E-1;1,426902E-1;9,293285E-1;;
30/11/2021  10:22:51,237822;9,414834E-1;1,534964E-1;1,202590E-1;9,296035E-1;;
30/11/2021  10:22:51,237922;9,420407E-1;5,675298E-3;6,086380E-2;9,298847E-1;;
30/11/2021  10:22:51,238022;9,428364E-1;9,264764E-2;1,000394E-1;9,301722E-1;;
30/11/2021  10:22:51,238122;9,435457E-1;6,652408E-2;8,329497E-2;9,304660E-1;;
30/11/2021  10:22:51,238222;9,448452E-1;1,433019E-1;1,376353E-1;9,307661E-1;;
30/11/2021  10:22:51,238322;9,458793E-1;1,353374E-1;1,363715E-1;9,310727E-1;;
30/11/2021  10:22:51,238422;9,465082E-1;1,232313E-1;1,278414E-1;9,313862E-1;;
30/11/2021  10:22:51,238522;9,468569E-1;1,181340E-1;1,202590E-1;9,317069E-1;;
30/11/2021  10:22:51,238622;9,473933E-1;1,512664E-1;1,553275E-1;9,320351E-1;;
30/11/2021  10:22:51,238722;9,491159E-1;9,710776E-2;7,981972E-2;9,323711E-1;;
30/11/2021  10:22:51,238822;9,497776E-1;1,276914E-1;1,133085E-1;9,327152E-1;;
30/11/2021  10:22:51,238922;9,507342E-1;9,678918E-2;1,676488E-1;9,330677E-1;;
30/11/2021  10:22:51,239022;9,509428E-1;2,064856E-2;6,844617E-2;9,334292E-1;;
30/11/2021  10:22:51,239122;9,511664E-1;1,162226E-1;1,009872E-1;9,338000E-1;;
30/11/2021  10:22:51,239222;9,515270E-1;1,178155E-1;9,719598E-2;9,341803E-1;;
30/11/2021  10:22:51,239322;9,508654E-1;1,165411E-1;1,019350E-1;9,345701E-1;;
30/11/2021  10:22:51,239422;9,520068E-1;1,187712E-1;1,041465E-1;9,349694E-1;;
30/11/2021  10:22:51,239522;9,521737E-1;1,671954E-1;1,922915E-1;9,353781E-1;;
30/11/2021  10:22:51,239622;9,515538E-1;1,194084E-1;1,167838E-1;9,357958E-1;;
30/11/2021  10:22:51,239722;9,518429E-1;1,299215E-1;1,496407E-1;9,362223E-1;;
30/11/2021  10:22:51,239822;9,507432E-1;1,576380E-1;1,572231E-1;9,366569E-1;;
30/11/2021  10:22:51,239922;9,511604E-1;1,018865E-1;1,196272E-1;9,370989E-1;;
30/11/2021  10:22:51,240022;9,506925E-1;1,289658E-1;1,313166E-1;9,375475E-1;;
30/11/2021  10:22:51,240122;9,507610E-1;1,302401E-1;1,335282E-1;9,380018E-1;;
30/11/2021  10:22:51,240222;9,506448E-1;1,238685E-1;1,262617E-1;9,384607E-1;;
30/11/2021  10:22:51,240322;9,504332E-1;1,206827E-1;1,180475E-1;9,389231E-1;;
30/11/2021  10:22:51,240422;9,496285E-1;1,318330E-1;1,335282E-1;9,393881E-1;;
30/11/2021  10:22:51,240522;9,493722E-1;1,340630E-1;1,287892E-1;9,398543E-1;;
30/11/2021  10:22:51,240622;9,494736E-1;1,401161E-1;1,291051E-1;9,403204E-1;;
30/11/2021  10:22:51,240722;9,496703E-1;1,066652E-1;1,107811E-1;9,407853E-1;;
30/11/2021  10:22:51,240822;9,502097E-1;2,319720E-2;8,708615E-2;9,412478E-1;;
30/11/2021  10:22:51,240922;9,502633E-1;1,123996E-1;1,310007E-1;9,417067E-1;;
30/11/2021  10:22:51,241022;9,500935E-1;8,277166E-2;1,082536E-1;9,421611E-1;;
30/11/2021  10:22:51,241122;9,500130E-1;3,126658E-3;7,002583E-2;9,426100E-1;;
30/11/2021  10:22:51,241222;9,494825E-1;1,397975E-1;1,379512E-1;9,430527E-1;;
30/11/2021  10:22:51,241322;9,500637E-1;1,433019E-1;1,395309E-1;9,434881E-1;;
30/11/2021  10:22:51,241422;9,497626E-1;1,206827E-1;1,246821E-1;9,439154E-1;;
30/11/2021  10:22:51,241522;9,499772E-1;1,085766E-1;1,092014E-1;9,443339E-1;;
30/11/2021  10:22:51,241622;9,491964E-1;1,257800E-1;1,357397E-1;9,447427E-1;;
30/11/2021  10:22:51,241722;9,486152E-1;1,292843E-1;1,259458E-1;9,451413E-1;;
30/11/2021  10:22:51,241822;9,479268E-1;1,350188E-1;1,328963E-1;9,455286E-1;;
30/11/2021  10:22:51,241922;9,473456E-1;1,225942E-1;1,227865E-1;9,459040E-1;;
30/11/2021  10:22:51,242022;9,471251E-1;1,321516E-1;1,259458E-1;9,462664E-1;;
30/11/2021  10:22:51,242122;9,468688E-1;1,442576E-1;1,385831E-1;9,466150E-1;;
30/11/2021  10:22:51,242222;9,467347E-1;4,008194E-2;8,992954E-2;9,469489E-1;;
30/11/2021  10:22:51,242322;9,462638E-1;1,455319E-1;1,234183E-1;9,472675E-1;;
30/11/2021  10:22:51,242422;9,459359E-1;1,397975E-1;1,537478E-1;9,475700E-1;;
30/11/2021  10:22:51,242522;9,455455E-1;1,382046E-1;1,411105E-1;9,478558E-1;;
30/11/2021  10:22:51,242622;9,455545E-1;1,292843E-1;1,303688E-1;9,481242E-1;;
30/11/2021  10:22:51,242722;9,453429E-1;1,327887E-1;1,344760E-1;9,483748E-1;;
30/11/2021  10:22:51,242822;9,457571E-1;1,219570E-1;1,670170E-1;9,486072E-1;;
30/11/2021  10:22:51,242922;9,465856E-1;1,385232E-1;1,240502E-1;9,488211E-1;;
30/11/2021  10:22:51,243022;9,460730E-1;1,477620E-1;1,385831E-1;9,490165E-1;;
30/11/2021  10:22:51,243122;9,452833E-1;1,264171E-1;1,287892E-1;9,491936E-1;;
30/11/2021  10:22:51,243222;9,449614E-1;1,283286E-1;1,287892E-1;9,493523E-1;;
30/11/2021  10:22:51,243322;9,449852E-1;1,155854E-1;1,205749E-1;9,494927E-1;;
30/11/2021  10:22:51,243422;9,453756E-1;1,098510E-1;1,249980E-1;9,496149E-1;;
30/11/2021  10:22:51,243522;9,456320E-1;3,912620E-2;7,160549E-2;9,497192E-1;;
30/11/2021  10:22:51,243622;9,456051E-1;1,636910E-1;1,935552E-1;9,498058E-1;;
30/11/2021  10:22:51,243722;9,448362E-1;1,216384E-1;4,980618E-2;9,498753E-1;;
30/11/2021  10:22:51,243822;9,444786E-1;1,697440E-1;1,960827E-1;9,499281E-1;;
30/11/2021  10:22:51,243922;9,442551E-1;1,350188E-1;1,385831E-1;9,499645E-1;;
30/11/2021  10:22:51,244022;9,443355E-1;1,426647E-1;1,512204E-1;9,499850E-1;;
30/11/2021  10:22:51,244122;9,448511E-1;1,159040E-1;1,139404E-1;9,499898E-1;;
30/11/2021  10:22:51,244222;9,446991E-1;1,130368E-1;1,196272E-1;9,499797E-1;;
30/11/2021  10:22:51,244322;9,446991E-1;1,401161E-1;1,603824E-1;9,499552E-1;;
30/11/2021  10:22:51,244422;9,449584E-1;1,085766E-1;1,869207E-1;9,499170E-1;;
30/11/2021  10:22:51,244522;9,440941E-1;1,022050E-1;1,098333E-1;9,498657E-1;;
30/11/2021  10:22:51,244622;9,442282E-1;1,082581E-1;1,161519E-1;9,498020E-1;;
30/11/2021  10:22:51,244722;9,442580E-1;1,098510E-1;1,205749E-1;9,497266E-1;;
30/11/2021  10:22:51,244822;9,447706E-1;1,044351E-1;1,161519E-1;9,496401E-1;;
30/11/2021  10:22:51,244922;9,451372E-1;9,392196E-2;1,013031E-1;9,495434E-1;;
30/11/2021  10:22:51,245022;9,448034E-1;1,037979E-1;9,498445E-2;9,494371E-1;;
30/11/2021  10:22:51,245122;9,447200E-1;1,057094E-1;1,189953E-1;9,493222E-1;;
30/11/2021  10:22:51,245222;9,441209E-1;8,946184E-2;9,877564E-2;9,491994E-1;;
30/11/2021  10:22:51,245322;9,433669E-1;1,640096E-1;1,524841E-1;9,490695E-1;;
30/11/2021  10:22:51,245422;9,431583E-1;9,774492E-2;1,085695E-1;9,489330E-1;;
30/11/2021  10:22:51,245522;9,429795E-1;1,461691E-1;1,458495E-1;9,487903E-1;;
30/11/2021  10:22:51,245622;9,423626E-1;1,783457E-1;1,701763E-1;9,486420E-1;;
30/11/2021  10:22:51,245722;9,417456E-1;1,926818E-1;1,730197E-1;9,484883E-1;;
30/11/2021  10:22:51,245822;9,411496E-1;1,742041E-1;1,948190E-1;9,483294E-1;;
30/11/2021  10:22:51,245922;9,403777E-1;1,627352E-1;1,588027E-1;9,481657E-1;;
30/11/2021  10:22:51,246022;9,394657E-1;1,302401E-1;1,458495E-1;9,479970E-1;;
30/11/2021  10:22:51,246122;9,389889E-1;1,286472E-1;1,338441E-1;9,478234E-1;;
30/11/2021  10:22:51,246222;9,389442E-1;1,337445E-1;1,275255E-1;9,476447E-1;;
30/11/2021  10:22:51,246322;9,384375E-1;1,267357E-1;1,281573E-1;9,474607E-1;;
30/11/2021  10:22:51,246422;9,379666E-1;1,305587E-1;1,199431E-1;9,472715E-1;;
30/11/2021  10:22:51,246522;9,370070E-1;1,347002E-1;1,569071E-1;9,470768E-1;;
30/11/2021  10:22:51,246622;9,366463E-1;-2,427122E-2;5,138584E-2;9,468766E-1;;
30/11/2021  10:22:51,246722;9,364526E-1;1,101695E-1;1,098333E-1;9,466705E-1;;
30/11/2021  10:22:51,246822;9,369652E-1;1,229127E-1;1,158360E-1;9,464585E-1;;
30/11/2021  10:22:51,246922;9,375792E-1;1,088952E-1;1,948190E-1;9,462406E-1;;
30/11/2021  10:22:51,247022;9,374928E-1;2,988738E-2;6,433905E-2;9,460169E-1;;
30/11/2021  10:22:51,247122;9,375762E-1;1,937424E-2;8,392683E-2;9,457878E-1;;
30/11/2021  10:22:51,247222;9,374928E-1;1,445762E-1;1,594346E-1;9,455536E-1;;
30/11/2021  10:22:51,247322;9,370725E-1;1,130368E-1;1,155200E-1;9,453148E-1;;
30/11/2021  10:22:51,247422;9,383868E-1;1,251428E-1;1,310007E-1;9,450719E-1;;
30/11/2021  10:22:51,247522;9,386193E-1;1,139925E-1;1,240502E-1;9,448253E-1;;
30/11/2021  10:22:51,247622;9,387296E-1;1,155854E-1;1,158360E-1;9,445759E-1;;
30/11/2021  10:22:51,247722;9,391498E-1;9,583344E-2;1,471132E-1;9,443244E-1;;
30/11/2021  10:22:51,247822;9,392303E-1;1,238685E-1;1,243661E-1;9,440716E-1;;
30/11/2021  10:22:51,247922;9,390365E-1;1,445762E-1;1,445858E-1;9,438185E-1;;
30/11/2021  10:22:51,248022;9,389084E-1;1,162226E-1;1,790224E-1;9,435656E-1;;
30/11/2021  10:22:51,248122;9,396416E-1;1,133553E-1;1,129926E-1;9,433140E-1;;
30/11/2021  10:22:51,248222;9,391945E-1;1,315144E-1;1,335282E-1;9,430642E-1;;
30/11/2021  10:22:51,248322;9,399932E-1;8,086018E-2;9,372073E-2;9,428171E-1;;
30/11/2021  10:22:51,248422;9,395641E-1;1,264171E-1;1,092014E-1;9,425733E-1;;
30/11/2021  10:22:51,248522;9,392243E-1;1,343816E-1;1,303688E-1;9,423336E-1;;
30/11/2021  10:22:51,248622;9,394747E-1;1,012493E-1;1,351078E-1;9,420986E-1;;
30/11/2021  10:22:51,248722;9,394925E-1;1,331073E-1;1,354238E-1;9,418689E-1;;
30/11/2021  10:22:51,248822;9,394836E-1;1,369303E-1;1,357397E-1;9,416448E-1;;
30/11/2021  10:22:51,248922;9,401601E-1;1,324701E-1;1,249980E-1;9,414269E-1;;
30/11/2021  10:22:51,249022;9,405803E-1;1,149482E-1;1,227865E-1;9,412158E-1;;
30/11/2021  10:22:51,249122;9,406727E-1;1,267357E-1;1,193112E-1;9,410118E-1;;
30/11/2021  10:22:51,249222;9,407592E-1;1,200455E-1;9,119327E-2;9,408156E-1;;
30/11/2021  10:22:51,249322;9,411734E-1;1,219570E-1;1,098333E-1;9,406277E-1;;
30/11/2021  10:22:51,249422;9,418142E-1;1,219570E-1;1,155200E-1;9,404485E-1;;
30/11/2021  10:22:51,249522;9,430540E-1;1,289658E-1;1,294210E-1;9,402787E-1;;
30/11/2021  10:22:51,249622;9,441090E-1;8,213450E-2;1,076217E-1;9,401187E-1;;
30/11/2021  10:22:51,249722;9,444756E-1;1,296029E-1;1,199431E-1;9,399696E-1;;
30/11/2021  10:22:51,249822;9,445441E-1;1,088952E-1;1,060421E-1;9,398319E-1;;
30/11/2021  10:22:51,249922;9,450806E-1;5,855958E-2;4,159195E-2;9,397065E-1;;
30/11/2021  10:22:51,250022;9,445382E-1;1,359745E-1;1,695444E-1;9,395941E-1;;
30/11/2021  10:22:51,250122;9,449077E-1;1,305587E-1;1,569071E-1;9,394950E-1;;
30/11/2021  10:22:51,250222;9,454382E-1;6,811698E-2;1,335282E-1;9,394098E-1;;
30/11/2021  10:22:51,250322;9,453429E-1;1,308772E-1;1,256299E-1;9,393386E-1;;
30/11/2021  10:22:51,250422;9,451670E-1;1,474434E-1;1,648054E-1;9,392819E-1;;
30/11/2021  10:22:51,250522;9,447915E-1;1,139925E-1;1,136244E-1;9,392396E-1;;
30/11/2021  10:22:51,250622;9,438199E-1;1,222756E-1;1,189953E-1;9,392117E-1;;
30/11/2021  10:22:51,250722;9,435994E-1;1,232313E-1;1,354238E-1;9,391979E-1;;
30/11/2021  10:22:51,250822;9,431583E-1;1,235499E-1;1,303688E-1;9,391977E-1;;
30/11/2021  10:22:51,250922;9,428066E-1;1,082581E-1;9,940750E-2;9,392104E-1;;
30/11/2021  10:22:51,251022;9,424788E-1;1,318330E-1;1,186794E-1;9,392354E-1;;
30/11/2021  10:22:51,251122;9,420407E-1;1,276914E-1;1,057261E-1;9,392717E-1;;
30/11/2021  10:22:51,251222;9,412122E-1;1,385232E-1;1,259458E-1;9,393185E-1;;
30/11/2021  10:22:51,251322;9,408426E-1;9,870066E-2;9,814378E-2;9,393747E-1;;
30/11/2021  10:22:51,251422;9,399604E-1;1,369303E-1;1,490088E-1;9,394392E-1;;
30/11/2021  10:22:51,251522;9,397757E-1;8,213450E-2;7,350108E-2;9,395108E-1;;
30/11/2021  10:22:51,251622;9,395700E-1;1,617795E-1;1,559593E-1;9,395881E-1;;
30/11/2021  10:22:51,251722;9,395194E-1;1,159040E-1;1,420583E-1;9,396701E-1;;
30/11/2021  10:22:51,251822;9,389859E-1;1,426647E-1;1,657532E-1;9,397554E-1;;
30/11/2021  10:22:51,251922;9,388279E-1;1,458505E-1;1,878685E-1;9,398430E-1;;
30/11/2021  10:22:51,252022;9,379696E-1;1,308772E-1;1,234183E-1;9,399317E-1;;
30/11/2021  10:22:51,252122;9,384017E-1;1,369303E-1;1,322644E-1;9,400204E-1;;
30/11/2021  10:22:51,252222;9,381067E-1;1,280100E-1;1,291051E-1;9,401081E-1;;
30/11/2021  10:22:51,252322;9,381663E-1;1,165411E-1;1,240502E-1;9,401937E-1;;
30/11/2021  10:22:51,252422;9,377520E-1;1,168597E-1;1,253139E-1;9,402765E-1;;
30/11/2021  10:22:51,252522;9,371798E-1;1,079395E-1;1,139404E-1;9,403555E-1;;
30/11/2021  10:22:51,252622;9,365003E-1;1,120810E-1;1,082536E-1;9,404301E-1;;
30/11/2021  10:22:51,252722;9,358029E-1;1,066652E-1;8,455870E-2;9,404992E-1;;
30/11/2021  10:22:51,252822;9,352545E-1;9,647060E-2;1,063580E-1;9,405621E-1;;
30/11/2021  10:22:51,252922;9,354870E-1;-2,650128E-2;3,938042E-2;9,406178E-1;;
30/11/2021  10:22:51,253022;9,349416E-1;2,383436E-2;7,950379E-2;9,406657E-1;;
30/11/2021  10:22:51,253122;9,354960E-1;9,901924E-2;1,139404E-1;9,407049E-1;;
30/11/2021  10:22:51,253222;9,346853E-1;1,009307E-1;1,114129E-1;9,407350E-1;;
30/11/2021  10:22:51,253322;9,337465E-1;8,149734E-2;1,092014E-1;9,407555E-1;;
30/11/2021  10:22:51,253422;9,333680E-1;9,933782E-2;1,088855E-1;9,407658E-1;;
30/11/2021  10:22:51,253522;9,334246E-1;1,037979E-1;1,177316E-1;9,407654E-1;;
30/11/2021  10:22:51,253622;9,335588E-1;1,203641E-1;1,259458E-1;9,407538E-1;;
30/11/2021  10:22:51,253722;9,330521E-1;1,270543E-1;1,392149E-1;9,407308E-1;;
30/11/2021  10:22:51,253822;9,334217E-1;1,464877E-1;1,363715E-1;9,406962E-1;;
30/11/2021  10:22:51,253922;9,327720E-1;1,547707E-1;1,388990E-1;9,406498E-1;;
30/11/2021  10:22:51,254022;9,323517E-1;1,620981E-1;1,439539E-1;9,405915E-1;;
30/11/2021  10:22:51,254122;9,325306E-1;1,665582E-1;1,509044E-1;9,405215E-1;;
30/11/2021  10:22:51,254222;9,327541E-1;1,589123E-1;1,474292E-1;9,404396E-1;;
30/11/2021  10:22:51,254322;9,334366E-1;1,108067E-1;9,624818E-2;9,403461E-1;;
30/11/2021  10:22:51,254422;9,326647E-1;1,611423E-1;1,189953E-1;9,402414E-1;;
30/11/2021  10:22:51,254522;9,329359E-1;1,404346E-1;1,859729E-1;9,401257E-1;;
30/11/2021  10:22:51,254622;9,324322E-1;1,117624E-1;1,246821E-1;9,399996E-1;;
30/11/2021  10:22:51,254722;9,324411E-1;1,184526E-1;1,256299E-1;9,398636E-1;;
30/11/2021  10:22:51,254822;9,326825E-1;1,260985E-1;1,284732E-1;9,397180E-1;;
30/11/2021  10:22:51,254922;9,334097E-1;1,216384E-1;1,316326E-1;9,395634E-1;;
30/11/2021  10:22:51,255022;9,333919E-1;1,213198E-1;1,101492E-1;9,394004E-1;;
30/11/2021  10:22:51,255122;9,336333E-1;1,136739E-1;1,189953E-1;9,392299E-1;;
30/11/2021  10:22:51,255222;9,339969E-1;1,245056E-1;1,294210E-1;9,390527E-1;;
30/11/2021  10:22:51,255322;9,341250E-1;1,181340E-1;1,092014E-1;9,388695E-1;;
30/11/2021  10:22:51,255422;9,338031E-1;1,283286E-1;1,240502E-1;9,386814E-1;;
30/11/2021  10:22:51,255522;9,342889E-1;1,136739E-1;1,351078E-1;9,384891E-1;;
30/11/2021  10:22:51,255622;9,348999E-1;9,360338E-2;1,322644E-1;9,382936E-1;;
30/11/2021  10:22:51,255722;9,361993E-1;1,280100E-1;1,164678E-1;9,380959E-1;;
30/11/2021  10:22:51,255822;9,358059E-1;1,069837E-1;8,866581E-2;9,378969E-1;;
30/11/2021  10:22:51,255922;9,358625E-1;1,184526E-1;1,167838E-1;9,376979E-1;;
30/11/2021  10:22:51,256022;9,365718E-1;1,270543E-1;1,385831E-1;9,374999E-1;;
30/11/2021  10:22:51,256122;9,361576E-1;1,273729E-1;1,325804E-1;9,373040E-1;;
30/11/2021  10:22:51,256222;9,366791E-1;1,213198E-1;1,310007E-1;9,371109E-1;;
30/11/2021  10:22:51,256322;9,372394E-1;1,296029E-1;1,281573E-1;9,369218E-1;;
30/11/2021  10:22:51,256422;9,379696E-1;1,254614E-1;1,237343E-1;9,367376E-1;;
30/11/2021  10:22:51,256522;9,371172E-1;1,646467E-1;1,758630E-1;9,365591E-1;;
30/11/2021  10:22:51,256622;9,369801E-1;1,174969E-1;1,287892E-1;9,363872E-1;;
30/11/2021  10:22:51,256722;9,368043E-1;1,276914E-1;1,287892E-1;9,362225E-1;;
30/11/2021  10:22:51,256822;9,367894E-1;1,165411E-1;1,174156E-1;9,360656E-1;;
30/11/2021  10:22:51,256922;9,367417E-1;1,254614E-1;1,265777E-1;9,359169E-1;;
30/11/2021  10:22:51,257022;9,370725E-1;1,260985E-1;1,139404E-1;9,357767E-1;;
30/11/2021  10:22:51,257122;9,370338E-1;1,245056E-1;1,306848E-1;9,356452E-1;;
30/11/2021  10:22:51,257222;9,362559E-1;1,841850E-2;4,601499E-2;9,355227E-1;;
30/11/2021  10:22:51,257322;9,356092E-1;1,401161E-1;1,667010E-1;9,354093E-1;;
30/11/2021  10:22:51,257422;9,356599E-1;1,327887E-1;1,941871E-1;9,353049E-1;;
30/11/2021  10:22:51,257522;9,360890E-1;1,359745E-1;1,490088E-1;9,352093E-1;;
30/11/2021  10:22:51,257622;9,365122E-1;6,312458E-3;7,981972E-2;9,351223E-1;;
30/11/2021  10:22:51,257722;9,364347E-1;1,296029E-1;1,385831E-1;9,350437E-1;;
30/11/2021  10:22:51,257822;9,363155E-1;6,716124E-2;1,016190E-1;9,349736E-1;;
30/11/2021  10:22:51,257922;9,362917E-1;1,397975E-1;1,373193E-1;9,349116E-1;;
30/11/2021  10:22:51,258022;9,361933E-1;1,350188E-1;1,262617E-1;9,348578E-1;;
30/11/2021  10:22:51,258122;9,368729E-1;1,260985E-1;1,388990E-1;9,348117E-1;;
30/11/2021  10:22:51,258222;9,374510E-1;1,123996E-1;1,272095E-1;9,347733E-1;;
30/11/2021  10:22:51,258322;9,383034E-1;1,216384E-1;1,167838E-1;9,347425E-1;;
30/11/2021  10:22:51,258422;9,381067E-1;1,254614E-1;1,291051E-1;9,347193E-1;;
30/11/2021  10:22:51,258522;9,386908E-1;1,229127E-1;1,142563E-1;9,347038E-1;;
30/11/2021  10:22:51,258622;9,385567E-1;1,509478E-1;1,556434E-1;9,346961E-1;;
30/11/2021  10:22:51,258722;9,389561E-1;1,095324E-1;1,338441E-1;9,346962E-1;;
30/11/2021  10:22:51,258822;9,385746E-1;1,236548E-2;7,602853E-2;9,347041E-1;;
30/11/2021  10:22:51,258922;9,393197E-1;1,260985E-1;1,205749E-1;9,347199E-1;;
30/11/2021  10:22:51,259022;9,400022E-1;1,585937E-1;1,685966E-1;9,347434E-1;;
30/11/2021  10:22:51,259122;9,400826E-1;6,174538E-2;7,002583E-2;9,347748E-1;;
30/11/2021  10:22:51,259222;9,404492E-1;1,146297E-1;1,442698E-1;9,348140E-1;;
30/11/2021  10:22:51,259322;9,398114E-1;1,267357E-1;1,392149E-1;9,348612E-1;;
30/11/2021  10:22:51,259422;9,395253E-1;1,837615E-1;1,625939E-1;9,349162E-1;;
30/11/2021  10:22:51,259522;9,396237E-1;1,343816E-1;1,297370E-1;9,349789E-1;;
30/11/2021  10:22:51,259622;9,394896E-1;1,238685E-1;1,221546E-1;9,350490E-1;;
30/11/2021  10:22:51,259722;9,400707E-1;1,254614E-1;1,123607E-1;9,351261E-1;;
30/11/2021  10:22:51,259822;9,398800E-1;1,286472E-1;1,322644E-1;9,352099E-1;;
30/11/2021  10:22:51,259922;9,402257E-1;1,219570E-1;1,028828E-1;9,353001E-1;;
30/11/2021  10:22:51,260022;9,405029E-1;1,104881E-1;9,024547E-2;9,353965E-1;;
30/11/2021  10:22:51,260122;9,400051E-1;9,105474E-2;1,221546E-1;9,354988E-1;;
30/11/2021  10:22:51,260222;9,406012E-1;1,503106E-1;1,376353E-1;9,356066E-1;;
30/11/2021  10:22:51,260322;9,413671E-1;1,429833E-1;1,436380E-1;9,357195E-1;;
30/11/2021  10:22:51,260422;9,415430E-1;1,037979E-1;1,234183E-1;9,358375E-1;;
30/11/2021  10:22:51,260522;9,424311E-1;1,363980E-2;7,002583E-2;9,359603E-1;;
30/11/2021  10:22:51,260622;9,424609E-1;1,334259E-1;1,291051E-1;9,360879E-1;;
30/11/2021  10:22:51,260722;9,424788E-1;2,586278E-1;2,810684E-1;9,362203E-1;;
30/11/2021  10:22:51,260822;9,432626E-1;9,870066E-2;1,205749E-1;9,363573E-1;;
30/11/2021  10:22:51,260922;9,445084E-1;1,127182E-1;1,208909E-1;9,364991E-1;;
30/11/2021  10:22:51,261022;9,449346E-1;1,143111E-1;1,208909E-1;9,366456E-1;;
30/11/2021  10:22:51,261122;9,460045E-1;9,201048E-2;1,047783E-1;9,367972E-1;;
30/11/2021  10:22:51,261222;9,466989E-1;1,053908E-1;1,139404E-1;9,369542E-1;;
30/11/2021  10:22:51,261322;9,473516E-1;5,664810E-2;8,108345E-2;9,371170E-1;;
30/11/2021  10:22:51,261422;9,478344E-1;9,870066E-2;1,107811E-1;9,372860E-1;;
30/11/2021  10:22:51,261522;9,484454E-1;1,031608E-1;1,047783E-1;9,374616E-1;;
30/11/2021  10:22:51,261622;9,484603E-1;1,009307E-1;1,114129E-1;9,376443E-1;;
30/11/2021  10:22:51,261722;9,495063E-1;1,031608E-1;1,224705E-1;9,378344E-1;;
30/11/2021  10:22:51,261822;9,492709E-1;1,190898E-1;1,231024E-1;9,380323E-1;;
30/11/2021  10:22:51,261922;9,496285E-1;8,691320E-2;1,060421E-1;9,382381E-1;;
30/11/2021  10:22:51,262022;9,500339E-1;6,588692E-2;8,487463E-2;9,384522E-1;;
30/11/2021  10:22:51,262122;9,493186E-1;7,703722E-2;1,117289E-1;9,386746E-1;;
30/11/2021  10:22:51,262222;9,500547E-1;1,965047E-1;1,708081E-1;9,389052E-1;;
30/11/2021  10:22:51,262322;9,507998E-1;1,394789E-1;1,929234E-1;9,391439E-1;;
30/11/2021  10:22:51,262422;9,511962E-1;1,554079E-1;1,562753E-1;9,393908E-1;;
30/11/2021  10:22:51,262522;9,514614E-1;1,563636E-1;1,926074E-1;9,396456E-1;;
30/11/2021  10:22:51,262622;9,521022E-1;1,324701E-1;1,265777E-1;9,399084E-1;;
30/11/2021  10:22:51,262722;9,520813E-1;1,296029E-1;1,224705E-1;9,401790E-1;;
30/11/2021  10:22:51,262822;9,525731E-1;1,837615E-1;1,565912E-1;9,404574E-1;;
30/11/2021  10:22:51,262922;9,531006E-1;1,359745E-1;1,354238E-1;9,407433E-1;;
30/11/2021  10:22:51,263022;9,539887E-1;9,296622E-2;7,981972E-2;9,410365E-1;;
30/11/2021  10:22:51,263122;9,546772E-1;1,264171E-1;1,272095E-1;9,413371E-1;;
30/11/2021  10:22:51,263222;9,551451E-1;1,257800E-1;9,877564E-2;9,416450E-1;;
30/11/2021  10:22:51,263322;9,555325E-1;1,044351E-1;1,019350E-1;9,419601E-1;;
30/11/2021  10:22:51,263422;9,553418E-1;-2,713844E-2;3,085026E-2;9,422823E-1;;
30/11/2021  10:22:51,263522;9,560660E-1;1,152668E-1;1,404787E-1;9,426117E-1;;
30/11/2021  10:22:51,263622;9,566620E-1;1,037979E-1;8,013565E-2;9,429479E-1;;
30/11/2021  10:22:51,263722;9,573773E-1;1,219570E-1;1,287892E-1;9,432909E-1;;
30/11/2021  10:22:51,263822;9,570405E-1;1,292843E-1;1,439539E-1;9,436405E-1;;
30/11/2021  10:22:51,263922;9,572879E-1;1,570008E-1;1,764949E-1;9,439966E-1;;
30/11/2021  10:22:51,264022;9,573714E-1;1,324701E-1;1,303688E-1;9,443588E-1;;
30/11/2021  10:22:51,264122;9,566203E-1;1,194084E-1;1,212068E-1;9,447269E-1;;
30/11/2021  10:22:51,264222;9,565667E-1;1,241871E-1;1,256299E-1;9,451001E-1;;
30/11/2021  10:22:51,264322;9,569333E-1;1,254614E-1;1,275255E-1;9,454781E-1;;
30/11/2021  10:22:51,264422;9,566412E-1;1,251428E-1;1,227865E-1;9,458599E-1;;
30/11/2021  10:22:51,264522;9,574310E-1;1,302401E-1;1,256299E-1;9,462451E-1;;
30/11/2021  10:22:51,264622;9,571091E-1;1,270543E-1;1,227865E-1;9,466328E-1;;
30/11/2021  10:22:51,264722;9,567544E-1;1,203641E-1;1,114129E-1;9,470223E-1;;
30/11/2021  10:22:51,264822;9,561554E-1;1,184526E-1;1,050943E-1;9,474130E-1;;
30/11/2021  10:22:51,264922;9,557471E-1;1,139925E-1;1,060421E-1;9,478040E-1;;
30/11/2021  10:22:51,265022;9,561316E-1;1,601866E-1;1,376353E-1;9,481942E-1;;
30/11/2021  10:22:51,265122;9,559289E-1;1,165411E-1;1,502726E-1;9,485827E-1;;
30/11/2021  10:22:51,265222;9,553388E-1;1,356559E-1;1,524841E-1;9,489687E-1;;
30/11/2021  10:22:51,265322;9,551004E-1;1,283286E-1;1,142563E-1;9,493511E-1;;
30/11/2021  10:22:51,265422;9,546384E-1;1,289658E-1;1,259458E-1;9,497289E-1;;
30/11/2021  10:22:51,265522;9,481712E-1;1,987348E-1;1,885003E-1;9,501010E-1;;
30/11/2021  10:22:51,265622;9,482636E-1;1,254614E-1;1,265777E-1;9,504656E-1;;
30/11/2021  10:22:51,265722;9,484692E-1;4,709070E-2;1,120448E-1;9,508206E-1;;
30/11/2021  10:22:51,265822;9,492143E-1;1,213198E-1;1,152041E-1;9,511640E-1;;
30/11/2021  10:22:51,265922;9,488864E-1;2,000091E-1;2,308352E-1;9,514941E-1;;
30/11/2021  10:22:51,266022;9,490265E-1;1,315144E-1;1,300529E-1;9,518095E-1;;
30/11/2021  10:22:51,266122;9,485467E-1;1,139925E-1;1,155200E-1;9,521089E-1;;
30/11/2021  10:22:51,266222;9,484483E-1;1,700626E-1;1,755471E-1;9,523913E-1;;
30/11/2021  10:22:51,266322;9,486123E-1;1,210013E-1;1,272095E-1;9,526557E-1;;
30/11/2021  10:22:51,266422;9,488328E-1;9,901924E-2;9,087734E-2;9,529013E-1;;
30/11/2021  10:22:51,266522;9,493633E-1;1,455319E-1;1,395309E-1;9,531277E-1;;
30/11/2021  10:22:51,266622;9,494110E-1;4,326774E-2;5,612482E-2;9,533345E-1;;
30/11/2021  10:22:51,266722;9,494318E-1;1,251428E-1;1,243661E-1;9,535215E-1;;
30/11/2021  10:22:51,266822;9,487166E-1;1,311958E-1;1,373193E-1;9,536888E-1;;
30/11/2021  10:22:51,266922;9,482844E-1;1,468062E-1;1,449017E-1;9,538364E-1;;
30/11/2021  10:22:51,267022;9,486927E-1;6,270112E-2;8,045158E-2;9,539642E-1;;
30/11/2021  10:22:51,267122;9,496047E-1;1,232313E-1;1,237343E-1;9,540726E-1;;
30/11/2021  10:22:51,267222;9,490235E-1;4,549780E-2;9,877564E-2;9,541617E-1;;
30/11/2021  10:22:51,267322;9,487642E-1;1,531778E-1;1,843932E-1;9,542321E-1;;
30/11/2021  10:22:51,267422;9,478851E-1;1,044351E-1;1,613302E-1;9,542843E-1;;
30/11/2021  10:22:51,267522;9,473635E-1;1,213198E-1;1,205749E-1;9,543184E-1;;
30/11/2021  10:22:51,267622;9,463889E-1;1,216384E-1;1,243661E-1;9,543350E-1;;
30/11/2021  10:22:51,267722;9,469641E-1;1,012493E-1;1,120448E-1;9,543343E-1;;
30/11/2021  10:22:51,267822;9,465141E-1;1,778134E-2;4,854245E-2;9,543164E-1;;
30/11/2021  10:22:51,267922;9,452773E-1;1,085766E-1;1,161519E-1;9,542818E-1;;
30/11/2021  10:22:51,268022;9,450717E-1;1,873708E-2;3,048243E-3;9,542308E-1;;
30/11/2021  10:22:51,268122;9,440703E-1;1,225942E-1;1,550115E-1;9,541635E-1;;
30/11/2021  10:22:51,268222;9,440166E-1;9,774492E-2;1,796542E-1;9,540801E-1;;
30/11/2021  10:22:51,268322;9,435934E-1;9,901924E-2;1,221546E-1;9,539808E-1;;
30/11/2021  10:22:51,268422;9,435994E-1;-8,979382E-3;2,769094E-2;9,538659E-1;;
30/11/2021  10:22:51,268522;9,435130E-1;1,095324E-1;1,278414E-1;9,537356E-1;;
30/11/2021  10:22:51,268622;9,433729E-1;3,434750E-2;8,992954E-2;9,535903E-1;;
30/11/2021  10:22:51,268722;9,432298E-1;1,407532E-1;1,509044E-1;9,534306E-1;;
30/11/2021  10:22:51,268822;9,428960E-1;9,455912E-2;1,120448E-1;9,532568E-1;;
30/11/2021  10:22:51,268922;9,429378E-1;1,047537E-1;1,249980E-1;9,530696E-1;;
30/11/2021  10:22:51,269022;9,425712E-1;1,219570E-1;1,322644E-1;9,528696E-1;;
30/11/2021  10:22:51,269122;9,434385E-1;1,468062E-1;1,385831E-1;9,526573E-1;;
30/11/2021  10:22:51,269222;9,430033E-1;1,350188E-1;1,363715E-1;9,524336E-1;;
30/11/2021  10:22:51,269322;9,429854E-1;1,483991E-1;1,284732E-1;9,521992E-1;;
30/11/2021  10:22:51,269422;9,424252E-1;1,671954E-1;1,600664E-1;9,519549E-1;;
30/11/2021  10:22:51,269522;9,413850E-1;9,583344E-2;1,180475E-1;9,517016E-1;;
30/11/2021  10:22:51,269622;9,409499E-1;1,382046E-1;1,325804E-1;9,514399E-1;;
30/11/2021  10:22:51,269722;9,420467E-1;1,350188E-1;1,376353E-1;9,511703E-1;;
30/11/2021  10:22:51,269822;9,415966E-1;1,512664E-1;1,739675E-1;9,508935E-1;;
30/11/2021  10:22:51,269922;9,412032E-1;-1,045534E-1;3,680107E-3;9,506101E-1;;
30/11/2021  10:22:51,270022;9,408098E-1;1,168597E-1;1,284732E-1;9,503210E-1;;
30/11/2021  10:22:51,270122;9,398174E-1;1,455319E-1;1,613302E-1;9,500266E-1;;
30/11/2021  10:22:51,270222;9,389650E-1;1,984162E-1;1,963986E-1;9,497276E-1;;
30/11/2021  10:22:51,270322;9,381305E-1;1,251428E-1;1,278414E-1;9,494241E-1;;
30/11/2021  10:22:51,270422;9,390455E-1;1,206827E-1;1,259458E-1;9,491165E-1;;
30/11/2021  10:22:51,270522;9,384912E-1;1,235499E-1;1,208909E-1;9,488051E-1;;
30/11/2021  10:22:51,270622;9,382199E-1;1,401161E-1;1,458495E-1;9,484902E-1;;
30/11/2021  10:22:51,270722;9,376120E-1;1,190898E-1;1,050943E-1;9,481721E-1;;
30/11/2021  10:22:51,270822;9,369325E-1;1,222756E-1;9,877564E-2;9,478512E-1;;
30/11/2021  10:22:51,270922;9,367954E-1;2,829448E-2;4,317161E-2;9,475277E-1;;
30/11/2021  10:22:51,271022;9,373884E-1;1,490363E-1;1,733356E-1;9,472017E-1;;
30/11/2021  10:22:51,271122;9,370576E-1;5,059508E-2;6,497092E-2;9,468737E-1;;
30/11/2021  10:22:51,271222;9,373735E-1;8,723178E-2;1,000394E-1;9,465439E-1;;
30/11/2021  10:22:51,271322;9,373288E-1;1,318330E-1;1,300529E-1;9,462129E-1;;
30/11/2021  10:22:51,271422;9,367924E-1;2,925022E-2;4,096008E-2;9,458811E-1;;
30/11/2021  10:22:51,271522;9,366881E-1;1,022050E-1;1,202590E-1;9,455489E-1;;
30/11/2021  10:22:51,271622;9,366344E-1;1,283286E-1;1,338441E-1;9,452169E-1;;
30/11/2021  10:22:51,271722;9,366970E-1;5,409946E-2;7,634447E-2;9,448853E-1;;
30/11/2021  10:22:51,271822;9,368997E-1;1,299215E-1;1,300529E-1;9,445547E-1;;
30/11/2021  10:22:51,271922;9,375673E-1;5,091366E-2;8,803395E-2;9,442256E-1;;
30/11/2021  10:22:51,272022;9,373110E-1;1,378860E-1;1,376353E-1;9,438985E-1;;
30/11/2021  10:22:51,272122;9,372186E-1;1,270543E-1;1,227865E-1;9,435742E-1;;
30/11/2021  10:22:51,272222;9,370219E-1;1,232313E-1;1,202590E-1;9,432530E-1;;
30/11/2021  10:22:51,272322;9,363006E-1;1,318330E-1;1,300529E-1;9,429357E-1;;
30/11/2021  10:22:51,272422;9,365778E-1;1,283286E-1;1,278414E-1;9,426225E-1;;
30/11/2021  10:22:51,272522;9,368490E-1;1,034794E-1;1,170997E-1;9,423140E-1;;
30/11/2021  10:22:51,272622;9,370070E-1;1,270543E-1;1,253139E-1;9,420104E-1;;
30/11/2021  10:22:51,272722;9,361248E-1;1,213198E-1;1,170997E-1;9,417122E-1;;
30/11/2021  10:22:51,272822;9,356628E-1;1,025236E-1;8,361090E-2;9,414197E-1;;
30/11/2021  10:22:51,272922;9,349833E-1;3,880762E-2;8,866581E-2;9,411331E-1;;
30/11/2021  10:22:51,273022;9,350042E-1;1,302401E-1;1,543797E-1;9,408524E-1;;
30/11/2021  10:22:51,273122;9,352128E-1;6,461260E-2;6,307532E-2;9,405777E-1;;
30/11/2021  10:22:51,273222;9,351473E-1;1,308772E-1;1,287892E-1;9,403090E-1;;
30/11/2021  10:22:51,273322;9,353112E-1;1,372488E-1;1,569071E-1;9,400463E-1;;
30/11/2021  10:22:51,273422;9,348373E-1;1,264171E-1;1,243661E-1;9,397897E-1;;
30/11/2021  10:22:51,273522;9,340654E-1;1,385232E-1;1,338441E-1;9,395393E-1;;
30/11/2021  10:22:51,273622;9,336631E-1;1,506292E-1;1,370034E-1;9,392949E-1;;
30/11/2021  10:22:51,273722;9,342740E-1;1,407532E-1;1,458495E-1;9,390564E-1;;
30/11/2021  10:22:51,273822;9,343724E-1;1,257800E-1;1,104651E-1;9,388237E-1;;
30/11/2021  10:22:51,273922;9,347360E-1;1,503106E-1;1,764949E-1;9,385967E-1;;
30/11/2021  10:22:51,274022;9,345959E-1;1,388417E-1;1,205749E-1;9,383754E-1;;
30/11/2021  10:22:51,274122;9,341250E-1;1,219570E-1;1,164678E-1;9,381600E-1;;
30/11/2021  10:22:51,274222;9,346436E-1;1,143111E-1;9,498445E-2;9,379505E-1;;
30/11/2021  10:22:51,274322;9,348164E-1;1,618844E-2;6,718244E-2;9,377467E-1;;
30/11/2021  10:22:51,274422;9,341667E-1;1,302401E-1;1,095173E-1;9,375489E-1;;
30/11/2021  10:22:51,274522;9,352575E-1;1,394789E-1;1,572231E-1;9,373571E-1;;
30/11/2021  10:22:51,274622;9,357105E-1;1,372488E-1;1,423743E-1;9,371714E-1;;
30/11/2021  10:22:51,274722;9,361695E-1;1,286472E-1;1,449017E-1;9,369919E-1;;
30/11/2021  10:22:51,274822;9,362649E-1;1,620981E-1;1,467973E-1;9,368191E-1;;
30/11/2021  10:22:51,274922;9,356122E-1;1,340630E-1;1,338441E-1;9,366532E-1;;
30/11/2021  10:22:51,275022;9,358446E-1;1,350188E-1;1,344760E-1;9,364945E-1;;
30/11/2021  10:22:51,275122;9,370666E-1;1,372488E-1;1,328963E-1;9,363432E-1;;
30/11/2021  10:22:51,275222;9,375494E-1;7,863012E-2;8,677022E-2;9,361994E-1;;
30/11/2021  10:22:51,275322;9,385895E-1;1,181340E-1;1,205749E-1;9,360637E-1;;
30/11/2021  10:22:51,275422;9,381127E-1;1,308772E-1;1,287892E-1;9,359365E-1;;
30/11/2021  10:22:51,275522;9,382945E-1;1,375674E-1;1,155200E-1;9,358182E-1;;
30/11/2021  10:22:51,275622;9,382050E-1;1,257800E-1;9,877564E-2;9,357093E-1;;
30/11/2021  10:22:51,275722;9,388786E-1;8,723178E-2;9,245700E-2;9,356100E-1;;
30/11/2021  10:22:51,275822;9,395134E-1;1,060280E-1;1,392149E-1;9,355207E-1;;
30/11/2021  10:22:51,275922;9,399306E-1;2,638300E-2;6,465498E-2;9,354416E-1;;
30/11/2021  10:22:51,276022;9,405476E-1;1,187712E-1;1,291051E-1;9,353732E-1;;
30/11/2021  10:22:51,276122;9,405595E-1;1,213198E-1;1,234183E-1;9,353157E-1;;
30/11/2021  10:22:51,276222;9,401571E-1;1,187712E-1;1,212068E-1;9,352695E-1;;
30/11/2021  10:22:51,276322;9,402346E-1;1,111253E-1;1,189953E-1;9,352349E-1;;
30/11/2021  10:22:51,276422;9,402823E-1;1,130368E-1;1,215227E-1;9,352118E-1;;
30/11/2021  10:22:51,276522;9,417486E-1;1,073023E-1;1,148882E-1;9,352002E-1;;
30/11/2021  10:22:51,276622;9,421063E-1;1,178155E-1;1,275255E-1;9,352004E-1;;
30/11/2021  10:22:51,276722;9,419960E-1;1,127182E-1;1,152041E-1;9,352123E-1;;
30/11/2021  10:22:51,276822;9,424013E-1;7,767438E-2;1,044624E-1;9,352362E-1;;
30/11/2021  10:22:51,276922;9,418857E-1;1,031608E-1;1,082536E-1;9,352720E-1;;
30/11/2021  10:22:51,277022;9,422851E-1;1,114439E-1;1,110970E-1;9,353197E-1;;
30/11/2021  10:22:51,277122;9,429169E-1;9,455912E-2;1,041465E-1;9,353791E-1;;
30/11/2021  10:22:51,277222;9,439004E-1;4,358632E-2;1,351078E-1;9,354502E-1;;
30/11/2021  10:22:51,277322;9,444011E-1;1,117624E-1;9,530039E-2;9,355328E-1;;
30/11/2021  10:22:51,277422;9,444190E-1;1,640096E-1;1,676488E-1;9,356270E-1;;
30/11/2021  10:22:51,277522;9,443564E-1;1,331073E-1;1,303688E-1;9,357328E-1;;
30/11/2021  10:22:51,277622;9,442878E-1;1,570008E-1;1,411105E-1;9,358501E-1;;
30/11/2021  10:22:51,277722;9,441716E-1;1,786642E-1;1,553275E-1;9,359785E-1;;
30/11/2021  10:22:51,277822;9,447110E-1;1,133553E-1;1,676488E-1;9,361178E-1;;
30/11/2021  10:22:51,277922;9,451521E-1;1,636910E-1;1,464814E-1;9,362677E-1;;
30/11/2021  10:22:51,278022;9,455068E-1;9,551486E-2;1,344760E-1;9,364278E-1;;
30/11/2021  10:22:51,278122;9,446723E-1;1,334259E-1;1,322644E-1;9,365977E-1;;
30/11/2021  10:22:51,278222;9,444756E-1;1,487177E-1;1,420583E-1;9,367771E-1;;
30/11/2021  10:22:51,278322;9,442402E-1;2,309114E-1;1,752312E-1;9,369654E-1;;
30/11/2021  10:22:51,278422;9,441805E-1;1,095324E-1;1,360556E-1;9,371618E-1;;
30/11/2021  10:22:51,278522;9,444249E-1;1,280100E-1;1,215227E-1;9,373656E-1;;
30/11/2021  10:22:51,278622;9,439868E-1;1,646467E-1;1,531159E-1;9,375761E-1;;
30/11/2021  10:22:51,278722;9,440792E-1;1,060280E-1;5,106991E-2;9,377924E-1;;
30/11/2021  10:22:51,278822;9,435100E-1;2,229469E-1;2,494752E-1;9,380138E-1;;
30/11/2021  10:22:51,278922;9,435577E-1;1,359745E-1;1,379512E-1;9,382394E-1;;
30/11/2021  10:22:51,279022;9,432656E-1;1,254614E-1;1,234183E-1;9,384683E-1;;
30/11/2021  10:22:51,279122;9,430003E-1;1,267357E-1;1,246821E-1;9,386995E-1;;
30/11/2021  10:22:51,279222;9,434742E-1;1,248242E-1;1,227865E-1;9,389322E-1;;
30/11/2021  10:22:51,279322;9,429318E-1;1,503106E-1;1,401627E-1;9,391655E-1;;
30/11/2021  10:22:51,279422;9,427828E-1;1,668768E-1;2,055607E-1;9,393985E-1;;
30/11/2021  10:22:51,279522;9,425950E-1;1,289658E-1;1,322644E-1;9,396304E-1;;
30/11/2021  10:22:51,279622;9,419632E-1;1,296029E-1;1,284732E-1;9,398603E-1;;
30/11/2021  10:22:51,279722;9,413642E-1;1,337445E-1;1,322644E-1;9,400874E-1;;
30/11/2021  10:22:51,279822;9,415698E-1;1,171783E-1;1,174156E-1;9,403106E-1;;
30/11/2021  10:22:51,279922;9,418321E-1;1,337445E-1;1,240502E-1;9,405291E-1;;
30/11/2021  10:22:51,280022;9,418589E-1;1,302401E-1;1,281573E-1;9,407422E-1;;
30/11/2021  10:22:51,280122;9,420645E-1;1,334259E-1;1,360556E-1;9,409492E-1;;
30/11/2021  10:22:51,280222;9,413046E-1;1,560451E-1;1,521681E-1;9,411494E-1;;
30/11/2021  10:22:51,280322;9,407025E-1;1,656025E-1;2,580054E-1;9,413424E-1;;
30/11/2021  10:22:51,280422;9,405833E-1;1,585937E-1;1,616461E-1;9,415276E-1;;
30/11/2021  10:22:51,280522;9,407860E-1;1,509478E-1;1,534319E-1;9,417042E-1;;
30/11/2021  10:22:51,280622;9,407800E-1;1,480806E-1;1,657532E-1;9,418719E-1;;
30/11/2021  10:22:51,280722;9,403151E-1;1,528593E-1;1,588027E-1;9,420301E-1;;
30/11/2021  10:22:51,280822;9,398412E-1;1,898145E-1;1,711241E-1;9,421784E-1;;
30/11/2021  10:22:51,280922;9,394210E-1;1,302401E-1;1,294210E-1;9,423166E-1;;
30/11/2021  10:22:51,281022;9,389442E-1;1,267357E-1;1,351078E-1;9,424440E-1;;
30/11/2021  10:22:51,281122;9,388667E-1;1,289658E-1;1,455336E-1;9,425604E-1;;
30/11/2021  10:22:51,281222;9,386104E-1;1,331073E-1;1,227865E-1;9,426652E-1;;
30/11/2021  10:22:51,281322;9,389054E-1;1,114439E-1;1,167838E-1;9,427583E-1;;
30/11/2021  10:22:51,281422;9,386491E-1;1,308772E-1;1,205749E-1;9,428394E-1;;
30/11/2021  10:22:51,281522;9,381276E-1;1,076209E-1;7,950379E-2;9,429083E-1;;
30/11/2021  10:22:51,281622;9,384226E-1;1,181340E-1;1,031987E-1;9,429649E-1;;
30/11/2021  10:22:51,281722;9,373408E-1;7,831154E-2;8,992954E-2;9,430092E-1;;
30/11/2021  10:22:51,281822;9,376597E-1;1,232313E-1;1,186794E-1;9,430411E-1;;
30/11/2021  10:22:51,281922;9,384435E-1;1,678325E-1;1,948190E-1;9,430607E-1;;
30/11/2021  10:22:51,282022;9,385895E-1;1,245056E-1;1,313166E-1;9,430679E-1;;
30/11/2021  10:22:51,282122;9,388011E-1;1,152668E-1;1,351078E-1;9,430632E-1;;
30/11/2021  10:22:51,282222;9,391260E-1;1,276914E-1;1,388990E-1;9,430470E-1;;
30/11/2021  10:22:51,282322;9,380590E-1;2,019206E-1;1,704922E-1;9,430198E-1;;
30/11/2021  10:22:51,282422;9,378355E-1;1,311958E-1;1,316326E-1;9,429820E-1;;
30/11/2021  10:22:51,282522;9,385478E-1;1,251428E-1;1,300529E-1;9,429341E-1;;
30/11/2021  10:22:51,282622;9,386730E-1;1,305587E-1;1,256299E-1;9,428764E-1;;
30/11/2021  10:22:51,282722;9,390216E-1;1,251428E-1;1,439539E-1;9,428096E-1;;
30/11/2021  10:22:51,282822;9,394896E-1;1,127182E-1;1,120448E-1;9,427343E-1;;
30/11/2021  10:22:51,282922;9,388518E-1;1,060280E-1;1,079377E-1;9,426512E-1;;
30/11/2021  10:22:51,283022;9,387296E-1;6,429402E-2;6,086380E-2;9,425610E-1;;
30/11/2021  10:22:51,283122;9,382527E-1;2,893164E-2;7,539667E-2;9,424644E-1;;
30/11/2021  10:22:51,283222;9,386610E-1;1,184526E-1;1,227865E-1;9,423619E-1;;
30/11/2021  10:22:51,283322;9,390544E-1;1,216384E-1;1,215227E-1;9,422540E-1;;
30/11/2021  10:22:51,283422;9,383600E-1;1,015679E-1;1,098333E-1;9,421413E-1;;
30/11/2021  10:22:51,283522;9,382080E-1;1,315144E-1;1,281573E-1;9,420245E-1;;
30/11/2021  10:22:51,283622;9,371947E-1;1,232313E-1;1,486929E-1;9,419040E-1;;
30/11/2021  10:22:51,283722;9,369027E-1;1,264171E-1;1,294210E-1;9,417801E-1;;
30/11/2021  10:22:51,283822;9,362917E-1;1,248242E-1;1,291051E-1;9,416530E-1;;
30/11/2021  10:22:51,283922;9,367894E-1;1,311958E-1;1,284732E-1;9,415229E-1;;
30/11/2021  10:22:51,284022;9,374212E-1;1,308772E-1;1,306848E-1;9,413900E-1;;
30/11/2021  10:22:51,284122;9,365063E-1;1,362931E-1;1,297370E-1;9,412545E-1;;
30/11/2021  10:22:51,284222;9,359817E-1;1,305587E-1;1,193112E-1;9,411166E-1;;
30/11/2021  10:22:51,284322;9,350638E-1;1,079395E-1;1,139404E-1;9,409766E-1;;
30/11/2021  10:22:51,284422;9,344707E-1;1,139925E-1;1,177316E-1;9,408345E-1;;
30/11/2021  10:22:51,284522;9,355317E-1;1,095324E-1;1,189953E-1;9,406901E-1;;
30/11/2021  10:22:51,284622;9,353499E-1;6,652408E-2;8,045158E-2;9,405435E-1;;
30/11/2021  10:22:51,284722;9,355019E-1;1,108067E-1;1,114129E-1;9,403947E-1;;
30/11/2021  10:22:51,284822;9,350191E-1;9,838208E-2;1,031987E-1;9,402441E-1;;
30/11/2021  10:22:51,284922;9,343634E-1;5,441804E-2;4,285567E-2;9,400916E-1;;
30/11/2021  10:22:51,285022;9,336154E-1;1,372488E-1;1,685966E-1;9,399374E-1;;
30/11/2021  10:22:51,285122;9,340237E-1;1,155854E-1;1,505885E-1;9,397814E-1;;
30/11/2021  10:22:51,285222;9,337644E-1;5,696668E-2;1,009872E-1;9,396237E-1;;
30/11/2021  10:22:51,285322;9,345244E-1;9,933782E-2;1,101492E-1;9,394642E-1;;
30/11/2021  10:22:51,285422;9,339194E-1;9,678918E-2;1,347919E-1;9,393030E-1;;
30/11/2021  10:22:51,285522;9,342144E-1;9,201048E-2;9,498445E-2;9,391404E-1;;
30/11/2021  10:22:51,285622;9,335498E-1;1,095324E-1;1,202590E-1;9,389765E-1;;
30/11/2021  10:22:51,285722;9,331326E-1;1,229127E-1;1,474292E-1;9,388115E-1;;
30/11/2021  10:22:51,285822;9,334843E-1;8,022302E-2;1,133085E-1;9,386454E-1;;
30/11/2021  10:22:51,285922;9,334157E-1;1,155854E-1;1,044624E-1;9,384784E-1;;
30/11/2021  10:22:51,286022;9,339492E-1;1,589123E-1;1,727037E-1;9,383106E-1;;
30/11/2021  10:22:51,286122;9,336154E-1;1,614609E-1;1,325804E-1;9,381422E-1;;
30/11/2021  10:22:51,286222;9,333561E-1;1,633724E-1;1,420583E-1;9,379735E-1;;
30/11/2021  10:22:51,286322;9,329925E-1;1,241871E-1;1,275255E-1;9,378048E-1;;
30/11/2021  10:22:51,286422;9,333054E-1;1,366117E-1;1,572231E-1;9,376361E-1;;
30/11/2021  10:22:51,286522;9,335498E-1;1,133553E-1;9,372073E-2;9,374678E-1;;
30/11/2021  10:22:51,286622;9,342770E-1;1,248242E-1;1,439539E-1;9,373000E-1;;
30/11/2021  10:22:51,286722;9,345244E-1;1,222756E-1;1,436380E-1;9,371331E-1;;
30/11/2021  10:22:51,286822;9,352069E-1;1,254614E-1;1,556434E-1;9,369677E-1;;
30/11/2021  10:22:51,286922;9,345989E-1;1,245056E-1;1,253139E-1;9,368041E-1;;
30/11/2021  10:22:51,287022;9,349416E-1;1,165411E-1;1,199431E-1;9,366430E-1;;
30/11/2021  10:22:51,287122;9,351949E-1;1,206827E-1;1,221546E-1;9,364849E-1;;
30/11/2021  10:22:51,287222;9,361129E-1;1,251428E-1;1,249980E-1;9,363301E-1;;
30/11/2021  10:22:51,287322;9,369593E-1;1,397975E-1;1,404787E-1;9,361793E-1;;
30/11/2021  10:22:51,287422;9,376924E-1;1,245056E-1;1,215227E-1;9,360333E-1;;
30/11/2021  10:22:51,287522;9,381782E-1;1,251428E-1;1,237343E-1;9,358927E-1;;
30/11/2021  10:22:51,287622;9,379785E-1;1,225942E-1;1,120448E-1;9,357585E-1;;
30/11/2021  10:22:51,287722;9,382438E-1;9,933782E-2;7,792413E-2;9,356314E-1;;
30/11/2021  10:22:51,287822;9,387385E-1;1,143111E-1;1,098333E-1;9,355120E-1;;
30/11/2021  10:22:51,287922;9,395849E-1;2,733874E-2;3,874856E-2;9,354011E-1;;
30/11/2021  10:22:51,288022;9,408665E-1;1,286472E-1;1,430061E-1;9,352994E-1;;
30/11/2021  10:22:51,288122;9,412897E-1;1,216384E-1;1,291051E-1;9,352077E-1;;
30/11/2021  10:22:51,288222;9,415549E-1;1,225942E-1;1,265777E-1;9,351267E-1;;
30/11/2021  10:22:51,288322;9,410781E-1;1,197269E-1;1,253139E-1;9,350573E-1;;
30/11/2021  10:22:51,288422;9,415013E-1;1,334259E-1;1,344760E-1;9,350000E-1;;
30/11/2021  10:22:51,288522;9,420973E-1;1,311958E-1;1,316326E-1;9,349554E-1;;
30/11/2021  10:22:51,288622;9,432626E-1;1,117624E-1;1,170997E-1;9,349239E-1;;
30/11/2021  10:22:51,288722;9,437663E-1;1,337445E-1;1,385831E-1;9,349059E-1;;
30/11/2021  10:22:51,288822;9,441895E-1;1,289658E-1;1,227865E-1;9,349021E-1;;
30/11/2021  10:22:51,288922;9,443802E-1;1,143111E-1;1,177316E-1;9,349128E-1;;
30/11/2021  10:22:51,289022;9,439213E-1;1,219570E-1;1,152041E-1;9,349384E-1;;
30/11/2021  10:22:51,289122;9,442908E-1;1,276914E-1;1,208909E-1;9,349792E-1;;
30/11/2021  10:22:51,289222;9,442402E-1;1,245056E-1;1,227865E-1;9,350351E-1;;
30/11/2021  10:22:51,289322;9,448213E-1;1,181340E-1;1,158360E-1;9,351062E-1;;
30/11/2021  10:22:51,289422;9,455008E-1;1,098510E-1;1,183634E-1;9,351923E-1;;
30/11/2021  10:22:51,289522;9,448601E-1;1,324701E-1;1,578549E-1;9,352934E-1;;
30/11/2021  10:22:51,289622;9,450121E-1;1,302401E-1;1,338441E-1;9,354092E-1;;
30/11/2021  10:22:51,289722;9,445233E-1;1,162226E-1;1,193112E-1;9,355393E-1;;
30/11/2021  10:22:51,289822;9,448690E-1;1,254614E-1;1,256299E-1;9,356834E-1;;
30/11/2021  10:22:51,289922;9,450419E-1;1,302401E-1;1,300529E-1;9,358407E-1;;
30/11/2021  10:22:51,290022;9,448511E-1;1,219570E-1;1,129926E-1;9,360107E-1;;
30/11/2021  10:22:51,290122;9,455127E-1;1,273729E-1;1,325804E-1;9,361928E-1;;
30/11/2021  10:22:51,290222;9,458227E-1;1,098510E-1;1,268936E-1;9,363863E-1;;
30/11/2021  10:22:51,290322;9,455604E-1;1,245056E-1;1,218387E-1;9,365905E-1;;
30/11/2021  10:22:51,290422;9,451253E-1;1,143111E-1;1,142563E-1;9,368049E-1;;
30/11/2021  10:22:51,290522;9,452356E-1;1,149482E-1;1,294210E-1;9,370287E-1;;
30/11/2021  10:22:51,290622;9,457631E-1;1,152668E-1;1,240502E-1;9,372610E-1;;
30/11/2021  10:22:51,290722;9,458257E-1;1,353374E-1;1,256299E-1;9,375010E-1;;
30/11/2021  10:22:51,290822;9,456647E-1;1,229127E-1;1,035146E-1;9,377481E-1;;
30/11/2021  10:22:51,290922;9,457482E-1;1,331073E-1;1,284732E-1;9,380014E-1;;
30/11/2021  10:22:51,291022;9,453250E-1;1,321516E-1;1,430061E-1;9,382601E-1;;
30/11/2021  10:22:51,291122;9,446514E-1;1,347002E-1;1,363715E-1;9,385235E-1;;
30/11/2021  10:22:51,291222;9,449942E-1;1,159040E-1;1,003553E-1;9,387904E-1;;
30/11/2021  10:22:51,291322;9,451581E-1;1,251428E-1;1,262617E-1;9,390601E-1;;
30/11/2021  10:22:51,291422;9,450210E-1;1,296029E-1;1,294210E-1;9,393316E-1;;
30/11/2021  10:22:51,291522;9,448243E-1;8,786894E-2;1,698603E-1;9,396040E-1;;
30/11/2021  10:22:51,291622;9,444190E-1;1,283286E-1;1,344760E-1;9,398765E-1;;
30/11/2021  10:22:51,291722;9,438587E-1;1,276914E-1;1,212068E-1;9,401482E-1;;
30/11/2021  10:22:51,291822;9,438020E-1;1,260985E-1;1,341600E-1;9,404181E-1;;
30/11/2021  10:22:51,291922;9,440882E-1;1,213198E-1;1,240502E-1;9,406852E-1;;
30/11/2021  10:22:51,292022;9,443445E-1;1,241871E-1;1,196272E-1;9,409488E-1;;
30/11/2021  10:22:51,292122;9,446127E-1;1,401161E-1;1,379512E-1;9,412081E-1;;
30/11/2021  10:22:51,292222;9,434176E-1;1,375674E-1;1,423743E-1;9,414623E-1;;
30/11/2021  10:22:51,292322;9,438170E-1;1,286472E-1;1,152041E-1;9,417110E-1;;
30/11/2021  10:22:51,292422;9,436530E-1;8,850610E-2;1,297370E-1;9,419533E-1;;
30/11/2021  10:22:51,292522;9,437544E-1;1,260985E-1;1,392149E-1;9,421886E-1;;
30/11/2021  10:22:51,292622;9,440882E-1;1,210013E-1;1,407946E-1;9,424165E-1;;
30/11/2021  10:22:51,292722;9,444428E-1;1,327887E-1;1,341600E-1;9,426365E-1;;
30/11/2021  10:22:51,292822;9,442640E-1;1,076209E-1;1,031987E-1;9,428483E-1;;
30/11/2021  10:22:51,292922;9,442133E-1;2,665923E-1;2,437884E-1;9,430516E-1;;
30/11/2021  10:22:51,293022;9,441925E-1;1,098510E-1;1,189953E-1;9,432463E-1;;
30/11/2021  10:22:51,293122;9,437961E-1;1,159040E-1;1,306848E-1;9,434321E-1;;
30/11/2021  10:22:51,293222;9,441239E-1;1,034794E-1;1,231024E-1;9,436090E-1;;
30/11/2021  10:22:51,293322;9,439838E-1;1,108067E-1;1,082536E-1;9,437767E-1;;
30/11/2021  10:22:51,293422;9,448064E-1;9,519628E-2;1,120448E-1;9,439352E-1;;
30/11/2021  10:22:51,293522;9,448183E-1;9,742634E-2;9,845971E-2;9,440845E-1;;
30/11/2021  10:22:51,293622;9,441448E-1;1,241871E-1;1,300529E-1;9,442247E-1;;
30/11/2021  10:22:51,293722;9,436679E-1;1,522221E-1;1,338441E-1;9,443560E-1;;
30/11/2021  10:22:51,293822;9,433848E-1;9,774492E-2;1,088855E-1;9,444784E-1;;
30/11/2021  10:22:51,293922;9,431434E-1;1,372488E-1;1,335282E-1;9,445917E-1;;
30/11/2021  10:22:51,294022;9,431464E-1;2,688224E-1;2,200935E-1;9,446960E-1;;
30/11/2021  10:22:51,294122;9,430808E-1;3,172465E-1;2,608488E-1;9,447911E-1;;
30/11/2021  10:22:51,294222;9,428275E-1;1,585937E-1;1,569071E-1;9,448771E-1;;
30/11/2021  10:22:51,294322;9,415638E-1;1,729298E-1;1,682807E-1;9,449540E-1;;
30/11/2021  10:22:51,294422;9,405714E-1;1,656025E-1;1,790224E-1;9,450215E-1;;
30/11/2021  10:22:51,294522;9,400111E-1;1,388417E-1;1,433221E-1;9,450794E-1;;
30/11/2021  10:22:51,294622;9,398979E-1;1,273729E-1;1,291051E-1;9,451274E-1;;
30/11/2021  10:22:51,294722;9,398353E-1;1,321516E-1;1,202590E-1;9,451650E-1;;
30/11/2021  10:22:51,294822;9,394508E-1;1,487177E-1;1,458495E-1;9,451919E-1;;
30/11/2021  10:22:51,294922;9,389293E-1;1,251428E-1;1,000394E-1;9,452080E-1;;
30/11/2021  10:22:51,295022;9,379160E-1;7,448858E-2;6,023194E-2;9,452129E-1;;
30/11/2021  10:22:51,295122;9,371351E-1;1,805757E-1;1,524841E-1;9,452064E-1;;
30/11/2021  10:22:51,295222;9,367924E-1;1,347002E-1;1,278414E-1;9,451880E-1;;
30/11/2021  10:22:51,295322;9,370219E-1;1,299215E-1;1,360556E-1;9,451575E-1;;
30/11/2021  10:22:51,295422;9,368848E-1;1,359745E-1;1,407946E-1;9,451145E-1;;
30/11/2021  10:22:51,295522;9,364109E-1;1,531778E-1;1,104651E-1;9,450589E-1;;
30/11/2021  10:22:51,295622;9,357225E-1;1,397975E-1;1,303688E-1;9,449907E-1;;
30/11/2021  10:22:51,295722;9,349535E-1;1,509478E-1;1,834454E-1;9,449097E-1;;
30/11/2021  10:22:51,295822;9,350638E-1;1,289658E-1;1,335282E-1;9,448159E-1;;
30/11/2021  10:22:51,295922;9,346168E-1;1,232313E-1;1,306848E-1;9,447091E-1;;
30/11/2021  10:22:51,296022;9,349833E-1;1,382046E-1;1,341600E-1;9,445894E-1;;
30/11/2021  10:22:51,296122;9,351085E-1;1,146297E-1;1,287892E-1;9,444569E-1;;
30/11/2021  10:22:51,296222;9,352098E-1;1,283286E-1;1,268936E-1;9,443118E-1;;
30/11/2021  10:22:51,296322;9,339909E-1;1,235499E-1;1,237343E-1;9,441547E-1;;
30/11/2021  10:22:51,296422;9,333740E-1;1,426647E-1;1,420583E-1;9,439857E-1;;
30/11/2021  10:22:51,296522;9,332786E-1;1,296029E-1;1,325804E-1;9,438051E-1;;
30/11/2021  10:22:51,296622;9,331326E-1;1,372488E-1;1,322644E-1;9,436132E-1;;
30/11/2021  10:22:51,296722;9,340714E-1;1,015679E-1;1,139404E-1;9,434104E-1;;
30/11/2021  10:22:51,296822;9,333472E-1;1,194084E-1;1,202590E-1;9,431971E-1;;
30/11/2021  10:22:51,296922;9,334723E-1;1,353374E-1;1,303688E-1;9,429739E-1;;
30/11/2021  10:22:51,297022;9,328673E-1;9,041758E-2;7,634447E-2;9,427413E-1;;
30/11/2021  10:22:51,297122;9,327422E-1;1,458505E-1;1,569071E-1;9,424999E-1;;
30/11/2021  10:22:51,297222;9,325782E-1;1,120810E-1;1,742834E-1;9,422503E-1;;
30/11/2021  10:22:51,297322;9,325991E-1;7,321426E-2;1,455336E-1;9,419930E-1;;
30/11/2021  10:22:51,297422;9,333263E-1;1,407532E-1;1,325804E-1;9,417286E-1;;
30/11/2021  10:22:51,297522;9,329001E-1;1,522221E-1;1,824976E-1;9,414579E-1;;
30/11/2021  10:22:51,297622;9,326438E-1;1,362931E-1;1,284732E-1;9,411816E-1;;
30/11/2021  10:22:51,297722;9,325782E-1;1,162226E-1;1,167838E-1;9,409005E-1;;
30/11/2021  10:22:51,297822;9,321491E-1;1,678325E-1;1,537478E-1;9,406151E-1;;
30/11/2021  10:22:51,297922;9,326676E-1;1,420275E-1;1,366875E-1;9,403263E-1;;
30/11/2021  10:22:51,298022;9,328167E-1;9,360338E-2;8,740209E-2;9,400346E-1;;
30/11/2021  10:22:51,298122;9,328524E-1;1,334259E-1;1,272095E-1;9,397409E-1;;
30/11/2021  10:22:51,298222;9,334723E-1;1,276914E-1;1,003553E-1;9,394459E-1;;
30/11/2021  10:22:51,298322;9,327481E-1;1,315144E-1;1,278414E-1;9,391505E-1;;
30/11/2021  10:22:51,298422;9,330789E-1;9,838208E-2;6,497092E-2;9,388554E-1;;
30/11/2021  10:22:51,298522;9,326617E-1;1,407532E-1;1,550115E-1;9,385613E-1;;
30/11/2021  10:22:51,298622;9,331952E-1;1,037979E-1;9,340479E-2;9,382691E-1;;
30/11/2021  10:22:51,298722;9,339015E-1;1,608238E-1;1,483770E-1;9,379793E-1;;
30/11/2021  10:22:51,298822;9,339909E-1;1,461691E-1;1,534319E-1;9,376928E-1;;
30/11/2021  10:22:51,298922;9,340118E-1;1,506292E-1;1,673329E-1;9,374104E-1;;
30/11/2021  10:22:51,299022;9,336005E-1;1,369303E-1;1,316326E-1;9,371328E-1;;
30/11/2021  10:22:51,299122;9,333084E-1;1,270543E-1;1,256299E-1;9,368608E-1;;
30/11/2021  10:22:51,299222;9,330372E-1;1,401161E-1;1,379512E-1;9,365948E-1;;
30/11/2021  10:22:51,299322;9,332697E-1;1,254614E-1;1,268936E-1;9,363353E-1;;
30/11/2021  10:22:51,299422;9,337137E-1;1,315144E-1;1,221546E-1;9,360828E-1;;
30/11/2021  10:22:51,299522;9,334753E-1;1,280100E-1;1,218387E-1;9,358375E-1;;
30/11/2021  10:22:51,299622;9,331713E-1;1,264171E-1;1,259458E-1;9,356000E-1;;
30/11/2021  10:22:51,299722;9,326438E-1;1,299215E-1;1,237343E-1;9,353704E-1;;
30/11/2021  10:22:51,299822;9,327422E-1;1,034794E-1;8,108345E-2;9,351490E-1;;
30/11/2021  10:22:51,299922;9,322534E-1;1,152668E-1;1,082536E-1;9,349359E-1;;
30/11/2021  10:22:51,300022;9,328435E-1;1,305587E-1;1,439539E-1;9,347310E-1;;
30/11/2021  10:22:51,300122;9,329538E-1;1,455319E-1;1,622780E-1;9,345344E-1;;
30/11/2021  10:22:51,300222;9,330998E-1;1,397975E-1;1,464814E-1;9,343462E-1;;
30/11/2021  10:22:51,300322;9,331236E-1;1,283286E-1;1,212068E-1;9,341664E-1;;
30/11/2021  10:22:51,300422;9,323964E-1;1,410718E-1;1,319485E-1;9,339951E-1;;
30/11/2021  10:22:51,300522;9,326527E-1;1,385232E-1;1,351078E-1;9,338323E-1;;
30/11/2021  10:22:51,300622;9,328971E-1;1,190898E-1;1,231024E-1;9,336778E-1;;
30/11/2021  10:22:51,300722;9,338329E-1;1,136739E-1;1,186794E-1;9,335316E-1;;
30/11/2021  10:22:51,300822;9,345184E-1;1,159040E-1;1,310007E-1;9,333938E-1;;
30/11/2021  10:22:51,300922;9,341459E-1;1,264171E-1;1,227865E-1;9,332645E-1;;
30/11/2021  10:22:51,301022;9,350549E-1;1,022050E-1;1,095173E-1;9,331440E-1;;
30/11/2021  10:22:51,301122;9,342740E-1;1,025236E-1;1,057261E-1;9,330324E-1;;
30/11/2021  10:22:51,301222;9,348462E-1;1,031608E-1;1,006712E-1;9,329298E-1;;
30/11/2021  10:22:51,301322;9,364467E-1;1,104881E-1;1,107811E-1;9,328364E-1;;
30/11/2021  10:22:51,301422;9,367298E-1;-6,963020E-4;7,034176E-2;9,327524E-1;;
30/11/2021  10:22:51,301522;9,378146E-1;7,130278E-2;5,580889E-2;9,326781E-1;;
30/11/2021  10:22:51,301622;9,378474E-1;1,369303E-1;1,411105E-1;9,326142E-1;;
30/11/2021  10:22:51,301722;9,378206E-1;1,069837E-1;1,186794E-1;9,325609E-1;;
30/11/2021  10:22:51,301822;9,386193E-1;9,073616E-2;1,092014E-1;9,325187E-1;;
30/11/2021  10:22:51,301922;9,386759E-1;1,143111E-1;1,243661E-1;9,324879E-1;;
30/11/2021  10:22:51,302022;9,400141E-1;1,047537E-1;1,275255E-1;9,324688E-1;;
30/11/2021  10:22:51,302122;9,405744E-1;1,270543E-1;1,231024E-1;9,324618E-1;;
30/11/2021  10:22:51,302222;9,405952E-1;1,423461E-1;1,370034E-1;9,324673E-1;;
30/11/2021  10:22:51,302322;9,408903E-1;1,646467E-1;1,461654E-1;9,324857E-1;;
30/11/2021  10:22:51,302422;9,408426E-1;1,742041E-1;1,556434E-1;9,325173E-1;;
30/11/2021  10:22:51,302522;9,402287E-1;1,503106E-1;1,407946E-1;9,325621E-1;;
30/11/2021  10:22:51,302622;9,414685E-1;-9,977468E-2;2,484755E-2;9,326202E-1;;
30/11/2021  10:22:51,302722;9,416145E-1;1,738855E-1;1,543797E-1;9,326916E-1;;
30/11/2021  10:22:51,302822;9,428752E-1;9,073616E-2;9,466852E-2;9,327761E-1;;
30/11/2021  10:22:51,302922;9,424669E-1;7,512574E-2;4,127601E-2;9,328739E-1;;
30/11/2021  10:22:51,303022;9,423030E-1;1,133553E-1;1,095173E-1;9,329849E-1;;
30/11/2021  10:22:51,303122;9,424818E-1;1,550893E-1;1,720719E-1;9,331089E-1;;
30/11/2021  10:22:51,303222;9,428245E-1;1,308772E-1;1,284732E-1;9,332457E-1;;
30/11/2021  10:22:51,303322;9,436113E-1;1,002936E-1;8,550650E-2;9,333949E-1;;
30/11/2021  10:22:51,303422;9,439600E-1;1,251428E-1;1,281573E-1;9,335564E-1;;
30/11/2021  10:22:51,303522;9,444339E-1;1,210013E-1;1,272095E-1;9,337298E-1;;
30/11/2021  10:22:51,303622;9,443415E-1;1,280100E-1;1,398468E-1;9,339149E-1;;
30/11/2021  10:22:51,303722;9,442521E-1;1,260985E-1;1,243661E-1;9,341114E-1;;
30/11/2021  10:22:51,303822;9,440673E-1;1,251428E-1;1,259458E-1;9,343189E-1;;
30/11/2021  10:22:51,303922;9,447766E-1;1,343816E-1;1,316326E-1;9,345369E-1;;
30/11/2021  10:22:51,304022;9,457273E-1;1,296029E-1;1,300529E-1;9,347649E-1;;
30/11/2021  10:22:51,304122;9,460164E-1;1,165411E-1;9,877564E-2;9,350024E-1;;
30/11/2021  10:22:51,304222;9,459121E-1;1,225942E-1;1,152041E-1;9,352492E-1;;
30/11/2021  10:22:51,304322;9,454829E-1;1,283286E-1;1,385831E-1;9,355048E-1;;
30/11/2021  10:22:51,304422;9,452147E-1;1,168597E-1;1,265777E-1;9,357687E-1;;
30/11/2021  10:22:51,304522;9,448452E-1;1,859916E-1;1,821817E-1;9,360402E-1;;
30/11/2021  10:22:51,304622;9,452773E-1;1,343816E-1;1,338441E-1;9,363185E-1;;
30/11/2021  10:22:51,304722;9,459061E-1;1,136739E-1;1,183634E-1;9,366029E-1;;
30/11/2021  10:22:51,304822;9,464515E-1;1,162226E-1;1,079377E-1;9,368926E-1;;
30/11/2021  10:22:51,304922;9,463502E-1;1,308772E-1;1,452176E-1;9,371872E-1;;
30/11/2021  10:22:51,305022;9,458257E-1;1,531778E-1;1,603824E-1;9,374859E-1;;
30/11/2021  10:22:51,305122;9,452386E-1;1,280100E-1;1,272095E-1;9,377880E-1;;
30/11/2021  10:22:51,305222;9,454233E-1;1,292843E-1;1,464814E-1;9,380929E-1;;
30/11/2021  10:22:51,305322;9,458138E-1;-8,926154E-2;1,473773E-2;9,383997E-1;;
30/11/2021  10:22:51,305422;9,462787E-1;1,248242E-1;1,117289E-1;9,387075E-1;;
30/11/2021  10:22:51,305522;9,459747E-1;1,238685E-1;1,167838E-1;9,390158E-1;;
30/11/2021  10:22:51,305622;9,463562E-1;1,057094E-1;7,824006E-2;9,393238E-1;;
30/11/2021  10:22:51,305722;9,462668E-1;1,337445E-1;1,572231E-1;9,396310E-1;;
30/11/2021  10:22:51,305822;9,459956E-1;6,652408E-2;7,887192E-2;9,399367E-1;;
30/11/2021  10:22:51,305922;9,464098E-1;1,184526E-1;1,227865E-1;9,402403E-1;;
30/11/2021  10:22:51,306022;9,469790E-1;9,965640E-2;9,940750E-2;9,405413E-1;;
30/11/2021  10:22:51,306122;9,477033E-1;1,238685E-1;1,474292E-1;9,408393E-1;;
30/11/2021  10:22:51,306222;9,478582E-1;4,645354E-2;7,476481E-2;9,411339E-1;;
30/11/2021  10:22:51,306322;9,472473E-1;1,127182E-1;1,354238E-1;9,414249E-1;;
30/11/2021  10:22:51,306422;9,473248E-1;1,343816E-1;1,388990E-1;9,417120E-1;;
30/11/2021  10:22:51,306522;9,473099E-1;9,201048E-2;1,335282E-1;9,419948E-1;;
30/11/2021  10:22:51,306622;9,476347E-1;1,254614E-1;1,291051E-1;9,422732E-1;;
30/11/2021  10:22:51,306722;9,488477E-1;1,216384E-1;1,227865E-1;9,425468E-1;;
30/11/2021  10:22:51,306822;9,489073E-1;1,225942E-1;1,170997E-1;9,428155E-1;;
30/11/2021  10:22:51,306922;9,489490E-1;1,366117E-1;1,373193E-1;9,430792E-1;;
30/11/2021  10:22:51,307022;9,488328E-1;1,369303E-1;1,316326E-1;9,433381E-1;;
30/11/2021  10:22:51,307122;9,488000E-1;1,143111E-1;1,085695E-1;9,435921E-1;;
30/11/2021  10:22:51,307222;9,486748E-1;1,305587E-1;1,581709E-1;9,438411E-1;;
30/11/2021  10:22:51,307322;9,491368E-1;1,283286E-1;1,303688E-1;9,440851E-1;;
30/11/2021  10:22:51,307422;9,495093E-1;1,066652E-1;9,624818E-2;9,443240E-1;;
30/11/2021  10:22:51,307522;9,497179E-1;1,213198E-1;1,253139E-1;9,445579E-1;;
30/11/2021  10:22:51,307622;9,497030E-1;1,057094E-1;1,060421E-1;9,447867E-1;;
30/11/2021  10:22:51,307722;9,497716E-1;1,324701E-1;1,344760E-1;9,450105E-1;;
30/11/2021  10:22:51,307822;9,491755E-1;9,232906E-2;9,530039E-2;9,452295E-1;;
30/11/2021  10:22:51,307922;9,489609E-1;1,123996E-1;1,218387E-1;9,454434E-1;;
30/11/2021  10:22:51,308022;9,496703E-1;1,178155E-1;1,205749E-1;9,456524E-1;;
30/11/2021  10:22:51,308122;9,495987E-1;1,229127E-1;1,234183E-1;9,458562E-1;;
30/11/2021  10:22:51,308222;9,500517E-1;8,213450E-2;9,150920E-2;9,460549E-1;;
30/11/2021  10:22:51,308322;9,498729E-1;1,340630E-1;1,300529E-1;9,462485E-1;;
30/11/2021  10:22:51,308422;9,495302E-1;1,203641E-1;9,845971E-2;9,464370E-1;;
30/11/2021  10:22:51,308522;9,487642E-1;1,190898E-1;1,031987E-1;9,466205E-1;;
30/11/2021  10:22:51,308622;9,488209E-1;1,159040E-1;1,284732E-1;9,467987E-1;;
30/11/2021  10:22:51,308722;9,489967E-1;1,257800E-1;1,240502E-1;9,469714E-1;;
30/11/2021  10:22:51,308822;9,494229E-1;1,302401E-1;1,499566E-1;9,471386E-1;;
30/11/2021  10:22:51,308922;9,495361E-1;1,009307E-1;9,561632E-2;9,473001E-1;;
30/11/2021  10:22:51,309022;9,488239E-1;3,052454E-2;5,391329E-2;9,474559E-1;;
30/11/2021  10:22:51,309122;9,480341E-1;1,296029E-1;1,597505E-1;9,476059E-1;;
30/11/2021  10:22:51,309222;9,469850E-1;8,691320E-2;1,237343E-1;9,477499E-1;;
30/11/2021  10:22:51,309322;9,470059E-1;1,079395E-1;1,107811E-1;9,478876E-1;;
30/11/2021  10:22:51,309422;9,473158E-1;6,493118E-2;1,619620E-1;9,480184E-1;;
30/11/2021  10:22:51,309522;9,472443E-1;5,282514E-2;1,486929E-1;9,481420E-1;;
30/11/2021  10:22:51,309622;9,465469E-1;1,028422E-1;1,212068E-1;9,482582E-1;;
30/11/2021  10:22:51,309722;9,465976E-1;9,838208E-2;1,110970E-1;9,483666E-1;;
30/11/2021  10:22:51,309822;9,449554E-1;9,073616E-2;9,845971E-2;9,484670E-1;;
30/11/2021  10:22:51,309922;9,451253E-1;1,002936E-1;1,183634E-1;9,485589E-1;;
30/11/2021  10:22:51,310022;9,440107E-1;1,025236E-1;1,164678E-1;9,486419E-1;;
30/11/2021  10:22:51,310122;9,444726E-1;9,137332E-2;1,035146E-1;9,487154E-1;;
30/11/2021  10:22:51,310222;9,435010E-1;1,254614E-1;1,407946E-1;9,487791E-1;;
30/11/2021  10:22:51,310322;9,436828E-1;1,187712E-1;1,092014E-1;9,488324E-1;;
30/11/2021  10:22:51,310422;9,423924E-1;1,305587E-1;1,123607E-1;9,488751E-1;;
30/11/2021  10:22:51,310522;9,422404E-1;1,611423E-1;1,556434E-1;9,489066E-1;;
30/11/2021  10:22:51,310622;9,407085E-1;1,687883E-1;1,518522E-1;9,489264E-1;;
30/11/2021  10:22:51,310722;9,407115E-1;1,643281E-1;1,461654E-1;9,489342E-1;;
30/11/2021  10:22:51,310822;9,407562E-1;1,515849E-1;1,509044E-1;9,489294E-1;;
30/11/2021  10:22:51,310922;9,404194E-1;1,197269E-1;1,161519E-1;9,489116E-1;;
30/11/2021  10:22:51,311022;9,394449E-1;1,557265E-1;1,900800E-1;9,488805E-1;;
30/11/2021  10:22:51,311122;9,389740E-1;1,273729E-1;1,347919E-1;9,488358E-1;;
30/11/2021  10:22:51,311222;9,380560E-1;1,315144E-1;1,291051E-1;9,487772E-1;;
30/11/2021  10:22:51,311322;9,375255E-1;1,225942E-1;1,227865E-1;9,487043E-1;;
30/11/2021  10:22:51,311422;9,369056E-1;1,311958E-1;1,335282E-1;9,486169E-1;;
30/11/2021  10:22:51,311522;9,371143E-1;1,397975E-1;1,404787E-1;9,485147E-1;;
30/11/2021  10:22:51,311622;9,368907E-1;1,264171E-1;1,278414E-1;9,483974E-1;;
30/11/2021  10:22:51,311722;9,361486E-1;1,238685E-1;1,148882E-1;9,482651E-1;;
30/11/2021  10:22:51,311822;9,355049E-1;1,076209E-1;7,824006E-2;9,481178E-1;;
30/11/2021  10:22:51,311922;9,346674E-1;1,264171E-1;1,376353E-1;9,479553E-1;;
30/11/2021  10:22:51,312022;9,344290E-1;1,308772E-1;1,338441E-1;9,477778E-1;;
30/11/2021  10:22:51,312122;9,347688E-1;1,296029E-1;1,388990E-1;9,475851E-1;;
30/11/2021  10:22:51,312222;9,351085E-1;1,525407E-1;1,420583E-1;9,473776E-1;;
30/11/2021  10:22:51,312322;9,347002E-1;1,407532E-1;1,556434E-1;9,471555E-1;;
30/11/2021  10:22:51,312422;9,346436E-1;1,155854E-1;1,253139E-1;9,469194E-1;;
30/11/2021  10:22:51,312522;9,335856E-1;1,327887E-1;1,335282E-1;9,466697E-1;;
30/11/2021  10:22:51,312622;9,338538E-1;1,302401E-1;1,379512E-1;9,464069E-1;;
30/11/2021  10:22:51,312722;9,340535E-1;1,254614E-1;1,335282E-1;9,461317E-1;;
30/11/2021  10:22:51,312822;9,348731E-1;1,280100E-1;1,256299E-1;9,458446E-1;;
30/11/2021  10:22:51,312922;9,353320E-1;1,311958E-1;1,392149E-1;9,455464E-1;;
30/11/2021  10:22:51,313022;9,348731E-1;1,350188E-1;1,344760E-1;9,452383E-1;;
30/11/2021  10:22:51,313122;9,344767E-1;1,429833E-1;1,322644E-1;9,449213E-1;;
30/11/2021  10:22:51,313222;9,340177E-1;1,123996E-1;9,845971E-2;9,445962E-1;;
30/11/2021  10:22:51,313322;9,339522E-1;1,264171E-1;1,420583E-1;9,442641E-1;;
30/11/2021  10:22:51,313422;9,345065E-1;1,311958E-1;1,231024E-1;9,439259E-1;;
30/11/2021  10:22:51,313522;9,352516E-1;1,662396E-1;1,960827E-1;9,435824E-1;;
30/11/2021  10:22:51,313622;9,347717E-1;-9,616542E-3;4,443533E-2;9,432348E-1;;
30/11/2021  10:22:51,313722;9,356450E-1;1,429833E-1;1,727037E-1;9,428842E-1;;
30/11/2021  10:22:51,313822;9,350966E-1;1,445762E-1;1,509044E-1;9,425316E-1;;
30/11/2021  10:22:51,313922;9,350817E-1;1,270543E-1;1,316326E-1;9,421783E-1;;
30/11/2021  10:22:51,314022;9,357105E-1;1,302401E-1;1,341600E-1;9,418252E-1;;
30/11/2021  10:22:51,314122;9,366344E-1;1,385232E-1;1,373193E-1;9,414735E-1;;
30/11/2021  10:22:51,314222;9,379964E-1;1,292843E-1;1,117289E-1;9,411243E-1;;
30/11/2021  10:22:51,314322;9,378474E-1;1,372488E-1;1,347919E-1;9,407789E-1;;
30/11/2021  10:22:51,314422;9,379726E-1;1,315144E-1;1,313166E-1;9,404388E-1;;
30/11/2021  10:22:51,314522;9,381663E-1;1,362931E-1;1,306848E-1;9,401052E-1;;
30/11/2021  10:22:51,314622;9,384673E-1;1,213198E-1;9,972343E-2;9,397793E-1;;
30/11/2021  10:22:51,314722;9,396892E-1;1,343816E-1;1,575390E-1;9,394623E-1;;
30/11/2021  10:22:51,314822;9,403807E-1;1,260985E-1;1,076217E-1;9,391553E-1;;
30/11/2021  10:22:51,314922;9,405952E-1;1,311958E-1;1,287892E-1;9,388596E-1;;
30/11/2021  10:22:51,315022;9,418172E-1;2,415294E-2;5,454516E-2;9,385765E-1;;
30/11/2021  10:22:51,315122;9,425324E-1;1,340630E-1;1,325804E-1;9,383070E-1;;
30/11/2021  10:22:51,315222;9,422761E-1;1,413904E-1;1,382671E-1;9,380525E-1;;
30/11/2021  10:22:51,315322;9,430272E-1;1,388417E-1;1,338441E-1;9,378141E-1;;
30/11/2021  10:22:51,315422;9,438289E-1;8,340882E-2;1,038306E-1;9,375927E-1;;
30/11/2021  10:22:51,315522;9,444130E-1;7,894870E-2;1,101492E-1;9,373892E-1;;
30/11/2021  10:22:51,315622;9,451313E-1;-1,758104E-2;9,498445E-2;9,372048E-1;;
30/11/2021  10:22:51,315722;9,453816E-1;1,812129E-1;1,806020E-1;9,370401E-1;;
30/11/2021  10:22:51,315822;9,456558E-1;1,391603E-1;1,341600E-1;9,368960E-1;;
30/11/2021  10:22:51,315922;9,458227E-1;1,375674E-1;1,300529E-1;9,367731E-1;;
30/11/2021  10:22:51,316022;9,461654E-1;1,410718E-1;1,231024E-1;9,366719E-1;;
30/11/2021  10:22:51,316122;9,468509E-1;1,394789E-1;1,341600E-1;9,365927E-1;;
30/11/2021  10:22:51,316222;9,470774E-1;1,222756E-1;1,246821E-1;9,365359E-1;;
30/11/2021  10:22:51,316322;9,482099E-1;1,366117E-1;1,313166E-1;9,365016E-1;;
30/11/2021  10:22:51,316422;9,481145E-1;2,925022E-2;2,263603E-2;9,364901E-1;;
30/11/2021  10:22:51,316522;9,479894E-1;1,413904E-1;1,818658E-1;9,365013E-1;;
30/11/2021  10:22:51,316622;9,478314E-1;1,742041E-1;1,319485E-1;9,365353E-1;;
30/11/2021  10:22:51,316722;9,481116E-1;1,506292E-1;1,426902E-1;9,365918E-1;;
30/11/2021  10:22:51,316822;9,487702E-1;1,538150E-1;1,727037E-1;9,366703E-1;;
30/11/2021  10:22:51,316922;9,493365E-1;1,337445E-1;1,316326E-1;9,367705E-1;;
30/11/2021  10:22:51,317022;9,489639E-1;5,378088E-2;1,180475E-1;9,368919E-1;;
30/11/2021  10:22:51,317122;9,489043E-1;1,321516E-1;1,281573E-1;9,370339E-1;;
30/11/2021  10:22:51,317222;9,492709E-1;1,238685E-1;1,237343E-1;9,371958E-1;;
30/11/2021  10:22:51,317322;9,483321E-1;1,171783E-1;1,300529E-1;9,373770E-1;;
30/11/2021  10:22:51,317422;9,488179E-1;1,286472E-1;1,436380E-1;9,375764E-1;;
30/11/2021  10:22:51,317522;9,487136E-1;1,171783E-1;1,170997E-1;9,377930E-1;;
30/11/2021  10:22:51,317622;9,485258E-1;1,219570E-1;1,170997E-1;9,380258E-1;;
30/11/2021  10:22:51,317722;9,490593E-1;9,997498E-2;1,038306E-1;9,382736E-1;;
30/11/2021  10:22:51,317822;9,481086E-1;1,238685E-1;1,376353E-1;9,385353E-1;;
30/11/2021  10:22:51,317922;9,470774E-1;1,034794E-1;1,246821E-1;9,388096E-1;;
30/11/2021  10:22:51,318022;9,468718E-1;9,870066E-2;1,088855E-1;9,390951E-1;;
30/11/2021  10:22:51,318122;9,473218E-1;1,015679E-1;1,120448E-1;9,393903E-1;;
30/11/2021  10:22:51,318222;9,475274E-1;1,636910E-1;2,074562E-1;9,396936E-1;;
30/11/2021  10:22:51,318322;9,472771E-1;1,216384E-1;1,196272E-1;9,400038E-1;;
30/11/2021  10:22:51,318422;9,466631E-1;1,225942E-1;1,480610E-1;9,403193E-1;;
30/11/2021  10:22:51,318522;9,458406E-1;1,311958E-1;1,325804E-1;9,406389E-1;;
30/11/2021  10:22:51,318622;9,454800E-1;1,573194E-1;1,761790E-1;9,409610E-1;;
30/11/2021  10:22:51,318722;9,454353E-1;1,630538E-1;1,426902E-1;9,412841E-1;;
30/11/2021  10:22:51,318822;9,456886E-1;1,796200E-1;1,616461E-1;9,416066E-1;;
30/11/2021  10:22:51,318922;9,454353E-1;1,611423E-1;1,458495E-1;9,419273E-1;;
30/11/2021  10:22:51,319022;9,459032E-1;1,522221E-1;1,449017E-1;9,422449E-1;;
30/11/2021  10:22:51,319122;9,448988E-1;1,375674E-1;1,142563E-1;9,425581E-1;;
30/11/2021  10:22:51,319222;9,444458E-1;7,735580E-2;7,097362E-2;9,428659E-1;;
30/11/2021  10:22:51,319322;9,451342E-1;1,270543E-1;1,167838E-1;9,431671E-1;;
30/11/2021  10:22:51,319422;9,447498E-1;6,843556E-2;1,003553E-1;9,434606E-1;;
30/11/2021  10:22:51,319522;9,444667E-1;1,267357E-1;1,253139E-1;9,437456E-1;;
30/11/2021  10:22:51,319622;9,448750E-1;1,378860E-1;1,388990E-1;9,440212E-1;;
30/11/2021  10:22:51,319722;9,447975E-1;8,882468E-2;8,866581E-2;9,442866E-1;;
30/11/2021  10:22:51,319822;9,443564E-1;1,490363E-1;1,578549E-1;9,445413E-1;;
30/11/2021  10:22:51,319922;9,445501E-1;1,828058E-1;1,727037E-1;9,447846E-1;;
30/11/2021  10:22:51,320022;9,439123E-1;1,241871E-1;1,234183E-1;9,450160E-1;;
30/11/2021  10:22:51,320122;9,449465E-1;1,241871E-1;1,253139E-1;9,452351E-1;;
30/11/2021  10:22:51,320222;9,448869E-1;1,369303E-1;1,379512E-1;9,454416E-1;;
30/11/2021  10:22:51,320322;9,450568E-1;1,286472E-1;1,256299E-1;9,456353E-1;;
30/11/2021  10:22:51,320422;9,454323E-1;1,251428E-1;1,243661E-1;9,458161E-1;;
30/11/2021  10:22:51,320522;9,450538E-1;9,774492E-2;1,041465E-1;9,459842E-1;;
30/11/2021  10:22:51,320622;9,446365E-1;1,397975E-1;1,376353E-1;9,461395E-1;;
30/11/2021  10:22:51,320722;9,445233E-1;1,554079E-1;1,509044E-1;9,462822E-1;;
30/11/2021  10:22:51,320822;9,452773E-1;1,187712E-1;1,167838E-1;9,464123E-1;;
30/11/2021  10:22:51,320922;9,457065E-1;1,260985E-1;1,319485E-1;9,465301E-1;;
30/11/2021  10:22:51,321022;9,459032E-1;9,424054E-2;9,182514E-2;9,466359E-1;;
30/11/2021  10:22:51,321122;9,451402E-1;1,085766E-1;1,069899E-1;9,467301E-1;;
30/11/2021  10:22:51,321222;9,448213E-1;6,556834E-2;1,050943E-1;9,468130E-1;;
30/11/2021  10:22:51,321322;9,443176E-1;-2,299690E-2;2,895467E-2;9,468851E-1;;
30/11/2021  10:22:51,321422;9,443087E-1;1,369303E-1;1,392149E-1;9,469465E-1;;
30/11/2021  10:22:51,321522;9,444547E-1;1,143111E-1;1,218387E-1;9,469974E-1;;
30/11/2021  10:22:51,321622;9,439153E-1;1,650702E-2;1,509044E-1;9,470381E-1;;
30/11/2021  10:22:51,321722;9,435726E-1;1,308772E-1;1,284732E-1;9,470688E-1;;
30/11/2021  10:22:51,321822;9,423775E-1;1,289658E-1;1,262617E-1;9,470896E-1;;
30/11/2021  10:22:51,321922;9,418947E-1;1,280100E-1;1,224705E-1;9,471007E-1;;
30/11/2021  10:22:51,322022;9,410184E-1;1,926818E-1;1,660692E-1;9,471020E-1;;
30/11/2021  10:22:51,322122;9,406996E-1;1,350188E-1;1,395309E-1;9,470932E-1;;
30/11/2021  10:22:51,322222;9,407383E-1;1,232313E-1;1,136244E-1;9,470742E-1;;
30/11/2021  10:22:51,322322;9,399873E-1;1,219570E-1;1,101492E-1;9,470448E-1;;
30/11/2021  10:22:51,322422;9,382498E-1;1,235499E-1;1,000394E-1;9,470050E-1;;
30/11/2021  10:22:51,322522;9,378206E-1;7,767438E-2;6,623464E-2;9,469543E-1;;
30/11/2021  10:22:51,322622;9,369176E-1;1,347002E-1;1,657532E-1;9,468924E-1;;
30/11/2021  10:22:51,322722;9,358655E-1;1,238685E-1;1,253139E-1;9,468188E-1;;
30/11/2021  10:22:51,322822;9,359251E-1;1,260985E-1;1,338441E-1;9,467331E-1;;
30/11/2021  10:22:51,322922;9,361576E-1;9,901924E-2;1,600664E-1;9,466347E-1;;
30/11/2021  10:22:51,323022;9,360443E-1;1,047537E-1;1,120448E-1;9,465235E-1;;
30/11/2021  10:22:51,323122;9,350042E-1;1,732484E-1;1,850251E-1;9,463993E-1;;
30/11/2021  10:22:51,323222;9,342323E-1;1,225942E-1;1,199431E-1;9,462620E-1;;
30/11/2021  10:22:51,323322;9,339581E-1;1,270543E-1;1,224705E-1;9,461114E-1;;
30/11/2021  10:22:51,323422;9,338955E-1;1,251428E-1;1,177316E-1;9,459474E-1;;
30/11/2021  10:22:51,323522;9,334127E-1;1,238685E-1;1,328963E-1;9,457701E-1;;
30/11/2021  10:22:51,323622;9,336273E-1;1,273729E-1;1,202590E-1;9,455794E-1;;
30/11/2021  10:22:51,323722;9,329865E-1;1,178155E-1;1,161519E-1;9,453755E-1;;
30/11/2021  10:22:51,323822;9,322921E-1;1,210013E-1;1,212068E-1;9,451586E-1;;
30/11/2021  10:22:51,323922;9,316931E-1;1,213198E-1;1,196272E-1;9,449289E-1;;
30/11/2021  10:22:51,324022;9,309301E-1;9,997498E-2;1,667010E-1;9,446867E-1;;
30/11/2021  10:22:51,324122;9,307513E-1;1,260985E-1;1,259458E-1;9,444319E-1;;
30/11/2021  10:22:51,324222;9,303460E-1;1,114439E-1;1,117289E-1;9,441649E-1;;
30/11/2021  10:22:51,324322;9,302745E-1;1,155854E-1;1,073058E-1;9,438858E-1;;
30/11/2021  10:22:51,324422;9,296248E-1;1,305587E-1;1,483770E-1;9,435949E-1;;
30/11/2021  10:22:51,324522;9,282300E-1;1,009307E-1;1,196272E-1;9,432926E-1;;
30/11/2021  10:22:51,324622;9,274223E-1;1,184526E-1;1,208909E-1;9,429790E-1;;
30/11/2021  10:22:51,324722;9,277025E-1;1,200455E-1;1,152041E-1;9,426543E-1;;
30/11/2021  10:22:51,324822;9,277382E-1;1,318330E-1;1,303688E-1;9,423186E-1;;
30/11/2021  10:22:51,324922;9,278813E-1;1,331073E-1;1,272095E-1;9,419724E-1;;
30/11/2021  10:22:51,325022;9,278962E-1;1,385232E-1;1,480610E-1;9,416160E-1;;
30/11/2021  10:22:51,325122;9,277651E-1;1,305587E-1;1,253139E-1;9,412500E-1;;
30/11/2021  10:22:51,325222;9,273270E-1;1,260985E-1;1,189953E-1;9,408752E-1;;
30/11/2021  10:22:51,325322;9,266325E-1;1,034794E-1;1,167838E-1;9,404922E-1;;
30/11/2021  10:22:51,325422;9,272614E-1;1,127182E-1;1,597505E-1;9,401016E-1;;
30/11/2021  10:22:51,325522;9,278545E-1;1,079395E-1;8,740209E-2;9,397042E-1;;
30/11/2021  10:22:51,325622;9,278664E-1;8,595746E-2;1,224705E-1;9,393007E-1;;
30/11/2021  10:22:51,325722;9,281823E-1;1,264171E-1;1,916596E-1;9,388923E-1;;
30/11/2021  10:22:51,325822;9,277144E-1;1,095324E-1;1,265777E-1;9,384799E-1;;
30/11/2021  10:22:51,325922;9,280988E-1;1,037979E-1;1,152041E-1;9,380645E-1;;
30/11/2021  10:22:51,326022;9,275386E-1;7,863012E-2;9,435259E-2;9,376471E-1;;
30/11/2021  10:22:51,326122;9,275177E-1;8,850610E-2;1,028828E-1;9,372288E-1;;
30/11/2021  10:22:51,326222;9,283075E-1;8,532030E-2;1,009872E-1;9,368105E-1;;
30/11/2021  10:22:51,326322;9,285697E-1;9,328480E-2;9,688005E-2;9,363931E-1;;
30/11/2021  10:22:51,326422;9,284148E-1;1,034794E-1;1,215227E-1;9,359778E-1;;
30/11/2021  10:22:51,326522;9,283611E-1;1,133553E-1;1,205749E-1;9,355655E-1;;
30/11/2021  10:22:51,326622;9,279051E-1;1,353374E-1;1,313166E-1;9,351573E-1;;
30/11/2021  10:22:51,326722;9,276846E-1;1,159040E-1;1,202590E-1;9,347539E-1;;
30/11/2021  10:22:51,326822;9,276607E-1;9,009900E-2;1,212068E-1;9,343562E-1;;
30/11/2021  10:22:51,326922;9,283581E-1;1,652839E-1;1,426902E-1;9,339648E-1;;
30/11/2021  10:22:51,327022;9,279230E-1;1,127182E-1;1,452176E-1;9,335805E-1;;
30/11/2021  10:22:51,327122;9,276995E-1;6,493118E-2;5,359736E-2;9,332039E-1;;
30/11/2021  10:22:51,327222;9,277054E-1;1,130368E-1;1,262617E-1;9,328357E-1;;
30/11/2021  10:22:51,327322;9,270528E-1;1,260985E-1;1,294210E-1;9,324763E-1;;
30/11/2021  10:22:51,327422;9,277829E-1;1,267357E-1;1,189953E-1;9,321261E-1;;
30/11/2021  10:22:51,327522;9,280988E-1;1,139925E-1;1,167838E-1;9,317856E-1;;
30/11/2021  10:22:51,327622;9,288707E-1;9,519628E-2;1,461654E-1;9,314551E-1;;
30/11/2021  10:22:51,327722;9,291539E-1;1,181340E-1;1,404787E-1;9,311353E-1;;
30/11/2021  10:22:51,327822;9,288380E-1;2,653180E-1;2,564257E-1;9,308267E-1;;
30/11/2021  10:22:51,327922;9,284833E-1;1,264171E-1;1,262617E-1;9,305297E-1;;
30/11/2021  10:22:51,328022;9,289661E-1;1,238685E-1;1,152041E-1;9,302447E-1;;
30/11/2021  10:22:51,328122;9,288320E-1;1,254614E-1;1,041465E-1;9,299721E-1;;
30/11/2021  10:22:51,328222;9,295443E-1;1,289658E-1;1,224705E-1;9,297122E-1;;
30/11/2021  10:22:51,328322;9,299615E-1;1,120810E-1;1,227865E-1;9,294652E-1;;
30/11/2021  10:22:51,328422;9,301463E-1;1,238685E-1;1,054102E-1;9,292314E-1;;
30/11/2021  10:22:51,328522;9,303073E-1;1,200455E-1;1,272095E-1;9,290113E-1;;
30/11/2021  10:22:51,328622;9,299884E-1;1,181340E-1;1,297370E-1;9,288050E-1;;
30/11/2021  10:22:51,328722;9,295622E-1;1,343816E-1;2,302034E-1;9,286127E-1;;
30/11/2021  10:22:51,328822;9,307245E-1;1,079395E-1;1,262617E-1;9,284345E-1;;
30/11/2021  10:22:51,328922;9,313772E-1;1,060280E-1;1,588027E-1;9,282705E-1;;
30/11/2021  10:22:51,329022;9,317140E-1;9,424054E-2;1,373193E-1;9,281208E-1;;
30/11/2021  10:22:51,329122;9,313086E-1;1,461691E-1;1,471132E-1;9,279856E-1;;
30/11/2021  10:22:51,329222;9,314874E-1;1,235499E-1;1,284732E-1;9,278649E-1;;
30/11/2021  10:22:51,329322;9,312431E-1;1,232313E-1;1,212068E-1;9,277588E-1;;
30/11/2021  10:22:51,329422;9,318332E-1;1,461691E-1;1,531159E-1;9,276672E-1;;
30/11/2021  10:22:51,329522;9,332011E-1;1,841850E-2;5,012211E-2;9,275899E-1;;
30/11/2021  10:22:51,329622;9,339611E-1;1,283286E-1;1,253139E-1;9,275271E-1;;
30/11/2021  10:22:51,329722;9,347241E-1;1,337445E-1;1,426902E-1;9,274788E-1;;
30/11/2021  10:22:51,329822;9,347658E-1;1,229127E-1;9,719598E-2;9,274453E-1;;
30/11/2021  10:22:51,329922;9,353231E-1;1,267357E-1;1,417424E-1;9,274267E-1;;
30/11/2021  10:22:51,330022;9,359519E-1;9,360338E-2;1,000394E-1;9,274232E-1;;
30/11/2021  10:22:51,330122;9,371917E-1;1,213198E-1;1,259458E-1;9,274351E-1;;
30/11/2021  10:22:51,330222;9,383988E-1;1,280100E-1;1,341600E-1;9,274625E-1;;
30/11/2021  10:22:51,330322;9,395343E-1;1,108067E-1;1,237343E-1;9,275058E-1;;
30/11/2021  10:22:51,330422;9,400469E-1;3,689614E-2;6,117973E-2;9,275655E-1;;
30/11/2021  10:22:51,330522;9,402257E-1;1,413904E-1;1,739675E-1;9,276421E-1;;
30/11/2021  10:22:51,330622;9,409678E-1;1,260985E-1;1,313166E-1;9,277358E-1;;
30/11/2021  10:22:51,330722;9,417129E-1;1,433019E-1;1,572231E-1;9,278470E-1;;
30/11/2021  10:22:51,330822;9,424907E-1;1,286472E-1;1,265777E-1;9,279760E-1;;
30/11/2021  10:22:51,330922;9,439362E-1;1,155854E-1;1,161519E-1;9,281231E-1;;
30/11/2021  10:22:51,331022;9,445561E-1;1,130368E-1;1,060421E-1;9,282885E-1;;
30/11/2021  10:22:51,331122;9,453101E-1;1,206827E-1;1,234183E-1;9,284726E-1;;
30/11/2021  10:22:51,331222;9,452088E-1;9,997498E-2;1,095173E-1;9,286756E-1;;
30/11/2021  10:22:51,331322;9,452535E-1;-1,407666E-2;4,980618E-2;9,288977E-1;;
30/11/2021  10:22:51,331422;9,459240E-1;9,392196E-2;6,718244E-2;9,291388E-1;;
30/11/2021  10:22:51,331522;9,463562E-1;1,181340E-1;1,559593E-1;9,293988E-1;;
30/11/2021  10:22:51,331622;9,471698E-1;1,241871E-1;1,382671E-1;9,296774E-1;;
30/11/2021  10:22:51,331722;9,474201E-1;1,178155E-1;1,069899E-1;9,299744E-1;;
30/11/2021  10:22:51,331822;9,475006E-1;1,204690E-2;8,171531E-2;9,302895E-1;;
30/11/2021  10:22:51,331922;9,471608E-1;3,817046E-2;8,424277E-2;9,306222E-1;;
30/11/2021  10:22:51,332022;9,473158E-1;1,238685E-1;1,253139E-1;9,309719E-1;;
30/11/2021  10:22:51,332122;9,472443E-1;1,283286E-1;1,388990E-1;9,313379E-1;;
30/11/2021  10:22:51,332222;9,477241E-1;1,305587E-1;1,332122E-1;9,317192E-1;;
30/11/2021  10:22:51,332322;9,483023E-1;1,366117E-1;1,287892E-1;9,321150E-1;;
30/11/2021  10:22:51,332422;9,478821E-1;1,283286E-1;1,259458E-1;9,325243E-1;;
30/11/2021  10:22:51,332522;9,480073E-1;1,359745E-1;1,265777E-1;9,329463E-1;;
30/11/2021  10:22:51,332622;9,479715E-1;1,210013E-1;9,877564E-2;9,333797E-1;;
30/11/2021  10:22:51,332722;9,476347E-1;1,155854E-1;1,063580E-1;9,338236E-1;;
30/11/2021  10:22:51,332822;9,476645E-1;1,334259E-1;1,360556E-1;9,342766E-1;;
30/11/2021  10:22:51,332922;9,478672E-1;1,305587E-1;1,227865E-1;9,347375E-1;;
30/11/2021  10:22:51,333022;9,483440E-1;1,350188E-1;1,382671E-1;9,352051E-1;;
30/11/2021  10:22:51,333122;9,480877E-1;9,041758E-2;1,025668E-1;9,356782E-1;;
30/11/2021  10:22:51,333222;9,473337E-1;1,130368E-1;1,076217E-1;9,361555E-1;;
30/11/2021  10:22:51,333322;9,468926E-1;1,650702E-2;8,203124E-2;9,366358E-1;;
30/11/2021  10:22:51,333422;9,467585E-1;1,155854E-1;8,708615E-2;9,371177E-1;;
30/11/2021  10:22:51,333522;9,465886E-1;1,219570E-1;1,240502E-1;9,375996E-1;;
30/11/2021  10:22:51,333622;9,471549E-1;1,041165E-1;1,028828E-1;9,380803E-1;;
30/11/2021  10:22:51,333722;9,472115E-1;1,127182E-1;1,170997E-1;9,385584E-1;;
30/11/2021  10:22:51,333822;9,471817E-1;1,168597E-1;1,322644E-1;9,390328E-1;;
30/11/2021  10:22:51,333922;9,467466E-1;1,060280E-1;1,139404E-1;9,395022E-1;;
30/11/2021  10:22:51,334022;9,460343E-1;1,018865E-1;1,110970E-1;9,399656E-1;;
30/11/2021  10:22:51,334122;9,459240E-1;3,211744E-2;-3,075648E-2;9,404218E-1;;
30/11/2021  10:22:51,334222;9,465618E-1;1,127182E-1;1,385831E-1;9,408697E-1;;
30/11/2021  10:22:51,334322;9,465201E-1;9,169190E-2;7,981972E-2;9,413082E-1;;
30/11/2021  10:22:51,334422;9,464098E-1;8,340882E-2;1,073058E-1;9,417364E-1;;
30/11/2021  10:22:51,334522;9,469910E-1;9,137332E-2;8,740209E-2;9,421536E-1;;
30/11/2021  10:22:51,334622;9,458734E-1;1,190898E-1;1,092014E-1;9,425590E-1;;
30/11/2021  10:22:51,334722;9,455336E-1;1,178155E-1;1,420583E-1;9,429519E-1;;
30/11/2021  10:22:51,334822;9,461654E-1;1,442576E-1;1,404787E-1;9,433317E-1;;
30/11/2021  10:22:51,334922;9,466512E-1;1,856730E-1;1,490088E-1;9,436977E-1;;
30/11/2021  10:22:51,335022;9,470983E-1;1,818500E-1;1,616461E-1;9,440495E-1;;
30/11/2021  10:22:51,335122;9,473486E-1;1,260985E-1;1,123607E-1;9,443868E-1;;
30/11/2021  10:22:51,335222;9,471251E-1;1,404346E-1;1,679647E-1;9,447096E-1;;
30/11/2021  10:22:51,335322;9,467257E-1;1,343816E-1;1,335282E-1;9,450178E-1;;
30/11/2021  10:22:51,335422;9,467257E-1;1,305587E-1;1,319485E-1;9,453113E-1;;
30/11/2021  10:22:51,335522;9,469761E-1;1,283286E-1;1,202590E-1;9,455900E-1;;
30/11/2021  10:22:51,335622;9,475542E-1;1,260985E-1;1,249980E-1;9,458540E-1;;
30/11/2021  10:22:51,335722;9,474321E-1;1,289658E-1;1,212068E-1;9,461034E-1;;
30/11/2021  10:22:51,335822;9,472830E-1;1,477620E-1;1,455336E-1;9,463384E-1;;
30/11/2021  10:22:51,335922;9,473516E-1;1,241871E-1;1,246821E-1;9,465592E-1;;
30/11/2021  10:22:51,336022;9,470208E-1;1,254614E-1;1,006712E-1;9,467661E-1;;
30/11/2021  10:22:51,336122;9,464933E-1;1,324701E-1;1,477451E-1;9,469592E-1;;
30/11/2021  10:22:51,336222;9,464366E-1;1,378860E-1;1,565912E-1;9,471388E-1;;
30/11/2021  10:22:51,336322;9,467794E-1;1,095324E-1;1,449017E-1;9,473050E-1;;
30/11/2021  10:22:51,336422;9,465141E-1;1,745227E-1;1,866047E-1;9,474580E-1;;
30/11/2021  10:22:51,336522;9,460403E-1;1,703812E-1;1,777586E-1;9,475981E-1;;
30/11/2021  10:22:51,336622;9,465588E-1;1,311958E-1;1,281573E-1;9,477254E-1;;
30/11/2021  10:22:51,336722;9,455962E-1;1,372488E-1;1,347919E-1;9,478402E-1;;
30/11/2021  10:22:51,336822;9,455306E-1;1,420275E-1;1,464814E-1;9,479427E-1;;
30/11/2021  10:22:51,336922;9,446544E-1;1,270543E-1;1,370034E-1;9,480330E-1;;
30/11/2021  10:22:51,337022;9,454174E-1;1,292843E-1;1,202590E-1;9,481113E-1;;
30/11/2021  10:22:51,337122;9,453041E-1;1,372488E-1;1,490088E-1;9,481777E-1;;
30/11/2021  10:22:51,337222;9,440166E-1;1,359745E-1;1,215227E-1;9,482325E-1;;
30/11/2021  10:22:51,337322;9,431047E-1;1,519035E-1;1,392149E-1;9,482757E-1;;
30/11/2021  10:22:51,337422;9,424609E-1;1,117624E-1;9,877564E-2;9,483073E-1;;
30/11/2021  10:22:51,337522;9,422195E-1;1,025236E-1;8,929768E-2;9,483271E-1;;
30/11/2021  10:22:51,337622;9,421837E-1;1,308772E-1;1,196272E-1;9,483351E-1;;
30/11/2021  10:22:51,337722;9,416741E-1;1,442576E-1;1,780746E-1;9,483312E-1;;
30/11/2021  10:22:51,337822;9,410781E-1;7,417000E-2;7,602853E-2;9,483153E-1;;
30/11/2021  10:22:51,337922;9,398770E-1;1,324701E-1;1,464814E-1;9,482872E-1;;
30/11/2021  10:22:51,338022;9,392422E-1;1,493549E-1;1,550115E-1;9,482468E-1;;
30/11/2021  10:22:51,338122;9,385955E-1;1,318330E-1;1,262617E-1;9,481938E-1;;
30/11/2021  10:22:51,338222;9,386759E-1;1,318330E-1;1,278414E-1;9,481280E-1;;
30/11/2021  10:22:51,338322;9,387385E-1;1,311958E-1;1,328963E-1;9,480492E-1;;
30/11/2021  10:22:51,338422;9,383988E-1;9,965640E-2;7,350108E-2;9,479572E-1;;
30/11/2021  10:22:51,338522;9,373914E-1;1,235499E-1;1,205749E-1;9,478522E-1;;
30/11/2021  10:22:51,338622;9,369980E-1;1,302401E-1;1,297370E-1;9,477340E-1;;
30/11/2021  10:22:51,338722;9,360413E-1;1,276914E-1;1,240502E-1;9,476026E-1;;
30/11/2021  10:22:51,338822;9,356301E-1;1,394789E-1;1,174156E-1;9,474581E-1;;
30/11/2021  10:22:51,338922;9,351502E-1;1,280100E-1;1,328963E-1;9,473002E-1;;
30/11/2021  10:22:51,339022;9,349655E-1;1,229127E-1;1,177316E-1;9,471289E-1;;
30/11/2021  10:22:51,339122;9,349178E-1;1,203641E-1;1,401627E-1;9,469444E-1;;
30/11/2021  10:22:51,339222;9,338240E-1;9,816838E-3;7,634447E-2;9,467466E-1;;
30/11/2021  10:22:51,339322;9,337197E-1;1,136739E-1;1,133085E-1;9,465356E-1;;
30/11/2021  10:22:51,339422;9,334515E-1;1,385232E-1;1,313166E-1;9,463117E-1;;
30/11/2021  10:22:51,339522;9,326825E-1;1,410718E-1;1,363715E-1;9,460751E-1;;
30/11/2021  10:22:51,339622;9,325186E-1;1,315144E-1;1,319485E-1;9,458258E-1;;
30/11/2021  10:22:51,339722;9,325604E-1;1,248242E-1;1,259458E-1;9,455642E-1;;
30/11/2021  10:22:51,339822;9,320954E-1;1,273729E-1;1,246821E-1;9,452905E-1;;
30/11/2021  10:22:51,339922;9,314159E-1;1,662396E-1;1,619620E-1;9,450053E-1;;
30/11/2021  10:22:51,340022;9,306470E-1;1,340630E-1;1,338441E-1;9,447087E-1;;
30/11/2021  10:22:51,340122;9,302059E-1;1,302401E-1;1,300529E-1;9,444012E-1;;
30/11/2021  10:22:51,340222;9,301404E-1;1,391603E-1;1,376353E-1;9,440830E-1;;
30/11/2021  10:22:51,340322;9,301344E-1;1,413904E-1;1,328963E-1;9,437545E-1;;
30/11/2021  10:22:51,340422;9,300986E-1;6,939130E-2;8,519056E-2;9,434162E-1;;
30/11/2021  10:22:51,340522;9,298423E-1;1,388417E-1;1,332122E-1;9,430685E-1;;
30/11/2021  10:22:51,340622;9,291658E-1;1,213198E-1;1,524841E-1;9,427120E-1;;
30/11/2021  10:22:51,340722;9,294519E-1;1,353374E-1;1,414265E-1;9,423473E-1;;
30/11/2021  10:22:51,340822;9,286621E-1;3,020596E-2;1,231024E-1;9,419750E-1;;
30/11/2021  10:22:51,340922;9,286502E-1;1,276914E-1;1,284732E-1;9,415958E-1;;
30/11/2021  10:22:51,341022;9,293923E-1;1,289658E-1;1,515363E-1;9,412101E-1;;
30/11/2021  10:22:51,341122;9,296814E-1;1,506292E-1;1,366875E-1;9,408188E-1;;
30/11/2021  10:22:51,341222;9,291390E-1;1,429833E-1;1,720719E-1;9,404227E-1;;
30/11/2021  10:22:51,341322;9,295234E-1;1,302401E-1;1,227865E-1;9,400226E-1;;
30/11/2021  10:22:51,341422;9,291479E-1;1,302401E-1;1,272095E-1;9,396196E-1;;
30/11/2021  10:22:51,341522;9,290645E-1;1,522221E-1;1,543797E-1;9,392145E-1;;
30/11/2021  10:22:51,341622;9,299854E-1;1,168597E-1;1,272095E-1;9,388081E-1;;
30/11/2021  10:22:51,341722;9,304235E-1;9,392196E-2;7,476481E-2;9,384015E-1;;
30/11/2021  10:22:51,341822;9,307126E-1;1,178155E-1;1,265777E-1;9,379957E-1;;
30/11/2021  10:22:51,341922;9,303400E-1;1,082581E-1;9,782784E-2;9,375918E-1;;
30/11/2021  10:22:51,342022;9,303073E-1;1,082581E-1;1,249980E-1;9,371909E-1;;
30/11/2021  10:22:51,342122;9,306679E-1;8,468314E-2;1,092014E-1;9,367940E-1;;
30/11/2021  10:22:51,342222;9,304592E-1;1,111253E-1;1,388990E-1;9,364020E-1;;
30/11/2021  10:22:51,342322;9,306589E-1;5,473662E-2;7,381701E-2;9,360158E-1;;
30/11/2021  10:22:51,342422;9,309808E-1;9,870066E-2;1,126766E-1;9,356364E-1;;
30/11/2021  10:22:51,342522;9,312699E-1;9,678918E-2;1,129926E-1;9,352645E-1;;
30/11/2021  10:22:51,342622;9,309987E-1;1,248242E-1;1,692285E-1;9,349011E-1;;
30/11/2021  10:22:51,342722;9,303520E-1;1,012493E-1;1,407946E-1;9,345468E-1;;
30/11/2021  10:22:51,342822;9,305487E-1;1,095324E-1;1,221546E-1;9,342024E-1;;
30/11/2021  10:22:51,342922;9,308914E-1;1,232313E-1;1,306848E-1;9,338682E-1;;
30/11/2021  10:22:51,343022;9,311596E-1;1,372488E-1;1,420583E-1;9,335448E-1;;
30/11/2021  10:22:51,343122;9,316037E-1;1,146297E-1;1,044624E-1;9,332327E-1;;
30/11/2021  10:22:51,343222;9,320179E-1;1,646467E-1;1,502726E-1;9,329324E-1;;
30/11/2021  10:22:51,343322;9,320179E-1;-7,705062E-3;2,232009E-2;9,326445E-1;;
30/11/2021  10:22:51,343422;9,318481E-1;1,563636E-1;1,771268E-1;9,323693E-1;;
30/11/2021  10:22:51,343522;9,318958E-1;3,126658E-3;5,264957E-2;9,321074E-1;;
30/11/2021  10:22:51,343622;9,326378E-1;9,264764E-2;9,150920E-2;9,318590E-1;;
30/11/2021  10:22:51,343722;9,338926E-1;1,273729E-1;1,436380E-1;9,316245E-1;;
30/11/2021  10:22:51,343822;9,345989E-1;1,210013E-1;1,385831E-1;9,314044E-1;;
30/11/2021  10:22:51,343922;9,347121E-1;1,092138E-1;1,164678E-1;9,311991E-1;;
30/11/2021  10:22:51,344022;9,351860E-1;1,528593E-1;1,679647E-1;9,310092E-1;;
30/11/2021  10:22:51,344122;9,356599E-1;1,987348E-1;1,960827E-1;9,308353E-1;;
30/11/2021  10:22:51,344222;9,354334E-1;1,066652E-1;1,167838E-1;9,306777E-1;;
30/11/2021  10:22:51,344322;9,363632E-1;1,248242E-1;1,268936E-1;9,305369E-1;;
30/11/2021  10:22:51,344422;9,370755E-1;1,225942E-1;1,243661E-1;9,304130E-1;;
30/11/2021  10:22:51,344522;9,373318E-1;1,190898E-1;1,297370E-1;9,303066E-1;;
30/11/2021  10:22:51,344622;9,380888E-1;1,283286E-1;1,231024E-1;9,302179E-1;;
30/11/2021  10:22:51,344722;9,380888E-1;1,171783E-1;1,133085E-1;9,301473E-1;;
30/11/2021  10:22:51,344822;9,382110E-1;1,267357E-1;1,212068E-1;9,300949E-1;;
30/11/2021  10:22:51,344922;9,390723E-1;1,292843E-1;1,278414E-1;9,300608E-1;;
30/11/2021  10:22:51,345022;9,398293E-1;1,123996E-1;1,177316E-1;9,300452E-1;;
30/11/2021  10:22:51,345122;9,399306E-1;1,334259E-1;1,265777E-1;9,300482E-1;;
30/11/2021  10:22:51,345222;9,402793E-1;1,143111E-1;1,082536E-1;9,300699E-1;;
30/11/2021  10:22:51,345322;9,406191E-1;9,965640E-2;1,006712E-1;9,301101E-1;;
30/11/2021  10:22:51,345422;9,396207E-1;1,210013E-1;1,467973E-1;9,301689E-1;;
30/11/2021  10:22:51,345522;9,399157E-1;1,656025E-1;1,404787E-1;9,302459E-1;;
30/11/2021  10:22:51,345622;9,400439E-1;1,331073E-1;1,313166E-1;9,303406E-1;;
30/11/2021  10:22:51,345722;9,407592E-1;1,120810E-1;1,180475E-1;9,304526E-1;;
30/11/2021  10:22:51,345822;9,407323E-1;1,264171E-1;1,237343E-1;9,305812E-1;;
30/11/2021  10:22:51,345922;9,401035E-1;1,442576E-1;1,581709E-1;9,307259E-1;;
30/11/2021  10:22:51,346022;9,398740E-1;1,165411E-1;1,101492E-1;9,308861E-1;;
30/11/2021  10:22:51,346122;9,394657E-1;1,213198E-1;1,139404E-1;9,310607E-1;;
30/11/2021  10:22:51,346222;9,402138E-1;1,178155E-1;1,000394E-1;9,312490E-1;;
30/11/2021  10:22:51,346322;9,402376E-1;-4,529750E-2;5,517702E-2;9,314499E-1;;
30/11/2021  10:22:51,346422;9,411108E-1;9,774492E-2;6,655058E-2;9,316625E-1;;
30/11/2021  10:22:51,346522;9,398949E-1;9,424054E-2;1,060421E-1;9,318859E-1;;
30/11/2021  10:22:51,346622;9,401244E-1;8,054160E-2;6,465498E-2;9,321193E-1;;
30/11/2021  10:22:51,346722;9,394657E-1;4,836502E-2;8,045158E-2;9,323615E-1;;
30/11/2021  10:22:51,346822;9,388041E-1;1,053908E-1;1,224705E-1;9,326116E-1;;
30/11/2021  10:22:51,346922;9,386193E-1;1,372488E-1;1,663851E-1;9,328682E-1;;
30/11/2021  10:22:51,347022;9,387266E-1;9,965640E-2;7,887192E-2;9,331301E-1;;
30/11/2021  10:22:51,347122;9,384405E-1;1,311958E-1;1,338441E-1;9,333961E-1;;
30/11/2021  10:22:51,347222;9,381127E-1;1,060280E-1;1,395309E-1;9,336649E-1;;
30/11/2021  10:22:51,347322;9,373229E-1;1,248242E-1;1,297370E-1;9,339354E-1;;
30/11/2021  10:22:51,347422;9,367328E-1;1,289658E-1;1,215227E-1;9,342061E-1;;
30/11/2021  10:22:51,347522;9,361874E-1;1,289658E-1;1,281573E-1;9,344758E-1;;
30/11/2021  10:22:51,347622;9,362440E-1;1,289658E-1;1,322644E-1;9,347431E-1;;
30/11/2021  10:22:51,347722;9,364944E-1;1,225942E-1;1,265777E-1;9,350066E-1;;
30/11/2021  10:22:51,347822;9,365540E-1;1,139925E-1;1,139404E-1;9,352653E-1;;
30/11/2021  10:22:51,347922;9,365510E-1;1,206827E-1;1,098333E-1;9,355181E-1;;
30/11/2021  10:22:51,348022;9,360026E-1;1,143111E-1;1,161519E-1;9,357641E-1;;
30/11/2021  10:22:51,348122;9,351115E-1;1,057094E-1;1,035146E-1;9,360024E-1;;
30/11/2021  10:22:51,348222;9,352516E-1;3,126658E-3;3,590517E-2;9,362320E-1;;
30/11/2021  10:22:51,348322;9,357046E-1;1,031608E-1;1,095173E-1;9,364521E-1;;
30/11/2021  10:22:51,348422;9,362738E-1;6,110822E-2;1,069899E-1;9,366620E-1;;
30/11/2021  10:22:51,348522;9,359579E-1;1,560451E-1;1,916596E-1;9,368612E-1;;
30/11/2021  10:22:51,348622;9,357463E-1;1,289658E-1;1,287892E-1;9,370493E-1;;
30/11/2021  10:22:51,348722;9,363453E-1;1,308772E-1;1,281573E-1;9,372260E-1;;
30/11/2021  10:22:51,348822;9,361576E-1;1,296029E-1;1,300529E-1;9,373911E-1;;
30/11/2021  10:22:51,348922;9,360175E-1;1,305587E-1;1,278414E-1;9,375444E-1;;
30/11/2021  10:22:51,349022;9,361665E-1;-7,046532E-2;4,506720E-2;9,376859E-1;;
30/11/2021  10:22:51,349122;9,368013E-1;1,267357E-1;1,170997E-1;9,378156E-1;;
30/11/2021  10:22:51,349222;9,365867E-1;1,286472E-1;1,581709E-1;9,379337E-1;;
30/11/2021  10:22:51,349322;9,367775E-1;1,159040E-1;9,782784E-2;9,380403E-1;;
30/11/2021  10:22:51,349422;9,363036E-1;1,318330E-1;1,155200E-1;9,381356E-1;;
30/11/2021  10:22:51,349522;9,365808E-1;1,149482E-1;1,013031E-1;9,382201E-1;;
30/11/2021  10:22:51,349622;9,366106E-1;1,254614E-1;1,177316E-1;9,382938E-1;;
30/11/2021  10:22:51,349722;9,374749E-1;1,143111E-1;1,104651E-1;9,383573E-1;;
30/11/2021  10:22:51,349822;9,379636E-1;1,442576E-1;1,695444E-1;9,384108E-1;;
30/11/2021  10:22:51,349922;9,381276E-1;1,063466E-1;1,126766E-1;9,384551E-1;;
30/11/2021  10:22:51,350022;9,386938E-1;1,159040E-1;1,388990E-1;9,384908E-1;;
30/11/2021  10:22:51,350122;9,385984E-1;1,216384E-1;1,388990E-1;9,385187E-1;;
30/11/2021  10:22:51,350222;9,387653E-1;1,085766E-1;1,196272E-1;9,385394E-1;;
30/11/2021  10:22:51,350322;9,393018E-1;9,838208E-2;1,092014E-1;9,385537E-1;;
30/11/2021  10:22:51,350422;9,406131E-1;1,009307E-1;1,133085E-1;9,385624E-1;;
30/11/2021  10:22:51,350522;9,406489E-1;1,586986E-2;6,433905E-2;9,385665E-1;;
30/11/2021  10:22:51,350622;9,410781E-1;9,838208E-2;1,107811E-1;9,385668E-1;;
30/11/2021  10:22:51,350722;9,413940E-1;9,105474E-2;1,079377E-1;9,385645E-1;;
30/11/2021  10:22:51,350822;9,405625E-1;1,015679E-1;1,114129E-1;9,385603E-1;;
30/11/2021  10:22:51,350922;9,410304E-1;1,066652E-1;1,098333E-1;9,385552E-1;;
30/11/2021  10:22:51,351022;9,412777E-1;1,280100E-1;1,777586E-1;9,385497E-1;;
30/11/2021  10:22:51,351122;9,417248E-1;9,615202E-2;1,265777E-1;9,385447E-1;;
30/11/2021  10:22:51,351222;9,417516E-1;1,480806E-1;1,578549E-1;9,385407E-1;;
30/11/2021  10:22:51,351322;9,416711E-1;9,710776E-2;8,582243E-2;9,385385E-1;;
30/11/2021  10:22:51,351422;9,411645E-1;1,292843E-1;1,101492E-1;9,385385E-1;;
30/11/2021  10:22:51,351522;9,408277E-1;9,615202E-2;1,644895E-1;9,385411E-1;;
30/11/2021  10:22:51,351622;9,405744E-1;1,700626E-1;1,616461E-1;9,385466E-1;;
30/11/2021  10:22:51,351722;9,409350E-1;1,404346E-1;1,363715E-1;9,385552E-1;;
30/11/2021  10:22:51,351822;9,412092E-1;1,245056E-1;1,227865E-1;9,385669E-1;;
30/11/2021  10:22:51,351922;9,409022E-1;1,238685E-1;1,335282E-1;9,385819E-1;;
30/11/2021  10:22:51,352022;9,402346E-1;1,264171E-1;1,246821E-1;9,386001E-1;;
30/11/2021  10:22:51,352122;9,399366E-1;1,267357E-1;1,303688E-1;9,386216E-1;;
30/11/2021  10:22:51,352222;9,389382E-1;1,280100E-1;1,265777E-1;9,386461E-1;;
30/11/2021  10:22:51,352322;9,391349E-1;1,337445E-1;1,300529E-1;9,386734E-1;;
30/11/2021  10:22:51,352422;9,388398E-1;1,241871E-1;1,335282E-1;9,387029E-1;;
30/11/2021  10:22:51,352522;9,390306E-1;8,818752E-2;8,108345E-2;9,387342E-1;;
30/11/2021  10:22:51,352622;9,383600E-1;1,254614E-1;1,249980E-1;9,387670E-1;;
30/11/2021  10:22:51,352722;9,379458E-1;1,423461E-1;1,471132E-1;9,388009E-1;;
30/11/2021  10:22:51,352822;9,370099E-1;1,327887E-1;1,341600E-1;9,388352E-1;;
30/11/2021  10:22:51,352922;9,364646E-1;1,356559E-1;1,629098E-1;9,388693E-1;;
30/11/2021  10:22:51,353022;9,363543E-1;1,410718E-1;1,313166E-1;9,389026E-1;;
30/11/2021  10:22:51,353122;9,365212E-1;1,117624E-1;1,407946E-1;9,389344E-1;;
30/11/2021  10:22:51,353222;9,356837E-1;1,483991E-1;1,366875E-1;9,389639E-1;;
30/11/2021  10:22:51,353322;9,351502E-1;1,308772E-1;1,569071E-1;9,389906E-1;;
30/11/2021  10:22:51,353422;9,343962E-1;1,350188E-1;1,313166E-1;9,390138E-1;;
30/11/2021  10:22:51,353522;9,339104E-1;1,321516E-1;1,328963E-1;9,390326E-1;;
30/11/2021  10:22:51,353622;9,331177E-1;2,066993E-1;1,727037E-1;9,390465E-1;;
30/11/2021  10:22:51,353722;9,331624E-1;1,311958E-1;1,401627E-1;9,390545E-1;;
30/11/2021  10:22:51,353822;9,331058E-1;1,178155E-1;9,751191E-2;9,390559E-1;;
30/11/2021  10:22:51,353922;9,332518E-1;1,595494E-1;1,594346E-1;9,390502E-1;;
30/11/2021  10:22:51,354022;9,320328E-1;1,050723E-1;6,718244E-2;9,390368E-1;;
30/11/2021  10:22:51,354122;9,317378E-1;1,448948E-1;1,663851E-1;9,390152E-1;;
30/11/2021  10:22:51,354222;9,312669E-1;5,792242E-2;6,086380E-2;9,389849E-1;;
30/11/2021  10:22:51,354322;9,317378E-1;1,366117E-1;1,458495E-1;9,389454E-1;;
30/11/2021  10:22:51,354422;9,326736E-1;1,969282E-2;7,697633E-2;9,388965E-1;;
30/11/2021  10:22:51,354522;9,332905E-1;1,334259E-1;1,360556E-1;9,388379E-1;;
30/11/2021  10:22:51,354622;9,334068E-1;1,356559E-1;1,426902E-1;9,387700E-1;;
30/11/2021  10:22:51,354722;9,334932E-1;1,939561E-1;2,248325E-1;9,386930E-1;;
30/11/2021  10:22:51,354822;9,336571E-1;1,665582E-1;2,573735E-1;9,386073E-1;;
30/11/2021  10:22:51,354922;9,339462E-1;1,286472E-1;1,325804E-1;9,385134E-1;;
30/11/2021  10:22:51,355022;9,348641E-1;1,397975E-1;1,395309E-1;9,384120E-1;;
30/11/2021  10:22:51,355122;9,356181E-1;1,276914E-1;1,272095E-1;9,383036E-1;;
30/11/2021  10:22:51,355222;9,363632E-1;7,034704E-2;8,929768E-2;9,381892E-1;;
30/11/2021  10:22:51,355322;9,368639E-1;1,347002E-1;1,234183E-1;9,380699E-1;;
30/11/2021  10:22:51,355422;9,371143E-1;3,530324E-2;8,834988E-2;9,379467E-1;;
30/11/2021  10:22:51,355522;9,376358E-1;9,742634E-2;9,688005E-2;9,378208E-1;;
30/11/2021  10:22:51,355622;9,381395E-1;-1,118807E-1;-1,058873E-3;9,376932E-1;;
30/11/2021  10:22:51,355722;9,388726E-1;1,229127E-1;1,193112E-1;9,375653E-1;;
30/11/2021  10:22:51,355822;9,395879E-1;6,939130E-2;1,003553E-1;9,374381E-1;;
30/11/2021  10:22:51,355922;9,403062E-1;1,394789E-1;1,518522E-1;9,373130E-1;;
30/11/2021  10:22:51,356022;9,406072E-1;1,506292E-1;1,537478E-1;9,371912E-1;;
30/11/2021  10:22:51,356122;9,406578E-1;1,592309E-1;1,638576E-1;9,370739E-1;;
30/11/2021  10:22:51,356222;9,409022E-1;1,675139E-1;1,698603E-1;9,369624E-1;;
30/11/2021  10:22:51,356322;9,413940E-1;1,311958E-1;1,385831E-1;9,368576E-1;;
30/11/2021  10:22:51,356422;9,420735E-1;1,315144E-1;1,461654E-1;9,367605E-1;;
30/11/2021  10:22:51,356522;9,435726E-1;1,372488E-1;1,325804E-1;9,366721E-1;;
30/11/2021  10:22:51,356622;9,437454E-1;1,270543E-1;1,297370E-1;9,365935E-1;;
30/11/2021  10:22:51,356722;9,437544E-1;1,315144E-1;1,120448E-1;9,365257E-1;;
30/11/2021  10:22:51,356822;9,446336E-1;8,181592E-2;5,770448E-2;9,364695E-1;;
30/11/2021  10:22:51,356922;9,449226E-1;1,391603E-1;1,218387E-1;9,364259E-1;;
30/11/2021  10:22:51,357022;9,456856E-1;1,394789E-1;1,265777E-1;9,363957E-1;;
30/11/2021  10:22:51,357122;9,464992E-1;1,216384E-1;1,152041E-1;9,363795E-1;;
30/11/2021  10:22:51,357222;9,476764E-1;9,487770E-2;1,499566E-1;9,363781E-1;;
30/11/2021  10:22:51,357322;9,481563E-1;-6,430742E-3;5,770448E-2;9,363922E-1;;
30/11/2021  10:22:51,357422;9,484156E-1;1,273729E-1;1,341600E-1;9,364226E-1;;
30/11/2021  10:22:51,357522;9,487344E-1;1,646467E-1;1,749153E-1;9,364699E-1;;
30/11/2021  10:22:51,357622;9,485825E-1;1,879031E-1;1,667010E-1;9,365345E-1;;
30/11/2021  10:22:51,357722;9,482546E-1;1,483991E-1;1,379512E-1;9,366168E-1;;
30/11/2021  10:22:51,357822;9,492083E-1;1,216384E-1;1,199431E-1;9,367169E-1;;
30/11/2021  10:22:51,357922;9,497239E-1;1,404346E-1;1,259458E-1;9,368346E-1;;
30/11/2021  10:22:51,358022;9,495272E-1;1,397975E-1;1,392149E-1;9,369701E-1;;
30/11/2021  10:22:51,358122;9,494795E-1;1,235499E-1;1,212068E-1;9,371231E-1;;
30/11/2021  10:22:51,358222;9,483381E-1;1,267357E-1;1,212068E-1;9,372934E-1;;
30/11/2021  10:22:51,358322;9,485348E-1;1,060280E-1;1,363715E-1;9,374803E-1;;
30/11/2021  10:22:51,358422;9,487613E-1;1,410718E-1;1,306848E-1;9,376831E-1;;
30/11/2021  10:22:51,358522;9,489669E-1;5,505520E-2;8,171531E-2;9,379011E-1;;
30/11/2021  10:22:51,358622;9,490563E-1;9,551486E-2;1,016190E-1;9,381333E-1;;
30/11/2021  10:22:51,358722;9,483828E-1;7,098420E-2;8,203124E-2;9,383789E-1;;
30/11/2021  10:22:51,358822;9,485318E-1;1,031608E-1;9,561632E-2;9,386371E-1;;
30/11/2021  10:22:51,358922;9,482755E-1;1,018865E-1;1,183634E-1;9,389066E-1;;
30/11/2021  10:22:51,359022;9,476168E-1;1,216384E-1;1,534319E-1;9,391863E-1;;
30/11/2021  10:22:51,359122;9,478106E-1;9,678918E-2;1,104651E-1;9,394752E-1;;
30/11/2021  10:22:51,359222;9,486570E-1;1,114439E-1;1,202590E-1;9,397719E-1;;
30/11/2021  10:22:51,359322;9,475840E-1;1,077258E-2;6,718244E-2;9,400753E-1;;
30/11/2021  10:22:51,359422;9,473844E-1;1,222756E-1;1,278414E-1;9,403843E-1;;
30/11/2021  10:22:51,359522;9,474082E-1;1,264171E-1;1,164678E-1;9,406976E-1;;
30/11/2021  10:22:51,359622;9,469224E-1;1,439390E-1;1,385831E-1;9,410139E-1;;
30/11/2021  10:22:51,359722;9,472801E-1;1,522221E-1;1,461654E-1;9,413321E-1;;
30/11/2021  10:22:51,359822;9,473724E-1;1,675139E-1;1,423743E-1;9,416509E-1;;
30/11/2021  10:22:51,359922;9,475364E-1;1,557265E-1;1,486929E-1;9,419693E-1;;
30/11/2021  10:22:51,360022;9,473844E-1;1,566822E-1;1,366875E-1;9,422863E-1;;
30/11/2021  10:22:51,360122;9,465797E-1;1,184526E-1;1,193112E-1;9,426009E-1;;
30/11/2021  10:22:51,360222;9,466035E-1;1,143111E-1;9,245700E-2;9,429121E-1;;
30/11/2021  10:22:51,360322;9,459598E-1;1,420275E-1;1,556434E-1;9,432189E-1;;
30/11/2021  10:22:51,360422;9,462936E-1;1,260985E-1;1,142563E-1;9,435203E-1;;
30/11/2021  10:22:51,360522;9,468092E-1;8,532030E-2;1,486929E-1;9,438154E-1;;
30/11/2021  10:22:51,360622;9,467973E-1;1,522221E-1;1,847091E-1;9,441034E-1;;
30/11/2021  10:22:51,360722;9,465022E-1;1,283286E-1;1,357397E-1;9,443837E-1;;
30/11/2021  10:22:51,360822;9,459956E-1;1,276914E-1;1,234183E-1;9,446555E-1;;
30/11/2021  10:22:51,360922;9,451789E-1;1,222756E-1;1,196272E-1;9,449184E-1;;
30/11/2021  10:22:51,361022;9,444339E-1;1,219570E-1;1,398468E-1;9,451715E-1;;
30/11/2021  10:22:51,361122;9,451819E-1;1,426647E-1;1,205749E-1;9,454142E-1;;
30/11/2021  10:22:51,361222;9,457750E-1;1,270543E-1;1,123607E-1;9,456458E-1;;
30/11/2021  10:22:51,361322;9,455694E-1;1,483991E-1;1,616461E-1;9,458658E-1;;
30/11/2021  10:22:51,361422;9,451521E-1;8,309024E-2;8,866581E-2;9,460740E-1;;
30/11/2021  10:22:51,361522;9,445143E-1;1,260985E-1;1,212068E-1;9,462700E-1;;
30/11/2021  10:22:51,361622;9,440613E-1;1,149482E-1;1,088855E-1;9,464535E-1;;
30/11/2021  10:22:51,361722;9,436530E-1;1,146297E-1;9,972343E-2;9,466242E-1;;
30/11/2021  10:22:51,361822;9,444160E-1;1,152668E-1;1,006712E-1;9,467816E-1;;
30/11/2021  10:22:51,361922;9,445650E-1;1,659210E-1;1,897641E-1;9,469257E-1;;
30/11/2021  10:22:51,362022;9,436292E-1;1,219570E-1;1,092014E-1;9,470562E-1;;
30/11/2021  10:22:51,362122;9,436918E-1;1,267357E-1;1,553275E-1;9,471733E-1;;
30/11/2021  10:22:51,362222;9,439511E-1;1,436204E-1;1,638576E-1;9,472767E-1;;
30/11/2021  10:22:51,362322;9,427679E-1;1,270543E-1;1,287892E-1;9,473665E-1;;
30/11/2021  10:22:51,362422;9,432567E-1;1,082581E-1;1,126766E-1;9,474428E-1;;
30/11/2021  10:22:51,362522;9,434385E-1;1,260985E-1;1,316326E-1;9,475056E-1;;
30/11/2021  10:22:51,362622;9,436858E-1;1,210013E-1;1,256299E-1;9,475550E-1;;
30/11/2021  10:22:51,362722;9,429616E-1;1,251428E-1;1,265777E-1;9,475914E-1;;
30/11/2021  10:22:51,362822;9,428513E-1;1,152668E-1;1,193112E-1;9,476149E-1;;
30/11/2021  10:22:51,362922;9,426636E-1;1,327887E-1;1,300529E-1;9,476259E-1;;
30/11/2021  10:22:51,363022;9,413522E-1;1,359745E-1;1,208909E-1;9,476245E-1;;
30/11/2021  10:22:51,363122;9,422612E-1;9,933782E-2;1,085695E-1;9,476110E-1;;
30/11/2021  10:22:51,363222;9,421361E-1;8,149734E-2;9,877564E-2;9,475856E-1;;
30/11/2021  10:22:51,363322;9,423477E-1;9,041758E-2;1,291051E-1;9,475486E-1;;
30/11/2021  10:22:51,363422;9,422434E-1;5,155082E-2;9,688005E-2;9,475004E-1;;
30/11/2021  10:22:51,363522;9,414506E-1;1,025236E-1;1,104651E-1;9,474414E-1;;
30/11/2021  10:22:51,363622;9,409141E-1;1,206827E-1;1,107811E-1;9,473720E-1;;
30/11/2021  10:22:51,363722;9,409082E-1;1,238685E-1;1,246821E-1;9,472926E-1;;
30/11/2021  10:22:51,363822;9,405982E-1;1,347002E-1;1,388990E-1;9,472034E-1;;
30/11/2021  10:22:51,363922;9,405178E-1;1,139925E-1;1,212068E-1;9,471047E-1;;
30/11/2021  10:22:51,364022;9,401244E-1;1,216384E-1;1,325804E-1;9,469968E-1;;
30/11/2021  10:22:51,364122;9,394598E-1;2,028763E-1;2,046129E-1;9,468801E-1;;
30/11/2021  10:22:51,364222;9,382647E-1;1,162226E-1;1,215227E-1;9,467547E-1;;
30/11/2021  10:22:51,364322;9,369950E-1;1,235499E-1;1,221546E-1;9,466207E-1;;
30/11/2021  10:22:51,364422;9,366553E-1;1,219570E-1;1,231024E-1;9,464781E-1;;
30/11/2021  10:22:51,364522;9,362619E-1;1,318330E-1;1,322644E-1;9,463267E-1;;
30/11/2021  10:22:51,364622;9,358536E-1;1,286472E-1;1,265777E-1;9,461663E-1;;
30/11/2021  10:22:51,364722;9,348969E-1;1,343816E-1;1,370034E-1;9,459968E-1;;
30/11/2021  10:22:51,364822;9,343783E-1;1,292843E-1;1,670170E-1;9,458180E-1;;
30/11/2021  10:22:51,364922;9,341578E-1;1,238685E-1;1,313166E-1;9,456298E-1;;
30/11/2021  10:22:51,365022;9,337853E-1;1,206827E-1;1,294210E-1;9,454319E-1;;
30/11/2021  10:22:51,365122;9,332220E-1;1,206827E-1;1,231024E-1;9,452243E-1;;
30/11/2021  10:22:51,365222;9,336690E-1;1,114439E-1;1,575390E-1;9,450070E-1;;
30/11/2021  10:22:51,365322;9,332399E-1;1,372488E-1;1,196272E-1;9,447800E-1;;
30/11/2021  10:22:51,365422;9,327541E-1;1,219570E-1;1,556434E-1;9,445433E-1;;
30/11/2021  10:22:51,365522;9,427321E-1;1,337445E-1;1,297370E-1;9,442976E-1;;
30/11/2021  10:22:51,365622;9,434981E-1;1,385232E-1;1,313166E-1;9,440442E-1;;
30/11/2021  10:22:51,365722;9,446008E-1;8,436456E-2;8,866581E-2;9,437853E-1;;
30/11/2021  10:22:51,365822;9,433282E-1;1,340630E-1;1,370034E-1;9,435235E-1;;
30/11/2021  10:22:51,365922;9,431315E-1;1,190898E-1;1,221546E-1;9,432611E-1;;
30/11/2021  10:22:51,366022;9,417546E-1;1,308772E-1;1,256299E-1;9,430001E-1;;
30/11/2021  10:22:51,366122;9,415996E-1;1,302401E-1;1,155200E-1;9,427421E-1;;
30/11/2021  10:22:51,366222;9,419394E-1;1,496735E-1;1,790224E-1;9,424884E-1;;
30/11/2021  10:22:51,366322;9,414148E-1;1,229127E-1;1,294210E-1;9,422403E-1;;
30/11/2021  10:22:51,366422;9,419692E-1;1,343816E-1;1,167838E-1;9,419987E-1;;
30/11/2021  10:22:51,366522;9,410632E-1;-6,749322E-3;1,947671E-2;9,417645E-1;;
30/11/2021  10:22:51,366622;9,404134E-1;7,958586E-2;9,087734E-2;9,415385E-1;;
30/11/2021  10:22:51,366722;9,392124E-1;1,410718E-1;1,404787E-1;9,413212E-1;;
30/11/2021  10:22:51,366822;9,395581E-1;1,327887E-1;1,325804E-1;9,411128E-1;;
30/11/2021  10:22:51,366922;9,398114E-1;1,292843E-1;1,275255E-1;9,409134E-1;;
30/11/2021  10:22:51,367022;9,399753E-1;1,353374E-1;1,284732E-1;9,407231E-1;;
30/11/2021  10:22:51,367122;9,399277E-1;1,327887E-1;1,284732E-1;9,405421E-1;;
30/11/2021  10:22:51,367222;9,391826E-1;1,413904E-1;1,316326E-1;9,403703E-1;;
30/11/2021  10:22:51,367322;9,391617E-1;1,362931E-1;1,401627E-1;9,402078E-1;;
30/11/2021  10:22:51,367422;9,378176E-1;1,238685E-1;1,253139E-1;9,400545E-1;;
30/11/2021  10:22:51,367522;9,383570E-1;1,251428E-1;1,234183E-1;9,399099E-1;;
30/11/2021  10:22:51,367622;9,392094E-1;1,130368E-1;1,155200E-1;9,397738E-1;;
30/11/2021  10:22:51,367722;9,397995E-1;4,454206E-2;8,139938E-2;9,396458E-1;;
30/11/2021  10:22:51,367822;9,395402E-1;1,165411E-1;1,022509E-1;9,395260E-1;;
30/11/2021  10:22:51,367922;9,389829E-1;1,127182E-1;1,303688E-1;9,394143E-1;;
30/11/2021  10:22:51,368022;9,386700E-1;1,143111E-1;1,237343E-1;9,393104E-1;;
30/11/2021  10:22:51,368122;9,383243E-1;1,082581E-1;1,142563E-1;9,392141E-1;;
30/11/2021  10:22:51,368222;9,381633E-1;1,063466E-1;1,183634E-1;9,391250E-1;;
30/11/2021  10:22:51,368322;9,389501E-1;1,305587E-1;1,303688E-1;9,390427E-1;;
30/11/2021  10:22:51,368422;9,395104E-1;1,060280E-1;1,079377E-1;9,389671E-1;;
30/11/2021  10:22:51,368522;9,393763E-1;1,687883E-1;1,910278E-1;9,388978E-1;;
30/11/2021  10:22:51,368622;9,388279E-1;1,037979E-1;1,174156E-1;9,388347E-1;;
30/11/2021  10:22:51,368722;9,383302E-1;1,155854E-1;1,268936E-1;9,387776E-1;;
30/11/2021  10:22:51,368822;9,386551E-1;1,888588E-1;1,891322E-1;9,387262E-1;;
30/11/2021  10:22:51,368922;9,385686E-1;1,178155E-1;1,379512E-1;9,386801E-1;;
30/11/2021  10:22:51,369022;9,392273E-1;1,149482E-1;8,866581E-2;9,386391E-1;;
30/11/2021  10:22:51,369122;9,395343E-1;1,808943E-1;1,572231E-1;9,386028E-1;;
30/11/2021  10:22:51,369222;9,397876E-1;1,722926E-1;1,265777E-1;9,385713E-1;;
30/11/2021  10:22:51,369322;9,399038E-1;1,710183E-1;1,657532E-1;9,385444E-1;;
30/11/2021  10:22:51,369422;9,394866E-1;1,245056E-1;1,145722E-1;9,385220E-1;;
30/11/2021  10:22:51,369522;9,398651E-1;1,305587E-1;1,445858E-1;9,385041E-1;;
30/11/2021  10:22:51,369622;9,407741E-1;2,733874E-2;7,255328E-2;9,384906E-1;;
30/11/2021  10:22:51,369722;9,422732E-1;1,219570E-1;1,240502E-1;9,384814E-1;;
30/11/2021  10:22:51,369822;9,425682E-1;7,098420E-2;8,329497E-2;9,384769E-1;;
30/11/2021  10:22:51,369922;9,423685E-1;1,324701E-1;1,676488E-1;9,384775E-1;;
30/11/2021  10:22:51,370022;9,423536E-1;1,238685E-1;1,281573E-1;9,384833E-1;;
30/11/2021  10:22:51,370122;9,421718E-1;1,245056E-1;1,249980E-1;9,384947E-1;;
30/11/2021  10:22:51,370222;9,430003E-1;1,206827E-1;1,189953E-1;9,385119E-1;;
30/11/2021  10:22:51,370322;9,431732E-1;1,276914E-1;1,215227E-1;9,385349E-1;;
30/11/2021  10:22:51,370422;9,446157E-1;5,760384E-2;7,476481E-2;9,385640E-1;;
30/11/2021  10:22:51,370522;9,450776E-1;1,286472E-1;1,259458E-1;9,385995E-1;;
30/11/2021  10:22:51,370622;9,449107E-1;1,194084E-1;1,253139E-1;9,386419E-1;;
30/11/2021  10:22:51,370722;9,445710E-1;1,343816E-1;1,297370E-1;9,386914E-1;;
30/11/2021  10:22:51,370822;9,448571E-1;1,012493E-1;9,624818E-2;9,387483E-1;;
30/11/2021  10:22:51,370922;9,454263E-1;1,359745E-1;1,436380E-1;9,388126E-1;;
30/11/2021  10:22:51,371022;9,461148E-1;1,044351E-1;9,877564E-2;9,388847E-1;;
30/11/2021  10:22:51,371122;9,468181E-1;1,433019E-1;1,572231E-1;9,389645E-1;;
30/11/2021  10:22:51,371222;9,467615E-1;9,551486E-2;9,782784E-2;9,390524E-1;;
30/11/2021  10:22:51,371322;9,466870E-1;1,385232E-1;1,496407E-1;9,391484E-1;;
30/11/2021  10:22:51,371422;9,460939E-1;1,321516E-1;1,272095E-1;9,392528E-1;;
30/11/2021  10:22:51,371522;9,461416E-1;1,216384E-1;1,278414E-1;9,393655E-1;;
30/11/2021  10:22:51,371622;9,465916E-1;1,006121E-1;1,237343E-1;9,394862E-1;;
30/11/2021  10:22:51,371722;9,473128E-1;1,315144E-1;1,249980E-1;9,396147E-1;;
30/11/2021  10:22:51,371822;9,468718E-1;1,350188E-1;1,313166E-1;9,397508E-1;;
30/11/2021  10:22:51,371922;9,463323E-1;1,260985E-1;1,152041E-1;9,398944E-1;;
30/11/2021  10:22:51,372022;9,460164E-1;1,085766E-1;8,234717E-2;9,400451E-1;;
30/11/2021  10:22:51,372122;9,456171E-1;1,270543E-1;1,085695E-1;9,402023E-1;;
30/11/2021  10:22:51,372222;9,459002E-1;1,149482E-1;1,120448E-1;9,403655E-1;;
30/11/2021  10:22:51,372322;9,460403E-1;1,254614E-1;1,208909E-1;9,405341E-1;;
30/11/2021  10:22:51,372422;9,463502E-1;1,238685E-1;1,584868E-1;9,407074E-1;;
30/11/2021  10:22:51,372522;9,458912E-1;3,434750E-2;7,792413E-2;9,408849E-1;;
30/11/2021  10:22:51,372622;9,454472E-1;-3,542152E-2;4,917431E-2;9,410660E-1;;
30/11/2021  10:22:51,372722;9,447647E-1;1,429833E-1;1,657532E-1;9,412500E-1;;
30/11/2021  10:22:51,372822;9,444667E-1;5,091366E-2;8,708615E-2;9,414361E-1;;
30/11/2021  10:22:51,372922;9,440762E-1;1,257800E-1;1,278414E-1;9,416235E-1;;
30/11/2021  10:22:51,373022;9,448928E-1;1,302401E-1;1,357397E-1;9,418114E-1;;
30/11/2021  10:22:51,373122;9,447200E-1;1,286472E-1;1,202590E-1;9,419988E-1;;
30/11/2021  10:22:51,373222;9,446425E-1;1,391603E-1;1,553275E-1;9,421851E-1;;
30/11/2021  10:22:51,373322;9,439749E-1;1,210013E-1;1,167838E-1;9,423697E-1;;
30/11/2021  10:22:51,373422;9,428811E-1;1,184526E-1;1,177316E-1;9,425518E-1;;
30/11/2021  10:22:51,373522;9,434086E-1;1,468062E-1;1,733356E-1;9,427307E-1;;
30/11/2021  10:22:51,373622;9,430659E-1;1,127182E-1;9,372073E-2;9,429055E-1;;
30/11/2021  10:22:51,373722;9,437424E-1;1,427696E-2;1,916077E-2;9,430755E-1;;
30/11/2021  10:22:51,373822;9,429705E-1;1,002936E-1;1,098333E-1;9,432401E-1;;
30/11/2021  10:22:51,373922;9,426546E-1;8,914326E-2;9,751191E-2;9,433988E-1;;
30/11/2021  10:22:51,374022;9,422881E-1;1,248242E-1;1,256299E-1;9,435509E-1;;
30/11/2021  10:22:51,374122;9,418112E-1;1,012493E-1;1,212068E-1;9,436959E-1;;
30/11/2021  10:22:51,374222;9,414268E-1;1,171783E-1;1,224705E-1;9,438331E-1;;
30/11/2021  10:22:51,374322;9,411108E-1;6,078964E-2;5,707262E-2;9,439620E-1;;
30/11/2021  10:22:51,374422;9,418768E-1;1,302401E-1;1,328963E-1;9,440820E-1;;
30/11/2021  10:22:51,374522;9,421539E-1;8,542518E-3;5,170177E-2;9,441927E-1;;
30/11/2021  10:22:51,374622;9,416503E-1;1,292843E-1;1,256299E-1;9,442939E-1;;
30/11/2021  10:22:51,374722;9,405416E-1;1,286472E-1;1,231024E-1;9,443853E-1;;
30/11/2021  10:22:51,374822;9,401303E-1;1,353374E-1;1,366875E-1;9,444666E-1;;
30/11/2021  10:22:51,374922;9,399455E-1;1,264171E-1;1,303688E-1;9,445376E-1;;
30/11/2021  10:22:51,375022;9,406608E-1;1,117624E-1;1,167838E-1;9,445979E-1;;
30/11/2021  10:22:51,375122;9,411317E-1;1,095324E-1;1,120448E-1;9,446473E-1;;
30/11/2021  10:22:51,375222;9,408933E-1;1,302401E-1;1,237343E-1;9,446859E-1;;
30/11/2021  10:22:51,375322;9,405505E-1;1,222756E-1;1,136244E-1;9,447137E-1;;
30/11/2021  10:22:51,375422;9,391558E-1;1,073023E-1;9,182514E-2;9,447310E-1;;
30/11/2021  10:22:51,375522;9,392213E-1;4,581638E-2;1,341600E-1;9,447376E-1;;
30/11/2021  10:22:51,375622;9,395104E-1;1,302401E-1;1,477451E-1;9,447336E-1;;
30/11/2021  10:22:51,375722;9,395819E-1;1,009307E-1;1,537478E-1;9,447189E-1;;
30/11/2021  10:22:51,375822;9,400648E-1;1,203641E-1;1,253139E-1;9,446938E-1;;
30/11/2021  10:22:51,375922;9,398919E-1;3,721472E-2;8,961361E-2;9,446585E-1;;
30/11/2021  10:22:51,376022;9,396088E-1;1,009307E-1;1,098333E-1;9,446134E-1;;
30/11/2021  10:22:51,376122;9,384315E-1;1,041165E-1;1,133085E-1;9,445588E-1;;
30/11/2021  10:22:51,376222;9,380173E-1;1,006121E-1;1,196272E-1;9,444949E-1;;
30/11/2021  10:22:51,376322;9,386014E-1;8,340882E-2;8,297904E-2;9,444218E-1;;
30/11/2021  10:22:51,376422;9,384286E-1;1,069837E-1;1,006712E-1;9,443398E-1;;
30/11/2021  10:22:51,376522;9,383630E-1;9,965640E-2;1,294210E-1;9,442492E-1;;
30/11/2021  10:22:51,376622;9,381007E-1;9,328480E-2;9,656411E-2;9,441502E-1;;
30/11/2021  10:22:51,376722;9,370040E-1;9,137332E-2;9,940750E-2;9,440432E-1;;
30/11/2021  10:22:51,376822;9,365152E-1;6,270112E-2;8,139938E-2;9,439283E-1;;
30/11/2021  10:22:51,376922;9,351949E-1;1,095324E-1;1,319485E-1;9,438057E-1;;
30/11/2021  10:22:51,377022;9,359281E-1;1,241871E-1;1,189953E-1;9,436754E-1;;
30/11/2021  10:22:51,377122;9,362321E-1;2,579907E-1;2,365220E-1;9,435373E-1;;
30/11/2021  10:22:51,377222;9,352039E-1;1,464877E-1;1,480610E-1;9,433916E-1;;
30/11/2021  10:22:51,377322;9,353678E-1;1,620981E-1;1,629098E-1;9,432385E-1;;
30/11/2021  10:22:51,377422;9,346972E-1;1,831244E-1;1,907119E-1;9,430781E-1;;
30/11/2021  10:22:51,377522;9,336511E-1;1,433019E-1;1,474292E-1;9,429105E-1;;
30/11/2021  10:22:51,377622;9,339790E-1;1,388417E-1;1,366875E-1;9,427359E-1;;
30/11/2021  10:22:51,377722;9,344052E-1;1,241871E-1;1,306848E-1;9,425542E-1;;
30/11/2021  10:22:51,377822;9,345572E-1;3,052454E-2;7,160549E-2;9,423657E-1;;
30/11/2021  10:22:51,377922;9,343038E-1;1,347002E-1;1,291051E-1;9,421707E-1;;
30/11/2021  10:22:51,378022;9,336988E-1;1,232313E-1;1,272095E-1;9,419696E-1;;
30/11/2021  10:22:51,378122;9,331058E-1;1,111253E-1;1,107811E-1;9,417626E-1;;
30/11/2021  10:22:51,378222;9,326676E-1;5,059508E-2;5,707262E-2;9,415501E-1;;
30/11/2021  10:22:51,378322;9,331564E-1;1,079395E-1;1,057261E-1;9,413323E-1;;
30/11/2021  10:22:51,378422;9,329925E-1;1,178155E-1;1,193112E-1;9,411094E-1;;
30/11/2021  10:22:51,378522;9,334485E-1;1,410718E-1;1,790224E-1;9,408818E-1;;
30/11/2021  10:22:51,378622;9,333144E-1;1,229127E-1;1,240502E-1;9,406499E-1;;
30/11/2021  10:22:51,378722;9,331385E-1;1,194084E-1;1,237343E-1;9,404142E-1;;
30/11/2021  10:22:51,378822;9,324531E-1;1,194084E-1;1,193112E-1;9,401752E-1;;
30/11/2021  10:22:51,378922;9,317587E-1;1,257800E-1;1,275255E-1;9,399333E-1;;
30/11/2021  10:22:51,379022;9,323488E-1;1,299215E-1;1,287892E-1;9,396888E-1;;
30/11/2021  10:22:51,379122;9,331952E-1;1,095324E-1;1,237343E-1;9,394420E-1;;
30/11/2021  10:22:51,379222;9,333531E-1;1,229127E-1;1,347919E-1;9,391935E-1;;
30/11/2021  10:22:51,379322;9,327928E-1;1,620981E-1;1,723878E-1;9,389439E-1;;
30/11/2021  10:22:51,379422;9,321908E-1;1,238685E-1;1,196272E-1;9,386936E-1;;
30/11/2021  10:22:51,379522;9,313891E-1;1,178155E-1;1,148882E-1;9,384433E-1;;
30/11/2021  10:22:51,379622;9,312460E-1;1,289658E-1;1,227865E-1;9,381931E-1;;
30/11/2021  10:22:51,379722;9,314189E-1;1,194084E-1;1,215227E-1;9,379434E-1;;
30/11/2021  10:22:51,379822;9,319881E-1;1,057094E-1;1,325804E-1;9,376943E-1;;
30/11/2021  10:22:51,379922;9,322832E-1;1,168597E-1;1,161519E-1;9,374462E-1;;
30/11/2021  10:22:51,380022;9,319136E-1;1,248242E-1;1,559593E-1;9,371995E-1;;
30/11/2021  10:22:51,380122;9,314725E-1;1,270543E-1;1,360556E-1;9,369547E-1;;
30/11/2021  10:22:51,380222;9,316156E-1;1,710183E-1;1,572231E-1;9,367121E-1;;
30/11/2021  10:22:51,380322;9,315649E-1;1,104881E-1;1,170997E-1;9,364721E-1;;
30/11/2021  10:22:51,380422;9,320626E-1;8,627604E-2;1,114129E-1;9,362349E-1;;
30/11/2021  10:22:51,380522;9,329210E-1;1,343816E-1;1,291051E-1;9,360009E-1;;
30/11/2021  10:22:51,380622;9,333680E-1;1,340630E-1;1,723878E-1;9,357707E-1;;
30/11/2021  10:22:51,380722;9,334425E-1;1,143111E-1;1,221546E-1;9,355449E-1;;
30/11/2021  10:22:51,380822;9,331922E-1;1,324701E-1;1,341600E-1;9,353240E-1;;
30/11/2021  10:22:51,380922;9,331356E-1;1,952304E-1;1,783905E-1;9,351087E-1;;
30/11/2021  10:22:51,381022;9,342323E-1;1,359745E-1;1,363715E-1;9,348993E-1;;
30/11/2021  10:22:51,381122;9,345154E-1;6,047106E-2;8,392683E-2;9,346966E-1;;
30/11/2021  10:22:51,381222;9,344737E-1;1,608238E-1;1,502726E-1;9,345010E-1;;
30/11/2021  10:22:51,381322;9,351473E-1;2,733874E-2;5,549295E-2;9,343132E-1;;
30/11/2021  10:22:51,381422;9,352724E-1;1,292843E-1;1,316326E-1;9,341337E-1;;
30/11/2021  10:22:51,381522;9,345542E-1;1,299215E-1;1,430061E-1;9,339631E-1;;
30/11/2021  10:22:51,381622;9,347360E-1;1,359745E-1;1,385831E-1;9,338018E-1;;
30/11/2021  10:22:51,381722;9,355675E-1;1,385232E-1;1,351078E-1;9,336501E-1;;
30/11/2021  10:22:51,381822;9,357701E-1;1,308772E-1;1,373193E-1;9,335084E-1;;
30/11/2021  10:22:51,381922;9,362231E-1;1,200455E-1;1,208909E-1;9,333769E-1;;
30/11/2021  10:22:51,382022;9,367447E-1;1,538150E-1;1,916596E-1;9,332561E-1;;
30/11/2021  10:22:51,382122;9,358148E-1;1,280100E-1;1,275255E-1;9,331463E-1;;
30/11/2021  10:22:51,382222;9,355109E-1;1,238685E-1;1,240502E-1;9,330477E-1;;
30/11/2021  10:22:51,382322;9,351532E-1;1,270543E-1;1,291051E-1;9,329603E-1;;
30/11/2021  10:22:51,382422;9,363334E-1;1,315144E-1;1,385831E-1;9,328841E-1;;
30/11/2021  10:22:51,382522;9,366970E-1;1,292843E-1;1,221546E-1;9,328189E-1;;
30/11/2021  10:22:51,382622;9,366821E-1;1,331073E-1;1,212068E-1;9,327648E-1;;
30/11/2021  10:22:51,382722;9,365361E-1;1,347002E-1;1,373193E-1;9,327217E-1;;
30/11/2021  10:22:51,382822;9,362142E-1;1,767528E-1;2,093518E-1;9,326896E-1;;
30/11/2021  10:22:51,382922;9,363304E-1;1,047537E-1;1,445858E-1;9,326683E-1;;
30/11/2021  10:22:51,383022;9,369384E-1;1,420275E-1;1,584868E-1;9,326574E-1;;
30/11/2021  10:22:51,383122;9,373169E-1;1,311958E-1;1,366875E-1;9,326569E-1;;
30/11/2021  10:22:51,383222;9,388339E-1;1,630538E-1;1,588027E-1;9,326665E-1;;
30/11/2021  10:22:51,383322;9,389233E-1;1,133553E-1;1,117289E-1;9,326862E-1;;
30/11/2021  10:22:51,383422;9,388488E-1;1,426647E-1;1,575390E-1;9,327162E-1;;
30/11/2021  10:22:51,383522;9,388160E-1;1,385232E-1;1,351078E-1;9,327563E-1;;
30/11/2021  10:22:51,383622;9,389740E-1;1,394789E-1;1,363715E-1;9,328065E-1;;
30/11/2021  10:22:51,383722;9,400946E-1;1,353374E-1;1,325804E-1;9,328668E-1;;
30/11/2021  10:22:51,383822;9,405356E-1;1,251428E-1;1,186794E-1;9,329370E-1;;
30/11/2021  10:22:51,383922;9,415400E-1;1,292843E-1;1,335282E-1;9,330173E-1;;
30/11/2021  10:22:51,384022;9,419692E-1;1,133553E-1;1,079377E-1;9,331076E-1;;
30/11/2021  10:22:51,384122;9,422642E-1;1,088952E-1;1,205749E-1;9,332081E-1;;
30/11/2021  10:22:51,384222;9,424043E-1;8,245308E-2;9,498445E-2;9,333190E-1;;
30/11/2021  10:22:51,384322;9,425950E-1;6,779840E-2;8,613836E-2;9,334403E-1;;
30/11/2021  10:22:51,384422;9,434593E-1;1,050723E-1;1,145722E-1;9,335721E-1;;
30/11/2021  10:22:51,384522;9,443266E-1;1,165411E-1;1,442698E-1;9,337143E-1;;
30/11/2021  10:22:51,384622;9,451760E-1;-6,122650E-2;3,716890E-2;9,338671E-1;;
30/11/2021  10:22:51,384722;9,453667E-1;6,747982E-2;8,108345E-2;9,340306E-1;;
30/11/2021  10:22:51,384822;9,451074E-1;9,774492E-2;1,328963E-1;9,342050E-1;;
30/11/2021  10:22:51,384922;9,453011E-1;7,671864E-2;1,126766E-1;9,343902E-1;;
30/11/2021  10:22:51,385022;9,453280E-1;9,232906E-2;1,136244E-1;9,345862E-1;;
30/11/2021  10:22:51,385122;9,462072E-1;1,219570E-1;1,332122E-1;9,347928E-1;;
30/11/2021  10:22:51,385222;9,469045E-1;1,321516E-1;1,284732E-1;9,350098E-1;;
30/11/2021  10:22:51,385322;9,470238E-1;1,793014E-1;1,777586E-1;9,352370E-1;;
30/11/2021  10:22:51,385422;9,468420E-1;1,407532E-1;9,308886E-2;9,354743E-1;;
30/11/2021  10:22:51,385522;9,467496E-1;1,232313E-1;9,593225E-2;9,357215E-1;;
30/11/2021  10:22:51,385622;9,468807E-1;1,318330E-1;1,556434E-1;9,359781E-1;;
30/11/2021  10:22:51,385722;9,470476E-1;1,241871E-1;1,101492E-1;9,362438E-1;;
30/11/2021  10:22:51,385822;9,476705E-1;1,468062E-1;1,467973E-1;9,365179E-1;;
30/11/2021  10:22:51,385922;9,479953E-1;4,071910E-2;8,961361E-2;9,368001E-1;;
30/11/2021  10:22:51,386022;9,479625E-1;1,117624E-1;1,174156E-1;9,370899E-1;;
30/11/2021  10:22:51,386122;9,479864E-1;2,765732E-2;5,865227E-2;9,373868E-1;;
30/11/2021  10:22:51,386222;9,478672E-1;1,292843E-1;1,398468E-1;9,376902E-1;;
30/11/2021  10:22:51,386322;9,482963E-1;1,267357E-1;1,306848E-1;9,379996E-1;;
30/11/2021  10:22:51,386422;9,482129E-1;1,254614E-1;1,186794E-1;9,383143E-1;;
30/11/2021  10:22:51,386522;9,482278E-1;1,378860E-1;1,319485E-1;9,386338E-1;;
30/11/2021  10:22:51,386622;9,490086E-1;1,168597E-1;1,253139E-1;9,389574E-1;;
30/11/2021  10:22:51,386722;9,494646E-1;1,311958E-1;1,341600E-1;9,392845E-1;;
30/11/2021  10:22:51,386822;9,488447E-1;1,299215E-1;1,275255E-1;9,396146E-1;;
30/11/2021  10:22:51,386922;9,485616E-1;1,280100E-1;1,243661E-1;9,399471E-1;;
30/11/2021  10:22:51,387022;9,473069E-1;1,429833E-1;1,357397E-1;9,402814E-1;;
30/11/2021  10:22:51,387122;9,483768E-1;1,305587E-1;1,310007E-1;9,406165E-1;;
30/11/2021  10:22:51,387222;9,482874E-1;8,309024E-2;9,530039E-2;9,409518E-1;;
30/11/2021  10:22:51,387322;9,482189E-1;1,302401E-1;1,265777E-1;9,412864E-1;;
30/11/2021  10:22:51,387422;9,479268E-1;1,305587E-1;1,249980E-1;9,416195E-1;;
30/11/2021  10:22:51,387522;9,467287E-1;1,111253E-1;8,771802E-2;9,419504E-1;;
30/11/2021  10:22:51,387622;9,464456E-1;6,747982E-2;9,656411E-2;9,422782E-1;;
30/11/2021  10:22:51,387722;9,463562E-1;1,499920E-1;1,632258E-1;9,426018E-1;;
30/11/2021  10:22:51,387822;9,463353E-1;1,296029E-1;1,398468E-1;9,429204E-1;;
30/11/2021  10:22:51,387922;9,459210E-1;1,273729E-1;1,259458E-1;9,432329E-1;;
30/11/2021  10:22:51,388022;9,460492E-1;1,362931E-1;1,584868E-1;9,435385E-1;;
30/11/2021  10:22:51,388122;9,457124E-1;1,286472E-1;1,231024E-1;9,438364E-1;;
30/11/2021  10:22:51,388222;9,452356E-1;1,152668E-1;1,221546E-1;9,441257E-1;;
30/11/2021  10:22:51,388322;9,443951E-1;1,372488E-1;1,370034E-1;9,444056E-1;;
30/11/2021  10:22:51,388422;9,444518E-1;1,076209E-1;1,060421E-1;9,446753E-1;;
30/11/2021  10:22:51,388522;9,450985E-1;1,292843E-1;1,038306E-1;9,449341E-1;;
30/11/2021  10:22:51,388622;9,441299E-1;1,410718E-1;1,651214E-1;9,451812E-1;;
30/11/2021  10:22:51,388722;9,449107E-1;1,315144E-1;1,110970E-1;9,454161E-1;;
30/11/2021  10:22:51,388822;9,446216E-1;1,283286E-1;1,139404E-1;9,456384E-1;;
30/11/2021  10:22:51,388922;9,442849E-1;9,965640E-2;7,824006E-2;9,458476E-1;;
30/11/2021  10:22:51,389022;9,441418E-1;1,315144E-1;1,499566E-1;9,460435E-1;;
30/11/2021  10:22:51,389122;9,449107E-1;1,283286E-1;1,079377E-1;9,462259E-1;;
30/11/2021  10:22:51,389222;9,449852E-1;1,605052E-1;1,667010E-1;9,463945E-1;;
30/11/2021  10:22:51,389322;9,450597E-1;1,353374E-1;1,411105E-1;9,465494E-1;;
30/11/2021  10:22:51,389422;9,457035E-1;1,327887E-1;1,467973E-1;9,466909E-1;;
30/11/2021  10:22:51,389522;9,452326E-1;1,385232E-1;1,310007E-1;9,468190E-1;;
30/11/2021  10:22:51,389622;9,448362E-1;1,260985E-1;1,237343E-1;9,469342E-1;;
30/11/2021  10:22:51,389722;9,443653E-1;1,397975E-1;1,392149E-1;9,470366E-1;;
30/11/2021  10:22:51,389822;9,444547E-1;1,327887E-1;1,310007E-1;9,471264E-1;;
30/11/2021  10:22:51,389922;9,450448E-1;1,267357E-1;1,243661E-1;9,472040E-1;;
30/11/2021  10:22:51,390022;9,443117E-1;1,308772E-1;1,218387E-1;9,472695E-1;;
30/11/2021  10:22:51,390122;9,443951E-1;1,194084E-1;1,193112E-1;9,473233E-1;;
30/11/2021  10:22:51,390222;9,435755E-1;1,315144E-1;1,180475E-1;9,473657E-1;;
30/11/2021  10:22:51,390322;9,428633E-1;1,114439E-1;8,898175E-2;9,473969E-1;;
30/11/2021  10:22:51,390422;9,417546E-1;1,165411E-1;1,107811E-1;9,474170E-1;;
30/11/2021  10:22:51,390522;9,417218E-1;7,193994E-2;1,174156E-1;9,474261E-1;;
30/11/2021  10:22:51,390622;9,418351E-1;1,321516E-1;1,474292E-1;9,474240E-1;;
30/11/2021  10:22:51,390722;9,409946E-1;1,251428E-1;1,300529E-1;9,474108E-1;;
30/11/2021  10:22:51,390822;9,405803E-1;1,353374E-1;1,287892E-1;9,473865E-1;;
30/11/2021  10:22:51,390922;9,395492E-1;9,997498E-2;1,104651E-1;9,473509E-1;;
30/11/2021  10:22:51,391022;9,395045E-1;1,356559E-1;1,319485E-1;9,473041E-1;;
30/11/2021  10:22:51,391122;9,387385E-1;1,260985E-1;1,281573E-1;9,472458E-1;;
30/11/2021  10:22:51,391222;9,389203E-1;1,162226E-1;1,126766E-1;9,471760E-1;;
30/11/2021  10:22:51,391322;9,384465E-1;1,248242E-1;1,366875E-1;9,470946E-1;;
30/11/2021  10:22:51,391422;9,378951E-1;1,366117E-1;1,313166E-1;9,470015E-1;;
30/11/2021  10:22:51,391522;9,375702E-1;1,350188E-1;1,354238E-1;9,468968E-1;;
30/11/2021  10:22:51,391622;9,374033E-1;1,136739E-1;1,095173E-1;9,467806E-1;;
30/11/2021  10:22:51,391722;9,362410E-1;1,302401E-1;1,196272E-1;9,466527E-1;;
30/11/2021  10:22:51,391822;9,363871E-1;1,397975E-1;1,291051E-1;9,465133E-1;;
30/11/2021  10:22:51,391922;9,365569E-1;1,283286E-1;1,436380E-1;9,463623E-1;;
30/11/2021  10:22:51,392022;9,366285E-1;1,187712E-1;9,056141E-2;9,462000E-1;;
30/11/2021  10:22:51,392122;9,364795E-1;1,945932E-1;2,011376E-1;9,460266E-1;;
30/11/2021  10:22:51,392222;9,357403E-1;1,238685E-1;1,310007E-1;9,458424E-1;;
30/11/2021  10:22:51,392322;9,347032E-1;1,219570E-1;1,256299E-1;9,456479E-1;;
30/11/2021  10:22:51,392422;9,340922E-1;8,595746E-2;1,019350E-1;9,454431E-1;;
30/11/2021  10:22:51,392522;9,344976E-1;1,037979E-1;1,243661E-1;9,452283E-1;;
30/11/2021  10:22:51,392622;9,341429E-1;9,647060E-2;8,803395E-2;9,450037E-1;;
30/11/2021  10:22:51,392722;9,338180E-1;7,831154E-2;1,575390E-1;9,447695E-1;;
30/11/2021  10:22:51,392822;9,329657E-1;9,774492E-2;1,101492E-1;9,445261E-1;;
30/11/2021  10:22:51,392922;9,317557E-1;1,076209E-1;1,177316E-1;9,442737E-1;;
30/11/2021  10:22:51,393022;9,310106E-1;1,939561E-1;1,553275E-1;9,440125E-1;;
30/11/2021  10:22:51,393122;9,307513E-1;9,615202E-2;1,183634E-1;9,437425E-1;;
30/11/2021  10:22:51,393222;9,305725E-1;1,117624E-1;1,180475E-1;9,434636E-1;;
30/11/2021  10:22:51,393322;9,300688E-1;9,201048E-2;9,877564E-2;9,431761E-1;;
30/11/2021  10:22:51,393422;9,296963E-1;9,455912E-2;5,138584E-2;9,428800E-1;;
30/11/2021  10:22:51,393522;9,292701E-1;1,793014E-1;2,163023E-1;9,425754E-1;;
30/11/2021  10:22:51,393622;9,283373E-1;1,433019E-1;1,499566E-1;9,422626E-1;;
30/11/2021  10:22:51,393722;9,279349E-1;1,554079E-1;1,360556E-1;9,419416E-1;;
30/11/2021  10:22:51,393822;9,276876E-1;1,843987E-1;1,667010E-1;9,416126E-1;;
30/11/2021  10:22:51,393922;9,281853E-1;1,512664E-1;1,486929E-1;9,412757E-1;;
30/11/2021  10:22:51,394022;9,276905E-1;1,560451E-1;1,540637E-1;9,409312E-1;;
30/11/2021  10:22:51,394122;9,277800E-1;1,761156E-1;2,538983E-1;9,405794E-1;;
30/11/2021  10:22:51,394222;9,274849E-1;1,194084E-1;1,227865E-1;9,402208E-1;;
30/11/2021  10:22:51,394322;9,270885E-1;1,165411E-1;1,218387E-1;9,398559E-1;;
30/11/2021  10:22:51,394422;9,271392E-1;1,296029E-1;1,322644E-1;9,394852E-1;;
30/11/2021  10:22:51,394522;9,270736E-1;1,292843E-1;1,221546E-1;9,391092E-1;;
30/11/2021  10:22:51,394622;9,273776E-1;1,206827E-1;1,085695E-1;9,387284E-1;;
30/11/2021  10:22:51,394722;9,275237E-1;1,222756E-1;1,199431E-1;9,383435E-1;;
30/11/2021  10:22:51,394822;9,277412E-1;1,219570E-1;1,306848E-1;9,379553E-1;;
30/11/2021  10:22:51,394922;9,267756E-1;1,745227E-1;1,790224E-1;9,375646E-1;;
30/11/2021  10:22:51,395022;9,270617E-1;1,614609E-1;2,292556E-1;9,371721E-1;;
30/11/2021  10:22:51,395122;9,274432E-1;1,324701E-1;1,442698E-1;9,367786E-1;;
30/11/2021  10:22:51,395222;9,278902E-1;1,292843E-1;1,407946E-1;9,363848E-1;;
30/11/2021  10:22:51,395322;9,282657E-1;1,525407E-1;1,960827E-1;9,359915E-1;;
30/11/2021  10:22:51,395422;9,286353E-1;-1,216518E-2;4,127601E-2;9,355999E-1;;
30/11/2021  10:22:51,395522;9,284118E-1;1,181340E-1;1,221546E-1;9,352107E-1;;
30/11/2021  10:22:51,395622;9,287098E-1;1,232313E-1;1,253139E-1;9,348252E-1;;
30/11/2021  10:22:51,395722;9,289035E-1;1,267357E-1;1,385831E-1;9,344440E-1;;
30/11/2021  10:22:51,395822;9,289482E-1;1,194084E-1;1,433221E-1;9,340683E-1;;
30/11/2021  10:22:51,395922;9,303937E-1;1,213198E-1;1,177316E-1;9,336990E-1;;
30/11/2021  10:22:51,396022;9,304712E-1;1,331073E-1;1,363715E-1;9,333370E-1;;
30/11/2021  10:22:51,396122;9,304414E-1;1,359745E-1;1,256299E-1;9,329834E-1;;
30/11/2021  10:22:51,396222;9,309987E-1;2,797590E-2;2,421569E-2;9,326393E-1;;
30/11/2021  10:22:51,396322;9,307781E-1;1,057094E-1;9,372073E-2;9,323055E-1;;
30/11/2021  10:22:51,396422;9,307066E-1;6,588692E-2;8,392683E-2;9,319830E-1;;
30/11/2021  10:22:51,396522;9,313444E-1;1,146297E-1;1,152041E-1;9,316724E-1;;
30/11/2021  10:22:51,396622;9,321729E-1;1,420275E-1;1,546956E-1;9,313746E-1;;
30/11/2021  10:22:51,396722;9,324739E-1;1,120810E-1;1,177316E-1;9,310903E-1;;
30/11/2021  10:22:51,396822;9,324650E-1;1,190898E-1;1,496407E-1;9,308202E-1;;
30/11/2021  10:22:51,396922;9,327183E-1;1,174969E-1;1,300529E-1;9,305650E-1;;
30/11/2021  10:22:51,397022;9,328614E-1;1,111253E-1;1,370034E-1;9,303253E-1;;
30/11/2021  10:22:51,397122;9,340535E-1;1,299215E-1;1,310007E-1;9,301016E-1;;
30/11/2021  10:22:51,397222;9,348224E-1;1,267357E-1;1,303688E-1;9,298944E-1;;
30/11/2021  10:22:51,397322;9,358208E-1;1,299215E-1;1,268936E-1;9,297044E-1;;
30/11/2021  10:22:51,397422;9,371113E-1;1,305587E-1;1,452176E-1;9,295323E-1;;
30/11/2021  10:22:51,397522;9,380054E-1;1,127182E-1;1,069899E-1;9,293788E-1;;
30/11/2021  10:22:51,397622;9,383928E-1;9,360338E-2;1,098333E-1;9,292446E-1;;
30/11/2021  10:22:51,397722;9,388607E-1;1,044351E-1;4,475127E-2;9,291307E-1;;
30/11/2021  10:22:51,397822;9,398859E-1;1,394789E-1;1,325804E-1;9,290376E-1;;
30/11/2021  10:22:51,397922;9,414893E-1;1,238685E-1;1,306848E-1;9,289661E-1;;
30/11/2021  10:22:51,398022;9,421748E-1;1,257800E-1;1,281573E-1;9,289167E-1;;
30/11/2021  10:22:51,398122;9,426904E-1;3,976336E-2;8,519056E-2;9,288903E-1;;
30/11/2021  10:22:51,398222;9,432745E-1;1,190898E-1;1,120448E-1;9,288875E-1;;
30/11/2021  10:22:51,398322;9,431523E-1;1,241871E-1;1,407946E-1;9,289087E-1;;
30/11/2021  10:22:51,398422;9,429467E-1;1,149482E-1;1,281573E-1;9,289544E-1;;
30/11/2021  10:22:51,398522;9,437901E-1;1,337445E-1;1,306848E-1;9,290245E-1;;
30/11/2021  10:22:51,398622;9,444041E-1;1,311958E-1;1,328963E-1;9,291191E-1;;
30/11/2021  10:22:51,398722;9,447468E-1;1,289658E-1;1,370034E-1;9,292381E-1;;
30/11/2021  10:22:51,398822;9,444577E-1;1,334259E-1;1,246821E-1;9,293812E-1;;
30/11/2021  10:22:51,398922;9,443296E-1;1,260985E-1;1,114129E-1;9,295481E-1;;
30/11/2021  10:22:51,399022;9,445859E-1;1,187712E-1;1,139404E-1;9,297383E-1;;
30/11/2021  10:22:51,399122;9,439809E-1;1,372488E-1;1,253139E-1;9,299510E-1;;
30/11/2021  10:22:51,399222;9,449524E-1;1,222756E-1;1,268936E-1;9,301853E-1;;
30/11/2021  10:22:51,399322;9,451581E-1;1,077258E-2;8,487463E-2;9,304404E-1;;
30/11/2021  10:22:51,399422;9,457989E-1;1,254614E-1;1,158360E-1;9,307154E-1;;
30/11/2021  10:22:51,399522;9,459985E-1;1,181340E-1;1,129926E-1;9,310093E-1;;
30/11/2021  10:22:51,399622;9,456975E-1;-8,766864E-2;-1,058873E-3;9,313212E-1;;
30/11/2021  10:22:51,399722;9,455306E-1;4,549780E-2;1,651214E-1;9,316501E-1;;
30/11/2021  10:22:51,399822;9,455515E-1;1,512664E-1;1,420583E-1;9,319948E-1;;
30/11/2021  10:22:51,399922;9,465558E-1;1,289658E-1;1,414265E-1;9,323541E-1;;
30/11/2021  10:22:51,400022;9,466244E-1;1,264171E-1;1,272095E-1;9,327269E-1;;
30/11/2021  10:22:51,400122;9,475960E-1;1,413904E-1;1,616461E-1;9,331121E-1;;
30/11/2021  10:22:51,400222;9,468211E-1;1,356559E-1;1,313166E-1;9,335086E-1;;
30/11/2021  10:22:51,400322;9,467823E-1;1,149482E-1;1,170997E-1;9,339155E-1;;
30/11/2021  10:22:51,400422;9,463204E-1;1,353374E-1;1,695444E-1;9,343314E-1;;
30/11/2021  10:22:51,400522;9,467704E-1;1,152668E-1;1,231024E-1;9,347552E-1;;
30/11/2021  10:22:51,400622;9,470297E-1;9,615202E-2;9,340479E-2;9,351857E-1;;
30/11/2021  10:22:51,400722;9,474797E-1;8,659462E-2;9,688005E-2;9,356215E-1;;
30/11/2021  10:22:51,400822;9,476258E-1;9,933782E-2;8,992954E-2;9,360616E-1;;
30/11/2021  10:22:51,400922;9,470297E-1;1,015679E-1;1,022509E-1;9,365050E-1;;
30/11/2021  10:22:51,401022;9,458346E-1;1,022050E-1;1,145722E-1;9,369505E-1;;
30/11/2021  10:22:51,401122;9,457631E-1;1,108067E-1;1,426902E-1;9,373968E-1;;
30/11/2021  10:22:51,401222;9,458436E-1;6,907272E-2;6,433905E-2;9,378425E-1;;
30/11/2021  10:22:51,401322;9,457810E-1;1,006121E-1;1,360556E-1;9,382864E-1;;
30/11/2021  10:22:51,401422;9,456737E-1;1,471248E-1;1,777586E-1;9,387271E-1;;
30/11/2021  10:22:51,401522;9,457661E-1;1,248242E-1;1,670170E-1;9,391635E-1;;
30/11/2021  10:22:51,401622;9,447736E-1;1,254614E-1;1,385831E-1;9,395943E-1;;
30/11/2021  10:22:51,401722;9,444249E-1;1,356559E-1;1,347919E-1;9,400184E-1;;
30/11/2021  10:22:51,401822;9,447021E-1;1,547707E-1;1,442698E-1;9,404347E-1;;
30/11/2021  10:22:51,401922;9,451253E-1;1,617795E-1;1,458495E-1;9,408418E-1;;
30/11/2021  10:22:51,402022;9,453429E-1;1,789828E-1;1,613302E-1;9,412391E-1;;
30/11/2021  10:22:51,402122;9,448004E-1;1,716555E-1;1,600664E-1;9,416255E-1;;
30/11/2021  10:22:51,402222;9,449793E-1;1,461691E-1;1,449017E-1;9,420003E-1;;
30/11/2021  10:22:51,402322;9,454531E-1;1,397975E-1;1,262617E-1;9,423629E-1;;
30/11/2021  10:22:51,402422;9,450538E-1;9,965640E-2;7,824006E-2;9,427128E-1;;
30/11/2021  10:22:51,402522;9,449673E-1;1,127182E-1;1,022509E-1;9,430494E-1;;
30/11/2021  10:22:51,402622;9,454114E-1;1,139925E-1;1,009872E-1;9,433723E-1;;
30/11/2021  10:22:51,402722;9,459568E-1;1,206827E-1;1,420583E-1;9,436813E-1;;
30/11/2021  10:22:51,402822;9,461267E-1;1,283286E-1;1,303688E-1;9,439762E-1;;
30/11/2021  10:22:51,402922;9,456469E-1;1,369303E-1;1,344760E-1;9,442569E-1;;
30/11/2021  10:22:51,403022;9,451372E-1;1,159040E-1;1,268936E-1;9,445235E-1;;
30/11/2021  10:22:51,403122;9,455008E-1;1,254614E-1;1,272095E-1;9,447759E-1;;
30/11/2021  10:22:51,403222;9,454442E-1;1,327887E-1;1,341600E-1;9,450140E-1;;
30/11/2021  10:22:51,403322;9,457810E-1;1,213198E-1;1,212068E-1;9,452379E-1;;
30/11/2021  10:22:51,403422;9,456558E-1;1,241871E-1;1,373193E-1;9,454478E-1;;
30/11/2021  10:22:51,403522;9,450657E-1;1,356559E-1;1,357397E-1;9,456438E-1;;
30/11/2021  10:22:51,403622;9,444547E-1;1,391603E-1;1,341600E-1;9,458260E-1;;
30/11/2021  10:22:51,403722;9,438319E-1;1,331073E-1;1,218387E-1;9,459944E-1;;
30/11/2021  10:22:51,403822;9,434832E-1;1,225942E-1;1,167838E-1;9,461492E-1;;
30/11/2021  10:22:51,403922;9,440792E-1;1,366117E-1;1,310007E-1;9,462901E-1;;
30/11/2021  10:22:51,404022;9,438140E-1;2,956880E-2;9,688005E-2;9,464172E-1;;
30/11/2021  10:22:51,404122;9,436799E-1;1,289658E-1;1,272095E-1;9,465307E-1;;
30/11/2021  10:22:51,404222;9,435219E-1;1,350188E-1;1,603824E-1;9,466306E-1;;
30/11/2021  10:22:51,404322;9,432328E-1;1,159040E-1;1,354238E-1;9,467171E-1;;
30/11/2021  10:22:51,404422;9,424907E-1;1,347002E-1;1,341600E-1;9,467904E-1;;
30/11/2021  10:22:51,404522;9,427917E-1;1,181340E-1;1,136244E-1;9,468506E-1;;
30/11/2021  10:22:51,404622;9,429735E-1;1,238685E-1;1,237343E-1;9,468978E-1;;
30/11/2021  10:22:51,404722;9,430272E-1;1,235499E-1;1,095173E-1;9,469323E-1;;
30/11/2021  10:22:51,404822;9,429080E-1;1,296029E-1;1,278414E-1;9,469545E-1;;
30/11/2021  10:22:51,404922;9,425116E-1;1,283286E-1;1,294210E-1;9,469646E-1;;
30/11/2021  10:22:51,405022;9,422314E-1;1,267357E-1;1,231024E-1;9,469631E-1;;
30/11/2021  10:22:51,405122;9,413105E-1;1,283286E-1;1,120448E-1;9,469501E-1;;
30/11/2021  10:22:51,405222;9,410661E-1;1,241871E-1;1,379512E-1;9,469261E-1;;
30/11/2021  10:22:51,405322;9,411466E-1;1,238685E-1;1,107811E-1;9,468910E-1;;
30/11/2021  10:22:51,405422;9,407949E-1;1,210013E-1;1,085695E-1;9,468452E-1;;
30/11/2021  10:22:51,405522;9,405476E-1;9,455912E-2;7,002583E-2;9,467889E-1;;
30/11/2021  10:22:51,405622;9,403002E-1;1,315144E-1;1,234183E-1;9,467223E-1;;
30/11/2021  10:22:51,405722;9,397697E-1;1,375674E-1;1,486929E-1;9,466456E-1;;
30/11/2021  10:22:51,405822;9,388011E-1;1,436204E-1;1,404787E-1;9,465590E-1;;
30/11/2021  10:22:51,405922;9,393465E-1;1,397975E-1;1,897641E-1;9,464626E-1;;
30/11/2021  10:22:51,406022;9,392571E-1;1,257800E-1;1,246821E-1;9,463567E-1;;
30/11/2021  10:22:51,406122;9,390753E-1;1,292843E-1;1,291051E-1;9,462414E-1;;
30/11/2021  10:22:51,406222;9,392660E-1;1,410718E-1;1,445858E-1;9,461171E-1;;
30/11/2021  10:22:51,406322;9,391707E-1;1,362931E-1;1,341600E-1;9,459841E-1;;
30/11/2021  10:22:51,406422;9,388995E-1;1,340630E-1;1,221546E-1;9,458427E-1;;
30/11/2021  10:22:51,406522;9,377252E-1;1,404346E-1;1,306848E-1;9,456935E-1;;
30/11/2021  10:22:51,406622;9,392839E-1;1,372488E-1;1,325804E-1;9,455368E-1;;
30/11/2021  10:22:51,406722;9,390246E-1;1,375674E-1;1,227865E-1;9,453729E-1;;
30/11/2021  10:22:51,406822;9,392929E-1;1,152668E-1;1,208909E-1;9,452025E-1;;
30/11/2021  10:22:51,406922;9,393495E-1;1,206827E-1;1,262617E-1;9,450262E-1;;
30/11/2021  10:22:51,407022;9,396028E-1;9,678918E-2;1,294210E-1;9,448445E-1;;
30/11/2021  10:22:51,407122;9,387564E-1;1,872659E-1;1,907119E-1;9,446582E-1;;
30/11/2021  10:22:51,407222;9,393852E-1;1,452133E-1;1,449017E-1;9,444680E-1;;
30/11/2021  10:22:51,407322;9,395998E-1;7,448858E-2;1,164678E-1;9,442744E-1;;
30/11/2021  10:22:51,407422;9,399873E-1;1,436204E-1;1,335282E-1;9,440782E-1;;
30/11/2021  10:22:51,407522;9,397250E-1;6,684266E-2;8,961361E-2;9,438800E-1;;
30/11/2021  10:22:51,407622;9,403091E-1;1,337445E-1;1,338441E-1;9,436807E-1;;
30/11/2021  10:22:51,407722;9,396922E-1;1,324701E-1;1,310007E-1;9,434809E-1;;
30/11/2021  10:22:51,407822;9,391140E-1;1,318330E-1;1,436380E-1;9,432813E-1;;
30/11/2021  10:22:51,407922;9,392541E-1;1,257800E-1;1,319485E-1;9,430825E-1;;
30/11/2021  10:22:51,408022;9,396982E-1;1,410718E-1;1,231024E-1;9,428849E-1;;
30/11/2021  10:22:51,408122;9,402167E-1;1,413904E-1;1,325804E-1;9,426891E-1;;
30/11/2021  10:22:51,408222;9,399634E-1;1,477620E-1;1,272095E-1;9,424956E-1;;
30/11/2021  10:22:51,408322;9,395134E-1;1,356559E-1;1,376353E-1;9,423050E-1;;
30/11/2021  10:22:51,408422;9,398383E-1;6,620550E-2;8,708615E-2;9,421178E-1;;
30/11/2021  10:22:51,408522;9,395641E-1;1,254614E-1;1,310007E-1;9,419343E-1;;
30/11/2021  10:22:51,408622;9,394806E-1;1,063466E-1;1,076217E-1;9,417549E-1;;
30/11/2021  10:22:51,408722;9,406221E-1;1,296029E-1;1,806020E-1;9,415800E-1;;
30/11/2021  10:22:51,408822;9,399038E-1;1,362931E-1;1,401627E-1;9,414099E-1;;
30/11/2021  10:22:51,408922;9,396356E-1;1,174969E-1;1,420583E-1;9,412450E-1;;
30/11/2021  10:22:51,409022;9,391468E-1;1,069837E-1;1,275255E-1;9,410855E-1;;
30/11/2021  10:22:51,409122;9,391856E-1;1,311958E-1;1,423743E-1;9,409317E-1;;
30/11/2021  10:22:51,409222;9,385925E-1;1,120810E-1;1,227865E-1;9,407835E-1;;
30/11/2021  10:22:51,409322;9,387832E-1;9,965640E-2;1,085695E-1;9,406409E-1;;
30/11/2021  10:22:51,409422;9,394836E-1;9,647060E-2;9,656411E-2;9,405039E-1;;
30/11/2021  10:22:51,409522;9,389680E-1;9,870066E-2;1,101492E-1;9,403724E-1;;
30/11/2021  10:22:51,409622;9,389322E-1;9,551486E-2;8,834988E-2;9,402466E-1;;
30/11/2021  10:22:51,409722;9,385090E-1;1,216384E-1;1,092014E-1;9,401263E-1;;
30/11/2021  10:22:51,409822;9,381782E-1;8,946184E-2;1,009872E-1;9,400114E-1;;
30/11/2021  10:22:51,409922;9,380113E-1;1,289658E-1;1,354238E-1;9,399018E-1;;
30/11/2021  10:22:51,410022;9,392124E-1;1,534964E-1;1,442698E-1;9,397972E-1;;
30/11/2021  10:22:51,410122;9,388548E-1;1,678325E-1;1,796542E-1;9,396976E-1;;
30/11/2021  10:22:51,410222;9,386819E-1;1,534964E-1;1,430061E-1;9,396029E-1;;
30/11/2021  10:22:51,410322;9,388071E-1;1,675139E-1;1,414265E-1;9,395130E-1;;
30/11/2021  10:22:51,410422;9,387296E-1;5,760384E-2;1,509044E-1;9,394278E-1;;
30/11/2021  10:22:51,410522;9,384315E-1;1,340630E-1;1,328963E-1;9,393472E-1;;
30/11/2021  10:22:51,410622;9,383630E-1;1,213198E-1;1,205749E-1;9,392712E-1;;
30/11/2021  10:22:51,410722;9,391140E-1;1,286472E-1;1,170997E-1;9,391995E-1;;
30/11/2021  10:22:51,410822;9,392720E-1;1,200455E-1;1,167838E-1;9,391320E-1;;
30/11/2021  10:22:51,410922;9,396416E-1;1,219570E-1;1,202590E-1;9,390688E-1;;
30/11/2021  10:22:51,411022;9,394747E-1;1,213198E-1;1,193112E-1;9,390099E-1;;
30/11/2021  10:22:51,411122;9,396624E-1;1,315144E-1;1,246821E-1;9,389553E-1;;
30/11/2021  10:22:51,411222;9,397995E-1;1,318330E-1;1,215227E-1;9,389051E-1;;
30/11/2021  10:22:51,411322;9,400171E-1;1,085766E-1;1,085695E-1;9,388593E-1;;
30/11/2021  10:22:51,411422;9,402406E-1;1,222756E-1;1,335282E-1;9,388180E-1;;
30/11/2021  10:22:51,411522;9,405654E-1;1,143111E-1;1,073058E-1;9,387813E-1;;
30/11/2021  10:22:51,411622;9,401899E-1;1,283286E-1;1,275255E-1;9,387491E-1;;
30/11/2021  10:22:51,411722;9,402078E-1;1,159040E-1;1,092014E-1;9,387217E-1;;
30/11/2021  10:22:51,411822;9,399604E-1;1,257800E-1;1,319485E-1;9,386990E-1;;
30/11/2021  10:22:51,411922;9,395015E-1;1,276914E-1;1,297370E-1;9,386810E-1;;
30/11/2021  10:22:51,412022;9,400677E-1;-1,726246E-2;1,205749E-1;9,386673E-1;;
30/11/2021  10:22:51,412122;9,404045E-1;1,127182E-1;1,155200E-1;9,386581E-1;;
30/11/2021  10:22:51,412222;9,408456E-1;1,401161E-1;1,720719E-1;9,386530E-1;;
30/11/2021  10:22:51,412322;9,402138E-1;1,296029E-1;1,205749E-1;9,386522E-1;;
30/11/2021  10:22:51,412422;9,398233E-1;1,305587E-1;1,221546E-1;9,386555E-1;;
30/11/2021  10:22:51,412522;9,399277E-1;1,229127E-1;1,202590E-1;9,386628E-1;;
30/11/2021  10:22:51,412622;9,403449E-1;1,280100E-1;1,199431E-1;9,386738E-1;;
30/11/2021  10:22:51,412722;9,407800E-1;9,137332E-2;7,887192E-2;9,386884E-1;;
30/11/2021  10:22:51,412822;9,411675E-1;1,238685E-1;1,174156E-1;9,387065E-1;;
30/11/2021  10:22:51,412922;9,402883E-1;1,123996E-1;8,834988E-2;9,387280E-1;;
30/11/2021  10:22:51,413022;9,403598E-1;1,108067E-1;9,972343E-2;9,387529E-1;;
30/11/2021  10:22:51,413122;9,405148E-1;1,219570E-1;1,253139E-1;9,387809E-1;;
30/11/2021  10:22:51,413222;9,411079E-1;1,324701E-1;1,546956E-1;9,388118E-1;;
30/11/2021  10:22:51,413322;9,409588E-1;3,530324E-2;7,887192E-2;9,388457E-1;;
30/11/2021  10:22:51,413422;9,421361E-1;1,267357E-1;1,256299E-1;9,388823E-1;;
30/11/2021  10:22:51,413522;9,424579E-1;1,605052E-1;1,739675E-1;9,389217E-1;;
30/11/2021  10:22:51,413622;9,420019E-1;1,375674E-1;1,667010E-1;9,389641E-1;;
30/11/2021  10:22:51,413722;9,418678E-1;1,273729E-1;1,310007E-1;9,390095E-1;;
30/11/2021  10:22:51,413822;9,410751E-1;1,264171E-1;1,268936E-1;9,390580E-1;;
30/11/2021  10:22:51,413922;9,410125E-1;1,254614E-1;1,278414E-1;9,391093E-1;;
30/11/2021  10:22:51,414022;9,419870E-1;1,225942E-1;1,272095E-1;9,391633E-1;;
30/11/2021  10:22:51,414122;9,422940E-1;1,276914E-1;1,240502E-1;9,392198E-1;;
30/11/2021  10:22:51,414222;9,422493E-1;1,324701E-1;1,297370E-1;9,392788E-1;;
30/11/2021  10:22:51,414322;9,415847E-1;1,187712E-1;1,193112E-1;9,393402E-1;;
30/11/2021  10:22:51,414422;9,410721E-1;1,245056E-1;1,158360E-1;9,394038E-1;;
30/11/2021  10:22:51,414522;9,405684E-1;1,190898E-1;1,174156E-1;9,394694E-1;;
30/11/2021  10:22:51,414622;9,402793E-1;1,300264E-2;7,350108E-2;9,395366E-1;;
30/11/2021  10:22:51,414722;9,407621E-1;7,066562E-2;8,992954E-2;9,396049E-1;;
30/11/2021  10:22:51,414822;9,408694E-1;1,410718E-1;1,663851E-1;9,396740E-1;;
30/11/2021  10:22:51,414922;9,400826E-1;7,958586E-2;1,616461E-1;9,397434E-1;;
30/11/2021  10:22:51,415022;9,405088E-1;1,251428E-1;1,234183E-1;9,398128E-1;;
30/11/2021  10:22:51,415122;9,400439E-1;1,178155E-1;1,202590E-1;9,398819E-1;;
30/11/2021  10:22:51,415222;9,396475E-1;1,187712E-1;1,253139E-1;9,399502E-1;;
30/11/2021  10:22:51,415322;9,405625E-1;1,232313E-1;1,291051E-1;9,400173E-1;;
30/11/2021  10:22:51,415422;9,404820E-1;1,283286E-1;1,249980E-1;9,400830E-1;;
30/11/2021  10:22:51,415522;9,406489E-1;1,337445E-1;1,420583E-1;9,401469E-1;;
30/11/2021  10:22:51,415622;9,405327E-1;1,302401E-1;1,234183E-1;9,402089E-1;;
30/11/2021  10:22:51,415722;9,407979E-1;1,337445E-1;1,303688E-1;9,402690E-1;;
30/11/2021  10:22:51,415822;9,405982E-1;1,327887E-1;1,256299E-1;9,403269E-1;;
30/11/2021  10:22:51,415922;9,401631E-1;1,120810E-1;1,073058E-1;9,403825E-1;;
30/11/2021  10:22:51,416022;9,408784E-1;1,273729E-1;1,205749E-1;9,404358E-1;;
30/11/2021  10:22:51,416122;9,414387E-1;1,152668E-1;1,417424E-1;9,404867E-1;;
30/11/2021  10:22:51,416222;9,413701E-1;1,268406E-2;9,050951E-3;9,405353E-1;;
30/11/2021  10:22:51,416322;9,415907E-1;1,283286E-1;1,366875E-1;9,405816E-1;;
30/11/2021  10:22:51,416422;9,409827E-1;1,388417E-1;1,360556E-1;9,406257E-1;;
30/11/2021  10:22:51,416522;9,410035E-1;1,423461E-1;1,351078E-1;9,406678E-1;;
30/11/2021  10:22:51,416622;9,409588E-1;1,292843E-1;1,281573E-1;9,407079E-1;;
30/11/2021  10:22:51,416722;9,406310E-1;1,190898E-1;1,212068E-1;9,407460E-1;;
30/11/2021  10:22:51,416822;9,413582E-1;1,146297E-1;1,110970E-1;9,407820E-1;;
30/11/2021  10:22:51,416922;9,407890E-1;1,108067E-1;1,161519E-1;9,408160E-1;;
30/11/2021  10:22:51,417022;9,408456E-1;1,053908E-1;1,123607E-1;9,408481E-1;;
30/11/2021  10:22:51,417122;9,406072E-1;9,774492E-2;1,047783E-1;9,408781E-1;;
30/11/2021  10:22:51,417222;9,395790E-1;1,069837E-1;1,123607E-1;9,409062E-1;;
30/11/2021  10:22:51,417322;9,398084E-1;1,136739E-1;1,085695E-1;9,409320E-1;;
30/11/2021  10:22:51,417422;9,393733E-1;1,937424E-2;3,085026E-2;9,409555E-1;;
30/11/2021  10:22:51,417522;9,397369E-1;6,270112E-2;6,023194E-2;9,409764E-1;;
30/11/2021  10:22:51,417622;9,394687E-1;-1,598814E-2;-5,192393E-2;9,409946E-1;;
30/11/2021  10:22:51,417722;9,387624E-1;7,289568E-2;9,656411E-2;9,410098E-1;;
30/11/2021  10:22:51,417822;9,386938E-1;9,487770E-2;1,249980E-1;9,410219E-1;;
30/11/2021  10:22:51,417922;9,381067E-1;1,085766E-1;1,202590E-1;9,410307E-1;;
30/11/2021  10:22:51,418022;9,384763E-1;8,563888E-2;1,360556E-1;9,410358E-1;;
30/11/2021  10:22:51,418122;9,383392E-1;1,241871E-1;1,316326E-1;9,410370E-1;;
30/11/2021  10:22:51,418222;9,377669E-1;1,340630E-1;1,370034E-1;9,410342E-1;;
30/11/2021  10:22:51,418322;9,379130E-1;1,490363E-1;1,452176E-1;9,410271E-1;;
30/11/2021  10:22:51,418422;9,372782E-1;1,624167E-1;1,458495E-1;9,410156E-1;;
30/11/2021  10:22:51,418522;9,364914E-1;1,735670E-1;1,562753E-1;9,409994E-1;;
30/11/2021  10:22:51,418622;9,362500E-1;1,592309E-1;1,499566E-1;9,409783E-1;;
30/11/2021  10:22:51,418722;9,359937E-1;1,417090E-1;1,417424E-1;9,409519E-1;;
30/11/2021  10:22:51,418822;9,361695E-1;1,327887E-1;1,136244E-1;9,409199E-1;;
30/11/2021  10:22:51,418922;9,360115E-1;1,203641E-1;1,167838E-1;9,408822E-1;;
30/11/2021  10:22:51,419022;9,354781E-1;1,337445E-1;1,464814E-1;9,408385E-1;;
30/11/2021  10:22:51,419122;9,348641E-1;8,340882E-2;8,771802E-2;9,407887E-1;;
30/11/2021  10:22:51,419222;9,339104E-1;1,375674E-1;1,486929E-1;9,407324E-1;;
30/11/2021  10:22:51,419322;9,334485E-1;1,092138E-1;1,351078E-1;9,406695E-1;;
30/11/2021  10:22:51,419422;9,334574E-1;1,114439E-1;1,060421E-1;9,405995E-1;;
30/11/2021  10:22:51,419522;9,335617E-1;1,289658E-1;1,300529E-1;9,405222E-1;;
30/11/2021  10:22:51,419622;9,323458E-1;9,009900E-2;1,085695E-1;9,404373E-1;;
30/11/2021  10:22:51,419722;9,321759E-1;1,241871E-1;1,287892E-1;9,403445E-1;;
30/11/2021  10:22:51,419822;9,318659E-1;1,216384E-1;1,212068E-1;9,402437E-1;;
30/11/2021  10:22:51,419922;9,313980E-1;1,347002E-1;1,483770E-1;9,401346E-1;;
30/11/2021  10:22:51,420022;9,317914E-1;1,111253E-1;9,498445E-2;9,400170E-1;;
30/11/2021  10:22:51,420122;9,312967E-1;1,184526E-1;1,145722E-1;9,398907E-1;;
30/11/2021  10:22:51,420222;9,312013E-1;1,350188E-1;1,370034E-1;9,397559E-1;;
30/11/2021  10:22:51,420322;9,312967E-1;1,350188E-1;1,031987E-1;9,396124E-1;;
30/11/2021  10:22:51,420422;9,312013E-1;1,235499E-1;1,550115E-1;9,394605E-1;;
30/11/2021  10:22:51,420522;9,308884E-1;1,605052E-1;2,005057E-1;9,393003E-1;;
30/11/2021  10:22:51,420622;9,307603E-1;1,372488E-1;1,521681E-1;9,391320E-1;;
30/11/2021  10:22:51,420722;9,312848E-1;1,213198E-1;1,085695E-1;9,389559E-1;;
30/11/2021  10:22:51,420822;9,316543E-1;1,168597E-1;1,512204E-1;9,387724E-1;;
30/11/2021  10:22:51,420922;9,320537E-1;1,225942E-1;1,177316E-1;9,385820E-1;;
30/11/2021  10:22:51,421022;9,316722E-1;1,318330E-1;1,588027E-1;9,383853E-1;;
30/11/2021  10:22:51,421122;9,319643E-1;1,490363E-1;1,780746E-1;9,381829E-1;;
30/11/2021  10:22:51,421222;9,314845E-1;1,165411E-1;1,452176E-1;9,379755E-1;;
30/11/2021  10:22:51,421322;9,317616E-1;1,311958E-1;1,310007E-1;9,377638E-1;;
30/11/2021  10:22:51,421422;9,326051E-1;1,248242E-1;1,278414E-1;9,375485E-1;;
30/11/2021  10:22:51,421522;9,324352E-1;1,315144E-1;1,249980E-1;9,373302E-1;;
30/11/2021  10:22:51,421622;9,328196E-1;1,315144E-1;1,360556E-1;9,371097E-1;;
30/11/2021  10:22:51,421722;9,333472E-1;9,424054E-2;1,050943E-1;9,368880E-1;;
30/11/2021  10:22:51,421822;9,330819E-1;1,455319E-1;1,496407E-1;9,366659E-1;;
30/11/2021  10:22:51,421922;9,334217E-1;1,187712E-1;1,796542E-1;9,364442E-1;;
30/11/2021  10:22:51,422022;9,339969E-1;1,468062E-1;1,009872E-1;9,362238E-1;;
30/11/2021  10:22:51,422122;9,337972E-1;1,025236E-1;1,313166E-1;9,360055E-1;;
30/11/2021  10:22:51,422222;9,346257E-1;1,254614E-1;1,351078E-1;9,357902E-1;;
30/11/2021  10:22:51,422322;9,342919E-1;1,318330E-1;1,332122E-1;9,355788E-1;;
30/11/2021  10:22:51,422422;9,339313E-1;1,104881E-1;1,063580E-1;9,353720E-1;;
30/11/2021  10:22:51,422522;9,332160E-1;1,633724E-1;1,689125E-1;9,351705E-1;;
30/11/2021  10:22:51,422622;9,332220E-1;1,445762E-1;1,344760E-1;9,349748E-1;;
30/11/2021  10:22:51,422722;9,334515E-1;1,200455E-1;1,294210E-1;9,347852E-1;;
30/11/2021  10:22:51,422822;9,337167E-1;1,286472E-1;1,268936E-1;9,346021E-1;;
30/11/2021  10:22:51,422922;9,339730E-1;1,331073E-1;1,313166E-1;9,344258E-1;;
30/11/2021  10:22:51,423022;9,339134E-1;1,334259E-1;1,240502E-1;9,342566E-1;;
30/11/2021  10:22:51,423122;9,338836E-1;6,907272E-2;4,633093E-2;9,340950E-1;;
30/11/2021  10:22:51,423222;9,332399E-1;1,264171E-1;1,063580E-1;9,339410E-1;;
30/11/2021  10:22:51,423322;9,335260E-1;8,691320E-2;9,877564E-2;9,337948E-1;;
30/11/2021  10:22:51,423422;9,343545E-1;1,219570E-1;1,186794E-1;9,336566E-1;;
30/11/2021  10:22:51,423522;9,344022E-1;7,640006E-2;1,063580E-1;9,335264E-1;;
30/11/2021  10:22:51,423622;9,350102E-1;4,231200E-2;7,034176E-2;9,334044E-1;;
30/11/2021  10:22:51,423722;9,351383E-1;1,047537E-1;9,782784E-2;9,332910E-1;;
30/11/2021  10:22:51,423822;9,349476E-1;4,103768E-2;8,834988E-2;9,331862E-1;;
30/11/2021  10:22:51,423922;9,358953E-1;3,976336E-2;7,539667E-2;9,330903E-1;;
30/11/2021  10:22:51,424022;9,358208E-1;1,343816E-1;1,332122E-1;9,330035E-1;;
30/11/2021  10:22:51,424122;9,373288E-1;1,512664E-1;1,616461E-1;9,329260E-1;;
30/11/2021  10:22:51,424222;9,377073E-1;1,200455E-1;1,227865E-1;9,328581E-1;;
30/11/2021  10:22:51,424322;9,386998E-1;1,315144E-1;1,382671E-1;9,328004E-1;;
30/11/2021  10:22:51,424422;9,389293E-1;1,327887E-1;1,265777E-1;9,327532E-1;;
30/11/2021  10:22:51,424522;9,396803E-1;1,292843E-1;1,152041E-1;9,327171E-1;;
30/11/2021  10:22:51,424622;9,398621E-1;1,433019E-1;1,471132E-1;9,326925E-1;;
30/11/2021  10:22:51,424722;9,403926E-1;1,417090E-1;1,360556E-1;9,326800E-1;;
30/11/2021  10:22:51,424822;9,413403E-1;1,327887E-1;1,186794E-1;9,326799E-1;;
30/11/2021  10:22:51,424922;9,421897E-1;1,292843E-1;1,310007E-1;9,326927E-1;;
30/11/2021  10:22:51,425022;9,431345E-1;1,206827E-1;1,054102E-1;9,327190E-1;;
30/11/2021  10:22:51,425122;9,430898E-1;1,123996E-1;9,498445E-2;9,327591E-1;;
30/11/2021  10:22:51,425222;9,431941E-1;9,901924E-2;1,287892E-1;9,328136E-1;;
30/11/2021  10:22:51,425322;9,433014E-1;1,111253E-1;1,202590E-1;9,328828E-1;;
30/11/2021  10:22:51,425422;9,443683E-1;1,114439E-1;1,205749E-1;9,329668E-1;;
30/11/2021  10:22:51,425522;9,445352E-1;1,178155E-1;1,249980E-1;9,330660E-1;;
30/11/2021  10:22:51,425622;9,452862E-1;1,088952E-1;1,031987E-1;9,331803E-1;;
30/11/2021  10:22:51,425722;9,457780E-1;1,547707E-1;1,840773E-1;9,333099E-1;;
30/11/2021  10:22:51,425822;9,452386E-1;1,012493E-1;1,088855E-1;9,334549E-1;;
30/11/2021  10:22:51,425922;9,457035E-1;9,487770E-2;1,073058E-1;9,336153E-1;;
30/11/2021  10:22:51,426022;9,462936E-1;1,041165E-1;1,110970E-1;9,337907E-1;;
30/11/2021  10:22:51,426122;9,463770E-1;1,076209E-1;1,170997E-1;9,339810E-1;;
30/11/2021  10:22:51,426222;9,473993E-1;1,210013E-1;1,294210E-1;9,341860E-1;;
30/11/2021  10:22:51,426322;9,479715E-1;1,417090E-1;1,439539E-1;9,344053E-1;;
30/11/2021  10:22:51,426422;9,479953E-1;1,573194E-1;1,401627E-1;9,346389E-1;;
30/11/2021  10:22:51,426522;9,479447E-1;1,356559E-1;8,992954E-2;9,348862E-1;;
30/11/2021  10:22:51,426622;9,481980E-1;1,761156E-1;1,667010E-1;9,351471E-1;;
30/11/2021  10:22:51,426722;9,485705E-1;1,783457E-1;1,594346E-1;9,354210E-1;;
30/11/2021  10:22:51,426822;9,492381E-1;1,512664E-1;1,654373E-1;9,357073E-1;;
30/11/2021  10:22:51,426922;9,492500E-1;1,388417E-1;1,360556E-1;9,360057E-1;;
30/11/2021  10:22:51,427022;9,498819E-1;1,366117E-1;1,502726E-1;9,363156E-1;;
30/11/2021  10:22:51,427122;9,491845E-1;1,378860E-1;1,303688E-1;9,366364E-1;;
30/11/2021  10:22:51,427222;9,496554E-1;1,254614E-1;1,246821E-1;9,369676E-1;;
30/11/2021  10:22:51,427322;9,493126E-1;1,305587E-1;1,319485E-1;9,373083E-1;;
30/11/2021  10:22:51,427422;9,495570E-1;1,372488E-1;1,347919E-1;9,376578E-1;;
30/11/2021  10:22:51,427522;9,499892E-1;1,245056E-1;1,259458E-1;9,380153E-1;;
30/11/2021  10:22:51,427622;9,500637E-1;1,254614E-1;1,373193E-1;9,383800E-1;;
30/11/2021  10:22:51,427722;9,500428E-1;1,273729E-1;1,259458E-1;9,387510E-1;;
30/11/2021  10:22:51,427822;9,493663E-1;1,267357E-1;1,246821E-1;9,391275E-1;;
30/11/2021  10:22:51,427922;9,491100E-1;8,691320E-2;8,392683E-2;9,395086E-1;;
30/11/2021  10:22:51,428022;9,486629E-1;1,241871E-1;1,455336E-1;9,398932E-1;;
30/11/2021  10:22:51,428122;9,489550E-1;1,257800E-1;1,136244E-1;9,402802E-1;;
30/11/2021  10:22:51,428222;9,490474E-1;1,248242E-1;2,150386E-1;9,406685E-1;;
30/11/2021  10:22:51,428322;9,490921E-1;4,932076E-2;6,655058E-2;9,410571E-1;;
30/11/2021  10:22:51,428422;9,491368E-1;1,276914E-1;1,673329E-1;9,414449E-1;;
30/11/2021  10:22:51,428522;9,488090E-1;1,694254E-1;1,635417E-1;9,418310E-1;;
30/11/2021  10:22:51,428622;9,488537E-1;1,369303E-1;1,351078E-1;9,422144E-1;;
30/11/2021  10:22:51,428722;9,489908E-1;1,286472E-1;1,253139E-1;9,425943E-1;;
30/11/2021  10:22:51,428822;9,492947E-1;1,241871E-1;1,202590E-1;9,429696E-1;;
30/11/2021  10:22:51,428922;9,500279E-1;1,350188E-1;1,107811E-1;9,433398E-1;;
30/11/2021  10:22:51,429022;9,502663E-1;1,372488E-1;1,328963E-1;9,437041E-1;;
30/11/2021  10:22:51,429122;9,504630E-1;1,340630E-1;1,313166E-1;9,440621E-1;;
30/11/2021  10:22:51,429222;9,503080E-1;1,283286E-1;1,215227E-1;9,444133E-1;;
30/11/2021  10:22:51,429322;9,502067E-1;4,008194E-2;3,938042E-2;9,447574E-1;;
30/11/2021  10:22:51,429422;9,507104E-1;1,219570E-1;9,277293E-2;9,450941E-1;;
30/11/2021  10:22:51,429522;9,513064E-1;1,015679E-1;9,340479E-2;9,454230E-1;;
30/11/2021  10:22:51,429622;9,515657E-1;1,289658E-1;1,221546E-1;9,457438E-1;;
30/11/2021  10:22:51,429722;9,515687E-1;1,216384E-1;1,189953E-1;9,460567E-1;;
30/11/2021  10:22:51,429822;9,515538E-1;1,190898E-1;1,183634E-1;9,463613E-1;;
30/11/2021  10:22:51,429922;9,509905E-1;1,264171E-1;1,259458E-1;9,466578E-1;;
30/11/2021  10:22:51,430022;9,501411E-1;1,321516E-1;1,310007E-1;9,469460E-1;;
30/11/2021  10:22:51,430122;9,505345E-1;1,222756E-1;1,256299E-1;9,472256E-1;;
30/11/2021  10:22:51,430222;9,502544E-1;1,222756E-1;1,357397E-1;9,474963E-1;;
30/11/2021  10:22:51,430322;9,506657E-1;1,268406E-2;9,245700E-2;9,477578E-1;;
30/11/2021  10:22:51,430422;9,501918E-1;1,697440E-1;1,885003E-1;9,480101E-1;;
30/11/2021  10:22:51,430522;9,492769E-1;1,276914E-1;1,259458E-1;9,482528E-1;;
30/11/2021  10:22:51,430622;9,484275E-1;1,299215E-1;1,259458E-1;9,484856E-1;;
30/11/2021  10:22:51,430722;9,479327E-1;1,203641E-1;1,063580E-1;9,487082E-1;;
30/11/2021  10:22:51,430822;9,480907E-1;1,296029E-1;1,281573E-1;9,489199E-1;;
30/11/2021  10:22:51,430922;9,475066E-1;1,311958E-1;1,253139E-1;9,491204E-1;;
30/11/2021  10:22:51,431022;9,471459E-1;1,267357E-1;1,208909E-1;9,493091E-1;;
30/11/2021  10:22:51,431122;9,467227E-1;1,095324E-1;1,370034E-1;9,494856E-1;;
30/11/2021  10:22:51,431222;9,462250E-1;1,302401E-1;1,313166E-1;9,496495E-1;;
30/11/2021  10:22:51,431322;9,449137E-1;-5,071336E-2;4,190788E-2;9,498003E-1;;
30/11/2021  10:22:51,431422;9,446663E-1;1,251428E-1;1,287892E-1;9,499374E-1;;
30/11/2021  10:22:51,431522;9,445471E-1;1,468062E-1;1,505885E-1;9,500604E-1;;
30/11/2021  10:22:51,431622;9,443325E-1;1,331073E-1;1,313166E-1;9,501687E-1;;
30/11/2021  10:22:51,431722;9,436203E-1;1,174969E-1;1,347919E-1;9,502618E-1;;
30/11/2021  10:22:51,431822;9,428990E-1;1,168597E-1;1,177316E-1;9,503395E-1;;
30/11/2021  10:22:51,431922;9,419155E-1;1,308772E-1;1,265777E-1;9,504013E-1;;
30/11/2021  10:22:51,432022;9,411466E-1;1,506292E-1;1,518522E-1;9,504468E-1;;
30/11/2021  10:22:51,432122;9,402823E-1;1,152668E-1;9,561632E-2;9,504755E-1;;
30/11/2021  10:22:51,432222;9,402853E-1;1,273729E-1;1,180475E-1;9,504870E-1;;
30/11/2021  10:22:51,432322;9,396565E-1;1,260985E-1;1,338441E-1;9,504807E-1;;
30/11/2021  10:22:51,432422;9,393048E-1;1,359745E-1;1,259458E-1;9,504564E-1;;
30/11/2021  10:22:51,432522;9,383272E-1;1,512664E-1;1,458495E-1;9,504139E-1;;
30/11/2021  10:22:51,432622;9,376895E-1;1,799386E-1;1,452176E-1;9,503528E-1;;
30/11/2021  10:22:51,432722;9,367894E-1;1,225942E-1;1,265777E-1;9,502729E-1;;
30/11/2021  10:22:51,432822;9,363483E-1;1,337445E-1;1,300529E-1;9,501741E-1;;
30/11/2021  10:22:51,432922;9,368430E-1;1,636910E-1;2,071403E-1;9,500561E-1;;
30/11/2021  10:22:51,433022;9,365599E-1;1,251428E-1;1,221546E-1;9,499189E-1;;
30/11/2021  10:22:51,433122;9,355198E-1;1,296029E-1;1,464814E-1;9,497627E-1;;
30/11/2021  10:22:51,433222;9,356360E-1;1,308772E-1;1,284732E-1;9,495876E-1;;
30/11/2021  10:22:51,433322;9,351860E-1;1,053908E-1;1,161519E-1;9,493940E-1;;
30/11/2021  10:22:51,433422;9,352098E-1;1,088952E-1;1,152041E-1;9,491821E-1;;
30/11/2021  10:22:51,433522;9,350012E-1;1,060280E-1;1,183634E-1;9,489525E-1;;
30/11/2021  10:22:51,433622;9,353469E-1;9,997498E-2;1,016190E-1;9,487056E-1;;
30/11/2021  10:22:51,433722;9,351294E-1;1,053908E-1;1,145722E-1;9,484421E-1;;
30/11/2021  10:22:51,433822;9,350966E-1;8,627604E-2;6,749837E-2;9,481630E-1;;
30/11/2021  10:22:51,433922;9,349357E-1;1,236548E-2;1,631739E-2;9,478689E-1;;
30/11/2021  10:22:51,434022;9,351115E-1;6,365686E-2;8,740209E-2;9,475608E-1;;
30/11/2021  10:22:51,434122;9,354185E-1;9,519628E-2;1,092014E-1;9,472397E-1;;
30/11/2021  10:22:51,434222;9,362619E-1;1,022050E-1;1,123607E-1;9,469068E-1;;
30/11/2021  10:22:51,434322;9,368580E-1;1,006121E-1;1,155200E-1;9,465632E-1;;
30/11/2021  10:22:51,434422;9,369384E-1;1,178155E-1;1,319485E-1;9,462104E-1;;
30/11/2021  10:22:51,434522;9,370994E-1;1,401161E-1;1,505885E-1;9,458499E-1;;
30/11/2021  10:22:51,434622;9,370070E-1;2,599021E-1;1,913437E-1;9,454832E-1;;
30/11/2021  10:22:51,434722;9,375166E-1;1,754784E-1;1,537478E-1;9,451116E-1;;
30/11/2021  10:22:51,434822;9,381723E-1;1,579565E-1;1,499566E-1;9,447367E-1;;
30/11/2021  10:22:51,434922;9,390485E-1;1,547707E-1;1,537478E-1;9,443601E-1;;
30/11/2021  10:22:51,435022;9,389442E-1;1,359745E-1;1,373193E-1;9,439832E-1;;
30/11/2021  10:22:51,435122;9,393614E-1;1,296029E-1;1,287892E-1;9,436078E-1;;
30/11/2021  10:22:51,435222;9,400707E-1;1,069837E-1;1,088855E-1;9,432353E-1;;
30/11/2021  10:22:51,435322;9,390604E-1;7,289568E-2;8,203124E-2;9,428674E-1;;
30/11/2021  10:22:51,435422;9,395343E-1;1,292843E-1;1,496407E-1;9,425052E-1;;
30/11/2021  10:22:51,435522;9,408128E-1;1,248242E-1;1,208909E-1;9,421502E-1;;
30/11/2021  10:22:51,435622;9,410542E-1;1,111253E-1;1,212068E-1;9,418037E-1;;
30/11/2021  10:22:51,435722;9,415251E-1;1,172832E-2;6,402312E-2;9,414668E-1;;
30/11/2021  10:22:51,435822;9,409678E-1;9,997498E-2;1,123607E-1;9,411409E-1;;
30/11/2021  10:22:51,435922;9,410065E-1;1,401161E-1;1,695444E-1;9,408271E-1;;
30/11/2021  10:22:51,436022;9,410840E-1;1,047537E-1;1,379512E-1;9,405263E-1;;
30/11/2021  10:22:51,436122;9,415281E-1;1,257800E-1;1,259458E-1;9,402393E-1;;
30/11/2021  10:22:51,436222;9,413135E-1;1,308772E-1;1,328963E-1;9,399667E-1;;
30/11/2021  10:22:51,436322;9,420884E-1;3,084312E-2;8,076751E-2;9,397093E-1;;
30/11/2021  10:22:51,436422;9,417576E-1;1,229127E-1;1,287892E-1;9,394676E-1;;
30/11/2021  10:22:51,436522;9,406787E-1;1,168597E-1;1,189953E-1;9,392419E-1;;
30/11/2021  10:22:51,436622;9,406698E-1;1,203641E-1;1,174156E-1;9,390326E-1;;
30/11/2021  10:22:51,436722;9,399873E-1;1,439390E-1;1,373193E-1;9,388396E-1;;
30/11/2021  10:22:51,436822;9,409290E-1;1,292843E-1;1,398468E-1;9,386628E-1;;
30/11/2021  10:22:51,436922;9,408009E-1;1,324701E-1;1,158360E-1;9,385020E-1;;
30/11/2021  10:22:51,437022;9,407621E-1;8,086018E-2;1,006712E-1;9,383570E-1;;
30/11/2021  10:22:51,437122;9,407711E-1;1,079395E-1;9,372073E-2;9,382275E-1;;
30/11/2021  10:22:51,437222;9,397518E-1;8,755036E-2;6,781430E-2;9,381133E-1;;
30/11/2021  10:22:51,437322;9,399902E-1;1,334259E-1;1,862888E-1;9,380138E-1;;
30/11/2021  10:22:51,437422;9,394180E-1;1,229127E-1;1,227865E-1;9,379286E-1;;
30/11/2021  10:22:51,437522;9,392005E-1;7,671864E-2;1,183634E-1;9,378569E-1;;
30/11/2021  10:22:51,437622;9,396833E-1;9,965640E-2;1,183634E-1;9,377980E-1;;
30/11/2021  10:22:51,437722;9,399396E-1;1,251428E-1;1,177316E-1;9,377513E-1;;
30/11/2021  10:22:51,437822;9,391349E-1;1,308772E-1;1,537478E-1;9,377161E-1;;
30/11/2021  10:22:51,437922;9,387951E-1;1,232313E-1;1,196272E-1;9,376917E-1;;
30/11/2021  10:22:51,438022;9,387206E-1;1,222756E-1;1,170997E-1;9,376773E-1;;
30/11/2021  10:22:51,438122;9,386998E-1;9,201048E-2;9,845971E-2;9,376721E-1;;
30/11/2021  10:22:51,438222;9,390306E-1;1,235499E-1;1,284732E-1;9,376754E-1;;
30/11/2021  10:22:51,438322;9,396773E-1;1,267357E-1;1,253139E-1;9,376863E-1;;
30/11/2021  10:22:51,438422;9,394776E-1;1,181340E-1;1,158360E-1;9,377043E-1;;
30/11/2021  10:22:51,438522;9,388875E-1;1,385232E-1;1,287892E-1;9,377289E-1;;
30/11/2021  10:22:51,438622;9,390038E-1;1,012493E-1;1,164678E-1;9,377593E-1;;
30/11/2021  10:22:51,438722;9,384375E-1;1,254614E-1;1,291051E-1;9,377950E-1;;
30/11/2021  10:22:51,438822;9,384792E-1;1,174969E-1;1,142563E-1;9,378353E-1;;
30/11/2021  10:22:51,438922;9,394180E-1;9,455912E-2;1,101492E-1;9,378796E-1;;
30/11/2021  10:22:51,439022;9,398770E-1;7,417000E-2;1,079377E-1;9,379273E-1;;
30/11/2021  10:22:51,439122;9,394419E-1;1,289658E-1;1,474292E-1;9,379780E-1;;
30/11/2021  10:22:51,439222;9,395402E-1;1,439390E-1;1,436380E-1;9,380314E-1;;
30/11/2021  10:22:51,439322;9,402138E-1;1,248242E-1;1,196272E-1;9,380871E-1;;
30/11/2021  10:22:51,439422;9,407681E-1;1,292843E-1;1,278414E-1;9,381449E-1;;
30/11/2021  10:22:51,439522;9,413820E-1;1,292843E-1;1,294210E-1;9,382047E-1;;
30/11/2021  10:22:51,439622;9,418172E-1;1,267357E-1;1,265777E-1;9,382665E-1;;
30/11/2021  10:22:51,439722;9,425116E-1;1,238685E-1;1,442698E-1;9,383303E-1;;
30/11/2021  10:22:51,439822;9,427321E-1;1,245056E-1;1,196272E-1;9,383964E-1;;
30/11/2021  10:22:51,439922;9,431166E-1;1,299215E-1;1,193112E-1;9,384650E-1;;
30/11/2021  10:22:51,440022;9,432060E-1;1,337445E-1;1,310007E-1;9,385362E-1;;
30/11/2021  10:22:51,440122;9,434474E-1;1,162226E-1;1,183634E-1;9,386105E-1;;
30/11/2021  10:22:51,440222;9,439660E-1;9,933782E-2;8,519056E-2;9,386878E-1;;
30/11/2021  10:22:51,440322;9,451402E-1;1,108067E-1;1,439539E-1;9,387686E-1;;
30/11/2021  10:22:51,440422;9,453309E-1;1,652839E-1;2,238847E-1;9,388532E-1;;
30/11/2021  10:22:51,440522;9,451074E-1;1,210013E-1;1,325804E-1;9,389419E-1;;
30/11/2021  10:22:51,440622;9,449644E-1;1,347002E-1;1,357397E-1;9,390352E-1;;
30/11/2021  10:22:51,440722;9,450270E-1;1,350188E-1;1,196272E-1;9,391330E-1;;
30/11/2021  10:22:51,440822;9,450895E-1;1,436204E-1;1,414265E-1;9,392357E-1;;
30/11/2021  10:22:51,440922;9,457422E-1;1,276914E-1;1,268936E-1;9,393432E-1;;
30/11/2021  10:22:51,441022;9,465171E-1;1,197269E-1;1,120448E-1;9,394556E-1;;
30/11/2021  10:22:51,441122;9,466542E-1;1,194084E-1;1,278414E-1;9,395730E-1;;
30/11/2021  10:22:51,441222;9,456737E-1;1,232313E-1;1,287892E-1;9,396957E-1;;
30/11/2021  10:22:51,441322;9,457899E-1;1,120810E-1;1,110970E-1;9,398235E-1;;
30/11/2021  10:22:51,441422;9,453637E-1;1,088952E-1;1,249980E-1;9,399564E-1;;
30/11/2021  10:22:51,441522;9,454323E-1;1,334259E-1;1,644895E-1;9,400940E-1;;
30/11/2021  10:22:51,441622;9,453965E-1;1,025236E-1;1,098333E-1;9,402361E-1;;
30/11/2021  10:22:51,441722;9,451700E-1;1,101695E-1;1,152041E-1;9,403823E-1;;
30/11/2021  10:22:51,441822;9,452892E-1;7,353284E-2;4,127601E-2;9,405322E-1;;
30/11/2021  10:22:51,441922;9,446514E-1;1,327887E-1;1,799702E-1;9,406853E-1;;
30/11/2021  10:22:51,442022;9,437842E-1;1,018865E-1;1,164678E-1;9,408412E-1;;
30/11/2021  10:22:51,442122;9,435815E-1;1,101695E-1;1,224705E-1;9,409991E-1;;
30/11/2021  10:22:51,442222;9,430033E-1;1,050723E-1;1,126766E-1;9,411582E-1;;
30/11/2021  10:22:51,442322;9,431285E-1;1,194084E-1;1,291051E-1;9,413179E-1;;
30/11/2021  10:22:51,442422;9,426099E-1;1,146297E-1;1,543797E-1;9,414772E-1;;
30/11/2021  10:22:51,442522;9,421450E-1;1,812129E-1;1,853410E-1;9,416354E-1;;
30/11/2021  10:22:51,442622;9,414476E-1;1,397975E-1;1,224705E-1;9,417916E-1;;
30/11/2021  10:22:51,442722;9,403240E-1;1,589123E-1;1,303688E-1;9,419448E-1;;
30/11/2021  10:22:51,442822;9,400469E-1;1,311958E-1;1,186794E-1;9,420942E-1;;
30/11/2021  10:22:51,442922;9,400171E-1;1,630538E-1;1,562753E-1;9,422385E-1;;
30/11/2021  10:22:51,443022;9,400290E-1;1,318330E-1;1,407946E-1;9,423769E-1;;
30/11/2021  10:22:51,443122;9,396624E-1;1,219570E-1;9,814378E-2;9,425085E-1;;
30/11/2021  10:22:51,443222;9,393048E-1;1,308772E-1;1,382671E-1;9,426325E-1;;
30/11/2021  10:22:51,443322;9,388786E-1;1,331073E-1;1,392149E-1;9,427482E-1;;
30/11/2021  10:22:51,443422;9,381723E-1;1,372488E-1;1,366875E-1;9,428548E-1;;
30/11/2021  10:22:51,443522;9,382199E-1;1,289658E-1;1,328963E-1;9,429516E-1;;
30/11/2021  10:22:51,443622;9,381872E-1;1,251428E-1;1,291051E-1;9,430380E-1;;
30/11/2021  10:22:51,443722;9,382945E-1;1,528593E-1;1,524841E-1;9,431135E-1;;
30/11/2021  10:22:51,443822;9,375017E-1;1,041165E-1;1,139404E-1;9,431776E-1;;
30/11/2021  10:22:51,443922;9,370994E-1;1,206827E-1;1,243661E-1;9,432300E-1;;
30/11/2021  10:22:51,444022;9,364258E-1;1,219570E-1;1,256299E-1;9,432703E-1;;
30/11/2021  10:22:51,444122;9,362053E-1;1,519035E-1;1,546956E-1;9,432981E-1;;
30/11/2021  10:22:51,444222;9,363036E-1;1,273729E-1;1,373193E-1;9,433131E-1;;
30/11/2021  10:22:51,444322;9,357433E-1;1,302401E-1;1,303688E-1;9,433150E-1;;
30/11/2021  10:22:51,444422;9,357642E-1;1,305587E-1;1,404787E-1;9,433036E-1;;
30/11/2021  10:22:51,444522;9,354423E-1;1,159040E-1;1,022509E-1;9,432790E-1;;
30/11/2021  10:22:51,444622;9,345303E-1;1,216384E-1;1,347919E-1;9,432409E-1;;
30/11/2021  10:22:51,444722;9,342919E-1;-1,598814E-2;8,961361E-2;9,431893E-1;;
30/11/2021  10:22:51,444822;9,337763E-1;1,283286E-1;1,281573E-1;9,431243E-1;;
30/11/2021  10:22:51,444922;9,337495E-1;1,264171E-1;1,284732E-1;9,430456E-1;;
30/11/2021  10:22:51,445022;9,344081E-1;-1,917394E-2;8,013565E-2;9,429534E-1;;
30/11/2021  10:22:51,445122;9,340267E-1;1,130368E-1;8,740209E-2;9,428479E-1;;
30/11/2021  10:22:51,445222;9,330909E-1;1,369303E-1;1,657532E-1;9,427293E-1;;
30/11/2021  10:22:51,445322;9,325425E-1;1,331073E-1;1,287892E-1;9,425979E-1;;
30/11/2021  10:22:51,445422;9,327511E-1;1,468062E-1;1,344760E-1;9,424540E-1;;
30/11/2021  10:22:51,445522;9,323309E-1;1,292843E-1;1,227865E-1;9,422978E-1;;
30/11/2021  10:22:51,445622;9,326021E-1;1,334259E-1;1,310007E-1;9,421295E-1;;
30/11/2021  10:22:51,445722;9,331534E-1;1,174969E-1;9,845971E-2;9,419497E-1;;
30/11/2021  10:22:51,445822;9,329687E-1;1,372488E-1;1,291051E-1;9,417589E-1;;
30/11/2021  10:22:51,445922;9,329389E-1;1,318330E-1;1,338441E-1;9,415577E-1;;
30/11/2021  10:22:51,446022;9,319852E-1;9,105474E-2;8,961361E-2;9,413469E-1;;
30/11/2021  10:22:51,446122;9,316335E-1;1,570008E-1;2,308352E-1;9,411269E-1;;
30/11/2021  10:22:51,446222;9,316454E-1;1,241871E-1;1,259458E-1;9,408983E-1;;
30/11/2021  10:22:51,446322;9,317229E-1;1,216384E-1;1,243661E-1;9,406617E-1;;
30/11/2021  10:22:51,446422;9,317706E-1;1,238685E-1;1,148882E-1;9,404177E-1;;
30/11/2021  10:22:51,446522;9,310970E-1;8,117876E-2;9,277293E-2;9,401669E-1;;
30/11/2021  10:22:51,446622;9,302208E-1;1,359745E-1;1,464814E-1;9,399098E-1;;
30/11/2021  10:22:51,446722;9,297708E-1;1,468062E-1;1,338441E-1;9,396469E-1;;
30/11/2021  10:22:51,446822;9,294996E-1;1,359745E-1;1,388990E-1;9,393786E-1;;
30/11/2021  10:22:51,446922;9,296963E-1;1,254614E-1;1,335282E-1;9,391052E-1;;
30/11/2021  10:22:51,447022;9,298721E-1;1,299215E-1;1,310007E-1;9,388271E-1;;
30/11/2021  10:22:51,447122;9,297857E-1;1,362931E-1;1,316326E-1;9,385449E-1;;
30/11/2021  10:22:51,447222;9,291598E-1;1,305587E-1;1,243661E-1;9,382589E-1;;
30/11/2021  10:22:51,447322;9,282717E-1;4,836502E-2;2,295196E-2;9,379697E-1;;
30/11/2021  10:22:51,447422;9,279230E-1;1,136739E-1;1,019350E-1;9,376775E-1;;
30/11/2021  10:22:51,447522;9,282568E-1;1,468062E-1;1,496407E-1;9,373828E-1;;
30/11/2021  10:22:51,447622;9,285012E-1;1,410718E-1;1,297370E-1;9,370857E-1;;
30/11/2021  10:22:51,447722;9,285906E-1;9,455912E-2;1,189953E-1;9,367867E-1;;
30/11/2021  10:22:51,447822;9,292463E-1;1,961861E-1;1,723878E-1;9,364863E-1;;
30/11/2021  10:22:51,447922;9,294012E-1;6,939130E-2;8,139938E-2;9,361851E-1;;
30/11/2021  10:22:51,448022;9,291509E-1;1,471248E-1;1,742834E-1;9,358838E-1;;
30/11/2021  10:22:51,448122;9,289572E-1;1,738855E-1;1,723878E-1;9,355829E-1;;
30/11/2021  10:22:51,448222;9,293148E-1;1,353374E-1;1,319485E-1;9,352833E-1;;
30/11/2021  10:22:51,448322;9,301940E-1;1,436204E-1;1,335282E-1;9,349854E-1;;
30/11/2021  10:22:51,448422;9,302536E-1;1,340630E-1;1,240502E-1;9,346901E-1;;
30/11/2021  10:22:51,448522;9,300539E-1;1,264171E-1;1,351078E-1;9,343980E-1;;
30/11/2021  10:22:51,448622;9,295622E-1;1,347002E-1;1,256299E-1;9,341101E-1;;
30/11/2021  10:22:51,448722;9,297231E-1;1,280100E-1;1,170997E-1;9,338268E-1;;
30/11/2021  10:22:51,448822;9,291926E-1;7,066562E-2;7,666040E-2;9,335488E-1;;
30/11/2021  10:22:51,448922;9,291718E-1;6,747982E-2;1,063580E-1;9,332764E-1;;
30/11/2021  10:22:51,449022;9,300778E-1;1,382046E-1;1,155200E-1;9,330102E-1;;
30/11/2021  10:22:51,449122;9,304026E-1;1,493549E-1;1,445858E-1;9,327504E-1;;
30/11/2021  10:22:51,449222;9,299913E-1;1,037979E-1;9,024547E-2;9,324977E-1;;
30/11/2021  10:22:51,449322;9,296188E-1;6,747982E-2;5,580889E-2;9,322525E-1;;
30/11/2021  10:22:51,449422;9,295354E-1;1,155854E-1;1,120448E-1;9,320151E-1;;
30/11/2021  10:22:51,449522;9,297261E-1;1,127182E-1;1,215227E-1;9,317859E-1;;
30/11/2021  10:22:51,449622;9,306619E-1;1,359745E-1;1,212068E-1;9,315649E-1;;
30/11/2021  10:22:51,449722;9,315441E-1;5,218798E-2;1,013031E-1;9,313526E-1;;
30/11/2021  10:22:51,449822;9,324054E-1;9,615202E-2;1,126766E-1;9,311495E-1;;
30/11/2021  10:22:51,449922;9,320269E-1;1,139925E-1;1,347919E-1;9,309560E-1;;
30/11/2021  10:22:51,450022;9,324590E-1;1,066652E-1;9,466852E-2;9,307728E-1;;
30/11/2021  10:22:51,450122;9,333323E-1;9,965640E-2;1,000394E-1;9,306004E-1;;
30/11/2021  10:22:51,450222;9,343634E-1;9,137332E-2;9,624818E-2;9,304392E-1;;
30/11/2021  10:22:51,450322;9,359460E-1;9,933782E-2;1,066739E-1;9,302900E-1;;
30/11/2021  10:22:51,450422;9,366851E-1;9,009900E-2;1,155200E-1;9,301536E-1;;
30/11/2021  10:22:51,450522;9,369265E-1;1,101695E-1;1,164678E-1;9,300307E-1;;
30/11/2021  10:22:51,450622;9,373437E-1;1,302401E-1;1,297370E-1;9,299224E-1;;
30/11/2021  10:22:51,450722;9,377669E-1;1,184526E-1;1,047783E-1;9,298294E-1;;
30/11/2021  10:22:51,450822;9,378981E-1;1,305587E-1;1,110970E-1;9,297523E-1;;
30/11/2021  10:22:51,450922;9,386700E-1;1,633724E-1;1,430061E-1;9,296917E-1;;
30/11/2021  10:22:51,451022;9,392958E-1;1,738855E-1;1,768108E-1;9,296481E-1;;
30/11/2021  10:22:51,451122;9,402793E-1;1,522221E-1;1,578549E-1;9,296220E-1;;
30/11/2021  10:22:51,451222;9,404880E-1;1,605052E-1;1,755471E-1;9,296139E-1;;
30/11/2021  10:22:51,451322;9,403419E-1;1,299215E-1;1,287892E-1;9,296243E-1;;
30/11/2021  10:22:51,451422;9,404909E-1;1,296029E-1;1,234183E-1;9,296533E-1;;
30/11/2021  10:22:51,451522;9,410602E-1;1,162226E-1;1,234183E-1;9,297011E-1;;
30/11/2021  10:22:51,451622;9,412330E-1;2,542726E-2;9,688005E-2;9,297676E-1;;
30/11/2021  10:22:51,451722;9,412569E-1;1,276914E-1;1,215227E-1;9,298529E-1;;
30/11/2021  10:22:51,451822;9,417456E-1;1,324701E-1;1,493248E-1;9,299568E-1;;
30/11/2021  10:22:51,451922;9,413642E-1;1,257800E-1;1,205749E-1;9,300790E-1;;
30/11/2021  10:22:51,452022;9,411377E-1;1,184526E-1;1,278414E-1;9,302190E-1;;
30/11/2021  10:22:51,452122;9,411943E-1;1,382046E-1;1,442698E-1;9,303764E-1;;
30/11/2021  10:22:51,452222;9,409320E-1;1,499920E-1;1,667010E-1;9,305505E-1;;
30/11/2021  10:22:51,452322;9,420318E-1;1,104881E-1;9,435259E-2;9,307404E-1;;
30/11/2021  10:22:51,452422;9,420616E-1;1,292843E-1;1,407946E-1;9,309455E-1;;
30/11/2021  10:22:51,452522;9,419364E-1;1,276914E-1;1,013031E-1;9,311650E-1;;
30/11/2021  10:22:51,452622;9,414029E-1;1,178155E-1;1,234183E-1;9,313982E-1;;
30/11/2021  10:22:51,452722;9,416026E-1;1,343816E-1;1,328963E-1;9,316440E-1;;
30/11/2021  10:22:51,452822;9,412777E-1;1,260985E-1;1,249980E-1;9,319016E-1;;
30/11/2021  10:22:51,452922;9,422881E-1;1,397975E-1;1,382671E-1;9,321698E-1;;
30/11/2021  10:22:51,453022;9,432298E-1;1,203641E-1;1,272095E-1;9,324479E-1;;
30/11/2021  10:22:51,453122;9,438170E-1;7,894870E-2;7,034176E-2;9,327349E-1;;
30/11/2021  10:22:51,453222;9,433252E-1;1,264171E-1;1,262617E-1;9,330301E-1;;
30/11/2021  10:22:51,453322;9,436024E-1;1,210013E-1;1,224705E-1;9,333330E-1;;
30/11/2021  10:22:51,453422;9,433490E-1;1,280100E-1;1,215227E-1;9,336428E-1;;
30/11/2021  10:22:51,453522;9,434981E-1;8,277166E-2;7,065769E-2;9,339586E-1;;
30/11/2021  10:22:51,453622;9,437186E-1;1,123996E-1;1,297370E-1;9,342797E-1;;
30/11/2021  10:22:51,453722;9,440911E-1;1,139925E-1;1,120448E-1;9,346053E-1;;
30/11/2021  10:22:51,453822;9,439272E-1;1,375674E-1;1,670170E-1;9,349346E-1;;
30/11/2021  10:22:51,453922;9,435130E-1;1,092138E-1;1,199431E-1;9,352669E-1;;
30/11/2021  10:22:51,454022;9,442163E-1;1,276914E-1;1,284732E-1;9,356014E-1;;
30/11/2021  10:22:51,454122;9,443296E-1;1,315144E-1;1,319485E-1;9,359373E-1;;
30/11/2021  10:22:51,454222;9,448332E-1;1,155854E-1;1,205749E-1;9,362740E-1;;
30/11/2021  10:22:51,454322;9,446514E-1;1,267357E-1;1,294210E-1;9,366108E-1;;
30/11/2021  10:22:51,454422;9,456945E-1;1,302401E-1;1,281573E-1;9,369472E-1;;
30/11/2021  10:22:51,454522;9,455783E-1;1,152668E-1;1,180475E-1;9,372827E-1;;
30/11/2021  10:22:51,454622;9,460432E-1;1,331073E-1;1,407946E-1;9,376168E-1;;
30/11/2021  10:22:51,454722;9,457035E-1;1,257800E-1;1,272095E-1;9,379493E-1;;
30/11/2021  10:22:51,454822;9,453637E-1;1,241871E-1;1,221546E-1;9,382796E-1;;
30/11/2021  10:22:51,454922;9,465380E-1;1,168597E-1;1,180475E-1;9,386074E-1;;
30/11/2021  10:22:51,455022;9,472622E-1;1,213198E-1;1,246821E-1;9,389323E-1;;
30/11/2021  10:22:51,455122;9,473516E-1;1,257800E-1;1,313166E-1;9,392542E-1;;
30/11/2021  10:22:51,455222;9,470953E-1;1,165411E-1;1,183634E-1;9,395728E-1;;
30/11/2021  10:22:51,455322;9,468569E-1;1,190898E-1;1,417424E-1;9,398880E-1;;
30/11/2021  10:22:51,455422;9,461803E-1;1,222756E-1;1,338441E-1;9,401995E-1;;
30/11/2021  10:22:51,455522;9,461088E-1;1,270543E-1;1,272095E-1;9,405070E-1;;
30/11/2021  10:22:51,455622;9,466631E-1;1,213198E-1;1,249980E-1;9,408101E-1;;
30/11/2021  10:22:51,455722;9,472830E-1;7,703722E-2;1,246821E-1;9,411083E-1;;
30/11/2021  10:22:51,455822;9,471549E-1;1,302401E-1;1,281573E-1;9,414015E-1;;
30/11/2021  10:22:51,455922;9,476973E-1;1,362931E-1;1,616461E-1;9,416894E-1;;
30/11/2021  10:22:51,456022;9,473099E-1;1,165411E-1;1,205749E-1;9,419719E-1;;
30/11/2021  10:22:51,456122;9,471698E-1;1,270543E-1;1,272095E-1;9,422489E-1;;
30/11/2021  10:22:51,456222;9,470983E-1;1,691068E-1;1,654373E-1;9,425200E-1;;
30/11/2021  10:22:51,456322;9,478195E-1;1,184526E-1;1,306848E-1;9,427853E-1;;
30/11/2021  10:22:51,456422;9,484126E-1;1,044351E-1;6,686651E-2;9,430444E-1;;
30/11/2021  10:22:51,456522;9,486421E-1;1,347002E-1;1,310007E-1;9,432974E-1;;
30/11/2021  10:22:51,456622;9,483023E-1;7,512574E-2;7,002583E-2;9,435445E-1;;
30/11/2021  10:22:51,456722;9,482308E-1;1,280100E-1;1,284732E-1;9,437855E-1;;
30/11/2021  10:22:51,456822;9,469433E-1;1,139925E-1;1,303688E-1;9,440205E-1;;
30/11/2021  10:22:51,456922;9,473337E-1;1,210013E-1;1,256299E-1;9,442494E-1;;
30/11/2021  10:22:51,457022;9,468479E-1;9,296622E-2;9,940750E-2;9,444718E-1;;
30/11/2021  10:22:51,457122;9,472056E-1;1,356559E-1;1,325804E-1;9,446876E-1;;
30/11/2021  10:22:51,457222;9,469016E-1;-1,014882E-3;3,685297E-2;9,448964E-1;;
30/11/2021  10:22:51,457322;9,461267E-1;1,636910E-1;1,986102E-1;9,450981E-1;;
30/11/2021  10:22:51,457422;9,459866E-1;1,366117E-1;1,360556E-1;9,452924E-1;;
30/11/2021  10:22:51,457522;9,453071E-1;1,104881E-1;1,170997E-1;9,454788E-1;;
30/11/2021  10:22:51,457622;9,449733E-1;1,130368E-1;1,170997E-1;9,456571E-1;;
30/11/2021  10:22:51,457722;9,453280E-1;1,041165E-1;1,158360E-1;9,458267E-1;;
30/11/2021  10:22:51,457822;9,455753E-1;5,409946E-2;6,876210E-2;9,459873E-1;;
30/11/2021  10:22:51,457922;9,448809E-1;8,946184E-2;1,129926E-1;9,461386E-1;;
30/11/2021  10:22:51,458022;9,442670E-1;-4,519262E-3;4,096008E-2;9,462805E-1;;
30/11/2021  10:22:51,458122;9,439391E-1;1,028422E-1;1,373193E-1;9,464125E-1;;
30/11/2021  10:22:51,458222;9,433192E-1;1,053908E-1;1,379512E-1;9,465344E-1;;
30/11/2021  10:22:51,458322;9,430600E-1;1,012493E-1;1,231024E-1;9,466457E-1;;
30/11/2021  10:22:51,458422;9,430480E-1;5,792242E-2;8,361090E-2;9,467462E-1;;
30/11/2021  10:22:51,458522;9,426755E-1;1,018865E-1;1,240502E-1;9,468355E-1;;
30/11/2021  10:22:51,458622;9,423626E-1;1,184526E-1;1,543797E-1;9,469134E-1;;
30/11/2021  10:22:51,458722;9,418619E-1;1,324701E-1;1,597505E-1;9,469795E-1;;
30/11/2021  10:22:51,458822;9,411079E-1;1,879031E-1;1,802861E-1;9,470337E-1;;
30/11/2021  10:22:51,458922;9,404134E-1;1,534964E-1;1,474292E-1;9,470756E-1;;
30/11/2021  10:22:51,459022;9,411377E-1;1,515849E-1;1,360556E-1;9,471051E-1;;
30/11/2021  10:22:51,459122;9,413612E-1;1,649653E-1;1,423743E-1;9,471218E-1;;
30/11/2021  10:22:51,459222;9,410840E-1;1,671954E-1;1,606983E-1;9,471258E-1;;
30/11/2021  10:22:51,459322;9,408933E-1;1,461691E-1;1,379512E-1;9,471171E-1;;
30/11/2021  10:22:51,459422;9,407085E-1;1,359745E-1;1,433221E-1;9,470960E-1;;
30/11/2021  10:22:51,459522;9,403032E-1;9,328480E-2;1,063580E-1;9,470625E-1;;
30/11/2021  10:22:51,459622;9,402495E-1;1,152668E-1;1,133085E-1;9,470168E-1;;
30/11/2021  10:22:51,459722;9,403240E-1;1,331073E-1;1,278414E-1;9,469591E-1;;
30/11/2021  10:22:51,459822;9,402823E-1;1,404346E-1;1,708081E-1;9,468898E-1;;
30/11/2021  10:22:51,459922;9,397459E-1;3,721472E-2;4,317161E-2;9,468091E-1;;
30/11/2021  10:22:51,460022;9,386998E-1;6,620550E-2;9,119327E-2;9,467173E-1;;
30/11/2021  10:22:51,460122;9,380590E-1;1,369303E-1;1,565912E-1;9,466148E-1;;
30/11/2021  10:22:51,460222;9,372037E-1;1,213198E-1;1,221546E-1;9,465016E-1;;
30/11/2021  10:22:51,460322;9,364616E-1;1,321516E-1;1,328963E-1;9,463777E-1;;
30/11/2021  10:22:51,460422;9,363334E-1;1,369303E-1;1,379512E-1;9,462430E-1;;
30/11/2021  10:22:51,460522;9,362082E-1;1,315144E-1;1,215227E-1;9,460976E-1;;
30/11/2021  10:22:51,460622;9,352158E-1;1,382046E-1;1,486929E-1;9,459415E-1;;
30/11/2021  10:22:51,460722;9,346495E-1;1,127182E-1;9,561632E-2;9,457747E-1;;
30/11/2021  10:22:51,460822;9,340654E-1;1,206827E-1;1,063580E-1;9,455971E-1;;
30/11/2021  10:22:51,460922;9,336094E-1;1,053908E-1;8,582243E-2;9,454087E-1;;
30/11/2021  10:22:51,461022;9,336154E-1;1,264171E-1;1,291051E-1;9,452094E-1;;
30/11/2021  10:22:51,461122;9,336780E-1;9,583344E-2;9,814378E-2;9,449994E-1;;
30/11/2021  10:22:51,461222;9,336452E-1;1,012493E-1;9,845971E-2;9,447788E-1;;
30/11/2021  10:22:51,461322;9,329955E-1;1,363980E-2;6,686651E-2;9,445477E-1;;
30/11/2021  10:22:51,461422;9,318719E-1;-5,358058E-2;3,780076E-2;9,443066E-1;;
30/11/2021  10:22:51,461522;9,316692E-1;1,044351E-1;1,253139E-1;9,440556E-1;;
30/11/2021  10:22:51,461622;9,312639E-1;1,315144E-1;1,392149E-1;9,437948E-1;;
30/11/2021  10:22:51,461722;9,308765E-1;8,436456E-2;9,530039E-2;9,435244E-1;;
30/11/2021  10:22:51,461822;9,315947E-1;1,296029E-1;1,322644E-1;9,432447E-1;;
30/11/2021  10:22:51,461922;9,314040E-1;5,505520E-2;8,771802E-2;9,429560E-1;;
30/11/2021  10:22:51,462022;9,313146E-1;1,276914E-1;1,316326E-1;9,426587E-1;;
30/11/2021  10:22:51,462122;9,304056E-1;1,165411E-1;1,205749E-1;9,423535E-1;;
30/11/2021  10:22:51,462222;9,307871E-1;1,324701E-1;1,351078E-1;9,420408E-1;;
30/11/2021  10:22:51,462322;9,300420E-1;1,267357E-1;1,259458E-1;9,417211E-1;;
30/11/2021  10:22:51,462422;9,307543E-1;1,245056E-1;1,284732E-1;9,413950E-1;;
30/11/2021  10:22:51,462522;9,312520E-1;1,073023E-1;1,107811E-1;9,410630E-1;;
30/11/2021  10:22:51,462622;9,306977E-1;1,267357E-1;1,117289E-1;9,407260E-1;;
30/11/2021  10:22:51,462722;9,300658E-1;1,245056E-1;1,148882E-1;9,403846E-1;;
30/11/2021  10:22:51,462822;9,304056E-1;7,257710E-2;7,318515E-2;9,400395E-1;;
30/11/2021  10:22:51,462922;9,304890E-1;1,531778E-1;1,651214E-1;9,396915E-1;;
30/11/2021  10:22:51,463022;9,312013E-1;1,318330E-1;1,486929E-1;9,393412E-1;;
30/11/2021  10:22:51,463122;9,309599E-1;7,640006E-2;7,697633E-2;9,389896E-1;;
30/11/2021  10:22:51,463222;9,312520E-1;1,267357E-1;1,246821E-1;9,386375E-1;;
30/11/2021  10:22:51,463322;9,311179E-1;1,077258E-2;7,539667E-2;9,382857E-1;;
30/11/2021  10:22:51,463422;9,312609E-1;1,251428E-1;1,275255E-1;9,379352E-1;;
30/11/2021  10:22:51,463522;9,301880E-1;1,442576E-1;1,464814E-1;9,375867E-1;;
30/11/2021  10:22:51,463622;9,310821E-1;1,311958E-1;1,392149E-1;9,372410E-1;;
30/11/2021  10:22:51,463722;9,319703E-1;1,464877E-1;1,594346E-1;9,368988E-1;;
30/11/2021  10:22:51,463822;9,327511E-1;1,095324E-1;1,063580E-1;9,365609E-1;;
30/11/2021  10:22:51,463922;9,330759E-1;1,461691E-1;1,739675E-1;9,362283E-1;;
30/11/2021  10:22:51,464022;9,326855E-1;1,350188E-1;1,259458E-1;9,359020E-1;;
30/11/2021  10:22:51,464122;9,332488E-1;1,308772E-1;1,221546E-1;9,355828E-1;;
30/11/2021  10:22:51,464222;9,333591E-1;1,343816E-1;1,120448E-1;9,352718E-1;;
30/11/2021  10:22:51,464322;9,342919E-1;1,245056E-1;1,000394E-1;9,349698E-1;;
30/11/2021  10:22:51,464422;9,345780E-1;1,257800E-1;1,107811E-1;9,346776E-1;;
30/11/2021  10:22:51,464522;9,355049E-1;1,754784E-1;1,951349E-1;9,343962E-1;;
30/11/2021  10:22:51,464622;9,357672E-1;1,270543E-1;1,294210E-1;9,341265E-1;;
30/11/2021  10:22:51,464722;9,359639E-1;1,334259E-1;1,461654E-1;9,338694E-1;;
30/11/2021  10:22:51,464822;9,355228E-1;1,407532E-1;1,461654E-1;9,336257E-1;;
30/11/2021  10:22:51,464922;9,361427E-1;1,311958E-1;1,335282E-1;9,333962E-1;;
30/11/2021  10:22:51,465022;9,365629E-1;1,318330E-1;1,278414E-1;9,331815E-1;;
30/11/2021  10:22:51,465122;9,370368E-1;1,190898E-1;1,240502E-1;9,329821E-1;;
30/11/2021  10:22:51,465222;9,377580E-1;1,359745E-1;1,281573E-1;9,327985E-1;;
30/11/2021  10:22:51,465322;9,373288E-1;1,477620E-1;1,385831E-1;9,326313E-1;;
30/11/2021  10:22:51,465422;9,371739E-1;1,178155E-1;1,253139E-1;9,324808E-1;;
30/11/2021  10:22:51,465522;9,445203E-1;1,012493E-1;1,136244E-1;9,323476E-1;;
30/11/2021  10:22:51,465622;9,447975E-1;1,031608E-1;1,073058E-1;9,322326E-1;;
30/11/2021  10:22:51,465722;9,449077E-1;6,875414E-2;5,012211E-2;9,321371E-1;;
30/11/2021  10:22:51,465822;9,448183E-1;1,022050E-1;1,013031E-1;9,320625E-1;;
30/11/2021  10:22:51,465922;9,452922E-1;1,146297E-1;1,246821E-1;9,320099E-1;;
30/11/2021  10:22:51,466022;9,455247E-1;1,426647E-1;1,373193E-1;9,319801E-1;;
30/11/2021  10:22:51,466122;9,458942E-1;1,633724E-1;1,824976E-1;9,319737E-1;;
30/11/2021  10:22:51,466222;9,465827E-1;9,965640E-2;7,192142E-2;9,319913E-1;;
30/11/2021  10:22:51,466322;9,468777E-1;1,703812E-1;1,619620E-1;9,320331E-1;;
30/11/2021  10:22:51,466422;9,467496E-1;2,006463E-1;2,046129E-1;9,320996E-1;;
30/11/2021  10:22:51,466522;9,471877E-1;5,123224E-2;8,898175E-2;9,321906E-1;;
30/11/2021  10:22:51,466622;9,476109E-1;1,401161E-1;1,347919E-1;9,323061E-1;;
30/11/2021  10:22:51,466722;9,483321E-1;1,340630E-1;1,300529E-1;9,324459E-1;;
30/11/2021  10:22:51,466822;9,492173E-1;1,347002E-1;1,338441E-1;9,326097E-1;;
30/11/2021  10:22:51,466922;9,495659E-1;1,391603E-1;1,442698E-1;9,327972E-1;;
30/11/2021  10:22:51,467022;9,498074E-1;1,108067E-1;1,054102E-1;9,330082E-1;;
30/11/2021  10:22:51,467122;9,497001E-1;7,448858E-2;8,898175E-2;9,332421E-1;;
30/11/2021  10:22:51,467222;9,494497E-1;7,321426E-2;9,561632E-2;9,334985E-1;;
30/11/2021  10:22:51,467322;9,497805E-1;8,946184E-2;9,245700E-2;9,337765E-1;;
30/11/2021  10:22:51,467422;9,494825E-1;1,206827E-1;1,237343E-1;9,340752E-1;;
30/11/2021  10:22:51,467522;9,494646E-1;8,436456E-2;9,877564E-2;9,343937E-1;;
30/11/2021  10:22:51,467622;9,494855E-1;3,562182E-2;5,391329E-2;9,347308E-1;;
30/11/2021  10:22:51,467722;9,485258E-1;5,601094E-2;8,013565E-2;9,350853E-1;;
30/11/2021  10:22:51,467822;9,480996E-1;1,127182E-1;1,272095E-1;9,354556E-1;;
30/11/2021  10:22:51,467922;9,478910E-1;1,216384E-1;1,215227E-1;9,358404E-1;;
30/11/2021  10:22:51,468022;9,476407E-1;1,232313E-1;1,253139E-1;9,362379E-1;;
30/11/2021  10:22:51,468122;9,470476E-1;1,347002E-1;1,328963E-1;9,366464E-1;;
30/11/2021  10:22:51,468222;9,479268E-1;1,254614E-1;1,259458E-1;9,370641E-1;;
30/11/2021  10:22:51,468322;9,474768E-1;1,382046E-1;1,306848E-1;9,374893E-1;;
30/11/2021  10:22:51,468422;9,471847E-1;1,178155E-1;1,063580E-1;9,379204E-1;;
30/11/2021  10:22:51,468522;9,468777E-1;1,251428E-1;1,208909E-1;9,383558E-1;;
30/11/2021  10:22:51,468622;9,471489E-1;1,324701E-1;1,325804E-1;9,387937E-1;;
30/11/2021  10:22:51,468722;9,477420E-1;1,254614E-1;1,297370E-1;9,392327E-1;;
30/11/2021  10:22:51,468822;9,477062E-1;1,076209E-1;1,025668E-1;9,396713E-1;;
30/11/2021  10:22:51,468922;9,481145E-1;1,149482E-1;1,218387E-1;9,401082E-1;;
30/11/2021  10:22:51,469022;9,481712E-1;1,292843E-1;1,278414E-1;9,405422E-1;;
30/11/2021  10:22:51,469122;9,482844E-1;1,092138E-1;7,476481E-2;9,409724E-1;;
30/11/2021  10:22:51,469222;9,479745E-1;1,050723E-1;1,212068E-1;9,413976E-1;;
30/11/2021  10:22:51,469322;9,483947E-1;1,388417E-1;1,578549E-1;9,418170E-1;;
30/11/2021  10:22:51,469422;9,488984E-1;9,933782E-2;1,069899E-1;9,422296E-1;;
30/11/2021  10:22:51,469522;9,491547E-1;1,340630E-1;1,341600E-1;9,426348E-1;;
30/11/2021  10:22:51,469622;9,492888E-1;4,390490E-2;9,593225E-2;9,430320E-1;;
30/11/2021  10:22:51,469722;9,487017E-1;1,289658E-1;1,297370E-1;9,434205E-1;;
30/11/2021  10:22:51,469822;9,482934E-1;1,397975E-1;1,291051E-1;9,438000E-1;;
30/11/2021  10:22:51,469922;9,484066E-1;1,280100E-1;1,363715E-1;9,441697E-1;;
30/11/2021  10:22:51,470022;9,476437E-1;4,008194E-2;7,034176E-2;9,445292E-1;;
30/11/2021  10:22:51,470122;9,478493E-1;1,241871E-1;1,123607E-1;9,448777E-1;;
30/11/2021  10:22:51,470222;9,478016E-1;9,774492E-2;1,733356E-1;9,452149E-1;;
30/11/2021  10:22:51,470322;9,470297E-1;1,324701E-1;1,152041E-1;9,455400E-1;;
30/11/2021  10:22:51,470422;9,465827E-1;1,366117E-1;1,253139E-1;9,458526E-1;;
30/11/2021  10:22:51,470522;9,460015E-1;1,060280E-1;1,057261E-1;9,461522E-1;;
30/11/2021  10:22:51,470622;9,451700E-1;9,997498E-2;1,069899E-1;9,464380E-1;;
30/11/2021  10:22:51,470722;9,451760E-1;1,066652E-1;8,992954E-2;9,467094E-1;;
30/11/2021  10:22:51,470822;9,454144E-1;1,455319E-1;1,524841E-1;9,469659E-1;;
30/11/2021  10:22:51,470922;9,456528E-1;1,378860E-1;1,388990E-1;9,472069E-1;;
30/11/2021  10:22:51,471022;9,456111E-1;1,331073E-1;1,521681E-1;9,474322E-1;;
30/11/2021  10:22:51,471122;9,453905E-1;1,324701E-1;1,619620E-1;9,476414E-1;;
30/11/2021  10:22:51,471222;9,452207E-1;1,267357E-1;1,243661E-1;9,478345E-1;;
30/11/2021  10:22:51,471322;9,456886E-1;1,305587E-1;1,275255E-1;9,480113E-1;;
30/11/2021  10:22:51,471422;9,457303E-1;1,270543E-1;1,300529E-1;9,481720E-1;;
30/11/2021  10:22:51,471522;9,461863E-1;1,343816E-1;1,328963E-1;9,483166E-1;;
30/11/2021  10:22:51,471622;9,457690E-1;1,423461E-1;1,411105E-1;9,484455E-1;;
30/11/2021  10:22:51,471722;9,462817E-1;1,311958E-1;1,268936E-1;9,485590E-1;;
30/11/2021  10:22:51,471822;9,459359E-1;1,296029E-1;1,224705E-1;9,486575E-1;;
30/11/2021  10:22:51,471922;9,445829E-1;1,251428E-1;1,050943E-1;9,487414E-1;;
30/11/2021  10:22:51,472022;9,449286E-1;1,385232E-1;1,328963E-1;9,488110E-1;;
30/11/2021  10:22:51,472122;9,447796E-1;7,385142E-2;9,845971E-2;9,488666E-1;;
30/11/2021  10:22:51,472222;9,445024E-1;1,362931E-1;1,047783E-1;9,489085E-1;;
30/11/2021  10:22:51,472322;9,439809E-1;1,356559E-1;1,357397E-1;9,489370E-1;;
30/11/2021  10:22:51,472422;9,431017E-1;1,382046E-1;1,347919E-1;9,489523E-1;;
30/11/2021  10:22:51,472522;9,418887E-1;1,359745E-1;1,351078E-1;9,489546E-1;;
30/11/2021  10:22:51,472622;9,412301E-1;1,356559E-1;1,303688E-1;9,489440E-1;;
30/11/2021  10:22:51,472722;9,404731E-1;1,334259E-1;1,360556E-1;9,489203E-1;;
30/11/2021  10:22:51,472822;9,408545E-1;1,225942E-1;1,234183E-1;9,488834E-1;;
30/11/2021  10:22:51,472922;9,404164E-1;1,159040E-1;1,303688E-1;9,488333E-1;;
30/11/2021  10:22:51,473022;9,393435E-1;1,120810E-1;1,180475E-1;9,487698E-1;;
30/11/2021  10:22:51,473122;9,382319E-1;1,012493E-1;1,016190E-1;9,486929E-1;;
30/11/2021  10:22:51,473222;9,375822E-1;9,901924E-2;1,066739E-1;9,486026E-1;;
30/11/2021  10:22:51,473322;9,367209E-1;1,127182E-1;1,202590E-1;9,484985E-1;;
30/11/2021  10:22:51,473422;9,366136E-1;9,997498E-2;1,114129E-1;9,483804E-1;;
30/11/2021  10:22:51,473522;9,366642E-1;8,595746E-2;8,803395E-2;9,482481E-1;;
30/11/2021  10:22:51,473622;9,362619E-1;1,050723E-1;1,088855E-1;9,481016E-1;;
30/11/2021  10:22:51,473722;9,357552E-1;8,627604E-2;1,278414E-1;9,479408E-1;;
30/11/2021  10:22:51,473822;9,347986E-1;9,870066E-2;1,164678E-1;9,477659E-1;;
30/11/2021  10:22:51,473922;9,346287E-1;1,034794E-1;1,218387E-1;9,475768E-1;;
30/11/2021  10:22:51,474022;9,345154E-1;1,162226E-1;1,328963E-1;9,473737E-1;;
30/11/2021  10:22:51,474122;9,342830E-1;1,289658E-1;1,335282E-1;9,471567E-1;;
30/11/2021  10:22:51,474222;9,344976E-1;1,407532E-1;1,224705E-1;9,469260E-1;;
30/11/2021  10:22:51,474322;9,341340E-1;2,063807E-1;1,869207E-1;9,466821E-1;;
30/11/2021  10:22:51,474422;9,338449E-1;1,630538E-1;1,471132E-1;9,464254E-1;;
30/11/2021  10:22:51,474522;9,331952E-1;1,598680E-1;1,477451E-1;9,461563E-1;;
30/11/2021  10:22:51,474622;9,323964E-1;2,321857E-1;2,311511E-1;9,458753E-1;;
30/11/2021  10:22:51,474722;9,324560E-1;1,235499E-1;1,341600E-1;9,455830E-1;;
30/11/2021  10:22:51,474822;9,328822E-1;1,104881E-1;1,310007E-1;9,452796E-1;;
30/11/2021  10:22:51,474922;9,327541E-1;1,152668E-1;1,202590E-1;9,449657E-1;;
30/11/2021  10:22:51,475022;9,326438E-1;1,143111E-1;8,613836E-2;9,446422E-1;;
30/11/2021  10:22:51,475122;9,323041E-1;1,292843E-1;1,253139E-1;9,443096E-1;;
30/11/2021  10:22:51,475222;9,319136E-1;1,225942E-1;1,335282E-1;9,439687E-1;;
30/11/2021  10:22:51,475322;9,313325E-1;1,305587E-1;1,316326E-1;9,436202E-1;;
30/11/2021  10:22:51,475422;9,312729E-1;9,710776E-2;1,107811E-1;9,432647E-1;;
30/11/2021  10:22:51,475522;9,320358E-1;1,302401E-1;1,303688E-1;9,429030E-1;;
30/11/2021  10:22:51,475622;9,317348E-1;1,229127E-1;1,249980E-1;9,425357E-1;;
30/11/2021  10:22:51,475722;9,312639E-1;1,210013E-1;1,903959E-1;9,421638E-1;;
30/11/2021  10:22:51,475822;9,307156E-1;1,366117E-1;1,360556E-1;9,417879E-1;;
30/11/2021  10:22:51,475922;9,308169E-1;1,410718E-1;1,467973E-1;9,414088E-1;;
30/11/2021  10:22:51,476022;9,302804E-1;1,190898E-1;1,240502E-1;9,410271E-1;;
30/11/2021  10:22:51,476122;9,310464E-1;1,296029E-1;1,303688E-1;9,406435E-1;;
30/11/2021  10:22:51,476222;9,311537E-1;1,251428E-1;1,193112E-1;9,402588E-1;;
30/11/2021  10:22:51,476322;9,309003E-1;1,318330E-1;1,338441E-1;9,398736E-1;;
30/11/2021  10:22:51,476422;9,306708E-1;1,114439E-1;1,363715E-1;9,394889E-1;;
30/11/2021  10:22:51,476522;9,309361E-1;1,624167E-1;1,910278E-1;9,391053E-1;;
30/11/2021  10:22:51,476622;9,310911E-1;1,503106E-1;2,118793E-1;9,387236E-1;;
30/11/2021  10:22:51,476722;9,313206E-1;1,302401E-1;1,436380E-1;9,383445E-1;;
30/11/2021  10:22:51,476822;9,317497E-1;9,328480E-2;1,278414E-1;9,379689E-1;;
30/11/2021  10:22:51,476922;9,326706E-1;1,598680E-1;1,430061E-1;9,375976E-1;;
30/11/2021  10:22:51,477022;9,331117E-1;1,213198E-1;1,385831E-1;9,372316E-1;;
30/11/2021  10:22:51,477122;9,336959E-1;1,391603E-1;1,366875E-1;9,368718E-1;;
30/11/2021  10:22:51,477222;9,329538E-1;1,334259E-1;1,363715E-1;9,365194E-1;;
30/11/2021  10:22:51,477322;9,333025E-1;1,353374E-1;1,398468E-1;9,361752E-1;;
30/11/2021  10:22:51,477422;9,342621E-1;1,206827E-1;1,417424E-1;9,358402E-1;;
30/11/2021  10:22:51,477522;9,348641E-1;1,241871E-1;1,231024E-1;9,355153E-1;;
30/11/2021  10:22:51,477622;9,355407E-1;1,203641E-1;1,253139E-1;9,352013E-1;;
30/11/2021  10:22:51,477722;9,360264E-1;1,273729E-1;1,196272E-1;9,348994E-1;;
30/11/2021  10:22:51,477822;9,364049E-1;1,327887E-1;1,452176E-1;9,346104E-1;;
30/11/2021  10:22:51,477922;9,360384E-1;8,659462E-2;1,000394E-1;9,343354E-1;;
30/11/2021  10:22:51,478022;9,359400E-1;9,455912E-2;1,031987E-1;9,340750E-1;;
30/11/2021  10:22:51,478122;9,365629E-1;1,347002E-1;1,278414E-1;9,338300E-1;;
30/11/2021  10:22:51,478222;9,373169E-1;1,633724E-1;1,954508E-1;9,336009E-1;;
30/11/2021  10:22:51,478322;9,378683E-1;1,413904E-1;1,224705E-1;9,333882E-1;;
30/11/2021  10:22:51,478422;9,379607E-1;1,280100E-1;1,347919E-1;9,331927E-1;;
30/11/2021  10:22:51,478522;9,378206E-1;1,525407E-1;1,667010E-1;9,330146E-1;;
30/11/2021  10:22:51,478622;9,372007E-1;4,040052E-2;9,656411E-2;9,328545E-1;;
30/11/2021  10:22:51,478722;9,373706E-1;1,213198E-1;1,275255E-1;9,327123E-1;;
30/11/2021  10:22:51,478822;9,380531E-1;1,299215E-1;1,243661E-1;9,325883E-1;;
30/11/2021  10:22:51,478922;9,382438E-1;1,286472E-1;1,167838E-1;9,324822E-1;;
30/11/2021  10:22:51,479022;9,379398E-1;1,197269E-1;1,234183E-1;9,323941E-1;;
30/11/2021  10:22:51,479122;9,379130E-1;1,171783E-1;1,123607E-1;9,323238E-1;;
30/11/2021  10:22:51,479222;9,373020E-1;1,280100E-1;1,199431E-1;9,322711E-1;;
30/11/2021  10:22:51,479322;9,371828E-1;1,155854E-1;9,940750E-2;9,322354E-1;;
30/11/2021  10:22:51,479422;9,371232E-1;1,391603E-1;1,366875E-1;9,322162E-1;;
30/11/2021  10:22:51,479522;9,378206E-1;1,321516E-1;1,379512E-1;9,322128E-1;;
30/11/2021  10:22:51,479622;9,383511E-1;1,216384E-1;1,319485E-1;9,322247E-1;;
30/11/2021  10:22:51,479722;9,382885E-1;9,742634E-2;1,420583E-1;9,322514E-1;;
30/11/2021  10:22:51,479822;9,385388E-1;1,343816E-1;1,272095E-1;9,322922E-1;;
30/11/2021  10:22:51,479922;9,384047E-1;1,828058E-1;2,112474E-1;9,323466E-1;;
30/11/2021  10:22:51,480022;9,389978E-1;1,283286E-1;1,287892E-1;9,324142E-1;;
30/11/2021  10:22:51,480122;9,394419E-1;1,305587E-1;1,319485E-1;9,324942E-1;;
30/11/2021  10:22:51,480222;9,401005E-1;1,181340E-1;1,284732E-1;9,325863E-1;;
30/11/2021  10:22:51,480322;9,408635E-1;1,257800E-1;1,300529E-1;9,326900E-1;;
30/11/2021  10:22:51,480422;9,410840E-1;1,350188E-1;1,256299E-1;9,328049E-1;;
30/11/2021  10:22:51,480522;9,409618E-1;1,159040E-1;1,123607E-1;9,329309E-1;;
30/11/2021  10:22:51,480622;9,409410E-1;1,292843E-1;1,231024E-1;9,330675E-1;;
30/11/2021  10:22:51,480722;9,413165E-1;1,296029E-1;1,246821E-1;9,332144E-1;;
30/11/2021  10:22:51,480822;9,421003E-1;1,340630E-1;1,310007E-1;9,333711E-1;;
30/11/2021  10:22:51,480922;9,425533E-1;3,020596E-2;9,277293E-2;9,335373E-1;;
30/11/2021  10:22:51,481022;9,426129E-1;1,152668E-1;1,095173E-1;9,337127E-1;;
30/11/2021  10:22:51,481122;9,428543E-1;1,190898E-1;1,189953E-1;9,338969E-1;;
30/11/2021  10:22:51,481222;9,428335E-1;6,301970E-2;7,160549E-2;9,340897E-1;;
30/11/2021  10:22:51,481322;9,424252E-1;2,797590E-2;8,582243E-2;9,342906E-1;;
30/11/2021  10:22:51,481422;9,424401E-1;1,257800E-1;1,644895E-1;9,344992E-1;;
30/11/2021  10:22:51,481522;9,426695E-1;2,351578E-2;7,444887E-2;9,347149E-1;;
30/11/2021  10:22:51,481622;9,438527E-1;9,965640E-2;1,152041E-1;9,349371E-1;;
30/11/2021  10:22:51,481722;9,437782E-1;1,076209E-1;1,455336E-1;9,351654E-1;;
30/11/2021  10:22:51,481822;9,445590E-1;1,025236E-1;1,133085E-1;9,353994E-1;;
30/11/2021  10:22:51,481922;9,438944E-1;9,997498E-2;1,101492E-1;9,356388E-1;;
30/11/2021  10:22:51,482022;9,438199E-1;1,114439E-1;1,319485E-1;9,358831E-1;;
30/11/2021  10:22:51,482122;9,445352E-1;1,095324E-1;1,249980E-1;9,361319E-1;;
30/11/2021  10:22:51,482222;9,457333E-1;1,025236E-1;9,466852E-2;9,363847E-1;;
30/11/2021  10:22:51,482322;9,459479E-1;1,101695E-1;1,281573E-1;9,366413E-1;;
30/11/2021  10:22:51,482422;9,461654E-1;1,359745E-1;1,164678E-1;9,369014E-1;;
30/11/2021  10:22:51,482522;9,464217E-1;1,433019E-1;1,215227E-1;9,371649E-1;;
30/11/2021  10:22:51,482622;9,462072E-1;1,292843E-1;8,834988E-2;9,374316E-1;;
30/11/2021  10:22:51,482722;9,466512E-1;1,777085E-1;1,758630E-1;9,377011E-1;;
30/11/2021  10:22:51,482822;9,473367E-1;9,519628E-2;8,487463E-2;9,379733E-1;;
30/11/2021  10:22:51,482922;9,489460E-1;1,681511E-1;1,588027E-1;9,382481E-1;;
30/11/2021  10:22:51,483022;9,490623E-1;1,296029E-1;1,426902E-1;9,385253E-1;;
30/11/2021  10:22:51,483122;9,493007E-1;1,375674E-1;1,512204E-1;9,388050E-1;;
30/11/2021  10:22:51,483222;9,495630E-1;1,251428E-1;1,262617E-1;9,390875E-1;;
30/11/2021  10:22:51,483322;9,503796E-1;1,305587E-1;1,306848E-1;9,393726E-1;;
30/11/2021  10:22:51,483422;9,499564E-1;1,299215E-1;1,332122E-1;9,396605E-1;;
30/11/2021  10:22:51,483522;9,505047E-1;1,251428E-1;1,310007E-1;9,399511E-1;;
30/11/2021  10:22:51,483622;9,505912E-1;1,216384E-1;1,189953E-1;9,402445E-1;;
30/11/2021  10:22:51,483722;9,510352E-1;1,286472E-1;1,303688E-1;9,405405E-1;;
30/11/2021  10:22:51,483822;9,509816E-1;1,347002E-1;1,303688E-1;9,408392E-1;;
30/11/2021  10:22:51,483922;9,505256E-1;1,174969E-1;1,208909E-1;9,411402E-1;;
30/11/2021  10:22:51,484022;9,501948E-1;1,130368E-1;1,019350E-1;9,414435E-1;;
30/11/2021  10:22:51,484122;9,498252E-1;1,305587E-1;1,224705E-1;9,417485E-1;;
30/11/2021  10:22:51,484222;9,501948E-1;1,292843E-1;1,215227E-1;9,420548E-1;;
30/11/2021  10:22:51,484322;9,501262E-1;1,187712E-1;1,407946E-1;9,423619E-1;;
30/11/2021  10:22:51,484422;9,499802E-1;1,276914E-1;1,420583E-1;9,426693E-1;;
30/11/2021  10:22:51,484522;9,495809E-1;1,225942E-1;1,262617E-1;9,429763E-1;;
30/11/2021  10:22:51,484622;9,491189E-1;1,241871E-1;1,262617E-1;9,432824E-1;;
30/11/2021  10:22:51,484722;9,489639E-1;1,289658E-1;1,291051E-1;9,435869E-1;;
30/11/2021  10:22:51,484822;9,492620E-1;1,350188E-1;1,363715E-1;9,438889E-1;;
30/11/2021  10:22:51,484922;9,495153E-1;1,362931E-1;1,316326E-1;9,441879E-1;;
30/11/2021  10:22:51,485022;9,494855E-1;1,216384E-1;1,246821E-1;9,444832E-1;;
30/11/2021  10:22:51,485122;9,492947E-1;1,181340E-1;1,170997E-1;9,447742E-1;;
30/11/2021  10:22:51,485222;9,487464E-1;1,296029E-1;1,275255E-1;9,450604E-1;;
30/11/2021  10:22:51,485322;9,486719E-1;1,296029E-1;1,237343E-1;9,453412E-1;;
30/11/2021  10:22:51,485422;9,481920E-1;1,241871E-1;1,212068E-1;9,456160E-1;;
30/11/2021  10:22:51,485522;9,482248E-1;1,152668E-1;1,180475E-1;9,458841E-1;;
30/11/2021  10:22:51,485622;9,488894E-1;1,155854E-1;1,082536E-1;9,461449E-1;;
30/11/2021  10:22:51,485722;9,483112E-1;1,136739E-1;7,634447E-2;9,463980E-1;;
30/11/2021  10:22:51,485822;9,479655E-1;1,315144E-1;1,455336E-1;9,466428E-1;;
30/11/2021  10:22:51,485922;9,480192E-1;1,251428E-1;1,351078E-1;9,468790E-1;;
30/11/2021  10:22:51,486022;9,468539E-1;1,280100E-1;1,268936E-1;9,471061E-1;;
30/11/2021  10:22:51,486122;9,461803E-1;1,292843E-1;1,303688E-1;9,473234E-1;;
30/11/2021  10:22:51,486222;9,468360E-1;1,292843E-1;1,291051E-1;9,475306E-1;;
30/11/2021  10:22:51,486322;9,463144E-1;1,241871E-1;1,114129E-1;9,477270E-1;;
30/11/2021  10:22:51,486422;9,456826E-1;1,359745E-1;1,351078E-1;9,479121E-1;;
30/11/2021  10:22:51,486522;9,453846E-1;1,452133E-1;1,370034E-1;9,480856E-1;;
30/11/2021  10:22:51,486622;9,444667E-1;1,025236E-1;1,092014E-1;9,482468E-1;;
30/11/2021  10:22:51,486722;9,439987E-1;1,254614E-1;1,224705E-1;9,483953E-1;;
30/11/2021  10:22:51,486822;9,436977E-1;2,479010E-2;8,582243E-2;9,485306E-1;;
30/11/2021  10:22:51,486922;9,434712E-1;1,127182E-1;7,508074E-2;9,486521E-1;;
30/11/2021  10:22:51,487022;9,429676E-1;1,139925E-1;9,688005E-2;9,487595E-1;;
30/11/2021  10:22:51,487122;9,424877E-1;9,424054E-2;4,569906E-2;9,488522E-1;;
30/11/2021  10:22:51,487222;9,422314E-1;1,401161E-1;1,575390E-1;9,489299E-1;;
30/11/2021  10:22:51,487322;9,413999E-1;2,670158E-2;1,013031E-1;9,489923E-1;;
30/11/2021  10:22:51,487422;9,412748E-1;1,299215E-1;1,291051E-1;9,490391E-1;;
30/11/2021  10:22:51,487522;9,414446E-1;1,165411E-1;1,145722E-1;9,490699E-1;;
30/11/2021  10:22:51,487622;9,413880E-1;1,254614E-1;1,272095E-1;9,490848E-1;;
30/11/2021  10:22:51,487722;9,411108E-1;1,216384E-1;1,256299E-1;9,490835E-1;;
30/11/2021  10:22:51,487822;9,408188E-1;1,538150E-1;1,606983E-1;9,490663E-1;;
30/11/2021  10:22:51,487922;9,407025E-1;1,299215E-1;1,237343E-1;9,490332E-1;;
30/11/2021  10:22:51,488022;9,406519E-1;1,296029E-1;1,205749E-1;9,489845E-1;;
30/11/2021  10:22:51,488122;9,402615E-1;1,238685E-1;1,262617E-1;9,489204E-1;;
30/11/2021  10:22:51,488222;9,403866E-1;1,079395E-1;1,256299E-1;9,488411E-1;;
30/11/2021  10:22:51,488322;9,406817E-1;1,283286E-1;1,186794E-1;9,487472E-1;;
30/11/2021  10:22:51,488422;9,405923E-1;1,225942E-1;1,164678E-1;9,486391E-1;;
30/11/2021  10:22:51,488522;9,407174E-1;1,286472E-1;1,347919E-1;9,485174E-1;;
30/11/2021  10:22:51,488622;9,404552E-1;1,219570E-1;1,095173E-1;9,483828E-1;;
30/11/2021  10:22:51,488722;9,399157E-1;1,987348E-1;2,497911E-1;9,482358E-1;;
30/11/2021  10:22:51,488822;9,399962E-1;1,519035E-1;1,534319E-1;9,480773E-1;;
30/11/2021  10:22:51,488922;9,405446E-1;1,311958E-1;1,215227E-1;9,479079E-1;;
30/11/2021  10:22:51,489022;9,406400E-1;1,366117E-1;1,278414E-1;9,477282E-1;;
30/11/2021  10:22:51,489122;9,401571E-1;6,588692E-2;8,645429E-2;9,475392E-1;;
30/11/2021  10:22:51,489222;9,397012E-1;1,483991E-1;1,600664E-1;9,473416E-1;;
30/11/2021  10:22:51,489322;9,398293E-1;1,114439E-1;1,170997E-1;9,471362E-1;;
30/11/2021  10:22:51,489422;9,399366E-1;1,178155E-1;1,341600E-1;9,469237E-1;;
30/11/2021  10:22:51,489522;9,401393E-1;-1,280234E-2;4,949025E-2;9,467048E-1;;
30/11/2021  10:22:51,489622;9,401035E-1;9,838208E-2;9,877564E-2;9,464804E-1;;
30/11/2021  10:22:51,489722;9,401214E-1;1,041165E-1;1,189953E-1;9,462512E-1;;
30/11/2021  10:22:51,489822;9,403836E-1;9,647060E-2;9,972343E-2;9,460181E-1;;
30/11/2021  10:22:51,489922;9,405476E-1;6,238254E-2;4,633093E-2;9,457819E-1;;
30/11/2021  10:22:51,490022;9,400171E-1;7,767438E-2;7,381701E-2;9,455434E-1;;
30/11/2021  10:22:51,490122;9,396892E-1;5,664810E-2;8,645429E-2;9,453033E-1;;
30/11/2021  10:22:51,490222;9,397518E-1;1,034794E-1;1,073058E-1;9,450625E-1;;
30/11/2021  10:22:51,490322;9,401095E-1;1,477620E-1;1,597505E-1;9,448214E-1;;
30/11/2021  10:22:51,490422;9,401720E-1;3,148028E-2;7,034176E-2;9,445808E-1;;
30/11/2021  10:22:51,490522;9,404283E-1;1,311958E-1;1,531159E-1;9,443413E-1;;
30/11/2021  10:22:51,490622;9,398919E-1;1,391603E-1;1,445858E-1;9,441036E-1;;
30/11/2021  10:22:51,490722;9,401244E-1;1,898145E-1;1,837613E-1;9,438682E-1;;
30/11/2021  10:22:51,490822;9,395521E-1;1,757970E-1;1,540637E-1;9,436358E-1;;
30/11/2021  10:22:51,490922;9,398681E-1;1,726112E-1;1,600664E-1;9,434067E-1;;
30/11/2021  10:22:51,491022;9,406996E-1;1,452133E-1;1,341600E-1;9,431815E-1;;
30/11/2021  10:22:51,491122;9,404283E-1;1,225942E-1;1,294210E-1;9,429605E-1;;
30/11/2021  10:22:51,491222;9,402346E-1;1,260985E-1;1,180475E-1;9,427445E-1;;
30/11/2021  10:22:51,491322;9,397339E-1;1,299215E-1;1,202590E-1;9,425337E-1;;
30/11/2021  10:22:51,491422;9,391349E-1;1,327887E-1;1,581709E-1;9,423285E-1;;
30/11/2021  10:22:51,491522;9,389769E-1;1,343816E-1;1,202590E-1;9,421291E-1;;
30/11/2021  10:22:51,491622;9,398979E-1;1,225942E-1;1,338441E-1;9,419356E-1;;
30/11/2021  10:22:51,491722;9,398055E-1;1,168597E-1;1,354238E-1;9,417480E-1;;
30/11/2021  10:22:51,491822;9,392482E-1;1,308772E-1;1,297370E-1;9,415667E-1;;
30/11/2021  10:22:51,491922;9,389442E-1;1,117624E-1;1,126766E-1;9,413916E-1;;
30/11/2021  10:22:51,492022;9,387236E-1;1,630538E-1;1,891322E-1;9,412229E-1;;
30/11/2021  10:22:51,492122;9,376597E-1;1,225942E-1;1,297370E-1;9,410603E-1;;
30/11/2021  10:22:51,492222;9,377997E-1;1,308772E-1;1,338441E-1;9,409038E-1;;
30/11/2021  10:22:51,492322;9,377818E-1;1,292843E-1;1,265777E-1;9,407530E-1;;
30/11/2021  10:22:51,492422;9,377699E-1;1,315144E-1;1,354238E-1;9,406077E-1;;
30/11/2021  10:22:51,492522;9,375583E-1;1,327887E-1;1,360556E-1;9,404675E-1;;
30/11/2021  10:22:51,492622;9,371977E-1;1,324701E-1;1,202590E-1;9,403324E-1;;
30/11/2021  10:22:51,492722;9,364258E-1;1,286472E-1;1,240502E-1;9,402018E-1;;
30/11/2021  10:22:51,492822;9,370874E-1;1,257800E-1;1,227865E-1;9,400756E-1;;
30/11/2021  10:22:51,492922;9,371649E-1;1,461691E-1;1,436380E-1;9,399533E-1;;
30/11/2021  10:22:51,493022;9,376000E-1;1,388417E-1;1,559593E-1;9,398348E-1;;
30/11/2021  10:22:51,493122;9,380441E-1;1,292843E-1;1,205749E-1;9,397198E-1;;
30/11/2021  10:22:51,493222;9,374331E-1;9,487770E-2;9,119327E-2;9,396084E-1;;
30/11/2021  10:22:51,493322;9,371590E-1;-4,561608E-2;6,117973E-2;9,395005E-1;;
30/11/2021  10:22:51,493422;9,373825E-1;5,441804E-2;1,148882E-1;9,393958E-1;;
30/11/2021  10:22:51,493522;9,380531E-1;1,442576E-1;1,467973E-1;9,392945E-1;;
30/11/2021  10:22:51,493622;9,375375E-1;9,965640E-2;1,562753E-1;9,391964E-1;;
30/11/2021  10:22:51,493722;9,385984E-1;1,238685E-1;1,234183E-1;9,391015E-1;;
30/11/2021  10:22:51,493822;9,386759E-1;1,397975E-1;1,682807E-1;9,390099E-1;;
30/11/2021  10:22:51,493922;9,384107E-1;1,283286E-1;1,294210E-1;9,389219E-1;;
30/11/2021  10:22:51,494022;9,385657E-1;1,372488E-1;1,379512E-1;9,388374E-1;;
30/11/2021  10:22:51,494122;9,384852E-1;1,149482E-1;1,458495E-1;9,387567E-1;;
30/11/2021  10:22:51,494222;9,384852E-1;1,133553E-1;1,196272E-1;9,386799E-1;;
30/11/2021  10:22:51,494322;9,387713E-1;6,588692E-2;7,318515E-2;9,386069E-1;;
30/11/2021  10:22:51,494422;9,391170E-1;1,225942E-1;1,180475E-1;9,385379E-1;;
30/11/2021  10:22:51,494522;9,392422E-1;1,088952E-1;8,961361E-2;9,384730E-1;;
30/11/2021  10:22:51,494622;9,385746E-1;1,245056E-1;1,133085E-1;9,384124E-1;;
30/11/2021  10:22:51,494722;9,380948E-1;1,280100E-1;1,310007E-1;9,383560E-1;;
30/11/2021  10:22:51,494822;9,377520E-1;1,388417E-1;1,543797E-1;9,383038E-1;;
30/11/2021  10:22:51,494922;9,380858E-1;6,811698E-2;8,424277E-2;9,382557E-1;;
30/11/2021  10:22:51,495022;9,388697E-1;1,206827E-1;1,152041E-1;9,382113E-1;;
30/11/2021  10:22:51,495122;9,390813E-1;1,394789E-1;1,594346E-1;9,381708E-1;;
30/11/2021  10:22:51,495222;9,380650E-1;1,630538E-1;1,938712E-1;9,381340E-1;;
30/11/2021  10:22:51,495322;9,384375E-1;1,286472E-1;1,249980E-1;9,381009E-1;;
30/11/2021  10:22:51,495422;9,380411E-1;1,289658E-1;1,303688E-1;9,380713E-1;;
30/11/2021  10:22:51,495522;9,382378E-1;1,343816E-1;1,300529E-1;9,380451E-1;;
30/11/2021  10:22:51,495622;9,388965E-1;1,340630E-1;1,306848E-1;9,380222E-1;;
30/11/2021  10:22:51,495722;9,391081E-1;1,028422E-1;1,158360E-1;9,380023E-1;;
30/11/2021  10:22:51,495822;9,392124E-1;1,235499E-1;1,272095E-1;9,379857E-1;;
30/11/2021  10:22:51,495922;9,391438E-1;1,222756E-1;1,268936E-1;9,379721E-1;;
30/11/2021  10:22:51,496022;9,392452E-1;1,257800E-1;1,161519E-1;9,379617E-1;;
30/11/2021  10:22:51,496122;9,392988E-1;8,532030E-2;7,824006E-2;9,379545E-1;;
30/11/2021  10:22:51,496222;9,392720E-1;1,241871E-1;1,069899E-1;9,379504E-1;;
30/11/2021  10:22:51,496322;9,396565E-1;9,806350E-2;9,719598E-2;9,379494E-1;;
30/11/2021  10:22:51,496422;9,398383E-1;1,308772E-1;1,521681E-1;9,379515E-1;;
30/11/2021  10:22:51,496522;9,398233E-1;1,117624E-1;1,379512E-1;9,379567E-1;;
30/11/2021  10:22:51,496622;9,402167E-1;1,286472E-1;1,294210E-1;9,379652E-1;;
30/11/2021  10:22:51,496722;9,395700E-1;1,350188E-1;1,328963E-1;9,379768E-1;;
30/11/2021  10:22:51,496822;9,391379E-1;1,327887E-1;1,344760E-1;9,379916E-1;;
30/11/2021  10:22:51,496922;9,394806E-1;1,382046E-1;1,281573E-1;9,380094E-1;;
30/11/2021  10:22:51,497022;9,394449E-1;1,417090E-1;1,313166E-1;9,380300E-1;;
30/11/2021  10:22:51,497122;9,397161E-1;1,350188E-1;1,430061E-1;9,380534E-1;;
30/11/2021  10:22:51,497222;9,389769E-1;1,139925E-1;1,180475E-1;9,380793E-1;;
30/11/2021  10:22:51,497322;9,392064E-1;1,149482E-1;1,243661E-1;9,381075E-1;;
30/11/2021  10:22:51,497422;9,384196E-1;1,127182E-1;1,114129E-1;9,381379E-1;;
30/11/2021  10:22:51,497522;9,380620E-1;1,082581E-1;1,028828E-1;9,381699E-1;;
30/11/2021  10:22:51,497622;9,383392E-1;1,060280E-1;1,107811E-1;9,382034E-1;;
30/11/2021  10:22:51,497722;9,381901E-1;1,184526E-1;1,528000E-1;9,382378E-1;;
30/11/2021  10:22:51,497822;9,388816E-1;9,009900E-2;9,751191E-2;9,382729E-1;;
30/11/2021  10:22:51,497922;9,384703E-1;1,264171E-1;1,828136E-1;9,383083E-1;;
30/11/2021  10:22:51,498022;9,383928E-1;9,424054E-2;1,107811E-1;9,383438E-1;;
30/11/2021  10:22:51,498122;9,377908E-1;1,009307E-1;1,164678E-1;9,383791E-1;;
30/11/2021  10:22:51,498222;9,380024E-1;9,551486E-2;1,104651E-1;9,384140E-1;;
30/11/2021  10:22:51,498322;9,391200E-1;1,009307E-1;1,170997E-1;9,384482E-1;;
30/11/2021  10:22:51,498422;9,389322E-1;9,710776E-2;9,214107E-2;9,384815E-1;;
30/11/2021  10:22:51,498522;9,395849E-1;1,111253E-1;1,237343E-1;9,385139E-1;;
30/11/2021  10:22:51,498622;9,394210E-1;1,315144E-1;1,407946E-1;9,385455E-1;;
30/11/2021  10:22:51,498722;9,393584E-1;1,331073E-1;1,423743E-1;9,385763E-1;;
30/11/2021  10:22:51,498822;9,386282E-1;1,471248E-1;1,152041E-1;9,386063E-1;;
30/11/2021  10:22:51,498922;9,393823E-1;1,751599E-1;1,727037E-1;9,386356E-1;;
30/11/2021  10:22:51,499022;9,394657E-1;1,547707E-1;1,158360E-1;9,386641E-1;;
30/11/2021  10:22:51,499122;9,401810E-1;1,439390E-1;1,227865E-1;9,386919E-1;;
30/11/2021  10:22:51,499222;9,400051E-1;4,294916E-2;5,043804E-2;9,387191E-1;;
30/11/2021  10:22:51,499322;9,398681E-1;1,286472E-1;1,259458E-1;9,387459E-1;;
30/11/2021  10:22:51,499422;9,395581E-1;1,433019E-1;1,490088E-1;9,387725E-1;;
30/11/2021  10:22:51,499522;9,395998E-1;1,219570E-1;1,284732E-1;9,387988E-1;;
30/11/2021  10:22:51,499622;9,398621E-1;9,424054E-2;1,044624E-1;9,388249E-1;;
30/11/2021  10:22:51,499722;9,399634E-1;1,238685E-1;1,259458E-1;9,388509E-1;;
30/11/2021  10:22:51,499822;9,400022E-1;1,264171E-1;1,294210E-1;9,388768E-1;;
30/11/2021  10:22:51,499922;9,389412E-1;1,222756E-1;1,379512E-1;9,389026E-1;;
30/11/2021  10:22:51,500022;9,391409E-1;1,190898E-1;1,332122E-1;9,389284E-1;;
30/11/2021  10:22:51,500122;9,382348E-1;1,264171E-1;1,231024E-1;9,389540E-1;;
30/11/2021  10:22:51,500222;9,381127E-1;1,136739E-1;1,212068E-1;9,389791E-1;;
30/11/2021  10:22:51,500322;9,371441E-1;1,216384E-1;1,272095E-1;9,390034E-1;;
30/11/2021  10:22:51,500422;9,375524E-1;1,203641E-1;1,092014E-1;9,390266E-1;;
30/11/2021  10:22:51,500522;9,369414E-1;1,203641E-1;1,224705E-1;9,390481E-1;;
30/11/2021  10:22:51,500622;9,366970E-1;1,181340E-1;1,382671E-1;9,390677E-1;;
30/11/2021  10:22:51,500722;9,357761E-1;1,668768E-1;1,913437E-1;9,390849E-1;;
30/11/2021  10:22:51,500822;9,355615E-1;-2,607782E-3;5,991600E-2;9,390991E-1;;
30/11/2021  10:22:51,500922;9,353857E-1;1,165411E-1;1,594346E-1;9,391098E-1;;
30/11/2021  10:22:51,501022;9,352635E-1;7,799296E-2;1,013031E-1;9,391166E-1;;
30/11/2021  10:22:51,501122;9,357999E-1;1,229127E-1;1,224705E-1;9,391190E-1;;
30/11/2021  10:22:51,501222;9,347717E-1;6,652408E-2;1,041465E-1;9,391165E-1;;
30/11/2021  10:22:51,501322;9,349386E-1;1,273729E-1;1,284732E-1;9,391090E-1;;
30/11/2021  10:22:51,501422;9,340863E-1;1,267357E-1;1,294210E-1;9,390960E-1;;
30/11/2021  10:22:51,501522;9,341131E-1;1,327887E-1;1,417424E-1;9,390773E-1;;
30/11/2021  10:22:51,501622;9,343277E-1;1,190898E-1;1,575390E-1;9,390524E-1;;
30/11/2021  10:22:51,501722;9,344290E-1;1,123996E-1;9,909157E-2;9,390213E-1;;
30/11/2021  10:22:51,501822;9,348701E-1;1,292843E-1;1,335282E-1;9,389838E-1;;
30/11/2021  10:22:51,501922;9,344499E-1;1,238685E-1;1,104651E-1;9,389398E-1;;
30/11/2021  10:22:51,502022;9,339045E-1;1,280100E-1;1,392149E-1;9,388895E-1;;
30/11/2021  10:22:51,502122;9,332399E-1;5,314372E-2;8,297904E-2;9,388329E-1;;
30/11/2021  10:22:51,502222;9,335766E-1;1,213198E-1;1,328963E-1;9,387699E-1;;
30/11/2021  10:22:51,502322;9,330730E-1;1,171783E-1;1,110970E-1;9,387005E-1;;
30/11/2021  10:22:51,502422;9,331296E-1;1,821686E-1;1,689125E-1;9,386246E-1;;
30/11/2021  10:22:51,502522;9,339611E-1;1,146297E-1;1,227865E-1;9,385424E-1;;
30/11/2021  10:22:51,502622;9,333680E-1;5,632952E-2;9,972343E-2;9,384541E-1;;
30/11/2021  10:22:51,502722;9,329478E-1;1,506292E-1;1,793383E-1;9,383597E-1;;
30/11/2021  10:22:51,502822;9,317706E-1;1,155854E-1;1,433221E-1;9,382596E-1;;
30/11/2021  10:22:51,502922;9,317587E-1;1,270543E-1;1,319485E-1;9,381537E-1;;
30/11/2021  10:22:51,503022;9,319852E-1;1,308772E-1;1,357397E-1;9,380421E-1;;
30/11/2021  10:22:51,503122;9,326438E-1;1,276914E-1;1,098333E-1;9,379249E-1;;
30/11/2021  10:22:51,503222;9,330074E-1;1,225942E-1;1,265777E-1;9,378021E-1;;
30/11/2021  10:22:51,503322;9,324978E-1;1,152668E-1;8,708615E-2;9,376743E-1;;
30/11/2021  10:22:51,503422;9,325246E-1;1,104881E-1;8,677022E-2;9,375418E-1;;
30/11/2021  10:22:51,503522;9,325216E-1;1,015679E-1;1,003553E-1;9,374049E-1;;
30/11/2021  10:22:51,503622;9,329627E-1;1,203641E-1;9,751191E-2;9,372640E-1;;
30/11/2021  10:22:51,503722;9,331981E-1;1,327887E-1;1,392149E-1;9,371196E-1;;
30/11/2021  10:22:51,503822;9,341667E-1;1,229127E-1;1,038306E-1;9,369722E-1;;
30/11/2021  10:22:51,503922;9,341220E-1;1,359745E-1;1,335282E-1;9,368226E-1;;
30/11/2021  10:22:51,504022;9,341548E-1;9,933782E-2;1,082536E-1;9,366713E-1;;
30/11/2021  10:22:51,504122;9,346078E-1;1,283286E-1;1,761790E-1;9,365191E-1;;
30/11/2021  10:22:51,504222;9,347628E-1;1,327887E-1;1,313166E-1;9,363668E-1;;
30/11/2021  10:22:51,504322;9,356986E-1;1,264171E-1;1,291051E-1;9,362150E-1;;
30/11/2021  10:22:51,504422;9,362887E-1;1,369303E-1;1,328963E-1;9,360647E-1;;
30/11/2021  10:22:51,504522;9,372096E-1;1,289658E-1;1,291051E-1;9,359166E-1;;
30/11/2021  10:22:51,504622;9,371590E-1;1,296029E-1;1,297370E-1;9,357719E-1;;
30/11/2021  10:22:51,504722;9,370994E-1;1,257800E-1;1,199431E-1;9,356315E-1;;
30/11/2021  10:22:51,504822;9,372782E-1;1,184526E-1;1,161519E-1;9,354962E-1;;
30/11/2021  10:22:51,504922;9,377312E-1;1,311958E-1;1,275255E-1;9,353668E-1;;
30/11/2021  10:22:51,505022;9,380411E-1;1,343816E-1;1,208909E-1;9,352442E-1;;
30/11/2021  10:22:51,505122;9,389680E-1;9,933782E-2;1,360556E-1;9,351289E-1;;
30/11/2021  10:22:51,505222;9,389918E-1;1,219570E-1;1,123607E-1;9,350219E-1;;
30/11/2021  10:22:51,505322;9,386551E-1;1,292843E-1;1,237343E-1;9,349237E-1;;
30/11/2021  10:22:51,505422;9,388935E-1;1,187712E-1;1,196272E-1;9,348349E-1;;
30/11/2021  10:22:51,505522;9,381842E-1;3,052454E-2;5,328143E-2;9,347560E-1;;
30/11/2021  10:22:51,505622;9,391498E-1;1,114439E-1;1,180475E-1;9,346874E-1;;
30/11/2021  10:22:51,505722;9,393644E-1;1,327887E-1;1,439539E-1;9,346292E-1;;
30/11/2021  10:22:51,505822;9,399604E-1;1,057094E-1;1,120448E-1;9,345817E-1;;
30/11/2021  10:22:51,505922;9,393972E-1;1,025236E-1;1,284732E-1;9,345452E-1;;
30/11/2021  10:22:51,506022;9,393137E-1;9,933782E-2;1,035146E-1;9,345197E-1;;
30/11/2021  10:22:51,506122;9,393197E-1;1,034794E-1;1,073058E-1;9,345054E-1;;
30/11/2021  10:22:51,506222;9,397876E-1;7,353284E-2;1,025668E-1;9,345022E-1;;
30/11/2021  10:22:51,506322;9,396356E-1;8,054160E-2;9,688005E-2;9,345099E-1;;
30/11/2021  10:22:51,506422;9,405952E-1;9,838208E-2;9,277293E-2;9,345284E-1;;
30/11/2021  10:22:51,506522;9,409857E-1;9,296622E-2;9,751191E-2;9,345577E-1;;
30/11/2021  10:22:51,506622;9,405267E-1;1,127182E-1;1,025668E-1;9,345976E-1;;
30/11/2021  10:22:51,506722;9,413969E-1;1,155854E-1;1,022509E-1;9,346480E-1;;
30/11/2021  10:22:51,506822;9,408307E-1;1,372488E-1;1,505885E-1;9,347089E-1;;
30/11/2021  10:22:51,506922;9,405893E-1;1,554079E-1;1,268936E-1;9,347800E-1;;
30/11/2021  10:22:51,507022;9,417933E-1;1,585937E-1;1,426902E-1;9,348610E-1;;
30/11/2021  10:22:51,507122;9,425503E-1;1,636910E-1;1,502726E-1;9,349516E-1;;
30/11/2021  10:22:51,507222;9,426844E-1;1,777085E-1;1,682807E-1;9,350518E-1;;
30/11/2021  10:22:51,507322;9,431553E-1;1,761156E-1;1,957668E-1;9,351613E-1;;
30/11/2021  10:22:51,507422;9,434861E-1;1,257800E-1;1,256299E-1;9,352802E-1;;
30/11/2021  10:22:51,507522;9,431196E-1;1,057094E-1;1,167838E-1;9,354082E-1;;
30/11/2021  10:22:51,507622;9,427977E-1;1,235499E-1;1,237343E-1;9,355453E-1;;
30/11/2021  10:22:51,507722;9,436888E-1;1,302401E-1;1,291051E-1;9,356910E-1;;
30/11/2021  10:22:51,507822;9,440077E-1;1,165411E-1;1,227865E-1;9,358452E-1;;
30/11/2021  10:22:51,507922;9,444279E-1;1,315144E-1;1,287892E-1;9,360074E-1;;
30/11/2021  10:22:51,508022;9,442104E-1;1,267357E-1;1,237343E-1;9,361775E-1;;
30/11/2021  10:22:51,508122;9,437722E-1;1,178155E-1;1,082536E-1;9,363552E-1;;
30/11/2021  10:22:51,508222;9,435696E-1;8,595746E-2;9,561632E-2;9,365401E-1;;
30/11/2021  10:22:51,508322;9,442133E-1;8,946184E-2;8,992954E-2;9,367316E-1;;
30/11/2021  10:22:51,508422;9,448660E-1;1,232313E-1;1,357397E-1;9,369293E-1;;
30/11/2021  10:22:51,508522;9,446097E-1;1,570008E-1;1,758630E-1;9,371327E-1;;
30/11/2021  10:22:51,508622;9,446157E-1;8,022302E-2;1,145722E-1;9,373415E-1;;
30/11/2021  10:22:51,508722;9,451909E-1;1,305587E-1;1,366875E-1;9,375552E-1;;
30/11/2021  10:22:51,508822;9,448452E-1;1,194084E-1;1,133085E-1;9,377733E-1;;
30/11/2021  10:22:51,508922;9,445859E-1;1,283286E-1;1,300529E-1;9,379955E-1;;
30/11/2021  10:22:51,509022;9,451730E-1;1,327887E-1;1,306848E-1;9,382212E-1;;
30/11/2021  10:22:51,509122;9,459181E-1;1,245056E-1;1,287892E-1;9,384498E-1;;
30/11/2021  10:22:51,509222;9,464545E-1;1,375674E-1;1,512204E-1;9,386812E-1;;
30/11/2021  10:22:51,509322;9,462727E-1;1,206827E-1;1,139404E-1;9,389149E-1;;
30/11/2021  10:22:51,509422;9,460969E-1;1,280100E-1;1,234183E-1;9,391507E-1;;
30/11/2021  10:22:51,509522;9,460403E-1;1,289658E-1;1,158360E-1;9,393883E-1;;
30/11/2021  10:22:51,509622;9,461267E-1;1,369303E-1;1,196272E-1;9,396273E-1;;
30/11/2021  10:22:51,509722;9,470565E-1;1,280100E-1;1,215227E-1;9,398673E-1;;
30/11/2021  10:22:51,509822;9,470536E-1;1,337445E-1;1,537478E-1;9,401080E-1;;
30/11/2021  10:22:51,509922;9,476615E-1;-7,237680E-2;-1,243243E-2;9,403492E-1;;
30/11/2021  10:22:51,510022;9,480400E-1;1,455319E-1;1,584868E-1;9,405907E-1;;
30/11/2021  10:22:51,510122;9,471579E-1;1,264171E-1;1,351078E-1;9,408324E-1;;
30/11/2021  10:22:51,510222;9,468837E-1;1,296029E-1;1,284732E-1;9,410740E-1;;
30/11/2021  10:22:51,510322;9,469850E-1;1,200455E-1;1,221546E-1;9,413152E-1;;
30/11/2021  10:22:51,510422;9,471847E-1;1,187712E-1;1,218387E-1;9,415556E-1;;
30/11/2021  10:22:51,510522;9,475155E-1;1,216384E-1;1,047783E-1;9,417948E-1;;
30/11/2021  10:22:51,510622;9,475691E-1;1,353374E-1;1,357397E-1;9,420325E-1;;
30/11/2021  10:22:51,510722;9,467287E-1;1,251428E-1;1,193112E-1;9,422685E-1;;
30/11/2021  10:22:51,510822;9,461356E-1;1,276914E-1;1,234183E-1;9,425022E-1;;
30/11/2021  10:22:51,510922;9,453965E-1;1,315144E-1;1,253139E-1;9,427333E-1;;
30/11/2021  10:22:51,511022;9,459002E-1;5,983390E-2;7,413294E-2;9,429610E-1;;
30/11/2021  10:22:51,511122;9,452624E-1;1,117624E-1;1,136244E-1;9,431847E-1;;
30/11/2021  10:22:51,511222;9,449793E-1;7,257710E-2;8,929768E-2;9,434038E-1;;
30/11/2021  10:22:51,511322;9,447766E-1;2,956880E-2;-4,270090E-4;9,436177E-1;;
30/11/2021  10:22:51,511422;9,437484E-1;1,289658E-1;1,180475E-1;9,438257E-1;;
30/11/2021  10:22:51,511522;9,431225E-1;1,745227E-1;1,689125E-1;9,440269E-1;;
30/11/2021  10:22:51,511622;9,419632E-1;1,197269E-1;1,275255E-1;9,442208E-1;;
30/11/2021  10:22:51,511722;9,425086E-1;1,286472E-1;1,275255E-1;9,444062E-1;;
30/11/2021  10:22:51,511822;9,425354E-1;1,200455E-1;1,253139E-1;9,445825E-1;;
30/11/2021  10:22:51,511922;9,427440E-1;1,305587E-1;1,366875E-1;9,447488E-1;;
30/11/2021  10:22:51,512022;9,423596E-1;1,260985E-1;1,284732E-1;9,449047E-1;;
30/11/2021  10:22:51,512122;9,412956E-1;1,375674E-1;1,376353E-1;9,450497E-1;;
30/11/2021  10:22:51,512222;9,404522E-1;1,394789E-1;1,297370E-1;9,451832E-1;;
30/11/2021  10:22:51,512322;9,404552E-1;1,353374E-1;1,275255E-1;9,453046E-1;;
30/11/2021  10:22:51,512422;9,400320E-1;1,270543E-1;1,237343E-1;9,454134E-1;;
30/11/2021  10:22:51,512522;9,404731E-1;9,710776E-2;9,182514E-2;9,455091E-1;;
30/11/2021  10:22:51,512622;9,404880E-1;1,267357E-1;1,142563E-1;9,455913E-1;;
30/11/2021  10:22:51,512722;9,397220E-1;1,264171E-1;1,328963E-1;9,456597E-1;;
30/11/2021  10:22:51,512822;9,394359E-1;1,452133E-1;1,496407E-1;9,457142E-1;;
30/11/2021  10:22:51,512922;9,380083E-1;1,506292E-1;1,354238E-1;9,457546E-1;;
30/11/2021  10:22:51,513022;9,390187E-1;1,439390E-1;1,376353E-1;9,457807E-1;;
30/11/2021  10:22:51,513122;9,385210E-1;1,047537E-1;1,379512E-1;9,457922E-1;;
30/11/2021  10:22:51,513222;9,393048E-1;1,362931E-1;1,294210E-1;9,457893E-1;;
30/11/2021  10:22:51,513322;9,387147E-1;1,423461E-1;1,622780E-1;9,457719E-1;;
30/11/2021  10:22:51,513422;9,381097E-1;9,583344E-2;1,152041E-1;9,457403E-1;;
30/11/2021  10:22:51,513522;9,369712E-1;1,114439E-1;1,212068E-1;9,456948E-1;;
30/11/2021  10:22:51,513622;9,365659E-1;1,254614E-1;1,404787E-1;9,456353E-1;;
30/11/2021  10:22:51,513722;9,366106E-1;2,638300E-2;5,517702E-2;9,455620E-1;;
30/11/2021  10:22:51,513822;9,371262E-1;9,583344E-2;8,582243E-2;9,454749E-1;;
30/11/2021  10:22:51,513922;9,369831E-1;1,101695E-1;1,240502E-1;9,453743E-1;;
30/11/2021  10:22:51,514022;9,367000E-1;1,047537E-1;8,045158E-2;9,452605E-1;;
30/11/2021  10:22:51,514122;9,362380E-1;1,108067E-1;1,496407E-1;9,451341E-1;;
30/11/2021  10:22:51,514222;9,351622E-1;2,702016E-2;4,696279E-2;9,449952E-1;;
30/11/2021  10:22:51,514322;9,351592E-1;1,015679E-1;1,262617E-1;9,448444E-1;;
30/11/2021  10:22:51,514422;9,355824E-1;8,468314E-2;9,214107E-2;9,446818E-1;;
30/11/2021  10:22:51,514522;9,360026E-1;1,101695E-1;1,186794E-1;9,445079E-1;;
30/11/2021  10:22:51,514622;9,359847E-1;1,123996E-1;1,088855E-1;9,443233E-1;;
30/11/2021  10:22:51,514722;9,356390E-1;1,327887E-1;1,752312E-1;9,441285E-1;;
30/11/2021  10:22:51,514822;9,353082E-1;1,471248E-1;1,676488E-1;9,439244E-1;;
30/11/2021  10:22:51,514922;9,349208E-1;1,611423E-1;1,461654E-1;9,437114E-1;;
30/11/2021  10:22:51,515022;9,347270E-1;1,528593E-1;1,357397E-1;9,434902E-1;;
30/11/2021  10:22:51,515122;9,350340E-1;1,614609E-1;1,490088E-1;9,432614E-1;;
30/11/2021  10:22:51,515222;9,356450E-1;1,468062E-1;1,300529E-1;9,430257E-1;;
30/11/2021  10:22:51,515322;9,358119E-1;1,461691E-1;1,480610E-1;9,427837E-1;;
30/11/2021  10:22:51,515422;9,355705E-1;1,136739E-1;1,170997E-1;9,425363E-1;;
30/11/2021  10:22:51,515522;9,351115E-1;1,213198E-1;1,114129E-1;9,422844E-1;;
30/11/2021  10:22:51,515622;9,344022E-1;1,165411E-1;1,461654E-1;9,420286E-1;;
30/11/2021  10:22:51,515722;9,352039E-1;1,009307E-1;1,095173E-1;9,417696E-1;;
30/11/2021  10:22:51,515822;9,357284E-1;7,512574E-2;9,877564E-2;9,415082E-1;;
30/11/2021  10:22:51,515922;9,363811E-1;1,340630E-1;1,467973E-1;9,412451E-1;;
30/11/2021  10:22:51,516022;9,356181E-1;1,340630E-1;1,341600E-1;9,409812E-1;;
30/11/2021  10:22:51,516122;9,354423E-1;1,241871E-1;1,382671E-1;9,407173E-1;;
30/11/2021  10:22:51,516222;9,346615E-1;1,210013E-1;1,351078E-1;9,404541E-1;;
30/11/2021  10:22:51,516322;9,342204E-1;1,289658E-1;1,335282E-1;9,401922E-1;;
30/11/2021  10:22:51,516422;9,345005E-1;1,264171E-1;1,322644E-1;9,399321E-1;;
30/11/2021  10:22:51,516522;9,347151E-1;1,308772E-1;1,294210E-1;9,396741E-1;;
30/11/2021  10:22:51,516622;9,349148E-1;1,162226E-1;1,240502E-1;9,394188E-1;;
30/11/2021  10:22:51,516722;9,345750E-1;1,289658E-1;1,249980E-1;9,391665E-1;;
30/11/2021  10:22:51,516822;9,338627E-1;1,130368E-1;8,834988E-2;9,389177E-1;;
30/11/2021  10:22:51,516922;9,328882E-1;1,155854E-1;1,031987E-1;9,386727E-1;;
30/11/2021  10:22:51,517022;9,332220E-1;1,190898E-1;1,158360E-1;9,384316E-1;;
30/11/2021  10:22:51,517122;9,330014E-1;1,324701E-1;1,297370E-1;9,381945E-1;;
30/11/2021  10:22:51,517222;9,337018E-1;1,362931E-1;1,524841E-1;9,379615E-1;;
30/11/2021  10:22:51,517322;9,340922E-1;1,076209E-1;1,031987E-1;9,377327E-1;;
30/11/2021  10:22:51,517422;9,336869E-1;-7,269538E-2;3,590517E-2;9,375085E-1;;
30/11/2021  10:22:51,517522;9,326796E-1;1,487177E-1;1,644895E-1;9,372889E-1;;
30/11/2021  10:22:51,517622;9,321878E-1;1,184526E-1;1,351078E-1;9,370741E-1;;
30/11/2021  10:22:51,517722;9,320984E-1;1,143111E-1;1,221546E-1;9,368640E-1;;
30/11/2021  10:22:51,517822;9,331385E-1;1,260985E-1;1,360556E-1;9,366586E-1;;
30/11/2021  10:22:51,517922;9,336213E-1;1,302401E-1;1,291051E-1;9,364579E-1;;
30/11/2021  10:22:51,518022;9,339849E-1;1,337445E-1;1,385831E-1;9,362621E-1;;
30/11/2021  10:22:51,518122;9,336184E-1;1,324701E-1;1,332122E-1;9,360714E-1;;
30/11/2021  10:22:51,518222;9,326915E-1;1,334259E-1;1,313166E-1;9,358860E-1;;
30/11/2021  10:22:51,518322;9,323696E-1;1,388417E-1;2,213573E-1;9,357060E-1;;
30/11/2021  10:22:51,518422;9,326706E-1;8,627604E-2;1,284732E-1;9,355314E-1;;
30/11/2021  10:22:51,518522;9,334604E-1;9,009900E-2;1,047783E-1;9,353622E-1;;
30/11/2021  10:22:51,518622;9,336124E-1;1,123996E-1;1,101492E-1;9,351984E-1;;
30/11/2021  10:22:51,518722;9,340177E-1;1,305587E-1;1,164678E-1;9,350402E-1;;
30/11/2021  10:22:51,518822;9,336333E-1;1,127182E-1;8,677022E-2;9,348878E-1;;
30/11/2021  10:22:51,518922;9,326110E-1;1,331073E-1;1,464814E-1;9,347413E-1;;
30/11/2021  10:22:51,519022;9,329567E-1;1,241871E-1;1,262617E-1;9,346007E-1;;
30/11/2021  10:22:51,519122;9,335796E-1;1,232313E-1;1,272095E-1;9,344661E-1;;
30/11/2021  10:22:51,519222;9,344260E-1;1,241871E-1;1,281573E-1;9,343373E-1;;
30/11/2021  10:22:51,519322;9,350370E-1;8,786894E-2;9,435259E-2;9,342146E-1;;
30/11/2021  10:22:51,519422;9,351264E-1;1,538150E-1;1,967146E-1;9,340982E-1;;
30/11/2021  10:22:51,519522;9,349059E-1;1,369303E-1;1,341600E-1;9,339885E-1;;
30/11/2021  10:22:51,519622;9,341965E-1;1,273729E-1;1,291051E-1;9,338857E-1;;
30/11/2021  10:22:51,519722;9,348582E-1;1,394789E-1;1,382671E-1;9,337899E-1;;
30/11/2021  10:22:51,519822;9,363394E-1;1,372488E-1;1,300529E-1;9,337012E-1;;
30/11/2021  10:22:51,519922;9,373676E-1;1,108067E-1;1,126766E-1;9,336198E-1;;
30/11/2021  10:22:51,520022;9,372245E-1;1,235499E-1;1,246821E-1;9,335463E-1;;
30/11/2021  10:22:51,520122;9,380531E-1;1,219570E-1;1,205749E-1;9,334811E-1;;
30/11/2021  10:22:51,520222;9,374749E-1;1,088952E-1;9,182514E-2;9,334246E-1;;
30/11/2021  10:22:51,520322;9,377073E-1;7,863012E-2;9,498445E-2;9,333772E-1;;
30/11/2021  10:22:51,520422;9,379458E-1;1,289658E-1;1,474292E-1;9,333392E-1;;
30/11/2021  10:22:51,520522;9,395074E-1;1,098510E-1;1,588027E-1;9,333109E-1;;
30/11/2021  10:22:51,520622;9,397995E-1;9,360338E-2;1,764949E-1;9,332925E-1;;
30/11/2021  10:22:51,520722;9,412509E-1;9,137332E-2;7,508074E-2;9,332846E-1;;
30/11/2021  10:22:51,520822;9,410363E-1;1,159040E-1;1,186794E-1;9,332875E-1;;
30/11/2021  10:22:51,520922;9,402138E-1;1,114439E-1;1,224705E-1;9,333019E-1;;
30/11/2021  10:22:51,521022;9,404283E-1;1,347002E-1;1,354238E-1;9,333278E-1;;
30/11/2021  10:22:51,521122;9,413731E-1;1,155854E-1;1,486929E-1;9,333656E-1;;
30/11/2021  10:22:51,521222;9,425324E-1;1,311958E-1;1,186794E-1;9,334152E-1;;
30/11/2021  10:22:51,521322;9,431374E-1;1,477620E-1;1,569071E-1;9,334769E-1;;
30/11/2021  10:22:51,521422;9,433818E-1;1,372488E-1;1,291051E-1;9,335510E-1;;
30/11/2021  10:22:51,521522;9,428245E-1;1,174969E-1;1,177316E-1;9,336376E-1;;
30/11/2021  10:22:51,521622;9,421420E-1;1,053908E-1;1,035146E-1;9,337370E-1;;
30/11/2021  10:22:51,521722;9,426815E-1;8,086018E-2;8,361090E-2;9,338488E-1;;
30/11/2021  10:22:51,521822;9,432596E-1;1,044351E-1;1,019350E-1;9,339729E-1;;
30/11/2021  10:22:51,521922;9,440047E-1;1,286472E-1;1,708081E-1;9,341090E-1;;
30/11/2021  10:22:51,522022;9,448988E-1;1,538150E-1;9,119327E-2;9,342569E-1;;
30/11/2021  10:22:51,522122;9,445024E-1;1,483991E-1;2,052447E-1;9,344165E-1;;
30/11/2021  10:22:51,522222;9,440703E-1;1,028422E-1;1,303688E-1;9,345876E-1;;
30/11/2021  10:22:51,522322;9,435666E-1;1,002936E-1;1,114129E-1;9,347699E-1;;
30/11/2021  10:22:51,522422;9,438378E-1;1,031608E-1;1,133085E-1;9,349627E-1;;
30/11/2021  10:22:51,522522;9,455396E-1;8,882468E-2;1,085695E-1;9,351657E-1;;
30/11/2021  10:22:51,522622;9,461356E-1;7,162136E-2;6,655058E-2;9,353783E-1;;
30/11/2021  10:22:51,522722;9,459538E-1;1,149482E-1;1,262617E-1;9,356002E-1;;
30/11/2021  10:22:51,522822;9,461535E-1;1,283286E-1;1,328963E-1;9,358311E-1;;
30/11/2021  10:22:51,522922;9,458138E-1;1,382046E-1;1,328963E-1;9,360707E-1;;
30/11/2021  10:22:51,523022;9,453518E-1;1,200455E-1;9,245700E-2;9,363184E-1;;
30/11/2021  10:22:51,523122;9,459449E-1;1,748413E-1;1,603824E-1;9,365738E-1;;
30/11/2021  10:22:51,523222;9,467823E-1;1,598680E-1;1,398468E-1;9,368361E-1;;
30/11/2021  10:22:51,523322;9,477688E-1;1,579565E-1;1,667010E-1;9,371049E-1;;
30/11/2021  10:22:51,523422;9,481294E-1;-1,949252E-2;5,833634E-2;9,373797E-1;;
30/11/2021  10:22:51,523522;9,479506E-1;1,104881E-1;1,145722E-1;9,376604E-1;;
30/11/2021  10:22:51,523622;9,473039E-1;1,372488E-1;1,363715E-1;9,379466E-1;;
30/11/2021  10:22:51,523722;9,477420E-1;1,222756E-1;1,259458E-1;9,382377E-1;;
30/11/2021  10:22:51,523822;9,480490E-1;1,260985E-1;1,262617E-1;9,385334E-1;;
30/11/2021  10:22:51,523922;9,488447E-1;1,248242E-1;1,268936E-1;9,388330E-1;;
30/11/2021  10:22:51,524022;9,492173E-1;1,292843E-1;1,360556E-1;9,391362E-1;;
30/11/2021  10:22:51,524122;9,491547E-1;1,528593E-1;1,572231E-1;9,394425E-1;;
30/11/2021  10:22:51,524222;9,490265E-1;1,283286E-1;1,303688E-1;9,397518E-1;;
30/11/2021  10:22:51,524322;9,483381E-1;1,292843E-1;1,291051E-1;9,400635E-1;;
30/11/2021  10:22:51,524422;9,485616E-1;1,311958E-1;1,284732E-1;9,403770E-1;;
30/11/2021  10:22:51,524522;9,492500E-1;1,210013E-1;1,183634E-1;9,406918E-1;;
30/11/2021  10:22:51,524622;9,498580E-1;1,079395E-1;1,133085E-1;9,410074E-1;;
30/11/2021  10:22:51,524722;9,492798E-1;1,273729E-1;1,259458E-1;9,413233E-1;;
30/11/2021  10:22:51,524822;9,496524E-1;1,235499E-1;1,398468E-1;9,416391E-1;;
30/11/2021  10:22:51,524922;9,490563E-1;1,280100E-1;1,420583E-1;9,419544E-1;;
30/11/2021  10:22:51,525022;9,492381E-1;1,748413E-1;1,401627E-1;9,422685E-1;;
30/11/2021  10:22:51,525122;9,488775E-1;1,340630E-1;1,297370E-1;9,425810E-1;;
30/11/2021  10:22:51,525222;9,499355E-1;9,424054E-2;1,373193E-1;9,428913E-1;;
30/11/2021  10:22:51,525322;9,498461E-1;1,280100E-1;1,234183E-1;9,431989E-1;;
30/11/2021  10:22:51,525422;9,495719E-1;1,573194E-1;1,888163E-1;9,435035E-1;;
30/11/2021  10:22:51,525522;9,491338E-1;1,299215E-1;1,316326E-1;9,438045E-1;;
30/11/2021  10:22:51,525622;9,486301E-1;1,273729E-1;1,294210E-1;9,441015E-1;;
30/11/2021  10:22:51,525722;9,480639E-1;1,506292E-1;1,543797E-1;9,443940E-1;;
30/11/2021  10:22:51,525822;9,479029E-1;1,359745E-1;1,401627E-1;9,446811E-1;;
30/11/2021  10:22:51,525922;9,481801E-1;1,076209E-1;9,782784E-2;9,449624E-1;;
30/11/2021  10:22:51,526022;9,479059E-1;1,238685E-1;1,246821E-1;9,452371E-1;;
30/11/2021  10:22:51,526122;9,473426E-1;1,181340E-1;9,561632E-2;9,455046E-1;;
30/11/2021  10:22:51,526222;9,466542E-1;1,557265E-1;1,543797E-1;9,457643E-1;;
30/11/2021  10:22:51,526322;9,461773E-1;1,687883E-1;1,613302E-1;9,460155E-1;;
30/11/2021  10:22:51,526422;9,456707E-1;1,184526E-1;1,670170E-1;9,462575E-1;;
30/11/2021  10:22:51,526522;9,457512E-1;8,404598E-2;8,234717E-2;9,464895E-1;;
30/11/2021  10:22:51,526622;9,454323E-1;1,321516E-1;1,316326E-1;9,467109E-1;;
30/11/2021  10:22:51,526722;9,454382E-1;1,423461E-1;1,300529E-1;9,469211E-1;;
30/11/2021  10:22:51,526822;9,444786E-1;1,241871E-1;1,673329E-1;9,471193E-1;;
30/11/2021  10:22:51,526922;9,440524E-1;1,343816E-1;1,240502E-1;9,473052E-1;;
30/11/2021  10:22:51,527022;9,433401E-1;1,611423E-1;1,625939E-1;9,474781E-1;;
30/11/2021  10:22:51,527122;9,428215E-1;1,229127E-1;1,265777E-1;9,476374E-1;;
30/11/2021  10:22:51,527222;9,428990E-1;1,299215E-1;1,297370E-1;9,477824E-1;;
30/11/2021  10:22:51,527322;9,426725E-1;8,436456E-2;8,424277E-2;9,479127E-1;;
30/11/2021  10:22:51,527422;9,421986E-1;1,308772E-1;1,275255E-1;9,480279E-1;;
30/11/2021  10:22:51,527522;9,420556E-1;9,870066E-2;7,350108E-2;9,481276E-1;;
30/11/2021  10:22:51,527622;9,410483E-1;9,742634E-2;6,749837E-2;9,482114E-1;;
30/11/2021  10:22:51,527722;9,406340E-1;1,509478E-1;1,284732E-1;9,482791E-1;;
30/11/2021  10:22:51,527822;9,403151E-1;1,200455E-1;1,291051E-1;9,483304E-1;;
30/11/2021  10:22:51,527922;9,408396E-1;1,706997E-1;1,910278E-1;9,483651E-1;;
30/11/2021  10:22:51,528022;9,412181E-1;1,347002E-1;1,426902E-1;9,483830E-1;;
30/11/2021  10:22:51,528122;9,412181E-1;1,146297E-1;1,057261E-1;9,483842E-1;;
30/11/2021  10:22:51,528222;9,402376E-1;1,627352E-1;1,629098E-1;9,483691E-1;;
30/11/2021  10:22:51,528322;9,402466E-1;2,006463E-1;1,850251E-1;9,483379E-1;;
30/11/2021  10:22:51,528422;9,395194E-1;1,286472E-1;1,306848E-1;9,482908E-1;;
30/11/2021  10:22:51,528522;9,405356E-1;1,296029E-1;1,240502E-1;9,482281E-1;;
30/11/2021  10:22:51,528622;9,403091E-1;1,337445E-1;1,303688E-1;9,481502E-1;;
30/11/2021  10:22:51,528722;9,404254E-1;1,149482E-1;1,221546E-1;9,480577E-1;;
30/11/2021  10:22:51,528822;9,402167E-1;1,276914E-1;1,126766E-1;9,479511E-1;;
30/11/2021  10:22:51,528922;9,393733E-1;1,146297E-1;1,079377E-1;9,478312E-1;;
30/11/2021  10:22:51,529022;9,388458E-1;1,114439E-1;1,073058E-1;9,476984E-1;;
30/11/2021  10:22:51,529122;9,387922E-1;1,187712E-1;1,139404E-1;9,475533E-1;;
30/11/2021  10:22:51,529222;9,393912E-1;1,375674E-1;1,303688E-1;9,473963E-1;;
30/11/2021  10:22:51,529322;9,389024E-1;1,442576E-1;1,625939E-1;9,472282E-1;;
30/11/2021  10:22:51,529422;9,389501E-1;8,404598E-2;8,139938E-2;9,470495E-1;;
30/11/2021  10:22:51,529522;9,385865E-1;1,200455E-1;1,193112E-1;9,468609E-1;;
30/11/2021  10:22:51,529622;9,379338E-1;1,133553E-1;1,208909E-1;9,466630E-1;;
30/11/2021  10:22:51,529722;9,366940E-1;1,053908E-1;9,372073E-2;9,464564E-1;;
30/11/2021  10:22:51,529822;9,369980E-1;1,101695E-1;1,155200E-1;9,462415E-1;;
30/11/2021  10:22:51,529922;9,370338E-1;1,139925E-1;1,174156E-1;9,460188E-1;;
30/11/2021  10:22:51,530022;9,367834E-1;1,104881E-1;1,142563E-1;9,457886E-1;;
30/11/2021  10:22:51,530122;9,361874E-1;1,171783E-1;1,392149E-1;9,455514E-1;;
30/11/2021  10:22:51,530222;9,359430E-1;1,114439E-1;1,145722E-1;9,453077E-1;;
30/11/2021  10:22:51,530322;9,352456E-1;1,060280E-1;1,031987E-1;9,450579E-1;;
30/11/2021  10:22:51,530422;9,345363E-1;9,965640E-2;8,929768E-2;9,448022E-1;;
30/11/2021  10:22:51,530522;9,342949E-1;3,371034E-2;1,189953E-1;9,445411E-1;;
30/11/2021  10:22:51,530622;9,345125E-1;6,238254E-2;1,060421E-1;9,442746E-1;;
30/11/2021  10:22:51,530722;9,345929E-1;8,340882E-2;9,119327E-2;9,440030E-1;;
30/11/2021  10:22:51,530822;9,342114E-1;5,059508E-2;2,389975E-2;9,437268E-1;;
30/11/2021  10:22:51,530922;9,338926E-1;7,480716E-2;7,634447E-2;9,434462E-1;;
30/11/2021  10:22:51,531022;9,333144E-1;1,429833E-1;1,455336E-1;9,431618E-1;;
30/11/2021  10:22:51,531122;9,328465E-1;1,993719E-1;1,869207E-1;9,428737E-1;;
30/11/2021  10:22:51,531222;9,328763E-1;1,143111E-1;1,016190E-1;9,425822E-1;;
30/11/2021  10:22:51,531322;9,327869E-1;1,531778E-1;1,458495E-1;9,422877E-1;;
30/11/2021  10:22:51,531422;9,335826E-1;8,213450E-2;1,076217E-1;9,419904E-1;;
30/11/2021  10:22:51,531522;9,330253E-1;1,410718E-1;1,366875E-1;9,416907E-1;;
30/11/2021  10:22:51,531622;9,327243E-1;1,356559E-1;1,325804E-1;9,413892E-1;;
30/11/2021  10:22:51,531722;9,314874E-1;1,241871E-1;1,221546E-1;9,410863E-1;;
30/11/2021  10:22:51,531822;9,317318E-1;1,273729E-1;1,300529E-1;9,407822E-1;;
30/11/2021  10:22:51,531922;9,322117E-1;1,353374E-1;1,347919E-1;9,404773E-1;;
30/11/2021  10:22:51,532022;9,321074E-1;1,213198E-1;1,193112E-1;9,401719E-1;;
30/11/2021  10:22:51,532122;9,324650E-1;1,286472E-1;1,287892E-1;9,398663E-1;;
30/11/2021  10:22:51,532222;9,317646E-1;1,283286E-1;1,208909E-1;9,395611E-1;;
30/11/2021  10:22:51,532322;9,313653E-1;1,210013E-1;1,031987E-1;9,392567E-1;;
30/11/2021  10:22:51,532422;9,307394E-1;1,413904E-1;1,534319E-1;9,389533E-1;;
30/11/2021  10:22:51,532522;9,306828E-1;1,324701E-1;1,521681E-1;9,386514E-1;;
30/11/2021  10:22:51,532622;9,308854E-1;1,337445E-1;1,161519E-1;9,383510E-1;;
30/11/2021  10:22:51,532722;9,319315E-1;1,506292E-1;1,486929E-1;9,380525E-1;;
30/11/2021  10:22:51,532822;9,312699E-1;2,224146E-2;6,307532E-2;9,377563E-1;;
30/11/2021  10:22:51,532922;9,313861E-1;1,321516E-1;1,316326E-1;9,374627E-1;;
30/11/2021  10:22:51,533022;9,314159E-1;1,305587E-1;1,316326E-1;9,371722E-1;;
30/11/2021  10:22:51,533122;9,313325E-1;1,260985E-1;1,265777E-1;9,368852E-1;;
30/11/2021  10:22:51,533222;9,320120E-1;-5,326200E-2;3,811669E-2;9,366022E-1;;
30/11/2021  10:22:51,533322;9,326885E-1;1,283286E-1;1,180475E-1;9,363235E-1;;
30/11/2021  10:22:51,533422;9,337286E-1;1,382046E-1;1,663851E-1;9,360499E-1;;
30/11/2021  10:22:51,533522;9,338926E-1;1,273729E-1;1,212068E-1;9,357819E-1;;
30/11/2021  10:22:51,533622;9,343307E-1;1,219570E-1;1,161519E-1;9,355205E-1;;
30/11/2021  10:22:51,533722;9,346466E-1;1,254614E-1;1,092014E-1;9,352665E-1;;
30/11/2021  10:22:51,533822;9,351353E-1;9,838208E-2;8,929768E-2;9,350206E-1;;
30/11/2021  10:22:51,533922;9,361725E-1;1,178155E-1;1,082536E-1;9,347836E-1;;
30/11/2021  10:22:51,534022;9,369116E-1;1,506292E-1;1,806020E-1;9,345565E-1;;
30/11/2021  10:22:51,534122;9,383660E-1;1,343816E-1;2,441044E-1;9,343403E-1;;
30/11/2021  10:22:51,534222;9,384226E-1;1,980976E-1;1,932393E-1;9,341359E-1;;
30/11/2021  10:22:51,534322;9,385984E-1;1,159040E-1;1,335282E-1;9,339445E-1;;
30/11/2021  10:22:51,534422;9,386759E-1;1,178155E-1;1,275255E-1;9,337669E-1;;
30/11/2021  10:22:51,534522;9,392869E-1;1,238685E-1;1,275255E-1;9,336039E-1;;
30/11/2021  10:22:51,534622;9,403181E-1;1,283286E-1;1,297370E-1;9,334564E-1;;
30/11/2021  10:22:51,534722;9,410155E-1;1,018865E-1;7,950379E-2;9,333250E-1;;
30/11/2021  10:22:51,534822;9,415549E-1;1,267357E-1;1,256299E-1;9,332105E-1;;
30/11/2021  10:22:51,534922;9,415340E-1;1,311958E-1;1,332122E-1;9,331137E-1;;
30/11/2021  10:22:51,535022;9,417337E-1;1,375674E-1;1,287892E-1;9,330350E-1;;
30/11/2021  10:22:51,535122;9,411704E-1;1,108067E-1;1,035146E-1;9,329749E-1;;
30/11/2021  10:22:51,535222;9,420228E-1;1,136739E-1;1,559593E-1;9,329336E-1;;
30/11/2021  10:22:51,535322;9,427560E-1;1,232313E-1;1,357397E-1;9,329113E-1;;
30/11/2021  10:22:51,535422;9,432060E-1;1,245056E-1;1,370034E-1;9,329081E-1;;
30/11/2021  10:22:51,535522;9,427679E-1;8,468314E-2;9,056141E-2;9,329241E-1;;
30/11/2021  10:22:51,535622;9,431941E-1;9,328480E-2;1,000394E-1;9,329592E-1;;
30/11/2021  10:22:51,535722;9,423179E-1;1,366117E-1;1,335282E-1;9,330133E-1;;
30/11/2021  10:22:51,535822;9,426308E-1;1,286472E-1;1,306848E-1;9,330859E-1;;
30/11/2021  10:22:51,535922;9,427232E-1;1,315144E-1;1,370034E-1;9,331767E-1;;
30/11/2021  10:22:51,536022;9,428871E-1;1,257800E-1;1,237343E-1;9,332849E-1;;
30/11/2021  10:22:51,536122;9,426934E-1;1,184526E-1;1,262617E-1;9,334099E-1;;
30/11/2021  10:22:51,536222;9,424013E-1;1,627352E-1;1,720719E-1;9,335511E-1;;
30/11/2021  10:22:51,536322;9,425652E-1;1,308772E-1;1,313166E-1;9,337075E-1;;
30/11/2021  10:22:51,536422;9,420675E-1;1,356559E-1;1,275255E-1;9,338784E-1;;
30/11/2021  10:22:51,536522;9,419602E-1;1,407532E-1;1,325804E-1;9,340626E-1;;
30/11/2021  10:22:51,536622;9,418291E-1;1,213198E-1;1,249980E-1;9,342592E-1;;
30/11/2021  10:22:51,536722;9,415758E-1;1,311958E-1;1,477451E-1;9,344670E-1;;
30/11/2021  10:22:51,536822;9,418410E-1;1,200455E-1;1,038306E-1;9,346848E-1;;
30/11/2021  10:22:51,536922;9,413820E-1;1,789828E-1;1,483770E-1;9,349116E-1;;
30/11/2021  10:22:51,537022;9,406280E-1;1,037979E-1;1,189953E-1;9,351461E-1;;
30/11/2021  10:22:51,537122;9,405356E-1;1,305587E-1;1,341600E-1;9,353871E-1;;
30/11/2021  10:22:51,537222;9,403002E-1;1,461691E-1;1,407946E-1;9,356334E-1;;
30/11/2021  10:22:51,537322;9,406578E-1;6,015248E-2;1,262617E-1;9,358835E-1;;
30/11/2021  10:22:51,537422;9,408575E-1;1,315144E-1;1,174156E-1;9,361363E-1;;
30/11/2021  10:22:51,537522;9,400081E-1;1,538150E-1;1,657532E-1;9,363907E-1;;
30/11/2021  10:22:51,537622;9,398502E-1;1,302401E-1;1,291051E-1;9,366456E-1;;
30/11/2021  10:22:51,537722;9,394568E-1;1,286472E-1;1,328963E-1;9,368998E-1;;
30/11/2021  10:22:51,537822;9,392005E-1;1,493549E-1;1,622780E-1;9,371522E-1;;
30/11/2021  10:22:51,537922;9,390008E-1;1,133553E-1;1,262617E-1;9,374017E-1;;
30/11/2021  10:22:51,538022;9,393912E-1;-1,089086E-2;4,317161E-2;9,376472E-1;;
30/11/2021  10:22:51,538122;9,399694E-1;1,108067E-1;1,212068E-1;9,378878E-1;;
30/11/2021  10:22:51,538222;9,399008E-1;8,786894E-2;4,791059E-2;9,381227E-1;;
30/11/2021  10:22:51,538322;9,404313E-1;1,519035E-1;1,897641E-1;9,383512E-1;;
30/11/2021  10:22:51,538422;9,401184E-1;1,745227E-1;1,986102E-1;9,385730E-1;;
30/11/2021  10:22:51,538522;9,401363E-1;1,047537E-1;1,145722E-1;9,387875E-1;;
30/11/2021  10:22:51,538622;9,410781E-1;8,372740E-2;1,110970E-1;9,389944E-1;;
30/11/2021  10:22:51,538722;9,417665E-1;1,073023E-1;1,205749E-1;9,391934E-1;;
30/11/2021  10:22:51,538822;9,423298E-1;1,085766E-1;1,158360E-1;9,393846E-1;;
30/11/2021  10:22:51,538922;9,423655E-1;1,241871E-1;1,840773E-1;9,395681E-1;;
30/11/2021  10:22:51,539022;9,419274E-1;1,318330E-1;1,373193E-1;9,397440E-1;;
30/11/2021  10:22:51,539122;9,422970E-1;2,681852E-1;1,995579E-1;9,399126E-1;;
30/11/2021  10:22:51,539222;9,423655E-1;1,458505E-1;1,414265E-1;9,400740E-1;;
30/11/2021  10:22:51,539322;9,418649E-1;1,589123E-1;1,445858E-1;9,402284E-1;;
30/11/2021  10:22:51,539422;9,425444E-1;1,292843E-1;1,085695E-1;9,403759E-1;;
30/11/2021  10:22:51,539522;9,431017E-1;1,687883E-1;1,528000E-1;9,405168E-1;;
30/11/2021  10:22:51,539622;9,427470E-1;1,155854E-1;1,183634E-1;9,406512E-1;;
30/11/2021  10:22:51,539722;9,425593E-1;8,659462E-2;9,877564E-2;9,407796E-1;;
30/11/2021  10:22:51,539822;9,419274E-1;7,098420E-2;9,498445E-2;9,409020E-1;;
30/11/2021  10:22:51,539922;9,411347E-1;1,413904E-1;1,480610E-1;9,410186E-1;;
30/11/2021  10:22:51,540022;9,416860E-1;1,069837E-1;1,205749E-1;9,411295E-1;;
30/11/2021  10:22:51,540122;9,413940E-1;1,681511E-1;1,622780E-1;9,412344E-1;;
30/11/2021  10:22:51,540222;9,411466E-1;-6,749322E-3;8,013565E-2;9,413335E-1;;
30/11/2021  10:22:51,540322;9,406250E-1;1,401161E-1;1,509044E-1;9,414266E-1;;
30/11/2021  10:22:51,540422;9,395015E-1;1,433019E-1;1,562753E-1;9,415136E-1;;
30/11/2021  10:22:51,540522;9,388577E-1;1,251428E-1;1,306848E-1;9,415944E-1;;
30/11/2021  10:22:51,540622;9,387206E-1;1,315144E-1;1,442698E-1;9,416684E-1;;
30/11/2021  10:22:51,540722;9,384256E-1;1,299215E-1;1,142563E-1;9,417353E-1;;
30/11/2021  10:22:51,540822;9,376597E-1;1,203641E-1;1,246821E-1;9,417947E-1;;
30/11/2021  10:22:51,540922;9,370904E-1;1,241871E-1;1,180475E-1;9,418461E-1;;
30/11/2021  10:22:51,541022;9,370189E-1;9,105474E-2;6,655058E-2;9,418892E-1;;
30/11/2021  10:22:51,541122;9,361963E-1;6,875414E-2;8,740209E-2;9,419233E-1;;
30/11/2021  10:22:51,541222;9,360533E-1;1,455319E-1;1,550115E-1;9,419482E-1;;
30/11/2021  10:22:51,541322;9,361606E-1;1,146297E-1;1,117289E-1;9,419634E-1;;
30/11/2021  10:22:51,541422;9,361933E-1;1,283286E-1;1,455336E-1;9,419685E-1;;
30/11/2021  10:22:51,541522;9,356748E-1;-2,586412E-2;6,939396E-2;9,419633E-1;;
30/11/2021  10:22:51,541622;9,351651E-1;-2,172258E-2;5,391329E-2;9,419477E-1;;
30/11/2021  10:22:51,541722;9,351204E-1;1,515849E-1;1,783905E-1;9,419215E-1;;
30/11/2021  10:22:51,541822;9,348820E-1;1,037979E-1;1,411105E-1;9,418846E-1;;
30/11/2021  10:22:51,541922;9,342591E-1;1,168597E-1;1,287892E-1;9,418369E-1;;
30/11/2021  10:22:51,542022;9,347568E-1;1,178155E-1;1,259458E-1;9,417783E-1;;
30/11/2021  10:22:51,542122;9,354483E-1;1,267357E-1;1,272095E-1;9,417089E-1;;
30/11/2021  10:22:51,542222;9,353231E-1;1,461691E-1;1,540637E-1;9,416289E-1;;
30/11/2021  10:22:51,542322;9,348999E-1;1,133553E-1;1,117289E-1;9,415387E-1;;
30/11/2021  10:22:51,542422;9,347866E-1;1,206827E-1;1,189953E-1;9,414386E-1;;
30/11/2021  10:22:51,542522;9,345810E-1;1,168597E-1;1,455336E-1;9,413290E-1;;
30/11/2021  10:22:51,542622;9,347479E-1;1,321516E-1;1,291051E-1;9,412103E-1;;
30/11/2021  10:22:51,542722;9,356152E-1;8,818752E-2;6,970989E-2;9,410830E-1;;
30/11/2021  10:22:51,542822;9,357314E-1;1,353374E-1;1,322644E-1;9,409475E-1;;
30/11/2021  10:22:51,542922;9,357940E-1;8,054160E-2;7,350108E-2;9,408046E-1;;
30/11/2021  10:22:51,543022;9,354453E-1;8,022302E-2;7,918786E-2;9,406551E-1;;
30/11/2021  10:22:51,543122;9,357761E-1;1,238685E-1;1,212068E-1;9,404996E-1;;
30/11/2021  10:22:51,543222;9,356122E-1;1,356559E-1;1,322644E-1;9,403388E-1;;
30/11/2021  10:22:51,543322;9,360801E-1;1,318330E-1;1,259458E-1;9,401735E-1;;
30/11/2021  10:22:51,543422;9,363841E-1;1,213198E-1;1,240502E-1;9,400045E-1;;
30/11/2021  10:22:51,543522;9,369205E-1;1,363980E-2;6,781430E-2;9,398324E-1;;
30/11/2021  10:22:51,543622;9,368371E-1;1,241871E-1;1,224705E-1;9,396582E-1;;
30/11/2021  10:22:51,543722;9,369652E-1;1,267357E-1;1,167838E-1;9,394827E-1;;
30/11/2021  10:22:51,543822;9,375553E-1;1,324701E-1;1,227865E-1;9,393068E-1;;
30/11/2021  10:22:51,543922;9,377550E-1;1,385232E-1;1,265777E-1;9,391314E-1;;
30/11/2021  10:22:51,544022;9,385716E-1;1,296029E-1;1,297370E-1;9,389573E-1;;
30/11/2021  10:22:51,544122;9,386104E-1;1,382046E-1;1,382671E-1;9,387854E-1;;
30/11/2021  10:22:51,544222;9,393197E-1;1,187712E-1;1,152041E-1;9,386167E-1;;
30/11/2021  10:22:51,544322;9,394270E-1;1,184526E-1;1,126766E-1;9,384522E-1;;
30/11/2021  10:22:51,544422;9,392273E-1;1,178155E-1;1,177316E-1;9,382927E-1;;
30/11/2021  10:22:51,544522;9,394627E-1;1,098510E-1;1,253139E-1;9,381391E-1;;
30/11/2021  10:22:51,544622;9,401571E-1;1,238685E-1;1,259458E-1;9,379920E-1;;
30/11/2021  10:22:51,544722;9,408992E-1;5,951532E-2;1,313166E-1;9,378523E-1;;
30/11/2021  10:22:51,544822;9,410721E-1;1,448948E-1;1,436380E-1;9,377207E-1;;
30/11/2021  10:22:51,544922;9,413880E-1;1,315144E-1;1,619620E-1;9,375979E-1;;
30/11/2021  10:22:51,545022;9,413731E-1;1,302401E-1;1,227865E-1;9,374846E-1;;
30/11/2021  10:22:51,545122;9,413642E-1;1,276914E-1;1,303688E-1;9,373815E-1;;
30/11/2021  10:22:51,545222;9,416950E-1;1,267357E-1;1,379512E-1;9,372890E-1;;
30/11/2021  10:22:51,545322;9,417397E-1;1,455319E-1;1,565912E-1;9,372076E-1;;
30/11/2021  10:22:51,545422;9,419125E-1;1,378860E-1;1,303688E-1;9,371375E-1;;
30/11/2021  10:22:51,545522;9,423387E-1;1,608238E-1;1,682807E-1;9,370791E-1;;
30/11/2021  10:22:51,545622;9,426308E-1;1,483991E-1;1,357397E-1;9,370325E-1;;
30/11/2021  10:22:51,545722;9,424967E-1;1,165411E-1;1,145722E-1;9,369981E-1;;
30/11/2021  10:22:51,545822;9,411973E-1;1,174969E-1;1,297370E-1;9,369758E-1;;
30/11/2021  10:22:51,545922;9,416711E-1;1,216384E-1;1,275255E-1;9,369655E-1;;
30/11/2021  10:22:51,546022;9,420258E-1;9,232906E-2;8,297904E-2;9,369670E-1;;
30/11/2021  10:22:51,546122;9,416056E-1;6,493118E-2;9,372073E-2;9,369800E-1;;
30/11/2021  10:22:51,546222;9,423894E-1;7,225852E-2;9,403666E-2;9,370042E-1;;
30/11/2021  10:22:51,546322;9,419334E-1;2,446103E-1;2,684311E-1;9,370392E-1;;
30/11/2021  10:22:51,546422;9,414655E-1;1,111253E-1;1,142563E-1;9,370846E-1;;
30/11/2021  10:22:51,546522;9,414118E-1;1,028422E-1;1,110970E-1;9,371401E-1;;
30/11/2021  10:22:51,546622;9,416264E-1;1,037979E-1;1,066739E-1;9,372050E-1;;
30/11/2021  10:22:51,546722;9,427142E-1;1,018865E-1;1,126766E-1;9,372787E-1;;
30/11/2021  10:22:51,546822;9,427470E-1;5,855958E-2;7,855599E-2;9,373609E-1;;
30/11/2021  10:22:51,546922;9,427977E-1;9,774492E-2;1,006712E-1;9,374511E-1;;
30/11/2021  10:22:51,547022;9,430003E-1;1,149482E-1;1,167838E-1;9,375490E-1;;
30/11/2021  10:22:51,547122;9,429646E-1;1,286472E-1;1,123607E-1;9,376542E-1;;
30/11/2021  10:22:51,547222;9,426189E-1;2,028763E-1;1,900800E-1;9,377663E-1;;
30/11/2021  10:22:51,547322;9,438468E-1;1,286472E-1;1,588027E-1;9,378849E-1;;
30/11/2021  10:22:51,547422;9,443385E-1;-2,745702E-2;4,475127E-2;9,380096E-1;;
30/11/2021  10:22:51,547522;9,446842E-1;1,773899E-1;1,755471E-1;9,381402E-1;;
30/11/2021  10:22:51,547622;9,451879E-1;7,894870E-2;1,347919E-1;9,382765E-1;;
30/11/2021  10:22:51,547722;9,449882E-1;1,433019E-1;1,458495E-1;9,384184E-1;;
30/11/2021  10:22:51,547822;9,453399E-1;1,366117E-1;1,351078E-1;9,385658E-1;;
30/11/2021  10:22:51,547922;9,454353E-1;1,245056E-1;1,218387E-1;9,387183E-1;;
30/11/2021  10:22:51,548022;9,462072E-1;1,073023E-1;1,085695E-1;9,388760E-1;;
30/11/2021  10:22:51,548122;9,464188E-1;1,200455E-1;1,243661E-1;9,390387E-1;;
30/11/2021  10:22:51,548222;9,463711E-1;1,069837E-1;1,638576E-1;9,392062E-1;;
30/11/2021  10:22:51,548322;9,467078E-1;1,257800E-1;1,303688E-1;9,393785E-1;;
30/11/2021  10:22:51,548422;9,462817E-1;1,222756E-1;1,231024E-1;9,395553E-1;;
30/11/2021  10:22:51,548522;9,453250E-1;1,254614E-1;1,177316E-1;9,397365E-1;;
30/11/2021  10:22:51,548622;9,456856E-1;9,838208E-2;8,487463E-2;9,399216E-1;;
30/11/2021  10:22:51,548722;9,456886E-1;1,229127E-1;1,202590E-1;9,401102E-1;;
30/11/2021  10:22:51,548822;9,466900E-1;1,299215E-1;1,395309E-1;9,403017E-1;;
30/11/2021  10:22:51,548922;9,466393E-1;1,085766E-1;1,449017E-1;9,404959E-1;;
30/11/2021  10:22:51,549022;9,464694E-1;1,394789E-1;1,619620E-1;9,406923E-1;;
30/11/2021  10:22:51,549122;9,460850E-1;1,245056E-1;1,344760E-1;9,408907E-1;;
30/11/2021  10:22:51,549222;9,462012E-1;9,498258E-3;9,909157E-2;9,410906E-1;;
30/11/2021  10:22:51,549322;9,461744E-1;1,353374E-1;1,303688E-1;9,412916E-1;;
30/11/2021  10:22:51,549422;9,468747E-1;1,385232E-1;1,395309E-1;9,414932E-1;;
30/11/2021  10:22:51,549522;9,467257E-1;1,420275E-1;1,376353E-1;9,416950E-1;;
30/11/2021  10:22:51,549622;9,468271E-1;1,270543E-1;1,875525E-1;9,418968E-1;;
30/11/2021  10:22:51,549722;9,463711E-1;1,257800E-1;1,265777E-1;9,420982E-1;;
30/11/2021  10:22:51,549822;9,457899E-1;1,264171E-1;1,224705E-1;9,422988E-1;;
30/11/2021  10:22:51,549922;9,457899E-1;1,630538E-1;1,613302E-1;9,424981E-1;;
30/11/2021  10:22:51,550022;9,455187E-1;1,429833E-1;1,436380E-1;9,426956E-1;;
30/11/2021  10:22:51,550122;9,461684E-1;1,229127E-1;1,268936E-1;9,428907E-1;;
30/11/2021  10:22:51,550222;9,462727E-1;1,210013E-1;1,022509E-1;9,430831E-1;;
30/11/2021  10:22:51,550322;9,458257E-1;8,213450E-2;9,909157E-2;9,432723E-1;;
30/11/2021  10:22:51,550422;9,462101E-1;1,206827E-1;1,310007E-1;9,434581E-1;;
30/11/2021  10:22:51,550522;9,453667E-1;1,296029E-1;1,572231E-1;9,436399E-1;;
30/11/2021  10:22:51,550622;9,457512E-1;1,311958E-1;1,328963E-1;9,438176E-1;;
30/11/2021  10:22:51,550722;9,453429E-1;1,280100E-1;1,174156E-1;9,439906E-1;;
30/11/2021  10:22:51,550822;9,463621E-1;1,525407E-1;1,572231E-1;9,441586E-1;;
30/11/2021  10:22:51,550922;9,465856E-1;1,859916E-1;1,553275E-1;9,443215E-1;;
30/11/2021  10:22:51,551022;9,466482E-1;1,433019E-1;1,752312E-1;9,444791E-1;;
30/11/2021  10:22:51,551122;9,461177E-1;1,289658E-1;1,319485E-1;9,446314E-1;;
30/11/2021  10:22:51,551222;9,452296E-1;1,385232E-1;1,338441E-1;9,447782E-1;;
30/11/2021  10:22:51,551322;9,459657E-1;1,327887E-1;1,253139E-1;9,449194E-1;;
30/11/2021  10:22:51,551422;9,462697E-1;1,248242E-1;1,227865E-1;9,450548E-1;;
30/11/2021  10:22:51,551522;9,466333E-1;1,111253E-1;1,016190E-1;9,451844E-1;;
30/11/2021  10:22:51,551622;9,465916E-1;1,299215E-1;1,287892E-1;9,453081E-1;;
30/11/2021  10:22:51,551722;9,470834E-1;1,009307E-1;6,781430E-2;9,454261E-1;;
30/11/2021  10:22:51,551822;9,466095E-1;-1,281283E-1;-4,307783E-2;9,455384E-1;;
30/11/2021  10:22:51,551922;9,457601E-1;3,976336E-2;6,370719E-2;9,456453E-1;;
30/11/2021  10:22:51,552022;9,469075E-1;1,219570E-1;1,303688E-1;9,457467E-1;;
30/11/2021  10:22:51,552122;9,472354E-1;1,318330E-1;1,287892E-1;9,458428E-1;;
30/11/2021  10:22:51,552222;9,476019E-1;1,155854E-1;1,129926E-1;9,459336E-1;;
30/11/2021  10:22:51,552322;9,479000E-1;9,933782E-2;9,877564E-2;9,460196E-1;;
30/11/2021  10:22:51,552422;9,479417E-1;1,483991E-1;1,594346E-1;9,461010E-1;;
30/11/2021  10:22:51,552522;9,476049E-1;1,235499E-1;1,272095E-1;9,461783E-1;;
30/11/2021  10:22:51,552622;9,478463E-1;1,350188E-1;1,294210E-1;9,462516E-1;;
30/11/2021  10:22:51,552722;9,481592E-1;1,375674E-1;1,385831E-1;9,463213E-1;;
30/11/2021  10:22:51,552822;9,482636E-1;1,305587E-1;1,126766E-1;9,463878E-1;;
30/11/2021  10:22:51,552922;9,489431E-1;1,308772E-1;1,281573E-1;9,464513E-1;;
30/11/2021  10:22:51,553022;9,496792E-1;1,369303E-1;1,193112E-1;9,465122E-1;;
30/11/2021  10:22:51,553122;9,499236E-1;7,512574E-2;1,031987E-1;9,465711E-1;;
30/11/2021  10:22:51,553222;9,491427E-1;1,280100E-1;1,303688E-1;9,466284E-1;;
30/11/2021  10:22:51,553322;9,492590E-1;1,280100E-1;1,483770E-1;9,466847E-1;;
30/11/2021  10:22:51,553422;9,497656E-1;1,229127E-1;1,142563E-1;9,467401E-1;;
30/11/2021  10:22:51,553522;9,502395E-1;1,172832E-2;9,624818E-2;9,467952E-1;;
30/11/2021  10:22:51,553622;9,503647E-1;-2,044826E-2;4,311971E-3;9,468503E-1;;
30/11/2021  10:22:51,553722;9,502186E-1;1,238685E-1;1,363715E-1;9,469057E-1;;
30/11/2021  10:22:51,553822;9,500935E-1;1,423461E-1;1,613302E-1;9,469618E-1;;
30/11/2021  10:22:51,553922;9,494080E-1;-1,694388E-2;6,149566E-2;9,470188E-1;;
30/11/2021  10:22:51,554022;9,490861E-1;9,519628E-2;1,063580E-1;9,470769E-1;;
30/11/2021  10:22:51,554122;9,490384E-1;1,098510E-1;1,152041E-1;9,471359E-1;;
30/11/2021  10:22:51,554222;9,490027E-1;1,063466E-1;1,098333E-1;9,471959E-1;;
30/11/2021  10:22:51,554322;9,479983E-1;9,041758E-2;1,486929E-1;9,472567E-1;;
30/11/2021  10:22:51,554422;9,469701E-1;9,774492E-2;1,038306E-1;9,473180E-1;;
30/11/2021  10:22:51,554522;9,466333E-1;9,328480E-2;9,024547E-2;9,473793E-1;;
30/11/2021  10:22:51,554622;9,457631E-1;1,111253E-1;1,458495E-1;9,474401E-1;;
30/11/2021  10:22:51,554722;9,453697E-1;2,574584E-2;7,729226E-2;9,474996E-1;;
30/11/2021  10:22:51,554822;9,453309E-1;7,289568E-2;6,718244E-2;9,475573E-1;;
30/11/2021  10:22:51,554922;9,438885E-1;1,018865E-1;1,158360E-1;9,476123E-1;;
30/11/2021  10:22:51,555022;9,435636E-1;7,831154E-2;8,329497E-2;9,476638E-1;;
30/11/2021  10:22:51,555122;9,426308E-1;6,333828E-2;9,403666E-2;9,477110E-1;;
30/11/2021  10:22:51,555222;9,416026E-1;1,245056E-1;1,278414E-1;9,477529E-1;;
30/11/2021  10:22:51,555322;9,410214E-1;1,483991E-1;1,436380E-1;9,477886E-1;;
30/11/2021  10:22:51,555422;9,403479E-1;1,640096E-1;1,493248E-1;9,478170E-1;;
30/11/2021  10:22:51,555522;9,399545E-1;1,490363E-1;2,077722E-1;9,478372E-1;;
30/11/2021  10:22:51,555622;9,392452E-1;2,256004E-2;8,455870E-2;9,478481E-1;;
30/11/2021  10:22:51,555722;9,386044E-1;1,598680E-1;1,505885E-1;9,478488E-1;;
30/11/2021  10:22:51,555822;9,379219E-1;1,359745E-1;1,351078E-1;9,478385E-1;;
30/11/2021  10:22:51,555922;9,370010E-1;1,229127E-1;1,243661E-1;9,478163E-1;;
30/11/2021  10:22:51,556022;9,367656E-1;1,123996E-1;1,215227E-1;9,477813E-1;;
30/11/2021  10:22:51,556122;9,370099E-1;1,264171E-1;1,231024E-1;9,477329E-1;;
30/11/2021  10:22:51,556222;9,365301E-1;1,375674E-1;1,392149E-1;9,476704E-1;;
30/11/2021  10:22:51,556322;9,362768E-1;9,806350E-2;1,145722E-1;9,475933E-1;;
30/11/2021  10:22:51,556422;9,349208E-1;1,305587E-1;1,268936E-1;9,475014E-1;;
30/11/2021  10:22:51,556522;9,347777E-1;1,165411E-1;1,202590E-1;9,473943E-1;;
30/11/2021  10:22:51,556622;9,333472E-1;5,155082E-2;6,686651E-2;9,472717E-1;;
30/11/2021  10:22:51,556722;9,335141E-1;1,260985E-1;1,291051E-1;9,471331E-1;;
30/11/2021  10:22:51,556822;9,340416E-1;1,483991E-1;1,490088E-1;9,469784E-1;;
30/11/2021  10:22:51,556922;9,334872E-1;-2,841276E-2;7,444887E-2;9,468074E-1;;
30/11/2021  10:22:51,557022;9,334485E-1;1,519035E-1;1,771268E-1;9,466204E-1;;
30/11/2021  10:22:51,557122;9,329508E-1;1,264171E-1;1,246821E-1;9,464174E-1;;
30/11/2021  10:22:51,557222;9,326975E-1;1,257800E-1;1,284732E-1;9,461989E-1;;
30/11/2021  10:22:51,557322;9,329806E-1;1,232313E-1;1,139404E-1;9,459650E-1;;
30/11/2021  10:22:51,557422;9,331177E-1;6,875414E-2;9,530039E-2;9,457163E-1;;
30/11/2021  10:22:51,557522;9,337316E-1;1,194084E-1;1,212068E-1;9,454535E-1;;
30/11/2021  10:22:51,557622;9,341042E-1;1,308772E-1;1,559593E-1;9,451772E-1;;
30/11/2021  10:22:51,557722;9,338031E-1;1,474434E-1;1,316326E-1;9,448885E-1;;
30/11/2021  10:22:51,557822;9,340863E-1;1,327887E-1;1,170997E-1;9,445883E-1;;
30/11/2021  10:22:51,557922;9,334544E-1;1,143111E-1;1,455336E-1;9,442778E-1;;
30/11/2021  10:22:51,558022;9,346376E-1;1,225942E-1;1,249980E-1;9,439580E-1;;
30/11/2021  10:22:51,558122;9,347270E-1;1,229127E-1;1,303688E-1;9,436300E-1;;
30/11/2021  10:22:51,558222;9,350519E-1;1,241871E-1;1,341600E-1;9,432951E-1;;
30/11/2021  10:22:51,558322;9,357463E-1;1,401161E-1;1,584868E-1;9,429546E-1;;
30/11/2021  10:22:51,558422;9,358357E-1;1,337445E-1;1,461654E-1;9,426099E-1;;
30/11/2021  10:22:51,558522;9,354512E-1;1,321516E-1;1,319485E-1;9,422623E-1;;
30/11/2021  10:22:51,558622;9,350936E-1;1,206827E-1;1,246821E-1;9,419133E-1;;
30/11/2021  10:22:51,558722;9,358566E-1;1,340630E-1;1,341600E-1;9,415640E-1;;
30/11/2021  10:22:51,558822;9,360741E-1;1,194084E-1;1,133085E-1;9,412155E-1;;
30/11/2021  10:22:51,558922;9,364884E-1;7,608148E-2;9,530039E-2;9,408692E-1;;
30/11/2021  10:22:51,559022;9,362977E-1;1,321516E-1;1,354238E-1;9,405262E-1;;
30/11/2021  10:22:51,559122;9,365063E-1;1,324701E-1;1,316326E-1;9,401875E-1;;
30/11/2021  10:22:51,559222;9,359341E-1;1,283286E-1;1,098333E-1;9,398544E-1;;
30/11/2021  10:22:51,559322;9,354632E-1;1,047537E-1;1,325804E-1;9,395277E-1;;
30/11/2021  10:22:51,559422;9,355854E-1;1,350188E-1;1,335282E-1;9,392082E-1;;
30/11/2021  10:22:51,559522;9,359132E-1;8,181592E-2;8,519056E-2;9,388965E-1;;
30/11/2021  10:22:51,559622;9,363602E-1;1,270543E-1;1,458495E-1;9,385932E-1;;
30/11/2021  10:22:51,559722;9,357672E-1;2,925022E-2;7,444887E-2;9,382990E-1;;
30/11/2021  10:22:51,559822;9,351413E-1;1,296029E-1;1,306848E-1;9,380144E-1;;
30/11/2021  10:22:51,559922;9,349446E-1;1,327887E-1;1,287892E-1;9,377398E-1;;
30/11/2021  10:22:51,560022;9,350608E-1;1,417090E-1;1,319485E-1;9,374753E-1;;
30/11/2021  10:22:51,560122;9,345393E-1;1,104881E-1;1,196272E-1;9,372211E-1;;
30/11/2021  10:22:51,560222;9,353291E-1;1,206827E-1;1,259458E-1;9,369774E-1;;
30/11/2021  10:22:51,560322;9,350757E-1;1,210013E-1;1,303688E-1;9,367441E-1;;
30/11/2021  10:22:51,560422;9,341131E-1;1,222756E-1;1,224705E-1;9,365214E-1;;
30/11/2021  10:22:51,560522;9,332548E-1;1,219570E-1;1,253139E-1;9,363091E-1;;
30/11/2021  10:22:51,560622;9,327630E-1;7,289568E-2;7,223735E-2;9,361071E-1;;
30/11/2021  10:22:51,560722;9,326766E-1;1,353374E-1;1,464814E-1;9,359147E-1;;
30/11/2021  10:22:51,560822;9,323279E-1;1,350188E-1;1,249980E-1;9,357317E-1;;
30/11/2021  10:22:51,560922;9,324531E-1;1,190898E-1;1,060421E-1;9,355574E-1;;
30/11/2021  10:22:51,561022;9,320477E-1;1,085766E-1;1,019350E-1;9,353913E-1;;
30/11/2021  10:22:51,561122;9,314338E-1;1,245056E-1;1,458495E-1;9,352330E-1;;
30/11/2021  10:22:51,561222;9,306291E-1;1,452133E-1;1,581709E-1;9,350819E-1;;
30/11/2021  10:22:51,561322;9,301195E-1;2,089293E-1;1,979783E-1;9,349372E-1;;
30/11/2021  10:22:51,561422;9,298840E-1;1,305587E-1;1,272095E-1;9,347982E-1;;
30/11/2021  10:22:51,561522;9,307513E-1;1,455319E-1;1,392149E-1;9,346642E-1;;
30/11/2021  10:22:51,561622;9,305338E-1;1,286472E-1;1,272095E-1;9,345346E-1;;
30/11/2021  10:22:51,561722;9,306083E-1;1,356559E-1;1,306848E-1;9,344089E-1;;
30/11/2021  10:22:51,561822;9,306917E-1;1,318330E-1;1,294210E-1;9,342865E-1;;
30/11/2021  10:22:51,561922;9,301135E-1;1,229127E-1;1,227865E-1;9,341673E-1;;
30/11/2021  10:22:51,562022;9,293416E-1;2,153009E-1;1,938712E-1;9,340507E-1;;
30/11/2021  10:22:51,562122;9,297917E-1;1,286472E-1;1,379512E-1;9,339363E-1;;
30/11/2021  10:22:51,562222;9,300599E-1;1,034794E-1;1,107811E-1;9,338237E-1;;
30/11/2021  10:22:51,562322;9,309868E-1;1,334259E-1;1,433221E-1;9,337126E-1;;
30/11/2021  10:22:51,562422;9,301106E-1;8,532030E-2;4,917431E-2;9,336029E-1;;
30/11/2021  10:22:51,562522;9,295503E-1;1,528593E-1;1,998739E-1;9,334945E-1;;
30/11/2021  10:22:51,562622;9,291837E-1;2,092479E-1;2,403132E-1;9,333872E-1;;
30/11/2021  10:22:51,562722;9,302715E-1;1,025236E-1;1,120448E-1;9,332806E-1;;
30/11/2021  10:22:51,562822;9,301553E-1;9,009900E-2;1,129926E-1;9,331748E-1;;
30/11/2021  10:22:51,562922;9,313444E-1;8,882468E-2;1,148882E-1;9,330696E-1;;
30/11/2021  10:22:51,563022;9,312103E-1;1,136739E-1;1,341600E-1;9,329653E-1;;
30/11/2021  10:22:51,563122;9,313593E-1;1,120810E-1;1,442698E-1;9,328621E-1;;
30/11/2021  10:22:51,563222;9,319017E-1;1,136739E-1;1,237343E-1;9,327602E-1;;
30/11/2021  10:22:51,563322;9,318600E-1;1,238685E-1;1,256299E-1;9,326600E-1;;
30/11/2021  10:22:51,563422;9,332160E-1;1,375674E-1;1,281573E-1;9,325618E-1;;
30/11/2021  10:22:51,563522;9,335826E-1;1,541336E-1;1,439539E-1;9,324662E-1;;
30/11/2021  10:22:51,563622;9,347956E-1;1,687883E-1;1,471132E-1;9,323737E-1;;
30/11/2021  10:22:51,563722;9,355317E-1;1,818500E-1;1,537478E-1;9,322851E-1;;
30/11/2021  10:22:51,563822;9,357940E-1;1,531778E-1;1,625939E-1;9,322012E-1;;
30/11/2021  10:22:51,563922;9,364824E-1;1,429833E-1;1,449017E-1;9,321229E-1;;
30/11/2021  10:22:51,564022;9,363632E-1;1,493549E-1;1,806020E-1;9,320510E-1;;
30/11/2021  10:22:51,564122;9,372364E-1;1,289658E-1;1,300529E-1;9,319863E-1;;
30/11/2021  10:22:51,564222;9,381425E-1;1,047537E-1;1,126766E-1;9,319295E-1;;
30/11/2021  10:22:51,564322;9,387236E-1;1,174969E-1;1,180475E-1;9,318816E-1;;
30/11/2021  10:22:51,564422;9,392332E-1;1,302401E-1;1,423743E-1;9,318433E-1;;
30/11/2021  10:22:51,564522;9,386521E-1;1,483991E-1;1,546956E-1;9,318153E-1;;
30/11/2021  10:22:51,564622;9,381901E-1;1,232313E-1;1,253139E-1;9,317984E-1;;
30/11/2021  10:22:51,564722;9,385835E-1;1,273729E-1;1,328963E-1;9,317929E-1;;
30/11/2021  10:22:51,564822;9,389829E-1;1,471248E-1;1,388990E-1;9,317990E-1;;
30/11/2021  10:22:51,564922;9,397876E-1;1,292843E-1;1,335282E-1;9,318170E-1;;
30/11/2021  10:22:51,565022;9,402615E-1;1,260985E-1;1,281573E-1;9,318471E-1;;
30/11/2021  10:22:51,565122;9,395223E-1;1,296029E-1;1,148882E-1;9,318895E-1;;
30/11/2021  10:22:51,565222;9,391945E-1;1,382046E-1;1,493248E-1;9,319443E-1;;
30/11/2021  10:22:51,565322;9,392780E-1;1,318330E-1;1,284732E-1;9,320114E-1;;
30/11/2021  10:22:51,565422;9,392183E-1;1,085766E-1;1,272095E-1;9,320905E-1;;
30/11/2021  10:22:51,565522;9,470089E-1;1,241871E-1;1,133085E-1;9,321816E-1;;
30/11/2021  10:22:51,565622;9,474082E-1;1,222756E-1;1,120448E-1;9,322850E-1;;
30/11/2021  10:22:51,565722;9,475781E-1;1,280100E-1;1,139404E-1;9,324020E-1;;
30/11/2021  10:22:51,565822;9,480967E-1;1,324701E-1;1,215227E-1;9,325334E-1;;
30/11/2021  10:22:51,565922;9,483232E-1;1,464877E-1;1,752312E-1;9,326803E-1;;
30/11/2021  10:22:51,566022;9,485288E-1;-3,223572E-2;6,207563E-3;9,328434E-1;;
30/11/2021  10:22:51,566122;9,483768E-1;1,229127E-1;1,739675E-1;9,330231E-1;;
30/11/2021  10:22:51,566222;9,482159E-1;1,114439E-1;1,313166E-1;9,332198E-1;;
30/11/2021  10:22:51,566322;9,480698E-1;1,079395E-1;1,193112E-1;9,334335E-1;;
30/11/2021  10:22:51,566422;9,483768E-1;1,082581E-1;1,221546E-1;9,336641E-1;;
30/11/2021  10:22:51,566522;9,486480E-1;1,114439E-1;1,202590E-1;9,339114E-1;;
30/11/2021  10:22:51,566622;9,488596E-1;6,811698E-2;7,697633E-2;9,341750E-1;;
30/11/2021  10:22:51,566722;9,488179E-1;1,174969E-1;1,306848E-1;9,344544E-1;;
30/11/2021  10:22:51,566822;9,483023E-1;8,946184E-2;1,079377E-1;9,347490E-1;;
30/11/2021  10:22:51,566922;9,482278E-1;1,025236E-1;1,098333E-1;9,350581E-1;;
30/11/2021  10:22:51,567022;9,482963E-1;1,002936E-1;1,028828E-1;9,353809E-1;;
30/11/2021  10:22:51,567122;9,485109E-1;1,123996E-1;1,344760E-1;9,357163E-1;;
30/11/2021  10:22:51,567222;9,483351E-1;9,997498E-2;1,148882E-1;9,360634E-1;;
30/11/2021  10:22:51,567322;9,489103E-1;8,436456E-2;9,403666E-2;9,364212E-1;;
30/11/2021  10:22:51,567422;9,486719E-1;5,537378E-2;2,547941E-2;9,367886E-1;;
30/11/2021  10:22:51,567522;9,489431E-1;1,331073E-1;1,205749E-1;9,371647E-1;;
30/11/2021  10:22:51,567622;9,477003E-1;1,879031E-1;1,708081E-1;9,375482E-1;;
30/11/2021  10:22:51,567722;9,481712E-1;1,656025E-1;1,512204E-1;9,379381E-1;;
30/11/2021  10:22:51,567822;9,488894E-1;1,738855E-1;1,638576E-1;9,383331E-1;;
30/11/2021  10:22:51,567922;9,490682E-1;1,592309E-1;1,537478E-1;9,387322E-1;;
30/11/2021  10:22:51,568022;9,488030E-1;1,331073E-1;1,392149E-1;9,391342E-1;;
30/11/2021  10:22:51,568122;9,481414E-1;1,468062E-1;1,505885E-1;9,395382E-1;;
30/11/2021  10:22:51,568222;9,471549E-1;1,474434E-1;1,414265E-1;9,399431E-1;;
30/11/2021  10:22:51,568322;9,465797E-1;1,225942E-1;1,316326E-1;9,403475E-1;;
30/11/2021  10:22:51,568422;9,463144E-1;1,388417E-1;1,363715E-1;9,407502E-1;;
30/11/2021  10:22:51,568522;9,460850E-1;1,280100E-1;1,322644E-1;9,411497E-1;;
30/11/2021  10:22:51,568622;9,453071E-1;1,133553E-1;1,031987E-1;9,415446E-1;;
30/11/2021  10:22:51,568722;9,457243E-1;1,280100E-1;1,303688E-1;9,419336E-1;;
30/11/2021  10:22:51,568822;9,449971E-1;1,216384E-1;1,366875E-1;9,423154E-1;;
30/11/2021  10:22:51,568922;9,437782E-1;-1,025370E-2;6,749837E-2;9,426888E-1;;
30/11/2021  10:22:51,569022;9,432447E-1;7,831154E-2;1,025668E-1;9,430523E-1;;
30/11/2021  10:22:51,569122;9,434057E-1;1,691068E-1;1,606983E-1;9,434046E-1;;
30/11/2021  10:22:51,569222;9,432269E-1;9,073616E-2;1,461654E-1;9,437445E-1;;
30/11/2021  10:22:51,569322;9,427619E-1;1,257800E-1;1,101492E-1;9,440709E-1;;
30/11/2021  10:22:51,569422;9,420556E-1;6,461260E-2;1,013031E-1;9,443827E-1;;
30/11/2021  10:22:51,569522;9,407294E-1;1,264171E-1;1,272095E-1;9,446788E-1;;
30/11/2021  10:22:51,569622;9,401869E-1;1,270543E-1;1,268936E-1;9,449582E-1;;
30/11/2021  10:22:51,569722;9,388607E-1;1,359745E-1;1,455336E-1;9,452197E-1;;
30/11/2021  10:22:51,569822;9,381931E-1;1,130368E-1;1,196272E-1;9,454623E-1;;
30/11/2021  10:22:51,569922;9,378683E-1;1,155854E-1;1,009872E-1;9,456848E-1;;
30/11/2021  10:22:51,570022;9,373527E-1;1,334259E-1;1,404787E-1;9,458862E-1;;
30/11/2021  10:22:51,570122;9,361099E-1;1,069837E-1;1,136244E-1;9,460655E-1;;
30/11/2021  10:22:51,570222;9,361635E-1;1,353374E-1;1,474292E-1;9,462219E-1;;
30/11/2021  10:22:51,570322;9,346078E-1;1,216384E-1;1,376353E-1;9,463546E-1;;
30/11/2021  10:22:51,570422;9,345452E-1;1,187712E-1;1,411105E-1;9,464629E-1;;
30/11/2021  10:22:51,570522;9,346317E-1;1,034794E-1;1,016190E-1;9,465461E-1;;
30/11/2021  10:22:51,570622;9,343217E-1;1,171783E-1;1,218387E-1;9,466037E-1;;
30/11/2021  10:22:51,570722;9,340684E-1;9,774492E-2;1,044624E-1;9,466356E-1;;
30/11/2021  10:22:51,570822;9,336303E-1;1,474434E-1;1,736515E-1;9,466417E-1;;
30/11/2021  10:22:51,570922;9,327451E-1;1,426647E-1;1,606983E-1;9,466219E-1;;
30/11/2021  10:22:51,571022;9,323309E-1;1,257800E-1;1,313166E-1;9,465763E-1;;
30/11/2021  10:22:51,571122;9,318361E-1;1,245056E-1;1,291051E-1;9,465051E-1;;
30/11/2021  10:22:51,571222;9,321461E-1;1,331073E-1;1,253139E-1;9,464084E-1;;
30/11/2021  10:22:51,571322;9,318332E-1;5,027650E-2;7,160549E-2;9,462866E-1;;
30/11/2021  10:22:51,571422;9,316752E-1;1,327887E-1;1,306848E-1;9,461402E-1;;
30/11/2021  10:22:51,571522;9,309957E-1;1,292843E-1;1,180475E-1;9,459698E-1;;
30/11/2021  10:22:51,571622;9,310732E-1;1,254614E-1;1,085695E-1;9,457761E-1;;
30/11/2021  10:22:51,571722;9,308288E-1;1,114439E-1;1,019350E-1;9,455599E-1;;
30/11/2021  10:22:51,571822;9,312431E-1;1,245056E-1;1,227865E-1;9,453219E-1;;
30/11/2021  10:22:51,571922;9,324411E-1;-2,873134E-2;6,844617E-2;9,450632E-1;;
30/11/2021  10:22:51,572022;9,324948E-1;3,594040E-2;9,277293E-2;9,447851E-1;;
30/11/2021  10:22:51,572122;9,330461E-1;1,117624E-1;1,167838E-1;9,444889E-1;;
30/11/2021  10:22:51,572222;9,326021E-1;1,519035E-1;1,613302E-1;9,441763E-1;;
30/11/2021  10:22:51,572322;9,334276E-1;1,260985E-1;1,272095E-1;9,438487E-1;;
30/11/2021  10:22:51,572422;9,337406E-1;1,225942E-1;1,272095E-1;9,435079E-1;;
30/11/2021  10:22:51,572522;9,345959E-1;1,327887E-1;1,338441E-1;9,431557E-1;;
30/11/2021  10:22:51,572622;9,351502E-1;1,296029E-1;1,325804E-1;9,427937E-1;;
30/11/2021  10:22:51,572722;9,362231E-1;1,321516E-1;1,347919E-1;9,424240E-1;;
30/11/2021  10:22:51,572822;9,363871E-1;1,267357E-1;1,177316E-1;9,420487E-1;;
30/11/2021  10:22:51,572922;9,362082E-1;1,210013E-1;1,177316E-1;9,416697E-1;;
30/11/2021  10:22:51,573022;9,364526E-1;1,324701E-1;1,237343E-1;9,412890E-1;;
30/11/2021  10:22:51,573122;9,368043E-1;1,340630E-1;1,265777E-1;9,409084E-1;;
30/11/2021  10:22:51,573222;9,377789E-1;1,292843E-1;1,221546E-1;9,405298E-1;;
30/11/2021  10:22:51,573322;9,382110E-1;1,299215E-1;1,420583E-1;9,401548E-1;;
30/11/2021  10:22:51,573422;9,386640E-1;1,149482E-1;1,038306E-1;9,397854E-1;;
30/11/2021  10:22:51,573522;9,375971E-1;1,206827E-1;1,158360E-1;9,394231E-1;;
30/11/2021  10:22:51,573622;9,383988E-1;1,130368E-1;1,395309E-1;9,390696E-1;;
30/11/2021  10:22:51,573722;9,379577E-1;1,155854E-1;1,161519E-1;9,387260E-1;;
30/11/2021  10:22:51,573822;9,381097E-1;1,311958E-1;1,272095E-1;9,383936E-1;;
30/11/2021  10:22:51,573922;9,389203E-1;1,356559E-1;1,319485E-1;9,380735E-1;;
30/11/2021  10:22:51,574022;9,387028E-1;1,334259E-1;1,265777E-1;9,377667E-1;;
30/11/2021  10:22:51,574122;9,382408E-1;1,136739E-1;1,976624E-1;9,374739E-1;;
30/11/2021  10:22:51,574222;9,379040E-1;1,458505E-1;1,360556E-1;9,371960E-1;;
30/11/2021  10:22:51,574322;9,377073E-1;1,222756E-1;1,202590E-1;9,369333E-1;;
30/11/2021  10:22:51,574422;9,378504E-1;1,426647E-1;1,262617E-1;9,366863E-1;;
30/11/2021  10:22:51,574522;9,371947E-1;5,473662E-2;1,120448E-1;9,364552E-1;;
30/11/2021  10:22:51,574622;9,374659E-1;-1,652042E-3;1,947671E-2;9,362399E-1;;
30/11/2021  10:22:51,574722;9,374779E-1;9,360338E-2;1,013031E-1;9,360405E-1;;
30/11/2021  10:22:51,574822;9,365033E-1;9,009900E-2;8,203124E-2;9,358569E-1;;
30/11/2021  10:22:51,574922;9,357970E-1;8,436456E-2;8,013565E-2;9,356887E-1;;
30/11/2021  10:22:51,575022;9,355734E-1;9,774492E-2;1,069899E-1;9,355356E-1;;
30/11/2021  10:22:51,575122;9,347837E-1;1,037979E-1;1,445858E-1;9,353968E-1;;
30/11/2021  10:22:51,575222;9,344797E-1;1,350188E-1;1,524841E-1;9,352717E-1;;
30/11/2021  10:22:51,575322;9,355496E-1;9,965640E-2;1,129926E-1;9,351595E-1;;
30/11/2021  10:22:51,575422;9,343992E-1;1,184526E-1;1,502726E-1;9,350593E-1;;
30/11/2021  10:22:51,575522;9,341906E-1;1,190898E-1;1,243661E-1;9,349705E-1;;
30/11/2021  10:22:51,575622;9,329210E-1;1,302401E-1;1,322644E-1;9,348921E-1;;
30/11/2021  10:22:51,575722;9,325157E-1;1,519035E-1;1,436380E-1;9,348233E-1;;
30/11/2021  10:22:51,575822;9,322713E-1;1,576380E-1;1,414265E-1;9,347629E-1;;
30/11/2021  10:22:51,575922;9,318063E-1;1,636910E-1;1,486929E-1;9,347098E-1;;
30/11/2021  10:22:51,576022;9,315322E-1;1,681511E-1;1,528000E-1;9,346629E-1;;
30/11/2021  10:22:51,576122;9,307036E-1;1,509478E-1;1,341600E-1;9,346212E-1;;
30/11/2021  10:22:51,576222;9,295145E-1;1,375674E-1;1,332122E-1;9,345834E-1;;
30/11/2021  10:22:51,576322;9,283909E-1;1,050723E-1;1,038306E-1;9,345483E-1;;
30/11/2021  10:22:51,576422;9,275058E-1;2,638300E-2;6,813023E-2;9,345146E-1;;
30/11/2021  10:22:51,576522;9,272048E-1;1,213198E-1;1,085695E-1;9,344809E-1;;
30/11/2021  10:22:51,576622;9,277591E-1;-1,064649E-1;3,274585E-2;9,344457E-1;;
30/11/2021  10:22:51,576722;9,268769E-1;1,417090E-1;1,660692E-1;9,344079E-1;;
30/11/2021  10:22:51,576822;9,268888E-1;1,210013E-1;1,272095E-1;9,343664E-1;;
30/11/2021  10:22:51,576922;9,264329E-1;1,251428E-1;1,259458E-1;9,343202E-1;;
30/11/2021  10:22:51,577022;9,263405E-1;1,241871E-1;1,231024E-1;9,342683E-1;;
30/11/2021  10:22:51,577122;9,266653E-1;1,260985E-1;1,275255E-1;9,342101E-1;;
30/11/2021  10:22:51,577222;9,278872E-1;8,340882E-2;1,234183E-1;9,341449E-1;;
30/11/2021  10:22:51,577322;9,281912E-1;1,448948E-1;1,291051E-1;9,340725E-1;;
30/11/2021  10:22:51,577422;9,285221E-1;1,225942E-1;1,398468E-1;9,339927E-1;;
30/11/2021  10:22:51,577522;9,285101E-1;1,139925E-1;9,909157E-2;9,339058E-1;;
30/11/2021  10:22:51,577622;9,287128E-1;1,216384E-1;1,129926E-1;9,338119E-1;;
30/11/2021  10:22:51,577722;9,296337E-1;1,264171E-1;1,161519E-1;9,337113E-1;;
30/11/2021  10:22:51,577822;9,292999E-1;1,264171E-1;1,199431E-1;9,336046E-1;;
30/11/2021  10:22:51,577922;9,302298E-1;1,190898E-1;1,164678E-1;9,334922E-1;;
30/11/2021  10:22:51,578022;9,304980E-1;1,442576E-1;1,638576E-1;9,333748E-1;;
30/11/2021  10:22:51,578122;9,312133E-1;1,608238E-1;2,008217E-1;9,332531E-1;;
30/11/2021  10:22:51,578222;9,310583E-1;1,656025E-1;1,768108E-1;9,331280E-1;;
30/11/2021  10:22:51,578322;9,314368E-1;1,442576E-1;1,515363E-1;9,330003E-1;;
30/11/2021  10:22:51,578422;9,304533E-1;1,238685E-1;1,196272E-1;9,328707E-1;;
30/11/2021  10:22:51,578522;9,311060E-1;1,168597E-1;1,221546E-1;9,327401E-1;;
30/11/2021  10:22:51,578622;9,317616E-1;1,241871E-1;1,253139E-1;9,326091E-1;;
30/11/2021  10:22:51,578722;9,323935E-1;2,606442E-2;5,170177E-2;9,324784E-1;;
30/11/2021  10:22:51,578822;9,329210E-1;1,410718E-1;1,341600E-1;9,323489E-1;;
30/11/2021  10:22:51,578922;9,329955E-1;1,245056E-1;1,268936E-1;9,322214E-1;;
30/11/2021  10:22:51,579022;9,324859E-1;1,254614E-1;1,234183E-1;9,320967E-1;;
30/11/2021  10:22:51,579122;9,332935E-1;1,270543E-1;1,259458E-1;9,319756E-1;;
30/11/2021  10:22:51,579222;9,345750E-1;1,299215E-1;1,584868E-1;9,318588E-1;;
30/11/2021  10:22:51,579322;9,351204E-1;1,162226E-1;1,022509E-1;9,317472E-1;;
30/11/2021  10:22:51,579422;9,360235E-1;1,009307E-1;9,056141E-2;9,316416E-1;;
30/11/2021  10:22:51,579522;9,365063E-1;1,491412E-2;2,326789E-2;9,315430E-1;;
30/11/2021  10:22:51,579622;9,365480E-1;1,487177E-1;1,354238E-1;9,314524E-1;;
30/11/2021  10:22:51,579722;9,374093E-1;1,359745E-1;1,505885E-1;9,313708E-1;;
30/11/2021  10:22:51,579822;9,377699E-1;1,264171E-1;1,237343E-1;9,312989E-1;;
30/11/2021  10:22:51,579922;9,386491E-1;1,311958E-1;1,256299E-1;9,312376E-1;;
30/11/2021  10:22:51,580022;9,394031E-1;1,343816E-1;1,303688E-1;9,311877E-1;;
30/11/2021  10:22:51,580122;9,400648E-1;1,155854E-1;1,253139E-1;9,311501E-1;;
30/11/2021  10:22:51,580222;9,399545E-1;1,554079E-1;1,629098E-1;9,311256E-1;;
30/11/2021  10:22:51,580322;9,393107E-1;1,315144E-1;1,227865E-1;9,311149E-1;;
30/11/2021  10:22:51,580422;9,399634E-1;1,181340E-1;1,152041E-1;9,311183E-1;;
30/11/2021  10:22:51,580522;9,406191E-1;1,321516E-1;1,284732E-1;9,311363E-1;;
30/11/2021  10:22:51,580622;9,412301E-1;1,254614E-1;1,237343E-1;9,311690E-1;;
30/11/2021  10:22:51,580722;9,414566E-1;1,130368E-1;1,041465E-1;9,312169E-1;;
30/11/2021  10:22:51,580822;9,414238E-1;3,944478E-2;4,475127E-2;9,312801E-1;;
30/11/2021  10:22:51,580922;9,414536E-1;1,331073E-1;1,411105E-1;9,313586E-1;;
30/11/2021  10:22:51,581022;9,412390E-1;1,375674E-1;1,376353E-1;9,314525E-1;;
30/11/2021  10:22:51,581122;9,408814E-1;1,573194E-1;1,708081E-1;9,315616E-1;;
30/11/2021  10:22:51,581222;9,411406E-1;1,139925E-1;1,388990E-1;9,316854E-1;;
30/11/2021  10:22:51,581322;9,412032E-1;1,238685E-1;1,303688E-1;9,318235E-1;;
30/11/2021  10:22:51,581422;9,410632E-1;1,318330E-1;1,224705E-1;9,319755E-1;;
30/11/2021  10:22:51,581522;9,416801E-1;1,254614E-1;1,344760E-1;9,321406E-1;;
30/11/2021  10:22:51,581622;9,403181E-1;1,292843E-1;1,310007E-1;9,323184E-1;;
30/11/2021  10:22:51,581722;9,403866E-1;1,388417E-1;1,351078E-1;9,325078E-1;;
30/11/2021  10:22:51,581822;9,401154E-1;1,538150E-1;1,616461E-1;9,327082E-1;;
30/11/2021  10:22:51,581922;9,408545E-1;1,264171E-1;1,325804E-1;9,329185E-1;;
30/11/2021  10:22:51,582022;9,403598E-1;1,229127E-1;9,403666E-2;9,331377E-1;;
30/11/2021  10:22:51,582122;9,405982E-1;1,576380E-1;1,588027E-1;9,333649E-1;;
30/11/2021  10:22:51,582222;9,401422E-1;8,309024E-2;8,613836E-2;9,335992E-1;;
30/11/2021  10:22:51,582322;9,405654E-1;1,671954E-1;1,982942E-1;9,338396E-1;;
30/11/2021  10:22:51,582422;9,404909E-1;9,997498E-2;1,120448E-1;9,340852E-1;;
30/11/2021  10:22:51,582522;9,404134E-1;1,178155E-1;1,338441E-1;9,343350E-1;;
30/11/2021  10:22:51,582622;9,412479E-1;8,914326E-2;8,424277E-2;9,345882E-1;;
30/11/2021  10:22:51,582722;9,415460E-1;1,073023E-1;1,199431E-1;9,348440E-1;;
30/11/2021  10:22:51,582822;9,407562E-1;1,073023E-1;1,256299E-1;9,351017E-1;;
30/11/2021  10:22:51,582922;9,402436E-1;1,324701E-1;1,821817E-1;9,353606E-1;;
30/11/2021  10:22:51,583022;9,405654E-1;1,002936E-1;2,109315E-1;9,356199E-1;;
30/11/2021  10:22:51,583122;9,397876E-1;1,050723E-1;1,114129E-1;9,358787E-1;;
30/11/2021  10:22:51,583222;9,399694E-1;1,104881E-1;1,155200E-1;9,361362E-1;;
30/11/2021  10:22:51,583322;9,404522E-1;1,050723E-1;1,180475E-1;9,363916E-1;;
30/11/2021  10:22:51,583422;9,407919E-1;-5,475002E-3;6,339125E-2;9,366442E-1;;
30/11/2021  10:22:51,583522;9,404313E-1;1,076209E-1;1,155200E-1;9,368934E-1;;
30/11/2021  10:22:51,583622;9,400200E-1;1,088952E-1;1,240502E-1;9,371385E-1;;
30/11/2021  10:22:51,583722;9,399038E-1;1,732484E-1;1,518522E-1;9,373791E-1;;
30/11/2021  10:22:51,583822;9,400677E-1;1,216384E-1;1,727037E-1;9,376144E-1;;
30/11/2021  10:22:51,583922;9,403032E-1;1,388417E-1;1,310007E-1;9,378440E-1;;
30/11/2021  10:22:51,584022;9,404611E-1;1,751599E-1;1,303688E-1;9,380675E-1;;
30/11/2021  10:22:51,584122;9,407025E-1;1,773899E-1;1,625939E-1;9,382844E-1;;
30/11/2021  10:22:51,584222;9,408903E-1;1,455319E-1;1,505885E-1;9,384944E-1;;
30/11/2021  10:22:51,584322;9,401035E-1;1,544522E-1;1,613302E-1;9,386975E-1;;
30/11/2021  10:22:51,584422;9,399217E-1;1,366117E-1;1,407946E-1;9,388932E-1;;
30/11/2021  10:22:51,584522;9,395760E-1;1,232313E-1;1,341600E-1;9,390814E-1;;
30/11/2021  10:22:51,584622;9,401810E-1;1,257800E-1;1,341600E-1;9,392616E-1;;
30/11/2021  10:22:51,584722;9,406787E-1;1,350188E-1;1,300529E-1;9,394338E-1;;
30/11/2021  10:22:51,584822;9,405774E-1;1,299215E-1;1,338441E-1;9,395978E-1;;
30/11/2021  10:22:51,584922;9,404701E-1;1,235499E-1;1,117289E-1;9,397536E-1;;
30/11/2021  10:22:51,585022;9,399157E-1;1,181340E-1;1,294210E-1;9,399012E-1;;
30/11/2021  10:22:51,585122;9,400290E-1;9,105474E-2;7,634447E-2;9,400406E-1;;
30/11/2021  10:22:51,585222;9,400975E-1;1,238685E-1;1,193112E-1;9,401717E-1;;
30/11/2021  10:22:51,585322;9,402316E-1;1,270543E-1;1,240502E-1;9,402945E-1;;
30/11/2021  10:22:51,585422;9,411824E-1;8,436456E-2;1,433221E-1;9,404091E-1;;
30/11/2021  10:22:51,585522;9,412688E-1;1,251428E-1;1,303688E-1;9,405156E-1;;
30/11/2021  10:22:51,585622;9,411645E-1;1,053908E-1;1,000394E-1;9,406145E-1;;
30/11/2021  10:22:51,585722;9,411943E-1;1,337445E-1;1,531159E-1;9,407061E-1;;
30/11/2021  10:22:51,585822;9,412628E-1;1,108067E-1;1,148882E-1;9,407905E-1;;
30/11/2021  10:22:51,585922;9,419364E-1;1,289658E-1;1,300529E-1;9,408682E-1;;
30/11/2021  10:22:51,586022;9,422195E-1;1,280100E-1;1,291051E-1;9,409397E-1;;
30/11/2021  10:22:51,586122;9,426010E-1;1,238685E-1;1,196272E-1;9,410052E-1;;
30/11/2021  10:22:51,586222;9,432239E-1;1,372488E-1;1,420583E-1;9,410655E-1;;
30/11/2021  10:22:51,586322;9,429169E-1;1,210013E-1;1,158360E-1;9,411211E-1;;
30/11/2021  10:22:51,586422;9,425086E-1;1,194084E-1;1,218387E-1;9,411726E-1;;
30/11/2021  10:22:51,586522;9,427023E-1;7,640006E-2;1,332122E-1;9,412205E-1;;
30/11/2021  10:22:51,586622;9,431792E-1;1,241871E-1;1,133085E-1;9,412651E-1;;
30/11/2021  10:22:51,586722;9,434802E-1;2,808078E-3;3,400958E-2;9,413070E-1;;
30/11/2021  10:22:51,586822;9,432239E-1;1,057094E-1;1,047783E-1;9,413465E-1;;
30/11/2021  10:22:51,586922;9,430629E-1;3,275460E-2;4,633093E-2;9,413843E-1;;
30/11/2021  10:22:51,587022;9,420645E-1;1,143111E-1;1,000394E-1;9,414205E-1;;
30/11/2021  10:22:51,587122;9,417427E-1;1,334259E-1;1,417424E-1;9,414553E-1;;
30/11/2021  10:22:51,587222;9,412509E-1;9,838208E-2;1,667010E-1;9,414889E-1;;
30/11/2021  10:22:51,587322;9,410393E-1;6,047106E-2;8,866581E-2;9,415210E-1;;
30/11/2021  10:22:51,587422;9,416115E-1;1,308772E-1;1,240502E-1;9,415516E-1;;
30/11/2021  10:22:51,587522;9,409857E-1;2,670158E-2;8,076751E-2;9,415806E-1;;
30/11/2021  10:22:51,587622;9,406042E-1;1,280100E-1;1,284732E-1;9,416078E-1;;
30/11/2021  10:22:51,587722;9,402436E-1;1,222756E-1;1,101492E-1;9,416331E-1;;
30/11/2021  10:22:51,587822;9,394717E-1;1,372488E-1;1,328963E-1;9,416562E-1;;
30/11/2021  10:22:51,587922;9,401810E-1;1,525407E-1;1,474292E-1;9,416768E-1;;
30/11/2021  10:22:51,588022;9,401363E-1;1,184526E-1;1,227865E-1;9,416947E-1;;
30/11/2021  10:22:51,588122;9,400290E-1;1,104881E-1;1,243661E-1;9,417097E-1;;
30/11/2021  10:22:51,588222;9,403002E-1;1,321516E-1;1,338441E-1;9,417216E-1;;
30/11/2021  10:22:51,588322;9,398383E-1;1,289658E-1;1,360556E-1;9,417303E-1;;
30/11/2021  10:22:51,588422;9,396922E-1;1,225942E-1;9,593225E-2;9,417358E-1;;
30/11/2021  10:22:51,588522;9,402615E-1;1,257800E-1;1,385831E-1;9,417380E-1;;
30/11/2021  10:22:51,588622;9,405267E-1;4,963934E-2;1,009872E-1;9,417367E-1;;
30/11/2021  10:22:51,588722;9,411257E-1;9,137332E-2;1,730197E-1;9,417323E-1;;
30/11/2021  10:22:51,588822;9,416831E-1;1,382046E-1;1,379512E-1;9,417247E-1;;
30/11/2021  10:22:51,588922;9,419125E-1;1,515849E-1;1,648054E-1;9,417145E-1;;
30/11/2021  10:22:51,589022;9,418380E-1;1,248242E-1;1,265777E-1;9,417019E-1;;
30/11/2021  10:22:51,589122;9,418589E-1;1,273729E-1;1,259458E-1;9,416874E-1;;
30/11/2021  10:22:51,589222;9,418291E-1;1,324701E-1;1,471132E-1;9,416714E-1;;
30/11/2021  10:22:51,589322;9,422612E-1;1,264171E-1;1,170997E-1;9,416541E-1;;
30/11/2021  10:22:51,589422;9,429616E-1;1,417090E-1;1,237343E-1;9,416361E-1;;
30/11/2021  10:22:51,589522;9,433043E-1;1,276914E-1;1,556434E-1;9,416177E-1;;
30/11/2021  10:22:51,589622;9,430421E-1;1,353374E-1;1,265777E-1;9,415994E-1;;
30/11/2021  10:22:51,589722;9,430123E-1;1,095324E-1;1,208909E-1;9,415817E-1;;
30/11/2021  10:22:51,589822;9,428841E-1;1,187712E-1;1,104651E-1;9,415650E-1;;
30/11/2021  10:22:51,589922;9,433252E-1;1,006121E-1;9,719598E-2;9,415497E-1;;
30/11/2021  10:22:51,590022;9,437931E-1;1,238685E-1;1,088855E-1;9,415361E-1;;
30/11/2021  10:22:51,590122;9,444309E-1;1,605052E-1;2,497911E-1;9,415245E-1;;
30/11/2021  10:22:51,590222;9,447826E-1;9,806350E-2;2,389975E-2;9,415154E-1;;
30/11/2021  10:22:51,590322;9,455396E-1;2,070179E-1;2,538983E-1;9,415093E-1;;
30/11/2021  10:22:51,590422;9,456320E-1;1,483991E-1;1,521681E-1;9,415068E-1;;
30/11/2021  10:22:51,590522;9,458555E-1;1,257800E-1;1,284732E-1;9,415083E-1;;
30/11/2021  10:22:51,590622;9,472354E-1;1,123996E-1;1,193112E-1;9,415144E-1;;
30/11/2021  10:22:51,590722;9,481563E-1;1,053908E-1;1,170997E-1;9,415257E-1;;
30/11/2021  10:22:51,590822;9,489550E-1;1,047537E-1;1,161519E-1;9,415430E-1;;
30/11/2021  10:22:51,590922;9,491219E-1;1,123996E-1;1,167838E-1;9,415670E-1;;
30/11/2021  10:22:51,591022;9,502067E-1;8,723178E-2;1,019350E-1;9,415984E-1;;
30/11/2021  10:22:51,591122;9,497716E-1;1,041165E-1;1,133085E-1;9,416382E-1;;
30/11/2021  10:22:51,591222;9,498431E-1;9,742634E-2;9,056141E-2;9,416868E-1;;
30/11/2021  10:22:51,591322;9,506955E-1;7,162136E-2;8,582243E-2;9,417448E-1;;
30/11/2021  10:22:51,591422;9,515121E-1;4,008194E-2;7,760819E-2;9,418128E-1;;
30/11/2021  10:22:51,591522;9,517356E-1;5,664810E-2;1,022509E-1;9,418911E-1;;
30/11/2021  10:22:51,591622;9,510114E-1;-6,963020E-4;4,380347E-2;9,419802E-1;;
30/11/2021  10:22:51,591722;9,511276E-1;8,468314E-2;1,006712E-1;9,420804E-1;;
30/11/2021  10:22:51,591822;9,503021E-1;1,066652E-1;1,164678E-1;9,421917E-1;;
30/11/2021  10:22:51,591922;9,498014E-1;1,245056E-1;1,379512E-1;9,423140E-1;;
30/11/2021  10:22:51,592022;9,502425E-1;1,327887E-1;1,360556E-1;9,424469E-1;;
30/11/2021  10:22:51,592122;9,507163E-1;1,487177E-1;1,392149E-1;9,425900E-1;;
30/11/2021  10:22:51,592222;9,506478E-1;1,656025E-1;1,524841E-1;9,427428E-1;;
30/11/2021  10:22:51,592322;9,499385E-1;1,898145E-1;1,793383E-1;9,429050E-1;;
30/11/2021  10:22:51,592422;9,486331E-1;1,681511E-1;1,588027E-1;9,430759E-1;;
30/11/2021  10:22:51,592522;9,483798E-1;1,318330E-1;1,322644E-1;9,432546E-1;;
30/11/2021  10:22:51,592622;9,473874E-1;1,267357E-1;1,294210E-1;9,434403E-1;;
30/11/2021  10:22:51,592722;9,471966E-1;1,241871E-1;1,205749E-1;9,436317E-1;;
30/11/2021  10:22:51,592822;9,469671E-1;1,162226E-1;1,208909E-1;9,438277E-1;;
30/11/2021  10:22:51,592922;9,467943E-1;1,251428E-1;1,256299E-1;9,440271E-1;;
30/11/2021  10:22:51,593022;9,460492E-1;1,174969E-1;1,455336E-1;9,442285E-1;;
30/11/2021  10:22:51,593122;9,449405E-1;1,270543E-1;1,256299E-1;9,444309E-1;;
30/11/2021  10:22:51,593222;9,439749E-1;1,378860E-1;1,354238E-1;9,446329E-1;;
30/11/2021  10:22:51,593322;9,439004E-1;1,203641E-1;1,291051E-1;9,448329E-1;;
30/11/2021  10:22:51,593422;9,437782E-1;1,461691E-1;1,407946E-1;9,450297E-1;;
30/11/2021  10:22:51,593522;9,435696E-1;1,216384E-1;1,189953E-1;9,452219E-1;;
30/11/2021  10:22:51,593622;9,426546E-1;1,168597E-1;1,588027E-1;9,454082E-1;;
30/11/2021  10:22:51,593722;9,424967E-1;1,229127E-1;1,240502E-1;9,455874E-1;;
30/11/2021  10:22:51,593822;9,420377E-1;1,299215E-1;1,268936E-1;9,457584E-1;;
30/11/2021  10:22:51,593922;9,413373E-1;1,748413E-1;1,777586E-1;9,459201E-1;;
30/11/2021  10:22:51,594022;9,413195E-1;1,174969E-1;1,341600E-1;9,460713E-1;;
30/11/2021  10:22:51,594122;9,418351E-1;-5,793582E-3;5,580889E-2;9,462113E-1;;
30/11/2021  10:22:51,594222;9,414327E-1;1,474434E-1;1,426902E-1;9,463391E-1;;
30/11/2021  10:22:51,594322;9,412360E-1;1,085766E-1;8,645429E-2;9,464542E-1;;
30/11/2021  10:22:51,594422;9,408724E-1;1,735670E-1;1,436380E-1;9,465560E-1;;
30/11/2021  10:22:51,594522;9,400200E-1;1,350188E-1;1,433221E-1;9,466441E-1;;
30/11/2021  10:22:51,594622;9,397459E-1;1,350188E-1;1,537478E-1;9,467180E-1;;
30/11/2021  10:22:51,594722;9,401035E-1;1,299215E-1;1,246821E-1;9,467772E-1;;
30/11/2021  10:22:51,594822;9,406668E-1;1,257800E-1;1,287892E-1;9,468216E-1;;
30/11/2021  10:22:51,594922;9,406429E-1;1,777085E-1;1,730197E-1;9,468509E-1;;
30/11/2021  10:22:51,595022;9,396356E-1;1,700626E-1;1,998739E-1;9,468654E-1;;
30/11/2021  10:22:51,595122;9,395819E-1;1,334259E-1;1,325804E-1;9,468650E-1;;
30/11/2021  10:22:51,595222;9,391260E-1;1,302401E-1;1,291051E-1;9,468499E-1;;
30/11/2021  10:22:51,595322;9,386133E-1;1,292843E-1;1,313166E-1;9,468201E-1;;
30/11/2021  10:22:51,595422;9,394508E-1;1,302401E-1;1,341600E-1;9,467758E-1;;
30/11/2021  10:22:51,595522;9,393614E-1;1,299215E-1;1,180475E-1;9,467172E-1;;
30/11/2021  10:22:51,595622;9,399873E-1;1,034794E-1;1,193112E-1;9,466448E-1;;
30/11/2021  10:22:51,595722;9,393197E-1;1,197269E-1;1,284732E-1;9,465589E-1;;
30/11/2021  10:22:51,595822;9,394419E-1;1,773899E-1;2,125112E-1;9,464604E-1;;
30/11/2021  10:22:51,595922;9,399128E-1;7,608148E-2;9,466852E-2;9,463496E-1;;
30/11/2021  10:22:51,596022;9,394776E-1;3,275460E-2;8,203124E-2;9,462274E-1;;
30/11/2021  10:22:51,596122;9,402793E-1;1,410718E-1;1,388990E-1;9,460944E-1;;
30/11/2021  10:22:51,596222;9,404403E-1;1,522221E-1;1,534319E-1;9,459514E-1;;
30/11/2021  10:22:51,596322;9,410363E-1;7,066562E-2;1,193112E-1;9,457995E-1;;
30/11/2021  10:22:51,596422;9,404820E-1;1,302401E-1;1,458495E-1;9,456395E-1;;
30/11/2021  10:22:51,596522;9,404790E-1;1,302401E-1;1,306848E-1;9,454723E-1;;
30/11/2021  10:22:51,596622;9,405267E-1;1,245056E-1;1,278414E-1;9,452990E-1;;
30/11/2021  10:22:51,596722;9,415698E-1;1,229127E-1;1,231024E-1;9,451205E-1;;
30/11/2021  10:22:51,596822;9,417188E-1;1,197269E-1;1,136244E-1;9,449376E-1;;
30/11/2021  10:22:51,596922;9,418947E-1;1,318330E-1;1,306848E-1;9,447515E-1;;
30/11/2021  10:22:51,597022;9,423924E-1;1,378860E-1;1,275255E-1;9,445632E-1;;
30/11/2021  10:22:51,597122;9,419304E-1;1,210013E-1;1,291051E-1;9,443738E-1;;
30/11/2021  10:22:51,597222;9,418172E-1;8,723178E-2;1,006712E-1;9,441842E-1;;
30/11/2021  10:22:51,597322;9,409767E-1;1,037979E-1;1,114129E-1;9,439954E-1;;
30/11/2021  10:22:51,597422;9,420198E-1;1,168597E-1;1,085695E-1;9,438079E-1;;
30/11/2021  10:22:51,597522;9,416980E-1;1,544522E-1;1,809180E-1;9,436226E-1;;
30/11/2021  10:22:51,597622;9,409410E-1;8,595746E-2;1,069899E-1;9,434400E-1;;
30/11/2021  10:22:51,597722;9,408903E-1;9,710776E-2;9,245700E-2;9,432607E-1;;
30/11/2021  10:22:51,597822;9,398740E-1;1,413904E-1;1,597505E-1;9,430851E-1;;
30/11/2021  10:22:51,597922;9,393137E-1;1,015679E-1;1,054102E-1;9,429133E-1;;
30/11/2021  10:22:51,598022;9,384971E-1;1,289658E-1;1,265777E-1;9,427453E-1;;
30/11/2021  10:22:51,598122;9,383272E-1;1,216384E-1;1,231024E-1;9,425811E-1;;
30/11/2021  10:22:51,598222;9,383809E-1;1,267357E-1;1,180475E-1;9,424205E-1;;
30/11/2021  10:22:51,598322;9,374063E-1;1,566822E-1;1,632258E-1;9,422633E-1;;
30/11/2021  10:22:51,598422;9,370189E-1;1,327887E-1;1,145722E-1;9,421091E-1;;
30/11/2021  10:22:51,598522;9,367328E-1;1,264171E-1;9,498445E-2;9,419576E-1;;
30/11/2021  10:22:51,598622;9,366583E-1;1,200455E-1;1,170997E-1;9,418085E-1;;
30/11/2021  10:22:51,598722;9,364675E-1;4,932076E-2;5,517702E-2;9,416613E-1;;
30/11/2021  10:22:51,598822;9,367864E-1;1,130368E-1;1,193112E-1;9,415157E-1;;
30/11/2021  10:22:51,598922;9,363900E-1;5,038138E-3;2,326789E-2;9,413715E-1;;
30/11/2021  10:22:51,599022;9,367060E-1;8,627604E-2;9,719598E-2;9,412283E-1;;
30/11/2021  10:22:51,599122;9,364973E-1;1,002936E-1;1,022509E-1;9,410862E-1;;
30/11/2021  10:22:51,599222;9,361576E-1;2,489498E-3;9,372073E-2;9,409448E-1;;
30/11/2021  10:22:51,599322;9,355556E-1;1,031608E-1;9,940750E-2;9,408041E-1;;
30/11/2021  10:22:51,599422;9,359907E-1;9,360338E-2;1,050943E-1;9,406639E-1;;
30/11/2021  10:22:51,599522;9,366762E-1;9,710776E-2;1,057261E-1;9,405240E-1;;
30/11/2021  10:22:51,599622;9,365271E-1;9,838208E-2;1,142563E-1;9,403845E-1;;
30/11/2021  10:22:51,599722;9,366225E-1;1,022050E-1;1,145722E-1;9,402453E-1;;
30/11/2021  10:22:51,599822;9,361397E-1;1,009307E-1;1,063580E-1;9,401067E-1;;
30/11/2021  10:22:51,599922;9,361159E-1;9,965640E-2;1,120448E-1;9,399686E-1;;
30/11/2021  10:22:51,600022;9,356628E-1;1,302401E-1;1,366875E-1;9,398312E-1;;
30/11/2021  10:22:51,600122;9,364586E-1;1,254614E-1;1,322644E-1;9,396945E-1;;
30/11/2021  10:22:51,600222;9,367060E-1;1,146297E-1;1,117289E-1;9,395585E-1;;
30/11/2021  10:22:51,600322;9,368848E-1;1,499920E-1;1,249980E-1;9,394235E-1;;
30/11/2021  10:22:51,600422;9,364824E-1;1,681511E-1;1,398468E-1;9,392897E-1;;
30/11/2021  10:22:51,600522;9,360861E-1;1,347002E-1;1,031987E-1;9,391573E-1;;
30/11/2021  10:22:51,600622;9,353082E-1;1,649653E-1;1,708081E-1;9,390264E-1;;
30/11/2021  10:22:51,600722;9,360056E-1;1,614609E-1;1,730197E-1;9,388971E-1;;
30/11/2021  10:22:51,600822;9,362917E-1;1,611423E-1;1,932393E-1;9,387693E-1;;
30/11/2021  10:22:51,600922;9,368848E-1;1,238685E-1;1,249980E-1;9,386433E-1;;
30/11/2021  10:22:51,601022;9,369831E-1;1,283286E-1;1,534319E-1;9,385192E-1;;
30/11/2021  10:22:51,601122;9,365182E-1;1,280100E-1;1,272095E-1;9,383974E-1;;
30/11/2021  10:22:51,601222;9,362977E-1;1,181340E-1;1,019350E-1;9,382780E-1;;
30/11/2021  10:22:51,601322;9,369593E-1;1,356559E-1;1,426902E-1;9,381613E-1;;
30/11/2021  10:22:51,601422;9,371619E-1;6,652408E-2;8,329497E-2;9,380474E-1;;
30/11/2021  10:22:51,601522;9,380232E-1;1,206827E-1;1,120448E-1;9,379366E-1;;
30/11/2021  10:22:51,601622;9,387236E-1;1,315144E-1;1,284732E-1;9,378294E-1;;
30/11/2021  10:22:51,601722;9,385806E-1;1,197269E-1;1,038306E-1;9,377260E-1;;
30/11/2021  10:22:51,601822;9,388816E-1;1,260985E-1;1,170997E-1;9,376271E-1;;
30/11/2021  10:22:51,601922;9,389293E-1;1,241871E-1;1,025668E-1;9,375331E-1;;
30/11/2021  10:22:51,602022;9,391319E-1;3,817046E-2;8,297904E-2;9,374445E-1;;
30/11/2021  10:22:51,602122;9,398084E-1;1,152668E-1;9,972343E-2;9,373616E-1;;
30/11/2021  10:22:51,602222;9,406936E-1;1,468062E-1;1,493248E-1;9,372848E-1;;
30/11/2021  10:22:51,602322;9,409946E-1;1,426647E-1;1,439539E-1;9,372148E-1;;
30/11/2021  10:22:51,602422;9,412986E-1;1,299215E-1;1,521681E-1;9,371519E-1;;
30/11/2021  10:22:51,602522;9,412360E-1;1,079395E-1;1,546956E-1;9,370969E-1;;
30/11/2021  10:22:51,602622;9,412599E-1;1,334259E-1;1,319485E-1;9,370501E-1;;
30/11/2021  10:22:51,602722;9,411496E-1;1,257800E-1;1,243661E-1;9,370118E-1;;
30/11/2021  10:22:51,602822;9,417844E-1;1,238685E-1;1,253139E-1;9,369823E-1;;
30/11/2021  10:22:51,602922;9,423804E-1;1,248242E-1;1,234183E-1;9,369619E-1;;
30/11/2021  10:22:51,603022;9,423477E-1;1,327887E-1;1,344760E-1;9,369509E-1;;
30/11/2021  10:22:51,603122;9,420198E-1;1,120810E-1;1,129926E-1;9,369493E-1;;
30/11/2021  10:22:51,603222;9,424222E-1;1,108067E-1;1,101492E-1;9,369575E-1;;
30/11/2021  10:22:51,603322;9,425116E-1;1,213198E-1;1,126766E-1;9,369753E-1;;
30/11/2021  10:22:51,603422;9,423387E-1;1,213198E-1;1,167838E-1;9,370028E-1;;
30/11/2021  10:22:51,603522;9,433848E-1;5,186940E-2;9,972343E-2;9,370399E-1;;
30/11/2021  10:22:51,603622;9,437067E-1;2,096714E-2;5,517702E-2;9,370866E-1;;
30/11/2021  10:22:51,603722;9,433729E-1;1,296029E-1;1,411105E-1;9,371429E-1;;
30/11/2021  10:22:51,603822;9,437395E-1;1,238685E-1;1,256299E-1;9,372087E-1;;
30/11/2021  10:22:51,603922;9,434206E-1;1,133553E-1;1,212068E-1;9,372840E-1;;
30/11/2021  10:22:51,604022;9,435189E-1;1,289658E-1;1,328963E-1;9,373684E-1;;
30/11/2021  10:22:51,604122;9,441954E-1;1,356559E-1;1,335282E-1;9,374618E-1;;
30/11/2021  10:22:51,604222;9,446932E-1;1,245056E-1;1,227865E-1;9,375639E-1;;
30/11/2021  10:22:51,604322;9,444249E-1;1,241871E-1;1,319485E-1;9,376746E-1;;
30/11/2021  10:22:51,604422;9,447766E-1;1,471248E-1;1,578549E-1;9,377935E-1;;
30/11/2021  10:22:51,604522;9,448303E-1;1,302401E-1;1,338441E-1;9,379205E-1;;
30/11/2021  10:22:51,604622;9,444577E-1;1,292843E-1;1,243661E-1;9,380553E-1;;
30/11/2021  10:22:51,604722;9,450419E-1;1,130368E-1;1,158360E-1;9,381974E-1;;
30/11/2021  10:22:51,604822;9,454084E-1;1,238685E-1;1,253139E-1;9,383467E-1;;
30/11/2021  10:22:51,604922;9,461863E-1;1,289658E-1;1,325804E-1;9,385026E-1;;
30/11/2021  10:22:51,605022;9,460045E-1;1,308772E-1;9,751191E-2;9,386650E-1;;
30/11/2021  10:22:51,605122;9,461356E-1;1,206827E-1;1,316326E-1;9,388337E-1;;
30/11/2021  10:22:51,605222;9,454323E-1;1,340630E-1;1,354238E-1;9,390083E-1;;
30/11/2021  10:22:51,605322;9,458227E-1;1,340630E-1;1,370034E-1;9,391885E-1;;
30/11/2021  10:22:51,605422;9,458436E-1;1,213198E-1;1,310007E-1;9,393738E-1;;
30/11/2021  10:22:51,605522;9,461386E-1;1,324701E-1;1,338441E-1;9,395637E-1;;
30/11/2021  10:22:51,605622;9,465648E-1;1,321516E-1;1,205749E-1;9,397579E-1;;
30/11/2021  10:22:51,605722;9,457661E-1;1,324701E-1;1,654373E-1;9,399559E-1;;
30/11/2021  10:22:51,605822;9,458078E-1;1,190898E-1;1,262617E-1;9,401573E-1;;
30/11/2021  10:22:51,605922;9,446663E-1;1,362931E-1;1,347919E-1;9,403614E-1;;
30/11/2021  10:22:51,606022;9,446961E-1;2,073364E-1;1,758630E-1;9,405676E-1;;
30/11/2021  10:22:51,606122;9,446067E-1;8,054160E-2;1,351078E-1;9,407752E-1;;
30/11/2021  10:22:51,606222;9,450061E-1;1,280100E-1;1,202590E-1;9,409834E-1;;
30/11/2021  10:22:51,606322;9,450270E-1;1,311958E-1;1,205749E-1;9,411915E-1;;
30/11/2021  10:22:51,606422;9,442402E-1;1,120810E-1;6,749837E-2;9,413988E-1;;
30/11/2021  10:22:51,606522;9,440911E-1;1,780271E-1;2,017695E-1;9,416046E-1;;
30/11/2021  10:22:51,606622;9,434414E-1;1,378860E-1;1,411105E-1;9,418083E-1;;
30/11/2021  10:22:51,606722;9,436262E-1;1,388417E-1;1,341600E-1;9,420091E-1;;
30/11/2021  10:22:51,606822;9,431702E-1;1,060280E-1;1,319485E-1;9,422062E-1;;
30/11/2021  10:22:51,606922;9,431762E-1;1,308772E-1;1,253139E-1;9,423988E-1;;
30/11/2021  10:22:51,607022;9,436620E-1;1,334259E-1;1,351078E-1;9,425864E-1;;
30/11/2021  10:22:51,607122;9,435636E-1;7,512574E-2;1,584868E-1;9,427682E-1;;
30/11/2021  10:22:51,607222;9,425116E-1;1,101695E-1;1,170997E-1;9,429439E-1;;
30/11/2021  10:22:51,607322;9,417278E-1;1,028422E-1;1,158360E-1;9,431129E-1;;
30/11/2021  10:22:51,607422;9,423983E-1;8,372740E-2;1,066739E-1;9,432745E-1;;
30/11/2021  10:22:51,607522;9,426397E-1;1,130368E-1;1,205749E-1;9,434282E-1;;
30/11/2021  10:22:51,607622;9,429318E-1;1,178155E-1;1,133085E-1;9,435736E-1;;
30/11/2021  10:22:51,607722;9,428036E-1;9,232906E-2;1,082536E-1;9,437103E-1;;
30/11/2021  10:22:51,607822;9,433192E-1;1,069837E-1;1,243661E-1;9,438383E-1;;
30/11/2021  10:22:51,607922;9,426099E-1;1,187712E-1;1,240502E-1;9,439574E-1;;
30/11/2021  10:22:51,608022;9,422970E-1;8,723178E-2;1,761790E-1;9,440676E-1;;
30/11/2021  10:22:51,608122;9,429050E-1;1,069837E-1;1,310007E-1;9,441688E-1;;
30/11/2021  10:22:51,608222;9,430898E-1;2,117966E-1;2,065085E-1;9,442608E-1;;
30/11/2021  10:22:51,608322;9,434116E-1;1,442576E-1;1,663851E-1;9,443440E-1;;
30/11/2021  10:22:51,608422;9,430808E-1;1,910889E-1;1,471132E-1;9,444183E-1;;
30/11/2021  10:22:51,608522;9,425444E-1;1,445762E-1;1,467973E-1;9,444841E-1;;
30/11/2021  10:22:51,608622;9,417665E-1;1,589123E-1;1,442698E-1;9,445414E-1;;
30/11/2021  10:22:51,608722;9,415758E-1;1,745227E-1;1,632258E-1;9,445902E-1;;
30/11/2021  10:22:51,608822;9,421301E-1;8,181592E-2;1,398468E-1;9,446307E-1;;
30/11/2021  10:22:51,608922;9,424490E-1;1,487177E-1;1,376353E-1;9,446628E-1;;
30/11/2021  10:22:51,609022;9,422612E-1;1,280100E-1;1,388990E-1;9,446867E-1;;
30/11/2021  10:22:51,609122;9,419125E-1;1,318330E-1;1,167838E-1;9,447027E-1;;
30/11/2021  10:22:51,609222;9,416920E-1;1,101695E-1;1,316326E-1;9,447109E-1;;
30/11/2021  10:22:51,609322;9,416622E-1;1,841850E-2;1,031468E-2;9,447116E-1;;
30/11/2021  10:22:51,609422;9,416294E-1;8,627604E-2;8,645429E-2;9,447049E-1;;
30/11/2021  10:22:51,609522;9,418827E-1;1,149482E-1;1,092014E-1;9,446910E-1;;
30/11/2021  10:22:51,609622;9,426934E-1;1,410718E-1;1,543797E-1;9,446703E-1;;
30/11/2021  10:22:51,609722;9,428066E-1;6,047106E-2;7,539667E-2;9,446431E-1;;
30/11/2021  10:22:51,609822;9,427530E-1;9,455912E-2;1,069899E-1;9,446100E-1;;
30/11/2021  10:22:51,609922;9,425384E-1;1,576380E-1;1,802861E-1;9,445714E-1;;
30/11/2021  10:22:51,610022;9,424997E-1;4,995792E-2;8,171531E-2;9,445278E-1;;
30/11/2021  10:22:51,610122;9,426159E-1;1,238685E-1;1,281573E-1;9,444796E-1;;
30/11/2021  10:22:51,610222;9,430152E-1;1,216384E-1;1,278414E-1;9,444274E-1;;
30/11/2021  10:22:51,610322;9,429705E-1;1,171783E-1;1,133085E-1;9,443716E-1;;
30/11/2021  10:22:51,610422;9,437246E-1;1,321516E-1;1,335282E-1;9,443127E-1;;
30/11/2021  10:22:51,610522;9,432477E-1;1,235499E-1;1,199431E-1;9,442513E-1;;
30/11/2021  10:22:51,610622;9,420854E-1;1,095324E-1;1,129926E-1;9,441879E-1;;
30/11/2021  10:22:51,610722;9,419125E-1;7,703722E-2;5,328143E-2;9,441228E-1;;
30/11/2021  10:22:51,610822;9,417099E-1;1,289658E-1;1,243661E-1;9,440563E-1;;
30/11/2021  10:22:51,610922;9,421331E-1;1,334259E-1;1,430061E-1;9,439885E-1;;
30/11/2021  10:22:51,611022;9,421539E-1;1,318330E-1;1,351078E-1;9,439195E-1;;
30/11/2021  10:22:51,611122;9,419364E-1;6,015248E-2;8,361090E-2;9,438496E-1;;
30/11/2021  10:22:51,611222;9,410632E-1;5,664810E-2;6,339125E-2;9,437790E-1;;
30/11/2021  10:22:51,611322;9,404105E-1;8,436456E-2;1,142563E-1;9,437077E-1;;
30/11/2021  10:22:51,611422;9,396028E-1;1,452133E-1;1,439539E-1;9,436356E-1;;
30/11/2021  10:22:51,611522;9,397816E-1;1,210013E-1;1,316326E-1;9,435625E-1;;
30/11/2021  10:22:51,611622;9,404254E-1;1,296029E-1;1,306848E-1;9,434883E-1;;
30/11/2021  10:22:51,611722;9,401661E-1;1,073023E-1;1,186794E-1;9,434127E-1;;
30/11/2021  10:22:51,611822;9,391468E-1;1,283286E-1;1,281573E-1;9,433357E-1;;
30/11/2021  10:22:51,611922;9,392660E-1;1,280100E-1;1,136244E-1;9,432573E-1;;
30/11/2021  10:22:51,612022;9,384405E-1;1,296029E-1;1,259458E-1;9,431771E-1;;
30/11/2021  10:22:51,612122;9,379428E-1;1,350188E-1;1,370034E-1;9,430950E-1;;
30/11/2021  10:22:51,612222;9,381842E-1;1,257800E-1;1,212068E-1;9,430107E-1;;
30/11/2021  10:22:51,612322;9,390813E-1;1,937424E-2;8,234717E-2;9,429240E-1;;
30/11/2021  10:22:51,612422;9,385567E-1;1,305587E-1;1,237343E-1;9,428347E-1;;
30/11/2021  10:22:51,612522;9,383362E-1;1,267357E-1;1,253139E-1;9,427428E-1;;
30/11/2021  10:22:51,612622;9,378295E-1;5,601094E-2;4,443533E-2;9,426483E-1;;
30/11/2021  10:22:51,612722;9,366791E-1;1,340630E-1;1,565912E-1;9,425512E-1;;
30/11/2021  10:22:51,612822;9,365957E-1;1,636910E-1;1,761790E-1;9,424511E-1;;
30/11/2021  10:22:51,612922;9,374331E-1;4,932076E-2;1,180475E-1;9,423480E-1;;
30/11/2021  10:22:51,613022;9,375792E-1;1,136739E-1;1,193112E-1;9,422416E-1;;
30/11/2021  10:22:51,613122;9,374749E-1;1,305587E-1;1,433221E-1;9,421320E-1;;
30/11/2021  10:22:51,613222;9,371619E-1;1,302401E-1;1,234183E-1;9,420194E-1;;
30/11/2021  10:22:51,613322;9,364198E-1;1,057094E-1;1,152041E-1;9,419036E-1;;
30/11/2021  10:22:51,613422;9,359728E-1;1,343816E-1;1,546956E-1;9,417849E-1;;
30/11/2021  10:22:51,613522;9,359907E-1;1,280100E-1;1,354238E-1;9,416631E-1;;
30/11/2021  10:22:51,613622;9,368550E-1;1,114439E-1;1,041465E-1;9,415381E-1;;
30/11/2021  10:22:51,613722;9,369235E-1;1,241871E-1;1,199431E-1;9,414101E-1;;
30/11/2021  10:22:51,613822;9,365271E-1;1,130368E-1;9,751191E-2;9,412793E-1;;
30/11/2021  10:22:51,613922;9,363632E-1;1,264171E-1;1,183634E-1;9,411459E-1;;
30/11/2021  10:22:51,614022;9,354155E-1;9,678918E-2;8,013565E-2;9,410101E-1;;
30/11/2021  10:22:51,614122;9,356301E-1;1,369303E-1;1,474292E-1;9,408719E-1;;
30/11/2021  10:22:51,614222;9,356569E-1;8,309024E-2;8,708615E-2;9,407315E-1;;
30/11/2021  10:22:51,614322;9,357314E-1;1,130368E-1;1,685966E-1;9,405888E-1;;
30/11/2021  10:22:51,614422;9,360294E-1;1,401161E-1;1,578549E-1;9,404442E-1;;
30/11/2021  10:22:51,614522;9,364109E-1;1,388417E-1;1,733356E-1;9,402978E-1;;
30/11/2021  10:22:51,614622;9,364407E-1;1,302401E-1;1,262617E-1;9,401500E-1;;
30/11/2021  10:22:51,614722;9,356628E-1;1,254614E-1;1,259458E-1;9,400011E-1;;
30/11/2021  10:22:51,614822;9,360533E-1;1,388417E-1;1,332122E-1;9,398513E-1;;
30/11/2021  10:22:51,614922;9,364049E-1;1,251428E-1;1,322644E-1;9,397011E-1;;
30/11/2021  10:22:51,615022;9,377103E-1;1,327887E-1;1,212068E-1;9,395507E-1;;
30/11/2021  10:22:51,615122;9,378414E-1;1,407532E-1;1,347919E-1;9,394008E-1;;
30/11/2021  10:22:51,615222;9,377312E-1;1,391603E-1;1,388990E-1;9,392518E-1;;
30/11/2021  10:22:51,615322;9,374838E-1;1,047537E-1;1,079377E-1;9,391045E-1;;
30/11/2021  10:22:51,615422;9,368252E-1;1,028422E-1;9,340479E-2;9,389594E-1;;
30/11/2021  10:22:51,615522;9,371441E-1;1,111253E-1;1,054102E-1;9,388168E-1;;
30/11/2021  10:22:51,615622;9,379666E-1;8,914326E-2;1,066739E-1;9,386771E-1;;
30/11/2021  10:22:51,615722;9,384375E-1;1,073023E-1;1,316326E-1;9,385408E-1;;
30/11/2021  10:22:51,615822;9,387177E-1;1,136739E-1;1,303688E-1;9,384083E-1;;
30/11/2021  10:22:51,615922;9,380948E-1;1,139925E-1;1,253139E-1;9,382801E-1;;
30/11/2021  10:22:51,616022;9,383421E-1;1,015679E-1;1,120448E-1;9,381568E-1;;
30/11/2021  10:22:51,616122;9,383421E-1;9,870066E-2;1,152041E-1;9,380386E-1;;
30/11/2021  10:22:51,616222;9,389829E-1;9,551486E-2;1,107811E-1;9,379260E-1;;
30/11/2021  10:22:51,616322;9,394180E-1;9,774492E-2;1,066739E-1;9,378192E-1;;
30/11/2021  10:22:51,616422;9,399366E-1;1,098510E-1;1,294210E-1;9,377187E-1;;
30/11/2021  10:22:51,616522;9,396565E-1;1,088952E-1;1,300529E-1;9,376249E-1;;
30/11/2021  10:22:51,616622;9,399992E-1;1,311958E-1;1,313166E-1;9,375381E-1;;
30/11/2021  10:22:51,616722;9,388488E-1;1,423461E-1;1,300529E-1;9,374588E-1;;
30/11/2021  10:22:51,616822;9,391647E-1;1,442576E-1;1,303688E-1;9,373871E-1;;
30/11/2021  10:22:51,616922;9,395432E-1;1,659210E-1;1,366875E-1;9,373229E-1;;
30/11/2021  10:22:51,617022;9,402883E-1;4,358632E-2;9,814378E-2;9,372664E-1;;
30/11/2021  10:22:51,617122;9,399664E-1;1,337445E-1;1,281573E-1;9,372177E-1;;
30/11/2021  10:22:51,617222;9,399366E-1;1,382046E-1;1,695444E-1;9,371769E-1;;
30/11/2021  10:22:51,617322;9,401691E-1;1,292843E-1;1,395309E-1;9,371440E-1;;
30/11/2021  10:22:51,617422;9,394896E-1;1,289658E-1;1,278414E-1;9,371189E-1;;
30/11/2021  10:22:51,617522;9,397608E-1;1,229127E-1;1,202590E-1;9,371016E-1;;
30/11/2021  10:22:51,617622;9,406012E-1;1,092138E-1;1,139404E-1;9,370919E-1;;
30/11/2021  10:22:51,617722;9,411913E-1;1,187712E-1;1,054102E-1;9,370897E-1;;
30/11/2021  10:22:51,617822;9,413105E-1;7,640006E-2;8,013565E-2;9,370949E-1;;
30/11/2021  10:22:51,617922;9,414089E-1;1,238685E-1;1,218387E-1;9,371078E-1;;
30/11/2021  10:22:51,618022;9,411555E-1;1,254614E-1;1,224705E-1;9,371281E-1;;
30/11/2021  10:22:51,618122;9,410393E-1;1,503106E-1;1,392149E-1;9,371559E-1;;
30/11/2021  10:22:51,618222;9,417218E-1;1,013542E-2;4,664686E-2;9,371910E-1;;
30/11/2021  10:22:51,618322;9,425265E-1;1,063466E-1;1,208909E-1;9,372333E-1;;
30/11/2021  10:22:51,618422;9,424222E-1;1,184526E-1;1,050943E-1;9,372827E-1;;
30/11/2021  10:22:51,618522;9,425712E-1;1,031608E-1;6,939396E-2;9,373393E-1;;
30/11/2021  10:22:51,618622;9,430182E-1;1,334259E-1;1,231024E-1;9,374030E-1;;
30/11/2021  10:22:51,618722;9,426546E-1;1,350188E-1;1,474292E-1;9,374738E-1;;
30/11/2021  10:22:51,618822;9,422761E-1;1,331073E-1;1,313166E-1;9,375514E-1;;
30/11/2021  10:22:51,618922;9,430689E-1;8,468314E-2;6,970989E-2;9,376358E-1;;
30/11/2021  10:22:51,619022;9,433312E-1;1,366117E-1;1,325804E-1;9,377267E-1;;
30/11/2021  10:22:51,619122;9,435845E-1;1,206827E-1;1,221546E-1;9,378239E-1;;
30/11/2021  10:22:51,619222;9,440375E-1;1,136739E-1;1,259458E-1;9,379273E-1;;
30/11/2021  10:22:51,619322;9,432567E-1;1,245056E-1;1,189953E-1;9,380367E-1;;
30/11/2021  10:22:51,619422;9,430003E-1;1,222756E-1;1,199431E-1;9,381520E-1;;
30/11/2021  10:22:51,619522;9,428245E-1;1,203641E-1;1,202590E-1;9,382727E-1;;
30/11/2021  10:22:51,619622;9,430927E-1;1,305587E-1;1,281573E-1;9,383984E-1;;
30/11/2021  10:22:51,619722;9,432537E-1;1,254614E-1;1,126766E-1;9,385288E-1;;
30/11/2021  10:22:51,619822;9,430987E-1;1,216384E-1;1,215227E-1;9,386633E-1;;
30/11/2021  10:22:51,619922;9,431792E-1;1,296029E-1;1,360556E-1;9,388016E-1;;
30/11/2021  10:22:51,620022;9,428186E-1;8,723178E-2;8,613836E-2;9,389432E-1;;
30/11/2021  10:22:51,620122;9,423208E-1;1,636910E-1;1,727037E-1;9,390876E-1;;
30/11/2021  10:22:51,620222;9,423596E-1;1,452133E-1;1,486929E-1;9,392342E-1;;
30/11/2021  10:22:51,620322;9,426278E-1;6,907272E-2;1,076217E-1;9,393825E-1;;
30/11/2021  10:22:51,620422;9,430421E-1;1,423461E-1;1,354238E-1;9,395319E-1;;
30/11/2021  10:22:51,620522;9,427798E-1;9,105474E-2;1,189953E-1;9,396819E-1;;
30/11/2021  10:22:51,620622;9,427262E-1;1,311958E-1;1,477451E-1;9,398322E-1;;
30/11/2021  10:22:51,620722;9,423626E-1;1,382046E-1;1,316326E-1;9,399822E-1;;
30/11/2021  10:22:51,620822;9,422970E-1;1,219570E-1;1,319485E-1;9,401315E-1;;
30/11/2021  10:22:51,620922;9,422374E-1;-1,535098E-2;2,484755E-2;9,402797E-1;;
30/11/2021  10:22:51,621022;9,429020E-1;1,302401E-1;1,174156E-1;9,404261E-1;;
30/11/2021  10:22:51,621122;9,428036E-1;1,311958E-1;1,385831E-1;9,405706E-1;;
30/11/2021  10:22:51,621222;9,432239E-1;1,318330E-1;1,114129E-1;9,407128E-1;;
30/11/2021  10:22:51,621322;9,430480E-1;1,321516E-1;1,341600E-1;9,408524E-1;;
30/11/2021  10:22:51,621422;9,424430E-1;1,417090E-1;1,344760E-1;9,409892E-1;;
30/11/2021  10:22:51,621522;9,421986E-1;1,404346E-1;1,474292E-1;9,411230E-1;;
30/11/2021  10:22:51,621622;9,420884E-1;1,318330E-1;1,202590E-1;9,412535E-1;;
30/11/2021  10:22:51,621722;9,422702E-1;1,850358E-1;1,708081E-1;9,413803E-1;;
30/11/2021  10:22:51,621822;9,423596E-1;1,522221E-1;1,477451E-1;9,415030E-1;;
30/11/2021  10:22:51,621922;9,419125E-1;1,168597E-1;1,224705E-1;9,416216E-1;;
30/11/2021  10:22:51,622022;9,407025E-1;1,448948E-1;1,660692E-1;9,417356E-1;;
30/11/2021  10:22:51,622122;9,405237E-1;9,933782E-2;1,142563E-1;9,418447E-1;;
30/11/2021  10:22:51,622222;9,401244E-1;1,292843E-1;1,268936E-1;9,419484E-1;;
30/11/2021  10:22:51,622322;9,397131E-1;1,356559E-1;1,291051E-1;9,420462E-1;;
30/11/2021  10:22:51,622422;9,398651E-1;1,229127E-1;1,152041E-1;9,421376E-1;;
30/11/2021  10:22:51,622522;9,400886E-1;1,283286E-1;1,316326E-1;9,422222E-1;;
30/11/2021  10:22:51,622622;9,394866E-1;1,076209E-1;7,444887E-2;9,422996E-1;;
30/11/2021  10:22:51,622722;9,388488E-1;1,474434E-1;1,708081E-1;9,423694E-1;;
30/11/2021  10:22:51,622822;9,385776E-1;1,181340E-1;1,060421E-1;9,424314E-1;;
30/11/2021  10:22:51,622922;9,382736E-1;1,512664E-1;1,300529E-1;9,424851E-1;;
30/11/2021  10:22:51,623022;9,382885E-1;1,394789E-1;1,388990E-1;9,425302E-1;;
30/11/2021  10:22:51,623122;9,385716E-1;1,378860E-1;1,193112E-1;9,425664E-1;;
30/11/2021  10:22:51,623222;9,388160E-1;1,362931E-1;1,325804E-1;9,425936E-1;;
30/11/2021  10:22:51,623322;9,388756E-1;1,109116E-2;4,096008E-2;9,426116E-1;;
30/11/2021  10:22:51,623422;9,385716E-1;9,774492E-2;1,360556E-1;9,426205E-1;;
30/11/2021  10:22:51,623522;9,377312E-1;1,117624E-1;1,215227E-1;9,426205E-1;;
30/11/2021  10:22:51,623622;9,380769E-1;1,085766E-1;1,152041E-1;9,426115E-1;;
30/11/2021  10:22:51,623722;9,384852E-1;1,098510E-1;1,161519E-1;9,425936E-1;;
30/11/2021  10:22:51,623822;9,382915E-1;1,085766E-1;1,208909E-1;9,425670E-1;;
30/11/2021  10:22:51,623922;9,386193E-1;1,095324E-1;1,189953E-1;9,425319E-1;;
30/11/2021  10:22:51,624022;9,380441E-1;1,012493E-1;1,101492E-1;9,424886E-1;;
30/11/2021  10:22:51,624122;9,373527E-1;1,015679E-1;1,085695E-1;9,424375E-1;;
30/11/2021  10:22:51,624222;9,371858E-1;1,063466E-1;1,148882E-1;9,423786E-1;;
30/11/2021  10:22:51,624322;9,372722E-1;1,127182E-1;1,237343E-1;9,423122E-1;;
30/11/2021  10:22:51,624422;9,375494E-1;7,990444E-2;1,092014E-1;9,422385E-1;;
30/11/2021  10:22:51,624522;9,374153E-1;9,487770E-2;1,003553E-1;9,421577E-1;;
30/11/2021  10:22:51,624622;9,369801E-1;1,044351E-1;1,142563E-1;9,420702E-1;;
30/11/2021  10:22:51,624722;9,369444E-1;1,025236E-1;1,117289E-1;9,419763E-1;;
30/11/2021  10:22:51,624822;9,352903E-1;1,382046E-1;1,521681E-1;9,418762E-1;;
30/11/2021  10:22:51,624922;9,360443E-1;1,327887E-1;1,382671E-1;9,417700E-1;;
30/11/2021  10:22:51,625022;9,358834E-1;1,133553E-1;1,840773E-1;9,416579E-1;;
30/11/2021  10:22:51,625122;9,358774E-1;1,375674E-1;1,328963E-1;9,415400E-1;;
30/11/2021  10:22:51,625222;9,358476E-1;2,003277E-1;2,264122E-1;9,414166E-1;;
30/11/2021  10:22:51,625322;9,357463E-1;1,665582E-1;1,512204E-1;9,412878E-1;;
30/11/2021  10:22:51,625422;9,348611E-1;1,506292E-1;1,382671E-1;9,411541E-1;;
30/11/2021  10:22:51,625522;9,347539E-1;1,614609E-1;1,638576E-1;9,410155E-1;;
30/11/2021  10:22:51,625622;9,347360E-1;1,260985E-1;1,256299E-1;9,408723E-1;;
30/11/2021  10:22:51,625722;9,349982E-1;8,659462E-2;7,855599E-2;9,407246E-1;;
30/11/2021  10:22:51,625822;9,352098E-1;1,340630E-1;1,275255E-1;9,405727E-1;;
30/11/2021  10:22:51,625922;9,351115E-1;1,063466E-1;8,992954E-2;9,404168E-1;;
30/11/2021  10:22:51,626022;9,349953E-1;1,229127E-1;1,107811E-1;9,402574E-1;;
30/11/2021  10:22:51,626122;9,344141E-1;1,197269E-1;1,253139E-1;9,400949E-1;;
30/11/2021  10:22:51,626222;9,345184E-1;1,337445E-1;1,603824E-1;9,399294E-1;;
30/11/2021  10:22:51,626322;9,343366E-1;5,951532E-2;8,961361E-2;9,397614E-1;;
30/11/2021  10:22:51,626422;9,352426E-1;1,468062E-1;1,515363E-1;9,395910E-1;;
30/11/2021  10:22:51,626522;9,352695E-1;1,477620E-1;1,600664E-1;9,394188E-1;;
30/11/2021  10:22:51,626622;9,351085E-1;1,547707E-1;1,758630E-1;9,392452E-1;;
30/11/2021  10:22:51,626722;9,351264E-1;1,213198E-1;1,313166E-1;9,390707E-1;;
30/11/2021  10:22:51,626822;9,342323E-1;1,337445E-1;1,363715E-1;9,388957E-1;;
30/11/2021  10:22:51,626922;9,343366E-1;1,308772E-1;1,287892E-1;9,387206E-1;;
30/11/2021  10:22:51,627022;9,344916E-1;1,248242E-1;1,281573E-1;9,385457E-1;;
30/11/2021  10:22:51,627122;9,353648E-1;1,280100E-1;1,291051E-1;9,383712E-1;;
30/11/2021  10:22:51,627222;9,351324E-1;1,375674E-1;1,328963E-1;9,381976E-1;;
30/11/2021  10:22:51,627322;9,349148E-1;1,299215E-1;1,306848E-1;9,380254E-1;;
30/11/2021  10:22:51,627422;9,347121E-1;1,219570E-1;1,170997E-1;9,378549E-1;;
30/11/2021  10:22:51,627522;9,339313E-1;8,500172E-2;9,593225E-2;9,376864E-1;;
30/11/2021  10:22:51,627622;9,343485E-1;1,190898E-1;1,098333E-1;9,375203E-1;;
30/11/2021  10:22:51,627722;9,342949E-1;8,149734E-2;9,782784E-2;9,373565E-1;;
30/11/2021  10:22:51,627822;9,350251E-1;1,257800E-1;1,550115E-1;9,371954E-1;;
30/11/2021  10:22:51,627922;9,348820E-1;1,366117E-1;1,505885E-1;9,370373E-1;;
30/11/2021  10:22:51,628022;9,351502E-1;1,334259E-1;1,347919E-1;9,368824E-1;;
30/11/2021  10:22:51,628122;9,343158E-1;1,369303E-1;1,313166E-1;9,367310E-1;;
30/11/2021  10:22:51,628222;9,344916E-1;1,391603E-1;1,313166E-1;9,365833E-1;;
30/11/2021  10:22:51,628322;9,350072E-1;1,200455E-1;1,294210E-1;9,364396E-1;;
30/11/2021  10:22:51,628422;9,354900E-1;1,286472E-1;1,237343E-1;9,363000E-1;;
30/11/2021  10:22:51,628522;9,356927E-1;1,299215E-1;1,458495E-1;9,361648E-1;;
30/11/2021  10:22:51,628622;9,360026E-1;1,793014E-1;1,758630E-1;9,360343E-1;;
30/11/2021  10:22:51,628722;9,365987E-1;1,337445E-1;1,351078E-1;9,359089E-1;;
30/11/2021  10:22:51,628822;9,357135E-1;1,362931E-1;1,208909E-1;9,357890E-1;;
30/11/2021  10:22:51,628922;9,363066E-1;1,194084E-1;1,120448E-1;9,356748E-1;;
30/11/2021  10:22:51,629022;9,368490E-1;1,280100E-1;1,243661E-1;9,355667E-1;;
30/11/2021  10:22:51,629122;9,380918E-1;1,324701E-1;1,521681E-1;9,354650E-1;;
30/11/2021  10:22:51,629222;9,383719E-1;1,028422E-1;8,013565E-2;9,353701E-1;;
30/11/2021  10:22:51,629322;9,383451E-1;1,515849E-1;1,562753E-1;9,352825E-1;;
30/11/2021  10:22:51,629422;9,387594E-1;1,235499E-1;1,344760E-1;9,352028E-1;;
30/11/2021  10:22:51,629522;9,386908E-1;1,296029E-1;1,291051E-1;9,351313E-1;;
30/11/2021  10:22:51,629622;9,379428E-1;1,225942E-1;1,278414E-1;9,350685E-1;;
30/11/2021  10:22:51,629722;9,392571E-1;1,123996E-1;1,174156E-1;9,350145E-1;;
30/11/2021  10:22:51,629822;9,401750E-1;1,190898E-1;1,041465E-1;9,349697E-1;;
30/11/2021  10:22:51,629922;9,401869E-1;1,280100E-1;1,234183E-1;9,349342E-1;;
30/11/2021  10:22:51,630022;9,402167E-1;1,216384E-1;1,268936E-1;9,349085E-1;;
30/11/2021  10:22:51,630122;9,398561E-1;1,280100E-1;1,347919E-1;9,348928E-1;;
30/11/2021  10:22:51,630222;9,396743E-1;1,232313E-1;1,246821E-1;9,348873E-1;;
30/11/2021  10:22:51,630322;9,399783E-1;1,528593E-1;1,613302E-1;9,348919E-1;;
30/11/2021  10:22:51,630422;9,404880E-1;-1,089086E-2;2,832280E-2;9,349066E-1;;
30/11/2021  10:22:51,630522;9,409290E-1;8,117876E-2;8,992954E-2;9,349313E-1;;
30/11/2021  10:22:51,630622;9,407562E-1;-9,181018E-2;-8,130560E-2;9,349660E-1;;
30/11/2021  10:22:51,630722;9,411645E-1;1,267357E-1;1,177316E-1;9,350106E-1;;
30/11/2021  10:22:51,630822;9,401750E-1;1,506292E-1;1,559593E-1;9,350651E-1;;
30/11/2021  10:22:51,630922;9,400737E-1;1,245056E-1;1,240502E-1;9,351290E-1;;
30/11/2021  10:22:51,631022;9,406668E-1;1,012493E-1;1,148882E-1;9,352021E-1;;
30/11/2021  10:22:51,631122;9,415340E-1;1,404346E-1;1,493248E-1;9,352840E-1;;
30/11/2021  10:22:51,631222;9,417576E-1;1,085766E-1;1,104651E-1;9,353744E-1;;
30/11/2021  10:22:51,631322;9,416264E-1;1,324701E-1;1,452176E-1;9,354730E-1;;
30/11/2021  10:22:51,631422;9,416085E-1;1,299215E-1;1,291051E-1;9,355796E-1;;
30/11/2021  10:22:51,631522;9,409916E-1;1,388417E-1;1,341600E-1;9,356939E-1;;
30/11/2021  10:22:51,631622;9,413463E-1;1,299215E-1;1,325804E-1;9,358154E-1;;
30/11/2021  10:22:51,631722;9,417903E-1;1,327887E-1;1,297370E-1;9,359437E-1;;
30/11/2021  10:22:51,631822;9,426219E-1;1,139925E-1;1,003553E-1;9,360784E-1;;
30/11/2021  10:22:51,631922;9,429467E-1;1,098510E-1;1,104651E-1;9,362191E-1;;
30/11/2021  10:22:51,632022;9,427232E-1;1,073023E-1;1,193112E-1;9,363656E-1;;
30/11/2021  10:22:51,632122;9,431494E-1;7,544432E-2;8,740209E-2;9,365178E-1;;
30/11/2021  10:22:51,632222;9,421897E-1;1,222756E-1;1,423743E-1;9,366752E-1;;
30/11/2021  10:22:51,632322;9,423894E-1;1,127182E-1;1,227865E-1;9,368375E-1;;
30/11/2021  10:22:51,632422;9,433550E-1;3,785188E-2;7,192142E-2;9,370042E-1;;
30/11/2021  10:22:51,632522;9,437335E-1;1,079395E-1;1,142563E-1;9,371751E-1;;
30/11/2021  10:22:51,632622;9,439183E-1;6,811698E-2;1,107811E-1;9,373497E-1;;
30/11/2021  10:22:51,632722;9,436799E-1;8,563888E-2;1,066739E-1;9,375280E-1;;
30/11/2021  10:22:51,632822;9,432716E-1;9,774492E-2;1,107811E-1;9,377095E-1;;
30/11/2021  10:22:51,632922;9,425086E-1;1,018865E-1;1,262617E-1;9,378940E-1;;
30/11/2021  10:22:51,633022;9,431911E-1;7,448858E-2;1,022509E-1;9,380809E-1;;
30/11/2021  10:22:51,633122;9,431285E-1;1,053908E-1;9,308886E-2;9,382697E-1;;
30/11/2021  10:22:51,633222;9,433937E-1;1,260985E-1;1,373193E-1;9,384599E-1;;
30/11/2021  10:22:51,633322;9,435308E-1;1,397975E-1;1,136244E-1;9,386512E-1;;
30/11/2021  10:22:51,633422;9,433133E-1;1,601866E-1;1,736515E-1;9,388430E-1;;
30/11/2021  10:22:51,633522;9,430361E-1;1,426647E-1;1,963986E-1;9,390350E-1;;
30/11/2021  10:22:51,633622;9,431166E-1;1,793014E-1;1,685966E-1;9,392267E-1;;
30/11/2021  10:22:51,633722;9,432567E-1;1,509478E-1;1,351078E-1;9,394176E-1;;
30/11/2021  10:22:51,633822;9,439749E-1;1,420275E-1;1,411105E-1;9,396075E-1;;
30/11/2021  10:22:51,633922;9,442312E-1;9,201048E-2;9,940750E-2;9,397959E-1;;
30/11/2021  10:22:51,634022;9,441656E-1;1,302401E-1;1,594346E-1;9,399826E-1;;
30/11/2021  10:22:51,634122;9,444190E-1;1,362931E-1;1,480610E-1;9,401674E-1;;
30/11/2021  10:22:51,634222;9,445173E-1;1,700626E-1;1,556434E-1;9,403502E-1;;
30/11/2021  10:22:51,634322;9,441239E-1;1,264171E-1;1,272095E-1;9,405309E-1;;
30/11/2021  10:22:51,634422;9,446336E-1;1,245056E-1;1,297370E-1;9,407092E-1;;
30/11/2021  10:22:51,634522;9,452654E-1;1,194084E-1;1,126766E-1;9,408850E-1;;
30/11/2021  10:22:51,634622;9,455068E-1;1,276914E-1;1,256299E-1;9,410583E-1;;
30/11/2021  10:22:51,634722;9,453160E-1;1,025236E-1;1,003553E-1;9,412290E-1;;
30/11/2021  10:22:51,634822;9,446187E-1;1,369303E-1;1,423743E-1;9,413973E-1;;
30/11/2021  10:22:51,634922;9,435726E-1;1,210013E-1;1,926074E-1;9,415629E-1;;
30/11/2021  10:22:51,635022;9,439451E-1;4,422348E-2;6,497092E-2;9,417255E-1;;
30/11/2021  10:22:51,635122;9,441478E-1;1,292843E-1;1,281573E-1;9,418850E-1;;
30/11/2021  10:22:51,635222;9,447379E-1;1,299215E-1;1,363715E-1;9,420409E-1;;
30/11/2021  10:22:51,635322;9,438944E-1;1,302401E-1;1,385831E-1;9,421931E-1;;
30/11/2021  10:22:51,635422;9,433997E-1;1,057094E-1;1,069899E-1;9,423413E-1;;
30/11/2021  10:22:51,635522;9,430510E-1;1,598680E-1;2,102996E-1;9,424854E-1;;
30/11/2021  10:22:51,635622;9,421718E-1;1,350188E-1;1,341600E-1;9,426248E-1;;
30/11/2021  10:22:51,635722;9,425146E-1;1,241871E-1;1,291051E-1;9,427592E-1;;
30/11/2021  10:22:51,635822;9,425414E-1;1,324701E-1;1,291051E-1;9,428880E-1;;
30/11/2021  10:22:51,635922;9,426964E-1;1,267357E-1;1,322644E-1;9,430109E-1;;
30/11/2021  10:22:51,636022;9,421361E-1;1,280100E-1;1,253139E-1;9,431277E-1;;
30/11/2021  10:22:51,636122;9,419096E-1;1,174969E-1;9,245700E-2;9,432379E-1;;
30/11/2021  10:22:51,636222;9,407353E-1;1,155854E-1;1,060421E-1;9,433412E-1;;
30/11/2021  10:22:51,636322;9,408277E-1;1,305587E-1;1,218387E-1;9,434374E-1;;
30/11/2021  10:22:51,636422;9,414327E-1;1,426647E-1;1,401627E-1;9,435258E-1;;
30/11/2021  10:22:51,636522;9,413731E-1;9,551486E-2;1,442698E-1;9,436063E-1;;
30/11/2021  10:22:51,636622;9,407383E-1;1,159040E-1;1,025668E-1;9,436786E-1;;
30/11/2021  10:22:51,636722;9,404790E-1;1,162226E-1;1,104651E-1;9,437426E-1;;
30/11/2021  10:22:51,636822;9,395581E-1;1,308772E-1;1,486929E-1;9,437980E-1;;
30/11/2021  10:22:51,636922;9,386163E-1;1,123996E-1;1,164678E-1;9,438445E-1;;
30/11/2021  10:22:51,637022;9,394538E-1;1,296029E-1;1,297370E-1;9,438819E-1;;
30/11/2021  10:22:51,637122;9,391200E-1;1,640096E-1;2,219891E-1;9,439097E-1;;
30/11/2021  10:22:51,637222;9,395223E-1;1,283286E-1;1,212068E-1;9,439278E-1;;
30/11/2021  10:22:51,637322;9,396028E-1;1,458505E-1;1,496407E-1;9,439362E-1;;
30/11/2021  10:22:51,637422;9,386104E-1;1,299215E-1;1,196272E-1;9,439349E-1;;
30/11/2021  10:22:51,637522;9,380888E-1;1,168597E-1;1,142563E-1;9,439239E-1;;
30/11/2021  10:22:51,637622;9,376358E-1;1,732484E-1;1,963986E-1;9,439032E-1;;
30/11/2021  10:22:51,637722;9,377967E-1;1,308772E-1;1,388990E-1;9,438726E-1;;
30/11/2021  10:22:51,637822;9,379309E-1;1,321516E-1;1,215227E-1;9,438322E-1;;
30/11/2021  10:22:51,637922;9,380262E-1;1,190898E-1;1,057261E-1;9,437819E-1;;
30/11/2021  10:22:51,638022;9,373765E-1;7,353284E-2;5,865227E-2;9,437220E-1;;
30/11/2021  10:22:51,638122;9,374123E-1;1,283286E-1;1,145722E-1;9,436526E-1;;
30/11/2021  10:22:51,638222;9,366821E-1;1,347002E-1;1,338441E-1;9,435739E-1;;
30/11/2021  10:22:51,638322;9,361427E-1;1,241871E-1;1,461654E-1;9,434861E-1;;
30/11/2021  10:22:51,638422;9,365629E-1;1,296029E-1;1,205749E-1;9,433891E-1;;
30/11/2021  10:22:51,638522;9,371977E-1;1,098510E-1;1,183634E-1;9,432833E-1;;
30/11/2021  10:22:51,638622;9,369056E-1;1,318330E-1;1,243661E-1;9,431688E-1;;
30/11/2021  10:22:51,638722;9,363990E-1;1,799386E-1;2,087200E-1;9,430462E-1;;
30/11/2021  10:22:51,638822;9,365271E-1;1,184526E-1;1,101492E-1;9,429158E-1;;
30/11/2021  10:22:51,638922;9,357284E-1;1,331073E-1;1,224705E-1;9,427779E-1;;
30/11/2021  10:22:51,639022;9,361755E-1;1,388417E-1;1,316326E-1;9,426329E-1;;
30/11/2021  10:22:51,639122;9,363245E-1;1,270543E-1;1,243661E-1;9,424811E-1;;
30/11/2021  10:22:51,639222;9,368252E-1;1,260985E-1;1,240502E-1;9,423231E-1;;
30/11/2021  10:22:51,639322;9,367000E-1;1,362931E-1;1,281573E-1;9,421594E-1;;
30/11/2021  10:22:51,639422;9,365301E-1;1,350188E-1;1,291051E-1;9,419905E-1;;
30/11/2021  10:22:51,639522;9,363096E-1;1,219570E-1;9,940750E-2;9,418170E-1;;
30/11/2021  10:22:51,639622;9,359162E-1;1,347002E-1;1,388990E-1;9,416396E-1;;
30/11/2021  10:22:51,639722;9,358595E-1;1,491412E-2;6,149566E-2;9,414586E-1;;
30/11/2021  10:22:51,639822;9,365987E-1;1,283286E-1;1,344760E-1;9,412745E-1;;
30/11/2021  10:22:51,639922;9,368013E-1;1,665582E-1;1,742834E-1;9,410879E-1;;
30/11/2021  10:22:51,640022;9,365122E-1;6,747982E-2;1,202590E-1;9,408995E-1;;
30/11/2021  10:22:51,640122;9,367000E-1;1,181340E-1;1,253139E-1;9,407097E-1;;
30/11/2021  10:22:51,640222;9,361755E-1;1,251428E-1;1,287892E-1;9,405192E-1;;
30/11/2021  10:22:51,640322;9,359907E-1;1,041165E-1;1,221546E-1;9,403284E-1;;
30/11/2021  10:22:51,640422;9,362023E-1;1,037979E-1;1,129926E-1;9,401380E-1;;
30/11/2021  10:22:51,640522;9,368103E-1;1,130368E-1;1,107811E-1;9,399482E-1;;
30/11/2021  10:22:51,640622;9,368669E-1;1,085766E-1;1,265777E-1;9,397595E-1;;
30/11/2021  10:22:51,640722;9,364169E-1;1,053908E-1;1,104651E-1;9,395726E-1;;
30/11/2021  10:22:51,640822;9,362589E-1;1,085766E-1;1,139404E-1;9,393879E-1;;
30/11/2021  10:22:51,640922;9,356479E-1;1,079395E-1;1,031987E-1;9,392057E-1;;
30/11/2021  10:22:51,641022;9,356867E-1;6,970988E-2;6,813023E-2;9,390264E-1;;
30/11/2021  10:22:51,641122;9,359579E-1;9,965640E-2;1,047783E-1;9,388501E-1;;
30/11/2021  10:22:51,641222;9,369742E-1;1,120810E-1;1,452176E-1;9,386771E-1;;
30/11/2021  10:22:51,641322;9,362857E-1;9,105474E-2;8,171531E-2;9,385077E-1;;
30/11/2021  10:22:51,641422;9,363006E-1;1,356559E-1;2,229369E-1;9,383423E-1;;
30/11/2021  10:22:51,641522;9,363930E-1;1,420275E-1;1,540637E-1;9,381812E-1;;
30/11/2021  10:22:51,641622;9,359490E-1;1,566822E-1;1,455336E-1;9,380245E-1;;
30/11/2021  10:22:51,641722;9,365003E-1;1,786642E-1;1,546956E-1;9,378726E-1;;
30/11/2021  10:22:51,641822;9,370755E-1;1,649653E-1;1,521681E-1;9,377255E-1;;
30/11/2021  10:22:51,641922;9,380709E-1;1,560451E-1;1,193112E-1;9,375836E-1;;
30/11/2021  10:22:51,642022;9,379428E-1;1,448948E-1;1,417424E-1;9,374473E-1;;
30/11/2021  10:22:51,642122;9,378623E-1;1,254614E-1;1,303688E-1;9,373170E-1;;
30/11/2021  10:22:51,642222;9,374331E-1;1,337445E-1;1,246821E-1;9,371930E-1;;
30/11/2021  10:22:51,642322;9,379517E-1;1,267357E-1;1,186794E-1;9,370758E-1;;
30/11/2021  10:22:51,642422;9,385984E-1;2,256004E-2;8,076751E-2;9,369654E-1;;
30/11/2021  10:22:51,642522;9,391766E-1;1,171783E-1;1,123607E-1;9,368622E-1;;
30/11/2021  10:22:51,642622;9,402346E-1;1,222756E-1;1,341600E-1;9,367667E-1;;
30/11/2021  10:22:51,642722;9,402883E-1;8,818752E-2;9,498445E-2;9,366791E-1;;
30/11/2021  10:22:51,642822;9,408754E-1;9,901924E-2;1,082536E-1;9,366002E-1;;
30/11/2021  10:22:51,642922;9,400767E-1;1,665582E-1;1,606983E-1;9,365303E-1;;
30/11/2021  10:22:51,643022;9,408009E-1;1,254614E-1;1,347919E-1;9,364698E-1;;
30/11/2021  10:22:51,643122;9,417903E-1;1,280100E-1;1,199431E-1;9,364190E-1;;
30/11/2021  10:22:51,643222;9,419096E-1;1,372488E-1;1,291051E-1;9,363782E-1;;
30/11/2021  10:22:51,643322;9,432239E-1;1,213198E-1;1,249980E-1;9,363480E-1;;
30/11/2021  10:22:51,643422;9,432328E-1;1,331073E-1;1,452176E-1;9,363286E-1;;
30/11/2021  10:22:51,643522;9,429884E-1;1,302401E-1;1,354238E-1;9,363205E-1;;
30/11/2021  10:22:51,643622;9,423983E-1;1,331073E-1;1,313166E-1;9,363240E-1;;
30/11/2021  10:22:51,643722;9,426904E-1;1,324701E-1;1,268936E-1;9,363392E-1;;
30/11/2021  10:22:51,643822;9,432567E-1;1,327887E-1;1,328963E-1;9,363661E-1;;
30/11/2021  10:22:51,643922;9,444398E-1;8,818752E-2;8,803395E-2;9,364046E-1;;
30/11/2021  10:22:51,644022;9,440077E-1;1,308772E-1;1,357397E-1;9,364549E-1;;
30/11/2021  10:22:51,644122;9,437752E-1;1,149482E-1;1,265777E-1;9,365169E-1;;
30/11/2021  10:22:51,644222;9,435308E-1;2,325043E-1;2,873870E-1;9,365906E-1;;
30/11/2021  10:22:51,644322;9,433580E-1;2,224146E-2;1,038306E-1;9,366756E-1;;
30/11/2021  10:22:51,644422;9,434057E-1;1,127182E-1;1,268936E-1;9,367716E-1;;
30/11/2021  10:22:51,644522;9,445412E-1;1,076209E-1;1,272095E-1;9,368782E-1;;
30/11/2021  10:22:51,644622;9,448779E-1;1,241871E-1;1,215227E-1;9,369950E-1;;
30/11/2021  10:22:51,644722;9,444220E-1;6,620550E-2;1,129926E-1;9,371217E-1;;
30/11/2021  10:22:51,644822;9,444756E-1;1,216384E-1;1,224705E-1;9,372579E-1;;
30/11/2021  10:22:51,644922;9,434802E-1;1,308772E-1;1,310007E-1;9,374032E-1;;
30/11/2021  10:22:51,645022;9,433669E-1;1,337445E-1;1,341600E-1;9,375570E-1;;
30/11/2021  10:22:51,645122;9,435785E-1;2,925022E-2;8,076751E-2;9,377186E-1;;
30/11/2021  10:22:51,645222;9,440643E-1;1,104881E-1;9,561632E-2;9,378872E-1;;
30/11/2021  10:22:51,645322;9,444160E-1;1,276914E-1;1,303688E-1;9,380621E-1;;
30/11/2021  10:22:51,645422;9,443892E-1;1,296029E-1;1,107811E-1;9,382428E-1;;
30/11/2021  10:22:51,645522;9,429676E-1;1,490363E-1;1,524841E-1;9,384286E-1;;
30/11/2021  10:22:51,645622;9,426844E-1;1,557265E-1;1,657532E-1;9,386189E-1;;
30/11/2021  10:22:51,645722;9,423775E-1;1,429833E-1;1,496407E-1;9,388126E-1;;
30/11/2021  10:22:51,645822;9,428007E-1;1,022050E-1;1,038306E-1;9,390088E-1;;
30/11/2021  10:22:51,645922;9,431225E-1;1,311958E-1;1,347919E-1;9,392068E-1;;
30/11/2021  10:22:51,646022;9,435815E-1;1,155854E-1;1,180475E-1;9,394056E-1;;
30/11/2021  10:22:51,646122;9,426040E-1;1,327887E-1;1,613302E-1;9,396047E-1;;
30/11/2021  10:22:51,646222;9,418947E-1;1,401161E-1;1,550115E-1;9,398033E-1;;
30/11/2021  10:22:51,646322;9,415162E-1;1,165411E-1;1,193112E-1;9,400006E-1;;
30/11/2021  10:22:51,646422;9,410542E-1;1,270543E-1;1,284732E-1;9,401957E-1;;
30/11/2021  10:22:51,646522;9,420168E-1;1,305587E-1;1,278414E-1;9,403878E-1;;
30/11/2021  10:22:51,646622;9,421808E-1;1,034794E-1;9,814378E-2;9,405761E-1;;
30/11/2021  10:22:51,646722;9,418678E-1;1,162226E-1;1,237343E-1;9,407601E-1;;
30/11/2021  10:22:51,646822;9,416205E-1;1,108067E-1;9,498445E-2;9,409390E-1;;
30/11/2021  10:22:51,646922;9,411794E-1;1,152668E-1;8,708615E-2;9,411125E-1;;
30/11/2021  10:22:51,647022;9,406400E-1;9,201048E-2;8,266311E-2;9,412799E-1;;
30/11/2021  10:22:51,647122;9,411824E-1;8,309024E-2;9,340479E-2;9,414407E-1;;
30/11/2021  10:22:51,647222;9,423864E-1;-1,439524E-2;8,929768E-2;9,415945E-1;;
30/11/2021  10:22:51,647322;9,427291E-1;1,394789E-1;1,509044E-1;9,417409E-1;;
30/11/2021  10:22:51,647422;9,430123E-1;1,340630E-1;1,294210E-1;9,418799E-1;;
30/11/2021  10:22:51,647522;9,432388E-1;4,486064E-2;6,749837E-2;9,420117E-1;;
30/11/2021  10:22:51,647622;9,422195E-1;1,646467E-1;1,723878E-1;9,421362E-1;;
30/11/2021  10:22:51,647722;9,421390E-1;1,350188E-1;1,379512E-1;9,422537E-1;;
30/11/2021  10:22:51,647822;9,431225E-1;1,327887E-1;1,354238E-1;9,423641E-1;;
30/11/2021  10:22:51,647922;9,439332E-1;1,283286E-1;1,231024E-1;9,424676E-1;;
30/11/2021  10:22:51,648022;9,445054E-1;1,343816E-1;1,297370E-1;9,425644E-1;;
30/11/2021  10:22:51,648122;9,439511E-1;1,458505E-1;1,388990E-1;9,426550E-1;;
30/11/2021  10:22:51,648222;9,442044E-1;1,350188E-1;1,319485E-1;9,427397E-1;;
30/11/2021  10:22:51,648322;9,436560E-1;1,286472E-1;1,268936E-1;9,428191E-1;;
30/11/2021  10:22:51,648422;9,437782E-1;1,254614E-1;1,249980E-1;9,428933E-1;;
30/11/2021  10:22:51,648522;9,439838E-1;1,146297E-1;1,167838E-1;9,429627E-1;;
30/11/2021  10:22:51,648622;9,450895E-1;7,321426E-2;8,992954E-2;9,430276E-1;;
30/11/2021  10:22:51,648722;9,443236E-1;7,098420E-2;8,677022E-2;9,430883E-1;;
30/11/2021  10:22:51,648822;9,433699E-1;1,012493E-1;1,038306E-1;9,431453E-1;;
30/11/2021  10:22:51,648922;9,428513E-1;3,530324E-2;7,634447E-2;9,431986E-1;;
30/11/2021  10:22:51,649022;9,419692E-1;1,015679E-1;1,120448E-1;9,432485E-1;;
30/11/2021  10:22:51,649122;9,421897E-1;1,073023E-1;1,174156E-1;9,432946E-1;;
30/11/2021  10:22:51,649222;9,417516E-1;1,053908E-1;1,193112E-1;9,433369E-1;;
30/11/2021  10:22:51,649322;9,416592E-1;9,806350E-2;1,069899E-1;9,433752E-1;;
30/11/2021  10:22:51,649422;9,414208E-1;9,009900E-2;1,202590E-1;9,434092E-1;;
30/11/2021  10:22:51,649522;9,397012E-1;1,041165E-1;1,126766E-1;9,434388E-1;;
30/11/2021  10:22:51,649622;9,391051E-1;1,022050E-1;1,098333E-1;9,434635E-1;;
30/11/2021  10:22:51,649722;9,385925E-1;1,793014E-1;1,799702E-1;9,434829E-1;;
30/11/2021  10:22:51,649822;9,387594E-1;1,359745E-1;1,490088E-1;9,434964E-1;;
30/11/2021  10:22:51,649922;9,389263E-1;1,534964E-1;1,170997E-1;9,435035E-1;;
30/11/2021  10:22:51,650022;9,388816E-1;1,512664E-1;1,319485E-1;9,435038E-1;;
30/11/2021  10:22:51,650122;9,380650E-1;1,452133E-1;9,530039E-2;9,434969E-1;;
30/11/2021  10:22:51,650222;9,374808E-1;1,471248E-1;1,237343E-1;9,434827E-1;;
30/11/2021  10:22:51,650322;9,361159E-1;1,327887E-1;1,474292E-1;9,434607E-1;;
30/11/2021  10:22:51,650422;9,355705E-1;1,286472E-1;1,998739E-1;9,434304E-1;;
30/11/2021  10:22:51,650522;9,366225E-1;1,146297E-1;1,215227E-1;9,433914E-1;;
30/11/2021  10:22:51,650622;9,360354E-1;1,210013E-1;1,291051E-1;9,433432E-1;;
30/11/2021  10:22:51,650722;9,358417E-1;1,130368E-1;1,066739E-1;9,432857E-1;;
30/11/2021  10:22:51,650822;9,360980E-1;1,410718E-1;1,651214E-1;9,432187E-1;;
30/11/2021  10:22:51,650922;9,351920E-1;1,101695E-1;1,193112E-1;9,431420E-1;;
30/11/2021  10:22:51,651022;9,338926E-1;1,203641E-1;1,268936E-1;9,430556E-1;;
30/11/2021  10:22:51,651122;9,340744E-1;1,315144E-1;1,366875E-1;9,429592E-1;;
30/11/2021  10:22:51,651222;9,337614E-1;1,222756E-1;1,183634E-1;9,428528E-1;;
30/11/2021  10:22:51,651322;9,343217E-1;1,143111E-1;1,133085E-1;9,427362E-1;;
30/11/2021  10:22:51,651422;9,345661E-1;1,229127E-1;1,212068E-1;9,426095E-1;;
30/11/2021  10:22:51,651522;9,338121E-1;1,251428E-1;1,265777E-1;9,424728E-1;;
30/11/2021  10:22:51,651622;9,330312E-1;1,149482E-1;9,877564E-2;9,423263E-1;;
30/11/2021  10:22:51,651722;9,318987E-1;1,009307E-1;1,107811E-1;9,421702E-1;;
30/11/2021  10:22:51,651822;9,313533E-1;1,340630E-1;1,477451E-1;9,420045E-1;;
30/11/2021  10:22:51,651922;9,320299E-1;-2,618270E-2;1,202590E-1;9,418292E-1;;
30/11/2021  10:22:51,652022;9,323994E-1;1,292843E-1;1,471132E-1;9,416443E-1;;
30/11/2021  10:22:51,652122;9,318600E-1;7,448858E-2;8,297904E-2;9,414501E-1;;
30/11/2021  10:22:51,652222;9,312788E-1;1,302401E-1;1,265777E-1;9,412470E-1;;
30/11/2021  10:22:51,652322;9,305934E-1;1,337445E-1;1,253139E-1;9,410351E-1;;
30/11/2021  10:22:51,652422;9,304294E-1;1,216384E-1;1,221546E-1;9,408148E-1;;
30/11/2021  10:22:51,652522;9,312043E-1;9,774492E-2;1,180475E-1;9,405863E-1;;
30/11/2021  10:22:51,652622;9,317199E-1;1,283286E-1;1,193112E-1;9,403499E-1;;
30/11/2021  10:22:51,652722;9,319524E-1;1,203641E-1;1,404787E-1;9,401063E-1;;
30/11/2021  10:22:51,652822;9,315173E-1;1,216384E-1;1,145722E-1;9,398560E-1;;
30/11/2021  10:22:51,652922;9,314040E-1;1,216384E-1;1,148882E-1;9,395999E-1;;
30/11/2021  10:22:51,653022;9,309510E-1;1,219570E-1;1,117289E-1;9,393385E-1;;
30/11/2021  10:22:51,653122;9,310434E-1;1,012493E-1;8,045158E-2;9,390726E-1;;
30/11/2021  10:22:51,653222;9,324650E-1;1,149482E-1;1,060421E-1;9,388027E-1;;
30/11/2021  10:22:51,653322;9,330044E-1;1,452133E-1;1,695444E-1;9,385297E-1;;
30/11/2021  10:22:51,653422;9,332279E-1;1,375674E-1;1,979783E-1;9,382545E-1;;
30/11/2021  10:22:51,653522;9,334693E-1;1,203641E-1;1,379512E-1;9,379783E-1;;
30/11/2021  10:22:51,653622;9,332130E-1;1,254614E-1;1,404787E-1;9,377020E-1;;
30/11/2021  10:22:51,653722;9,332846E-1;1,225942E-1;1,259458E-1;9,374266E-1;;
30/11/2021  10:22:51,653822;9,330819E-1;1,382046E-1;1,341600E-1;9,371532E-1;;
30/11/2021  10:22:51,653922;9,344081E-1;1,254614E-1;1,259458E-1;9,368825E-1;;
30/11/2021  10:22:51,654022;9,344320E-1;1,073023E-1;9,751191E-2;9,366155E-1;;
30/11/2021  10:22:51,654122;9,353767E-1;1,311958E-1;1,297370E-1;9,363532E-1;;
30/11/2021  10:22:51,654222;9,344707E-1;1,305587E-1;1,300529E-1;9,360965E-1;;
30/11/2021  10:22:51,654322;9,345184E-1;1,276914E-1;1,265777E-1;9,358465E-1;;
30/11/2021  10:22:51,654422;9,336362E-1;1,200455E-1;1,170997E-1;9,356037E-1;;
30/11/2021  10:22:51,654522;9,340237E-1;1,509478E-1;1,660692E-1;9,353689E-1;;
30/11/2021  10:22:51,654622;9,341161E-1;1,162226E-1;1,287892E-1;9,351424E-1;;
30/11/2021  10:22:51,654722;9,345542E-1;1,069837E-1;1,196272E-1;9,349246E-1;;
30/11/2021  10:22:51,654822;9,343575E-1;-2,809418E-2;-3,391580E-2;9,347160E-1;;
30/11/2021  10:22:51,654922;9,334187E-1;7,767438E-2;9,182514E-2;9,345169E-1;;
30/11/2021  10:22:51,655022;9,333203E-1;1,267357E-1;1,183634E-1;9,343276E-1;;
30/11/2021  10:22:51,655122;9,329567E-1;1,353374E-1;1,325804E-1;9,341479E-1;;
30/11/2021  10:22:51,655222;9,344052E-1;1,270543E-1;1,306848E-1;9,339779E-1;;
30/11/2021  10:22:51,655322;9,347181E-1;1,273729E-1;1,303688E-1;9,338177E-1;;
30/11/2021  10:22:51,655422;9,343694E-1;1,264171E-1;1,347919E-1;9,336674E-1;;
30/11/2021  10:22:51,655522;9,344141E-1;1,404346E-1;1,467973E-1;9,335271E-1;;
30/11/2021  10:22:51,655622;9,343873E-1;1,350188E-1;1,310007E-1;9,333968E-1;;
30/11/2021  10:22:51,655722;9,340684E-1;1,321516E-1;1,281573E-1;9,332766E-1;;
30/11/2021  10:22:51,655822;9,349327E-1;1,331073E-1;1,265777E-1;9,331664E-1;;
30/11/2021  10:22:51,655922;9,352158E-1;1,270543E-1;1,306848E-1;9,330661E-1;;
30/11/2021  10:22:51,656022;9,363334E-1;1,650702E-2;7,160549E-2;9,329758E-1;;
30/11/2021  10:22:51,656122;9,368580E-1;1,362931E-1;1,145722E-1;9,328956E-1;;
30/11/2021  10:22:51,656222;9,365331E-1;1,165411E-1;1,395309E-1;9,328258E-1;;
30/11/2021  10:22:51,656322;9,370964E-1;1,190898E-1;1,212068E-1;9,327664E-1;;
30/11/2021  10:22:51,656422;9,362917E-1;1,318330E-1;1,294210E-1;9,327178E-1;;
30/11/2021  10:22:51,656522;9,365182E-1;1,311958E-1;1,240502E-1;9,326797E-1;;
30/11/2021  10:22:51,656622;9,377640E-1;1,197269E-1;1,370034E-1;9,326523E-1;;
30/11/2021  10:22:51,656722;9,383153E-1;1,267357E-1;1,183634E-1;9,326355E-1;;
30/11/2021  10:22:51,656822;9,391558E-1;1,555128E-2;1,148882E-1;9,326294E-1;;
30/11/2021  10:22:51,656922;9,382021E-1;1,171783E-1;1,120448E-1;9,326342E-1;;
30/11/2021  10:22:51,657022;9,385210E-1;1,009307E-1;1,063580E-1;9,326500E-1;;
30/11/2021  10:22:51,657122;9,387832E-1;1,286472E-1;1,433221E-1;9,326767E-1;;
30/11/2021  10:22:51,657222;9,390425E-1;1,037979E-1;1,193112E-1;9,327142E-1;;
30/11/2021  10:22:51,657322;9,401005E-1;6,301970E-2;7,381701E-2;9,327624E-1;;
30/11/2021  10:22:51,657422;9,403330E-1;1,159040E-1;1,265777E-1;9,328214E-1;;
30/11/2021  10:22:51,657522;9,398770E-1;9,041758E-2;5,644075E-2;9,328910E-1;;
30/11/2021  10:22:51,657622;9,399634E-1;1,292843E-1;1,648054E-1;9,329713E-1;;
30/11/2021  10:22:51,657722;9,404462E-1;1,843987E-1;2,396813E-1;9,330619E-1;;
30/11/2021  10:22:51,657822;9,406459E-1;8,818752E-2;1,208909E-1;9,331627E-1;;
30/11/2021  10:22:51,657922;9,417218E-1;5,632952E-2;7,571260E-2;9,332736E-1;;
30/11/2021  10:22:51,658022;9,429765E-1;9,901924E-2;1,098333E-1;9,333942E-1;;
30/11/2021  10:22:51,658122;9,431643E-1;9,901924E-2;9,940750E-2;9,335248E-1;;
30/11/2021  10:22:51,658222;9,433073E-1;1,359745E-1;1,796542E-1;9,336654E-1;;
30/11/2021  10:22:51,658322;9,424758E-1;1,751599E-1;1,967146E-1;9,338159E-1;;
30/11/2021  10:22:51,658422;9,422046E-1;3,009990E-1;2,621125E-1;9,339761E-1;;
30/11/2021  10:22:51,658522;9,425801E-1;1,493549E-1;1,325804E-1;9,341459E-1;;
30/11/2021  10:22:51,658622;9,429378E-1;1,735670E-1;1,534319E-1;9,343246E-1;;
30/11/2021  10:22:51,658722;9,440762E-1;1,222756E-1;1,063580E-1;9,345120E-1;;
30/11/2021  10:22:51,658822;9,439660E-1;1,331073E-1;1,240502E-1;9,347078E-1;;
30/11/2021  10:22:51,658922;9,437812E-1;1,229127E-1;1,259458E-1;9,349116E-1;;
30/11/2021  10:22:51,659022;9,426725E-1;1,331073E-1;1,325804E-1;9,351231E-1;;
30/11/2021  10:22:51,659122;9,419960E-1;5,091366E-2;1,363715E-1;9,353417E-1;;
30/11/2021  10:22:51,659222;9,426189E-1;1,219570E-1;1,335282E-1;9,355666E-1;;
30/11/2021  10:22:51,659322;9,428305E-1;1,104881E-1;9,182514E-2;9,357971E-1;;
30/11/2021  10:22:51,659422;9,430302E-1;1,340630E-1;1,445858E-1;9,360324E-1;;
30/11/2021  10:22:51,659522;9,420139E-1;7,193994E-2;1,104651E-1;9,362718E-1;;
30/11/2021  10:22:51,659622;9,421241E-1;1,273729E-1;1,363715E-1;9,365146E-1;;
30/11/2021  10:22:51,659722;9,411794E-1;1,327887E-1;1,490088E-1;9,367598E-1;;
30/11/2021  10:22:51,659822;9,407294E-1;1,280100E-1;1,310007E-1;9,370065E-1;;
30/11/2021  10:22:51,659922;9,412718E-1;1,417090E-1;1,363715E-1;9,372537E-1;;
30/11/2021  10:22:51,660022;9,417874E-1;1,235499E-1;1,231024E-1;9,375004E-1;;
30/11/2021  10:22:51,660122;9,421629E-1;1,219570E-1;1,259458E-1;9,377458E-1;;
30/11/2021  10:22:51,660222;9,418678E-1;1,241871E-1;1,193112E-1;9,379893E-1;;
30/11/2021  10:22:51,660322;9,414685E-1;1,165411E-1;8,803395E-2;9,382301E-1;;
30/11/2021  10:22:51,660422;9,412539E-1;1,120810E-1;9,782784E-2;9,384677E-1;;
30/11/2021  10:22:51,660522;9,413016E-1;1,120810E-1;1,275255E-1;9,387015E-1;;
30/11/2021  10:22:51,660622;9,420914E-1;1,311958E-1;1,275255E-1;9,389307E-1;;
30/11/2021  10:22:51,660722;9,427381E-1;1,251428E-1;1,471132E-1;9,391548E-1;;
30/11/2021  10:22:51,660822;9,426815E-1;1,522221E-1;1,382671E-1;9,393737E-1;;
30/11/2021  10:22:51,660922;9,434712E-1;6,397544E-2;7,950379E-2;9,395871E-1;;
30/11/2021  10:22:51,661022;9,426308E-1;1,356559E-1;1,562753E-1;9,397949E-1;;
30/11/2021  10:22:51,661122;9,429378E-1;1,273729E-1;1,534319E-1;9,399969E-1;;
30/11/2021  10:22:51,661222;9,436709E-1;1,270543E-1;1,205749E-1;9,401931E-1;;
30/11/2021  10:22:51,661322;9,449703E-1;1,340630E-1;1,319485E-1;9,403835E-1;;
30/11/2021  10:22:51,661422;9,455515E-1;1,324701E-1;1,221546E-1;9,405683E-1;;
30/11/2021  10:22:51,661522;9,465260E-1;1,299215E-1;1,363715E-1;9,407478E-1;;
30/11/2021  10:22:51,661622;9,462727E-1;1,213198E-1;1,161519E-1;9,409227E-1;;
30/11/2021  10:22:51,661722;9,460760E-1;1,159040E-1;1,126766E-1;9,410934E-1;;
30/11/2021  10:22:51,661822;9,467108E-1;1,359745E-1;1,559593E-1;9,412604E-1;;
30/11/2021  10:22:51,661922;9,480251E-1;8,627604E-2;1,174156E-1;9,414241E-1;;
30/11/2021  10:22:51,662022;9,485646E-1;2,032998E-2;6,623464E-2;9,415851E-1;;
30/11/2021  10:22:51,662122;9,489639E-1;1,159040E-1;1,313166E-1;9,417441E-1;;
30/11/2021  10:22:51,662222;9,495689E-1;4,963934E-2;4,443533E-2;9,419018E-1;;
30/11/2021  10:22:51,662322;9,492947E-1;1,127182E-1;9,372073E-2;9,420589E-1;;
30/11/2021  10:22:51,662422;9,491576E-1;1,397975E-1;1,531159E-1;9,422161E-1;;
30/11/2021  10:22:51,662522;9,489133E-1;1,324701E-1;1,319485E-1;9,423738E-1;;
30/11/2021  10:22:51,662622;9,496256E-1;1,178155E-1;8,487463E-2;9,425323E-1;;
30/11/2021  10:22:51,662722;9,500786E-1;1,299215E-1;1,303688E-1;9,426920E-1;;
30/11/2021  10:22:51,662822;9,498729E-1;7,863012E-2;1,035146E-1;9,428533E-1;;
30/11/2021  10:22:51,662922;9,494885E-1;1,375674E-1;1,322644E-1;9,430164E-1;;
30/11/2021  10:22:51,663022;9,488298E-1;1,267357E-1;1,208909E-1;9,431815E-1;;
30/11/2021  10:22:51,663122;9,478106E-1;1,241871E-1;1,047783E-1;9,433484E-1;;
30/11/2021  10:22:51,663222;9,479298E-1;1,276914E-1;1,224705E-1;9,435170E-1;;
30/11/2021  10:22:51,663322;9,487344E-1;1,264171E-1;1,265777E-1;9,436869E-1;;
30/11/2021  10:22:51,663422;9,486868E-1;2,256004E-2;9,150920E-2;9,438577E-1;;
30/11/2021  10:22:51,663522;9,480818E-1;1,165411E-1;1,167838E-1;9,440292E-1;;
30/11/2021  10:22:51,663622;9,472950E-1;1,232313E-1;1,170997E-1;9,442011E-1;;
30/11/2021  10:22:51,663722;9,464426E-1;7,905358E-3;6,023194E-2;9,443728E-1;;
30/11/2021  10:22:51,663822;9,460581E-1;1,203641E-1;1,537478E-1;9,445437E-1;;
30/11/2021  10:22:51,663922;9,462936E-1;1,308772E-1;1,328963E-1;9,447131E-1;;
30/11/2021  10:22:51,664022;9,464486E-1;1,276914E-1;1,685966E-1;9,448803E-1;;
30/11/2021  10:22:51,664122;9,464247E-1;1,331073E-1;1,284732E-1;9,450447E-1;;
30/11/2021  10:22:51,664222;9,452713E-1;1,318330E-1;1,496407E-1;9,452057E-1;;
30/11/2021  10:22:51,664322;9,454382E-1;1,324701E-1;1,316326E-1;9,453626E-1;;
30/11/2021  10:22:51,664422;9,439809E-1;1,324701E-1;1,332122E-1;9,455149E-1;;
30/11/2021  10:22:51,664522;9,438110E-1;1,241871E-1;1,294210E-1;9,456616E-1;;
30/11/2021  10:22:51,664622;9,439838E-1;-3,446578E-2;5,991600E-2;9,458022E-1;;
30/11/2021  10:22:51,664722;9,438676E-1;1,350188E-1;1,253139E-1;9,459357E-1;;
30/11/2021  10:22:51,664822;9,439868E-1;1,433019E-1;1,584868E-1;9,460616E-1;;
30/11/2021  10:22:51,664922;9,436590E-1;1,337445E-1;1,294210E-1;9,461794E-1;;
30/11/2021  10:22:51,665022;9,423775E-1;1,327887E-1;1,142563E-1;9,462886E-1;;
30/11/2021  10:22:51,665122;9,414744E-1;1,286472E-1;1,313166E-1;9,463886E-1;;
30/11/2021  10:22:51,665222;9,416771E-1;1,401161E-1;1,528000E-1;9,464788E-1;;
30/11/2021  10:22:51,665322;9,413910E-1;9,583344E-2;9,308886E-2;9,465585E-1;;
30/11/2021  10:22:51,665422;9,416652E-1;1,073023E-1;1,303688E-1;9,466273E-1;;
