waveform;Bridge;FTC1;FTC2;Bridge (Filtered)
t0;25/11/2021  09:25:26,274432;25/11/2021  09:25:26,274432;25/11/2021  09:25:26,274432;25/11/2021  09:25:26,274432
delta t;0,000620;0,000620;0,000620;0,000620

time;Bridge;FTC1;FTC2;Bridge (Filtered)
25/11/2021  09:25:26,274432;9,414715E-1;2,411059E-1;2,602169E-1;4,883955E-3
25/11/2021  09:25:26,275052;9,399008E-1;2,574584E-2;2,737501E-2;3,039618E-2
25/11/2021  09:25:26,275672;9,419364E-1;2,765732E-2;2,674314E-2;9,339118E-2
25/11/2021  09:25:26,276292;9,437693E-1;1,076209E-1;1,041465E-1;1,967415E-1
25/11/2021  09:25:26,276912;9,433073E-1;1,665582E-1;1,891322E-1;3,298671E-1
25/11/2021  09:25:26,277532;9,401035E-1;1,347002E-1;1,284732E-1;4,767831E-1
25/11/2021  09:25:26,278152;9,407741E-1;1,362931E-1;1,543797E-1;6,214371E-1
25/11/2021  09:25:26,278772;9,412628E-1;1,480806E-1;1,654373E-1;7,508881E-1
25/11/2021  09:25:26,279392;9,381603E-1;1,190898E-1;1,085695E-1;8,567248E-1
25/11/2021  09:25:26,280012;9,355973E-1;3,339176E-2;9,277293E-2;9,351424E-1
25/11/2021  09:25:26,280632;9,372692E-1;1,197269E-1;1,259458E-1;9,862720E-1
25/11/2021  09:25:26,281252;9,359937E-1;1,308772E-1;1,385831E-1;1,013189E+0
25/11/2021  09:25:26,281872;9,351681E-1;1,229127E-1;1,199431E-1;1,020760E+0
25/11/2021  09:25:26,282492;9,394150E-1;1,053908E-1;1,401627E-1;1,014558E+0
25/11/2021  09:25:26,283112;9,402346E-1;1,044459E+1;3,148212E-2;1,000048E+0
25/11/2021  09:25:26,283732;9,391885E-1;1,044459E+1;3,680107E-3;9,819691E-1
25/11/2021  09:25:26,284352;9,400081E-1;1,044459E+1;7,471291E-3;9,639360E-1
25/11/2021  09:25:26,284972;9,404820E-1;1,044459E+1;9,682815E-3;9,483409E-1
25/11/2021  09:25:26,285592;9,401810E-1;1,044459E+1;6,207563E-3;9,364739E-1
25/11/2021  09:25:26,286212;9,361516E-1;1,044459E+1;1,031468E-2;9,286955E-1
25/11/2021  09:25:26,286832;9,378653E-1;1,044459E+1;6,207563E-3;9,246618E-1
25/11/2021  09:25:26,287452;9,378206E-1;1,044459E+1;3,680107E-3;9,236354E-1
25/11/2021  09:25:26,288072;9,351830E-1;1,044459E+1;8,419087E-3;9,247432E-1
25/11/2021  09:25:26,288692;9,355764E-1;1,044459E+1;9,366883E-3;9,271056E-1
25/11/2021  09:25:26,289312;9,372007E-1;1,044459E+1;1,663332E-2;9,299581E-1
25/11/2021  09:25:26,289932;9,370219E-1;1,044459E+1;7,787223E-3;9,327574E-1
25/11/2021  09:25:26,290552;9,369325E-1;1,044459E+1;1,221027E-2;9,351734E-1
25/11/2021  09:25:26,291172;9,403091E-1;1,044459E+1;1,663332E-2;9,370496E-1
25/11/2021  09:25:26,291792;9,413850E-1;1,044459E+1;1,631739E-2;9,383950E-1
25/11/2021  09:25:26,292412;9,393584E-1;1,044459E+1;1,536959E-2;9,393166E-1
25/11/2021  09:25:26,293032;9,400022E-1;1,044459E+1;1,031468E-2;9,399117E-1
25/11/2021  09:25:26,293652;9,404522E-1;1,044459E+1;1,473773E-2;9,402480E-1
25/11/2021  09:25:26,294272;9,389680E-1;1,044459E+1;1,407946E-1;9,403906E-1
25/11/2021  09:25:26,294892;9,366940E-1;1,044459E+1;1,622780E-1;9,403754E-1
25/11/2021  09:25:26,295512;9,373557E-1;1,044459E+1;9,972343E-2;9,401965E-1
25/11/2021  09:25:26,296132;9,373974E-1;1,044459E+1;-1,938293E-2;9,398573E-1
25/11/2021  09:25:26,296752;9,372186E-1;1,044459E+1;2,545301E-1;9,394018E-1
25/11/2021  09:25:26,297372;9,416473E-1;1,044459E+1;1,789705E-2;9,389155E-1
25/11/2021  09:25:26,297992;9,435487E-1;1,044459E+1;1,410586E-2;9,385397E-1
25/11/2021  09:25:26,298612;9,431494E-1;1,044459E+1;1,916077E-2;9,384288E-1
25/11/2021  09:25:26,299232;9,446455E-1;1,044459E+1;2,042450E-2;9,386621E-1
25/11/2021  09:25:26,299852;9,468330E-1;1,044459E+1;5,575699E-3;9,392389E-1
25/11/2021  09:25:26,300472;9,455187E-1;1,044459E+1;3,680107E-3;9,401183E-1
25/11/2021  09:25:26,301092;9,433133E-1;1,044459E+1;1,347400E-2;9,411977E-1
25/11/2021  09:25:26,301712;9,440941E-1;1,044459E+1;1,063061E-2;9,423081E-1
25/11/2021  09:25:26,302332;9,432477E-1;1,044459E+1;7,787223E-3;9,432872E-1
25/11/2021  09:25:26,302952;9,396266E-1;1,044459E+1;3,680107E-3;9,440137E-1
25/11/2021  09:25:26,303572;9,371977E-1;1,044459E+1;3,680107E-3;9,443720E-1
25/11/2021  09:25:26,304192;9,385120E-1;1,044459E+1;5,891631E-3;9,442726E-1
25/11/2021  09:25:26,304812;9,372096E-1;1,044459E+1;5,259767E-3;9,437226E-1
25/11/2021  09:25:26,305432;9,357850E-1;1,044459E+1;1,063061E-2;9,428138E-1
25/11/2021  09:25:26,306052;9,372722E-1;1,044459E+1;3,680107E-3;9,416658E-1
25/11/2021  09:25:26,306672;9,381544E-1;1,044459E+1;3,996039E-3;9,404251E-1
25/11/2021  09:25:26,307292;9,366672E-1;1,044459E+1;3,364175E-3;9,392493E-1
25/11/2021  09:25:26,307912;9,373944E-1;1,044459E+1;3,996039E-3;9,382491E-1
25/11/2021  09:25:26,308532;9,400499E-1;1,044459E+1;3,048243E-3;9,374895E-1
25/11/2021  09:25:26,309152;9,396863E-1;1,044459E+1;2,074043E-2;9,370293E-1
25/11/2021  09:25:26,309772;9,374510E-1;1,044459E+1;1,726518E-2;9,368855E-1
25/11/2021  09:25:26,310392;9,387951E-1;1,044459E+1;1,916077E-2;9,369921E-1
25/11/2021  09:25:26,311012;9,385508E-1;1,044459E+1;1,726518E-2;9,372500E-1
25/11/2021  09:25:26,311632;9,362529E-1;1,044459E+1;1,442179E-2;9,375683E-1
25/11/2021  09:25:26,312252;9,346823E-1;1,044459E+1;2,326789E-2;9,378399E-1
25/11/2021  09:25:26,312872;9,370696E-1;1,044459E+1;7,471291E-3;9,379647E-1
25/11/2021  09:25:26,313492;9,363930E-1;1,044459E+1;-3,586329E-3;9,379166E-1
25/11/2021  09:25:26,314112;9,357433E-1;1,044459E+1;-4,534125E-3;9,377339E-1
25/11/2021  09:25:26,314732;9,373288E-1;1,044459E+1;1,221546E-1;9,374670E-1
25/11/2021  09:25:26,315352;9,383868E-1;1,044459E+1;3,306178E-2;9,371824E-1
25/11/2021  09:25:26,315972;9,368609E-1;1,044459E+1;9,688005E-2;9,369557E-1
25/11/2021  09:25:26,316592;9,390693E-1;1,044459E+1;-8,098967E-2;9,368320E-1
25/11/2021  09:25:26,317212;9,427351E-1;1,044459E+1;2,248325E-1;9,368528E-1
25/11/2021  09:25:26,317832;9,413373E-1;1,044459E+1;6,655058E-2;9,370849E-1
25/11/2021  09:25:26,318452;9,412569E-1;1,044459E+1;1,726518E-2;9,375556E-1
25/11/2021  09:25:26,319072;9,421331E-1;1,044459E+1;1,884484E-2;9,382129E-1
25/11/2021  09:25:26,319692;9,401095E-1;1,044459E+1;4,627903E-3;9,389653E-1
25/11/2021  09:25:26,320312;9,364675E-1;1,044459E+1;1,031468E-2;9,396844E-1
25/11/2021  09:25:26,320932;9,351532E-1;1,044459E+1;8,419087E-3;9,401977E-1
25/11/2021  09:25:26,321552;9,362708E-1;1,044459E+1;4,311971E-3;9,403624E-1
25/11/2021  09:25:26,322172;9,345572E-1;1,044459E+1;3,680107E-3;9,401416E-1
25/11/2021  09:25:26,322792;9,324054E-1;1,044459E+1;3,996039E-3;9,395736E-1
25/11/2021  09:25:26,323412;9,344886E-1;1,044459E+1;3,364175E-3;9,387217E-1
25/11/2021  09:25:26,324032;9,341101E-1;1,044459E+1;7,155359E-3;9,376920E-1
25/11/2021  09:25:26,324652;9,309182E-1;1,044459E+1;1,126247E-2;9,366082E-1
25/11/2021  09:25:26,325272;9,349625E-1;1,044459E+1;7,787223E-3;9,355583E-1
25/11/2021  09:25:26,325892;9,384405E-1;1,044459E+1;3,680107E-3;9,346489E-1
25/11/2021  09:25:26,326512;9,389978E-1;1,044459E+1;4,627903E-3;9,340431E-1
25/11/2021  09:25:26,327132;9,386998E-1;1,044459E+1;2,732311E-3;9,338653E-1
25/11/2021  09:25:26,327752;9,409499E-1;1,044459E+1;4,943835E-3;9,341321E-1
25/11/2021  09:25:26,328372;9,403687E-1;1,044459E+1;2,579535E-2;9,347861E-1
25/11/2021  09:25:26,328992;9,366404E-1;1,044459E+1;1,315807E-2;9,357056E-1
25/11/2021  09:25:26,329612;9,379011E-1;1,044459E+1;1,631739E-2;9,366975E-1
25/11/2021  09:25:26,330232;9,393912E-1;1,044459E+1;2,105637E-2;9,375854E-1
25/11/2021  09:25:26,330852;9,383064E-1;1,044459E+1;1,631739E-2;9,382892E-1
25/11/2021  09:25:26,331472;9,439391E-1;1,044459E+1;1,884484E-2;9,388203E-1
25/11/2021  09:25:26,332092;9,501859E-1;1,044459E+1;1,821298E-2;9,393054E-1
25/11/2021  09:25:26,332712;9,525373E-1;1,044459E+1;1,821298E-2;9,399825E-1
25/11/2021  09:25:26,333332;9,571150E-1;1,044459E+1;1,947671E-2;9,410824E-1
25/11/2021  09:25:26,333952;9,665745E-1;1,044459E+1;1,332122E-1;9,427739E-1
25/11/2021  09:25:26,334572;9,704370E-1;1,044459E+1;-2,638533E-3;9,452026E-1
25/11/2021  09:25:26,335192;9,715516E-1;1,044459E+1;1,167838E-1;9,484310E-1
25/11/2021  09:25:26,335812;9,738196E-1;1,044459E+1;6,839427E-3;9,523404E-1
25/11/2021  09:25:26,336432;9,423357E-1;1,496735E-1;1,834454E-1;9,564947E-1
25/11/2021  09:25:26,337052;9,442014E-1;3,944478E-2;8,677022E-2;9,600366E-1
25/11/2021  09:25:26,337672;9,465231E-1;1,095324E-1;1,281573E-1;9,621069E-1
25/11/2021  09:25:26,338292;9,474201E-1;9,009900E-2;1,205749E-1;9,624129E-1
25/11/2021  09:25:26,338912;9,478493E-1;1,496735E-1;1,622780E-1;9,612050E-1
25/11/2021  09:25:26,339532;9,515687E-1;5,780180E-4;3,680107E-3;9,589865E-1
25/11/2021  09:25:26,340152;9,552851E-1;7,586778E-3;8,103155E-3;9,563594E-1
25/11/2021  09:25:26,340772;9,531572E-1;4,400978E-3;6,523495E-3;9,538919E-1
25/11/2021  09:25:26,341392;9,533986E-1;2,489498E-3;3,996039E-3;9,519607E-1
25/11/2021  09:25:26,342012;9,553149E-1;2,170918E-3;4,627903E-3;9,507162E-1
25/11/2021  09:25:26,342632;9,532794E-1;1,215178E-3;3,048243E-3;9,501604E-1
25/11/2021  09:25:26,343252;9,512081E-1;5,780180E-4;3,048243E-3;9,501753E-1
25/11/2021  09:25:26,343872;9,542540E-1;1,523270E-2;1,568552E-2;9,505601E-1
25/11/2021  09:25:26,344492;9,570644E-1;1,079395E-1;1,104651E-1;9,511562E-1
25/11/2021  09:25:26,345112;9,556726E-1;1,283286E-1;1,237343E-1;9,518996E-1
25/11/2021  09:25:26,345732;9,569213E-1;2,925022E-2;1,003553E-1;9,527466E-1
25/11/2021  09:25:26,346352;9,597914E-1;9,137332E-2;1,139404E-1;9,536498E-1
25/11/2021  09:25:26,346972;9,580240E-1;1,433019E-1;1,597505E-1;9,545870E-1
25/11/2021  09:25:26,347592;9,556458E-1;1,378860E-1;1,363715E-1;9,555141E-1
25/11/2021  09:25:26,348212;9,583459E-1;1,926818E-1;1,742834E-1;9,563389E-1
25/11/2021  09:25:26,348832;9,584770E-1;2,541677E-1;2,264122E-1;9,570007E-1
25/11/2021  09:25:26,349452;9,542391E-1;1,448948E-1;1,180475E-1;9,574853E-1
25/11/2021  09:25:26,350072;9,533271E-1;1,933189E-1;2,317830E-1;9,577449E-1
25/11/2021  09:25:26,350692;9,525582E-1;4,358632E-2;4,601499E-2;9,577062E-1
25/11/2021  09:25:26,351312;9,487195E-1;5,123224E-2;6,054787E-2;9,573257E-1
25/11/2021  09:25:26,351932;9,427202E-1;8,309024E-2;9,845971E-2;9,565568E-1
25/11/2021  09:25:26,352552;9,419543E-1;1,174969E-1;1,351078E-1;9,553225E-1
25/11/2021  09:25:26,353172;9,395760E-1;1,289658E-1;1,259458E-1;9,535898E-1
25/11/2021  09:25:26,353792;9,354870E-1;1,241871E-1;9,972343E-2;9,514086E-1
25/11/2021  09:25:26,354412;9,355466E-1;2,076550E-1;2,242006E-1;9,488730E-1
25/11/2021  09:25:26,355032;9,370815E-1;1,401161E-1;1,493248E-1;9,461313E-1
25/11/2021  09:25:26,355652;9,349684E-1;1,305587E-1;1,366875E-1;9,433967E-1
25/11/2021  09:25:26,356272;9,358297E-1;1,659210E-1;1,268936E-1;9,408745E-1
25/11/2021  09:25:26,356892;9,391409E-1;2,153009E-1;2,295715E-1;9,387283E-1
25/11/2021  09:25:26,357512;9,405625E-1;1,213198E-1;1,158360E-1;9,371120E-1
25/11/2021  09:25:26,358132;9,408784E-1;1,066652E-1;8,550650E-2;9,361423E-1
25/11/2021  09:25:26,358752;9,451253E-1;1,930003E-1;1,872366E-1;9,358562E-1
25/11/2021  09:25:26,359372;9,501203E-1;1,413904E-1;1,477451E-1;9,362573E-1
25/11/2021  09:25:26,359992;9,494110E-1;8,223938E-3;8,735019E-3;9,373419E-1
25/11/2021  09:25:26,360612;9,493007E-1;2,170918E-3;3,364175E-3;9,390219E-1
25/11/2021  09:25:26,361232;9,539440E-1;1,363980E-2;1,600145E-2;9,411119E-1
25/11/2021  09:25:26,361852;9,547845E-1;2,489498E-3;4,627903E-3;9,434338E-1
25/11/2021  09:25:26,362472;9,541139E-1;1,215178E-3;3,996039E-3;9,458473E-1
25/11/2021  09:25:26,363092;9,580896E-1;1,852338E-3;3,680107E-3;9,482183E-1
25/11/2021  09:25:26,363712;9,623067E-1;3,064148E-1;2,990765E-1;9,504729E-1
25/11/2021  09:25:26,364332;9,619163E-1;1,882216E-1;2,390494E-1;9,526277E-1
25/11/2021  09:25:26,364952;9,599821E-1;8,595746E-2;5,201770E-2;9,546901E-1
25/11/2021  09:25:26,365572;9,629356E-1;1,260985E-1;1,294210E-1;9,565963E-1
25/11/2021  09:25:26,366192;9,615170E-1;-7,428828E-2;-1,274317E-1;9,582743E-1
25/11/2021  09:25:26,366812;9,580747E-1;1,732484E-1;1,815498E-1;9,596608E-1
25/11/2021  09:25:26,367432;9,573743E-1;2,758311E-1;2,902304E-1;9,606606E-1
25/11/2021  09:25:26,368052;9,578244E-1;1,232313E-1;1,129926E-1;9,611928E-1
25/11/2021  09:25:26,368672;9,526804E-1;9,392196E-2;9,593225E-2;9,612383E-1
25/11/2021  09:25:26,369292;9,499087E-1;1,162226E-1;1,054102E-1;9,607879E-1
25/11/2021  09:25:26,369912;9,507312E-1;1,031608E-1;1,092014E-1;9,598336E-1
25/11/2021  09:25:26,370532;9,498491E-1;3,848904E-2;4,980618E-2;9,584452E-1
25/11/2021  09:25:26,371152;9,460075E-1;1,114439E-1;1,092014E-1;9,567592E-1
25/11/2021  09:25:26,371772;9,483649E-1;1,063466E-1;9,814378E-2;9,549074E-1
25/11/2021  09:25:26,372392;9,489490E-1;1,560451E-1;1,262617E-1;9,530336E-1
25/11/2021  09:25:26,373012;9,439451E-1;1,283286E-1;1,199431E-1;9,512852E-1
25/11/2021  09:25:26,373632;9,400856E-1;9,678918E-2;1,259458E-1;9,497017E-1
25/11/2021  09:25:26,374252;9,415638E-1;1,439390E-1;1,392149E-1;9,482084E-1
25/11/2021  09:25:26,374872;9,374302E-1;1,487177E-1;1,502726E-1;9,467316E-1
25/11/2021  09:25:26,375492;9,338091E-1;8,086018E-2;8,582243E-2;9,452156E-1
25/11/2021  09:25:26,376112;9,361337E-1;7,735580E-2;4,001229E-2;9,436045E-1
25/11/2021  09:25:26,376732;9,353291E-1;1,410718E-1;1,670170E-1;9,419117E-1
25/11/2021  09:25:26,377352;9,321252E-1;9,296622E-2;1,104651E-1;9,402175E-1
25/11/2021  09:25:26,377972;9,332369E-1;8,850610E-2;1,496407E-1;9,385845E-1
25/11/2021  09:25:26,378592;9,383719E-1;9,997498E-2;1,189953E-1;9,370873E-1
25/11/2021  09:25:26,379212;9,383898E-1;1,554079E-1;1,749153E-1;9,358771E-1
25/11/2021  09:25:26,379832;9,381574E-1;4,082398E-3;6,839427E-3;9,351034E-1
25/11/2021  09:25:26,380452;9,440315E-1;7,905358E-3;1,031468E-2;9,348376E-1
25/11/2021  09:25:26,381072;9,465827E-1;4,400978E-3;6,523495E-3;9,351282E-1
25/11/2021  09:25:26,381692;9,455187E-1;1,215178E-3;3,048243E-3;9,360040E-1
25/11/2021  09:25:26,382312;9,481592E-1;5,780180E-4;2,732311E-3;9,373984E-1
25/11/2021  09:25:26,382932;9,512737E-1;1,533758E-3;3,680107E-3;9,391785E-1
25/11/2021  09:25:26,383552;9,504749E-1;3,126658E-3;4,943835E-3;9,412166E-1
25/11/2021  09:25:26,384172;9,496017E-1;6,015248E-2;1,003553E-1;9,433662E-1
25/11/2021  09:25:26,384792;9,545550E-1;1,837615E-1;2,317830E-1;9,454658E-1
25/11/2021  09:25:26,385412;9,554401E-1;2,688224E-1;2,608488E-1;9,474280E-1
25/11/2021  09:25:26,386032;9,537413E-1;1,184526E-1;9,972343E-2;9,492351E-1
25/11/2021  09:25:26,386652;9,563700E-1;1,350188E-1;1,913437E-1;9,508600E-1
25/11/2021  09:25:26,387272;9,599493E-1;-6,982816E-2;8,367190E-4;9,522952E-1
25/11/2021  09:25:26,387892;9,586082E-1;8,436456E-2;3,148212E-2;9,535944E-1
25/11/2021  09:25:26,388512;9,576038E-1;5,919674E-2;6,523495E-3;9,547973E-1
25/11/2021  09:25:26,389132;9,634184E-1;2,022392E-1;2,586372E-1;9,559026E-1
25/11/2021  09:25:26,389752;9,639370E-1;3,052454E-2;3,179805E-2;9,569530E-1
25/11/2021  09:25:26,390372;9,611355E-1;2,765732E-2;2,421569E-2;9,580134E-1
25/11/2021  09:25:26,390992;9,613173E-1;9,583344E-2;7,981972E-2;9,590634E-1
25/11/2021  09:25:26,391612;9,586678E-1;1,340630E-1;1,224705E-1;9,600000E-1
25/11/2021  09:25:26,392232;9,548441E-1;1,168597E-1;1,414265E-1;9,606862E-1
25/11/2021  09:25:26,392852;9,506120E-1;3,753330E-2;-2,601750E-2;9,609567E-1
25/11/2021  09:25:26,393472;9,510174E-1;2,901672E-1;3,268785E-1;9,606666E-1
25/11/2021  09:25:26,394092;9,503051E-1;1,512664E-1;1,287892E-1;9,597849E-1
25/11/2021  09:25:26,394712;9,450389E-1;1,745227E-1;1,970305E-1;9,583924E-1
25/11/2021  09:25:26,395332;9,443623E-1;1,834429E-1;2,264122E-1;9,565860E-1
25/11/2021  09:25:26,395952;9,430033E-1;1,079395E-1;1,234183E-1;9,544603E-1
25/11/2021  09:25:26,396572;9,391111E-1;1,576380E-1;1,458495E-1;9,521278E-1
25/11/2021  09:25:26,397192;9,385925E-1;1,139925E-1;9,498445E-2;9,496882E-1
25/11/2021  09:25:26,397812;9,407294E-1;1,914074E-1;2,324149E-1;9,472439E-1
25/11/2021  09:25:26,398432;9,491070E-1;-5,914200E-5;2,958653E-2;9,449923E-1
25/11/2021  09:25:26,399052;9,519263E-1;1,318330E-1;1,237343E-1;9,432560E-1
25/11/2021  09:25:26,399672;9,515329E-1;1,445762E-1;1,360556E-1;9,423401E-1
25/11/2021  09:25:26,400292;9,503110E-1;1,448948E-1;1,316326E-1;9,423410E-1
25/11/2021  09:25:26,400912;9,525522E-1;1,350188E-1;1,407946E-1;9,431300E-1
25/11/2021  09:25:26,401532;9,532794E-1;1,162226E-1;1,231024E-1;9,444837E-1
25/11/2021  09:25:26,402152;9,509041E-1;1,241871E-1;9,877564E-2;9,461646E-1
25/11/2021  09:25:26,402772;9,508981E-1;5,356718E-3;6,839427E-3;9,479182E-1
25/11/2021  09:25:26,403392;9,546623E-1;1,533758E-3;4,311971E-3;9,495282E-1
25/11/2021  09:25:26,404012;9,520366E-1;6,312458E-3;8,103155E-3;9,508887E-1
25/11/2021  09:25:26,404632;9,492262E-1;4,082398E-3;5,891631E-3;9,519454E-1
25/11/2021  09:25:26,405252;9,515478E-1;4,400978E-3;6,207563E-3;9,526341E-1
25/11/2021  09:25:26,405872;9,519830E-1;2,808078E-3;4,311971E-3;9,529479E-1
25/11/2021  09:25:26,406492;9,500309E-1;8,965980E-4;3,364175E-3;9,529598E-1
25/11/2021  09:25:26,407112;9,503706E-1;-4,200682E-3;-5,165989E-3;9,527501E-1
25/11/2021  09:25:26,407732;9,501918E-1;1,155854E-1;1,126766E-1;9,523824E-1
25/11/2021  09:25:26,408352;9,485467E-1;1,236548E-2;8,735019E-3;9,519148E-1
25/11/2021  09:25:26,408972;9,461416E-1;1,993719E-1;1,926074E-1;9,513731E-1
25/11/2021  09:25:26,409592;9,482695E-1;1,665582E-1;1,445858E-1;9,507526E-1
25/11/2021  09:25:26,410212;9,481205E-1;1,210013E-1;1,392149E-1;9,500784E-1
25/11/2021  09:25:26,410832;9,456081E-1;-9,616542E-3;2,516348E-2;9,494052E-1
25/11/2021  09:25:26,411452;9,473844E-1;7,385142E-2;7,634447E-2;9,487646E-1
25/11/2021  09:25:26,412072;9,501799E-1;1,254614E-1;1,287892E-1;9,481939E-1
25/11/2021  09:25:26,412692;9,465618E-1;1,203641E-1;1,461654E-1;9,477596E-1
25/11/2021  09:25:26,413312;9,455872E-1;1,082581E-1;1,338441E-1;9,474758E-1
25/11/2021  09:25:26,413932;9,465856E-1;1,225942E-1;1,221546E-1;9,472803E-1
25/11/2021  09:25:26,414552;9,468360E-1;1,332122E-2;4,943835E-3;9,471189E-1
25/11/2021  09:25:26,415172;9,435010E-1;1,633724E-1;1,129926E-1;9,469644E-1
25/11/2021  09:25:26,415792;9,431702E-1;1,350188E-1;1,177316E-1;9,467647E-1
25/11/2021  09:25:26,416412;9,445650E-1;1,095324E-1;9,814378E-2;9,464645E-1
25/11/2021  09:25:26,417032;9,423387E-1;1,111253E-1;1,025668E-1;9,460577E-1
25/11/2021  09:25:26,417652;9,438050E-1;2,006463E-1;2,567416E-1;9,455716E-1
25/11/2021  09:25:26,418272;9,476019E-1;1,283286E-1;1,360556E-1;9,450691E-1
25/11/2021  09:25:26,418892;9,480341E-1;1,241871E-1;1,294210E-1;9,446752E-1
25/11/2021  09:25:26,419512;9,472920E-1;9,965640E-2;4,064415E-2;9,445125E-1
25/11/2021  09:25:26,420132;9,494527E-1;3,275460E-2;2,737501E-2;9,446259E-1
25/11/2021  09:25:26,420752;9,514197E-1;1,359745E-1;1,297370E-1;9,450134E-1
25/11/2021  09:25:26,421372;9,491427E-1;1,101695E-1;9,688005E-2;9,456545E-1
25/11/2021  09:25:26,421992;9,478821E-1;1,474434E-1;1,600664E-1;9,464651E-1
25/11/2021  09:25:26,422612;9,490116E-1;5,675298E-3;7,471291E-3;9,473020E-1
25/11/2021  09:25:26,423232;9,485050E-1;2,808078E-3;4,311971E-3;9,480437E-1
25/11/2021  09:25:26,423852;9,455992E-1;1,533758E-3;4,311971E-3;9,486099E-1
25/11/2021  09:25:26,424472;9,465529E-1;2,808078E-3;4,943835E-3;9,489317E-1
25/11/2021  09:25:26,425092;9,492381E-1;5,780180E-4;2,732311E-3;9,489913E-1
25/11/2021  09:25:26,425712;9,473993E-1;1,852338E-3;3,996039E-3;9,488600E-1
25/11/2021  09:25:26,426332;9,478046E-1;5,780180E-4;2,732311E-3;9,486322E-1
25/11/2021  09:25:26,426952;9,508207E-1;1,586986E-2;1,789705E-2;9,483859E-1
25/11/2021  09:25:26,427572;9,507819E-1;7,894870E-2;7,539667E-2;9,482141E-1
25/11/2021  09:25:26,428192;9,476437E-1;1,264171E-1;1,199431E-1;9,481842E-1
25/11/2021  09:25:26,428812;9,512677E-1;4,836502E-2;4,506720E-2;9,482866E-1
25/11/2021  09:25:26,429432;9,498759E-1;1,002936E-1;1,439539E-1;9,484874E-1
25/11/2021  09:25:26,430052;9,486033E-1;9,201048E-2;7,697633E-2;9,487562E-1
25/11/2021  09:25:26,430672;9,486689E-1;-2,904992E-2;-2,759716E-2;9,490327E-1
25/11/2021  09:25:26,431292;9,512468E-1;1,490363E-1;1,486929E-1;9,492638E-1
25/11/2021  09:25:26,431912;9,507253E-1;1,155854E-1;1,278414E-1;9,494561E-1
25/11/2021  09:25:26,432532;9,472771E-1;1,302401E-1;1,136244E-1;9,496265E-1
25/11/2021  09:25:26,433152;9,504660E-1;1,378860E-1;1,581709E-1;9,497478E-1
25/11/2021  09:25:26,433772;9,504988E-1;7,863012E-2;6,813023E-2;9,498055E-1
25/11/2021  09:25:26,434392;9,472056E-1;9,710776E-2;6,275939E-2;9,498176E-1
25/11/2021  09:25:26,435012;9,483142E-1;7,321426E-2;8,103155E-3;9,497722E-1
25/11/2021  09:25:26,435632;9,515151E-1;1,165411E-1;1,164678E-1;9,496592E-1
25/11/2021  09:25:26,436252;9,509995E-1;7,289568E-2;7,666040E-2;9,495391E-1
25/11/2021  09:25:26,436872;9,489729E-1;9,232906E-2;1,183634E-1;9,494826E-1
25/11/2021  09:25:26,437492;9,522214E-1;8,245308E-2;9,561632E-2;9,495063E-1
25/11/2021  09:25:26,438112;9,513154E-1;1,458505E-1;1,445858E-1;9,496132E-1
25/11/2021  09:25:26,438732;9,465201E-1;1,206827E-1;9,150920E-2;9,497856E-1
25/11/2021  09:25:26,439352;9,492202E-1;9,360338E-2;5,707262E-2;9,499378E-1
25/11/2021  09:25:26,439972;9,499266E-1;1,366117E-1;1,300529E-1;9,499947E-1
25/11/2021  09:25:26,440592;9,472115E-1;1,461691E-1;1,603824E-1;9,499517E-1
25/11/2021  09:25:26,441212;9,444637E-1;1,570008E-1;1,840773E-1;9,497960E-1
25/11/2021  09:25:26,441832;9,451551E-1;1,509478E-1;1,461654E-1;9,494717E-1
25/11/2021  09:25:26,442452;9,454859E-1;5,728526E-2;5,928414E-2;9,489545E-1
25/11/2021  09:25:26,443072;9,438378E-1;6,631038E-3;8,103155E-3;9,482843E-1
25/11/2021  09:25:26,443692;9,458287E-1;8,965980E-4;3,048243E-3;9,475297E-1
25/11/2021  09:25:26,444312;9,484841E-1;3,126658E-3;5,575699E-3;9,467900E-1
25/11/2021  09:25:26,444932;9,471817E-1;2,808078E-3;4,627903E-3;9,461955E-1
25/11/2021  09:25:26,445552;9,471370E-1;1,852338E-3;3,996039E-3;9,458340E-1
25/11/2021  09:25:26,446172;9,497626E-1;8,965980E-4;3,364175E-3;9,457227E-1
25/11/2021  09:25:26,446792;9,476615E-1;3,594040E-2;4,032822E-2;9,458493E-1
25/11/2021  09:25:26,447412;9,462101E-1;2,319720E-2;2,074043E-2;9,461581E-1
25/11/2021  09:25:26,448032;9,467138E-1;9,551486E-2;5,138584E-2;9,465373E-1
25/11/2021  09:25:26,448652;9,482040E-1;1,452133E-1;1,278414E-1;9,468889E-1
25/11/2021  09:25:26,449272;9,470863E-1;9,137332E-2;9,498445E-2;9,471764E-1
25/11/2021  09:25:26,449892;9,470953E-1;1,152668E-1;1,414265E-1;9,473920E-1
25/11/2021  09:25:26,450512;9,506418E-1;1,143111E-1;1,170997E-1;9,475455E-1
25/11/2021  09:25:26,451132;9,487911E-1;1,592309E-1;1,818658E-1;9,476869E-1
25/11/2021  09:25:26,451752;9,481414E-1;9,105474E-2;1,047783E-1;9,478584E-1
25/11/2021  09:25:26,452372;9,506269E-1;1,114439E-1;1,351078E-1;9,480588E-1
25/11/2021  09:25:26,452992;9,530469E-1;9,424054E-2;1,120448E-1;9,483053E-1
25/11/2021  09:25:26,453612;9,520992E-1;6,747982E-2;6,591871E-2;9,486549E-1
25/11/2021  09:25:26,454232;9,529158E-1;1,114439E-1;8,045158E-2;9,491396E-1
25/11/2021  09:25:26,454852;9,541198E-1;1,308772E-1;1,297370E-1;9,497449E-1
25/11/2021  09:25:26,455472;9,529784E-1;1,241871E-1;1,385831E-1;9,504370E-1
25/11/2021  09:25:26,456092;9,504153E-1;1,273729E-1;1,120448E-1;9,511470E-1
25/11/2021  09:25:26,456712;9,528473E-1;1,652839E-1;1,730197E-1;9,517720E-1
25/11/2021  09:25:26,457332;9,539440E-1;1,296029E-1;1,262617E-1;9,522528E-1
25/11/2021  09:25:26,457952;9,516581E-1;1,060280E-1;8,487463E-2;9,525995E-1
25/11/2021  09:25:26,458572;9,535119E-1;9,296622E-2;1,088855E-1;9,528316E-1
25/11/2021  09:25:26,459192;9,542808E-1;4,082398E-3;1,947671E-2;9,529730E-1
25/11/2021  09:25:26,459812;9,511336E-1;1,248242E-1;1,341600E-1;9,530586E-1
25/11/2021  09:25:26,460432;9,499385E-1;8,691320E-2;7,697633E-2;9,530776E-1
25/11/2021  09:25:26,461052;9,515240E-1;1,127182E-1;1,303688E-1;9,529818E-1
25/11/2021  09:25:26,461672;9,513511E-1;1,439390E-1;1,028828E-1;9,527636E-1
25/11/2021  09:25:26,462292;9,476049E-1;2,415294E-2;3,306178E-2;9,524482E-1
25/11/2021  09:25:26,462912;9,470357E-1;5,282514E-2;8,266311E-2;9,520230E-1
25/11/2021  09:25:26,463532;9,477450E-1;1,401161E-1;1,379512E-1;9,514562E-1
25/11/2021  09:25:26,464152;9,463621E-1;1,512664E-1;1,723878E-1;9,507592E-1
25/11/2021  09:25:26,464772;9,465588E-1;1,305587E-1;8,992954E-2;9,499786E-1
25/11/2021  09:25:26,465392;9,479834E-1;1,388417E-1;1,262617E-1;9,491764E-1
25/11/2021  09:25:26,466012;9,476794E-1;1,069837E-1;1,047783E-1;9,484347E-1
25/11/2021  09:25:26,466632;9,436471E-1;1,987348E-1;2,937057E-1;9,478080E-1
25/11/2021  09:25:26,467252;9,445024E-1;2,594380E-4;1,726518E-2;9,472696E-1
25/11/2021  09:25:26,467872;9,452952E-1;2,128572E-2;6,718244E-2;9,467660E-1
25/11/2021  09:25:26,468492;9,446365E-1;1,350188E-1;1,313166E-1;9,462885E-1
25/11/2021  09:25:26,469112;9,434653E-1;1,194084E-1;1,076217E-1;9,458483E-1
25/11/2021  09:25:26,469732;9,456528E-1;1,824872E-1;1,565912E-1;9,454488E-1
25/11/2021  09:25:26,470352;9,451491E-1;-2,074547E-1;-1,147944E-1;9,451102E-1
25/11/2021  09:25:26,470972;9,420049E-1;2,302742E-1;2,911782E-1;9,448479E-1
25/11/2021  09:25:26,471592;9,430152E-1;6,949618E-3;1,126247E-2;9,446254E-1
25/11/2021  09:25:26,472212;9,451521E-1;1,215178E-3;3,680107E-3;9,444028E-1
25/11/2021  09:25:26,472832;9,478582E-1;8,861098E-3;1,094654E-2;9,442180E-1
25/11/2021  09:25:26,473452;9,482874E-1;1,215178E-3;3,680107E-3;9,441714E-1
25/11/2021  09:25:26,474072;9,533181E-1;5,780180E-4;3,680107E-3;9,443708E-1
25/11/2021  09:25:26,474692;9,551570E-1;2,489498E-3;4,627903E-3;9,449189E-1
25/11/2021  09:25:26,475312;9,526416E-1;1,852338E-3;4,311971E-3;9,458698E-1
25/11/2021  09:25:26,475932;9,556309E-1;1,172832E-2;2,200416E-2;9,471635E-1
25/11/2021  09:25:26,476552;9,552911E-1;1,649653E-1;1,824976E-1;9,486690E-1
25/11/2021  09:25:26,477172;9,526029E-1;9,901924E-2;6,749837E-2;9,502382E-1
25/11/2021  09:25:26,477792;9,508087E-1;2,449289E-1;1,853410E-1;9,516852E-1
25/11/2021  09:25:26,478412;9,514942E-1;1,506292E-1;1,297370E-1;9,528205E-1
25/11/2021  09:25:26,479032;9,512677E-1;2,213540E-1;2,150386E-1;9,535370E-1
25/11/2021  09:25:26,479652;9,466631E-1;1,586986E-2;6,023194E-2;9,538097E-1
25/11/2021  09:25:26,480272;9,479089E-1;1,311958E-1;1,246821E-1;9,536346E-1
25/11/2021  09:25:26,480892;9,490146E-1;1,028422E-1;8,803395E-2;9,530545E-1
25/11/2021  09:25:26,481512;9,469820E-1;2,797590E-2;4,159195E-2;9,521919E-1
25/11/2021  09:25:26,482132;9,478910E-1;1,601866E-1;1,360556E-1;9,511889E-1
25/11/2021  09:25:26,482752;9,502186E-1;1,123996E-1;1,114129E-1;9,501788E-1
25/11/2021  09:25:26,483372;9,473248E-1;1,101695E-1;1,227865E-1;9,492907E-1
25/11/2021  09:25:26,483992;9,459449E-1;9,455912E-2;8,582243E-2;9,485859E-1
25/11/2021  09:25:26,484612;9,477927E-1;2,388759E-1;2,444203E-1;9,480420E-1
25/11/2021  09:25:26,485232;9,491159E-1;2,063807E-1;2,118793E-1;9,476400E-1
25/11/2021  09:25:26,485852;9,467883E-1;8,563888E-2;9,909157E-2;9,473912E-1
25/11/2021  09:25:26,486472;9,476198E-1;1,321516E-1;1,436380E-1;9,472802E-1
25/11/2021  09:25:26,487092;9,501560E-1;1,197269E-1;1,360556E-1;9,472752E-1
25/11/2021  09:25:26,487712;9,474708E-1;1,315144E-1;1,275255E-1;9,473682E-1
25/11/2021  09:25:26,488332;9,457214E-1;1,318330E-1;1,129926E-1;9,475261E-1
25/11/2021  09:25:26,488952;9,460790E-1;-1,917394E-2;5,259767E-3;9,476609E-1
25/11/2021  09:25:26,489572;9,464992E-1;1,703812E-1;1,730197E-1;9,476977E-1
25/11/2021  09:25:26,490192;9,436352E-1;5,855958E-2;9,751191E-2;9,476076E-1
25/11/2021  09:25:26,490812;9,444309E-1;2,353715E-1;2,008217E-1;9,473733E-1
25/11/2021  09:25:26,491432;9,474201E-1;1,831244E-1;1,695444E-1;9,470092E-1
25/11/2021  09:25:26,492052;9,445233E-1;2,594380E-4;2,100447E-3;9,465909E-1
25/11/2021  09:25:26,492672;9,438229E-1;5,038138E-3;6,207563E-3;9,461822E-1
25/11/2021  09:25:26,493292;9,452237E-1;8,542518E-3;1,063061E-2;9,457944E-1
25/11/2021  09:25:26,493912;9,465469E-1;6,949618E-3;8,735019E-3;9,454474E-1
25/11/2021  09:25:26,494532;9,438438E-1;1,533758E-3;3,996039E-3;9,451817E-1
25/11/2021  09:25:26,495152;9,462310E-1;5,780180E-4;2,732311E-3;9,450095E-1
25/11/2021  09:25:26,495772;9,498997E-1;1,140974E-2;1,410586E-2;9,449469E-1
25/11/2021  09:25:26,496392;9,478970E-1;1,015679E-1;9,877564E-2;9,450529E-1
25/11/2021  09:25:26,497012;9,454859E-1;6,949618E-3;-1,906700E-2;9,453437E-1
25/11/2021  09:25:26,497632;9,475155E-1;1,232313E-1;1,246821E-1;9,457407E-1
25/11/2021  09:25:26,498252;9,482248E-1;6,429402E-2;5,233363E-2;9,461585E-1
25/11/2021  09:25:26,498872;9,471877E-1;6,206396E-2;1,382671E-1;9,465617E-1
25/11/2021  09:25:26,499492;9,503796E-1;1,267357E-1;1,373193E-1;9,469423E-1
25/11/2021  09:25:26,500112;9,533986E-1;4,995792E-2;6,497092E-2;9,473377E-1
25/11/2021  09:25:26,500732;9,526535E-1;1,264171E-1;1,578549E-1;9,478335E-1
25/11/2021  09:25:26,501352;9,512766E-1;2,513005E-1;2,482115E-1;9,484737E-1
25/11/2021  09:25:26,501972;9,547248E-1;1,085766E-1;1,057261E-1;9,492251E-1
25/11/2021  09:25:26,502592;9,543314E-1;1,136739E-1;1,016190E-1;9,500466E-1
25/11/2021  09:25:26,503212;9,521171E-1;1,872659E-1;2,302034E-1;9,509009E-1
25/11/2021  09:25:26,503832;9,544328E-1;2,041506E-1;2,276759E-1;9,517187E-1
25/11/2021  09:25:26,504452;9,564087E-1;-7,556260E-2;-4,213003E-2;9,524511E-1
25/11/2021  09:25:26,505072;9,528234E-1;5,601094E-2;5,991600E-2;9,530982E-1
25/11/2021  09:25:26,505692;9,506478E-1;1,531778E-1;1,562753E-1;9,536252E-1
25/11/2021  09:25:26,506312;9,511276E-1;8,532030E-2;9,308886E-2;9,539401E-1
25/11/2021  09:25:26,506932;9,471787E-1;1,847173E-1;1,866047E-1;9,539626E-1
25/11/2021  09:25:26,507552;9,430272E-1;1,726112E-1;1,954508E-1;9,536237E-1
25/11/2021  09:25:26,508172;9,438527E-1;1,047537E-1;1,158360E-1;9,528553E-1
25/11/2021  09:25:26,508792;9,443355E-1;1,793014E-1;1,616461E-1;9,516698E-1
25/11/2021  09:25:26,509412;9,415966E-1;1,229127E-1;1,398468E-1;9,501859E-1
25/11/2021  09:25:26,510032;9,420467E-1;1,031608E-1;8,013565E-2;9,485473E-1
25/11/2021  09:25:26,510652;9,440077E-1;1,420275E-1;1,347919E-1;9,468940E-1
25/11/2021  09:25:26,511272;9,437991E-1;1,324701E-1;1,373193E-1;9,453837E-1
25/11/2021  09:25:26,511892;9,436053E-1;8,861098E-3;1,031468E-2;9,441523E-1
25/11/2021  09:25:26,512512;9,471579E-1;4,082398E-3;5,891631E-3;9,432826E-1
25/11/2021  09:25:26,513132;9,508236E-1;5,038138E-3;6,523495E-3;9,428501E-1
25/11/2021  09:25:26,513752;9,494616E-1;1,013542E-2;1,221027E-2;9,429284E-1
25/11/2021  09:25:26,514372;9,491278E-1;1,215178E-3;3,048243E-3;9,435038E-1
25/11/2021  09:25:26,514992;9,517177E-1;1,215178E-3;3,680107E-3;9,444577E-1
25/11/2021  09:25:26,515612;9,500458E-1;3,126658E-3;5,259767E-3;9,456442E-1
25/11/2021  09:25:26,516232;9,473188E-1;1,618844E-2;1,694925E-2;9,469016E-1
25/11/2021  09:25:26,516852;9,518757E-1;3,116170E-2;3,653703E-2;9,480592E-1
25/11/2021  09:25:26,517472;9,525701E-1;1,286472E-1;7,824006E-2;9,490334E-1
25/11/2021  09:25:26,518092;9,496762E-1;6,939130E-2;1,069899E-1;9,498327E-1
25/11/2021  09:25:26,518712;9,510680E-1;7,321426E-2;9,972343E-2;9,504579E-1
25/11/2021  09:25:26,519332;9,543255E-1;1,187712E-1;1,221546E-1;9,509135E-1
25/11/2021  09:25:26,519952;9,507760E-1;1,738855E-1;1,670170E-1;9,512535E-1
25/11/2021  09:25:26,520572;9,483828E-1;1,512664E-1;1,291051E-1;9,515009E-1
25/11/2021  09:25:26,521192;9,533509E-1;1,770713E-1;1,929234E-1;9,516235E-1
25/11/2021  09:25:26,521812;9,517833E-1;8,627604E-2;5,233363E-2;9,516388E-1
25/11/2021  09:25:26,522432;9,529277E-1;3,398657E-1;3,553124E-1;9,516209E-1
25/11/2021  09:25:26,523052;9,518489E-1;6,312458E-3;8,735019E-3;9,516243E-1
25/11/2021  09:25:26,523672;9,531781E-1;3,126658E-3;4,627903E-3;9,516694E-1
25/11/2021  09:25:26,524292;9,506001E-1;1,215178E-3;4,311971E-3;9,517522E-1
25/11/2021  09:25:26,524912;9,483321E-1;4,400978E-3;6,523495E-3;9,518236E-1
25/11/2021  09:25:26,525532;9,488388E-1;1,215178E-3;3,364175E-3;9,517944E-1
25/11/2021  09:25:26,526152;9,490235E-1;5,780180E-4;2,732311E-3;9,516044E-1
25/11/2021  09:25:26,526772;9,457214E-1;5,780180E-4;3,364175E-3;9,512462E-1
25/11/2021  09:25:26,527392;9,461237E-1;3,052454E-2;3,337771E-2;9,507197E-1
25/11/2021  09:25:26,528012;9,516522E-1;4,199342E-2;3,274585E-2;9,500628E-1
25/11/2021  09:25:26,528632;9,502246E-1;1,815315E-1;1,360556E-1;9,494127E-1
25/11/2021  09:25:26,529252;9,485854E-1;2,943088E-1;3,512053E-1;9,489151E-1
25/11/2021  09:25:26,529872;9,514048E-1;5,951532E-2;6,528685E-2;9,486239E-1
25/11/2021  09:25:26,530492;9,499921E-1;1,088952E-1;1,420583E-1;9,485401E-1
25/11/2021  09:25:26,531112;9,452535E-1;1,382046E-1;1,303688E-1;9,486173E-1
25/11/2021  09:25:26,531732;9,444726E-1;1,149482E-1;1,272095E-1;9,487154E-1
25/11/2021  09:25:26,532352;9,446753E-1;1,595494E-1;1,667010E-1;9,486701E-1
25/11/2021  09:25:26,532972;9,432000E-1;1,904517E-1;1,875525E-1;9,483944E-1
25/11/2021  09:25:26,533592;9,411526E-1;1,417090E-1;1,806020E-1;9,478691E-1
25/11/2021  09:25:26,534212;9,435428E-1;9,296622E-2;6,307532E-2;9,471134E-1
25/11/2021  09:25:26,534832;9,437603E-1;4,071910E-2;3,337771E-2;9,462097E-1
25/11/2021  09:25:26,535452;9,423745E-1;1,206827E-1;1,275255E-1;9,452840E-1
25/11/2021  09:25:26,536072;9,441627E-1;1,184526E-1;1,117289E-1;9,444401E-1
25/11/2021  09:25:26,536692;9,491696E-1;1,579565E-1;1,319485E-1;9,437779E-1
25/11/2021  09:25:26,537312;9,484275E-1;1,136739E-1;1,088855E-1;9,434311E-1
25/11/2021  09:25:26,537932;9,482010E-1;9,774492E-2;1,025668E-1;9,434895E-1
25/11/2021  09:25:26,538552;9,533897E-1;9,647060E-2;7,887192E-2;9,439529E-1
25/11/2021  09:25:26,539172;9,524926E-1;-4,434176E-2;-1,464395E-2;9,447937E-1
25/11/2021  09:25:26,539792;9,493961E-1;1,382046E-1;1,407946E-1;9,459425E-1
25/11/2021  09:25:26,540412;9,505345E-1;1,477620E-1;1,575390E-1;9,472323E-1
25/11/2021  09:25:26,541032;9,527668E-1;1,337445E-1;1,142563E-1;9,484828E-1
25/11/2021  09:25:26,541652;9,507134E-1;3,371034E-2;5,802041E-2;9,495933E-1
25/11/2021  09:25:26,542272;9,488090E-1;2,771055E-1;2,892826E-1;9,504969E-1
25/11/2021  09:25:26,542892;9,500458E-1;1,533758E-3;3,048243E-3;9,511212E-1
25/11/2021  09:25:26,543512;9,475990E-1;4,400978E-3;7,155359E-3;9,514266E-1
25/11/2021  09:25:26,544132;9,440196E-1;5,356718E-3;6,839427E-3;9,513955E-1
25/11/2021  09:25:26,544752;9,448392E-1;6,949618E-3;8,103155E-3;9,510017E-1
25/11/2021  09:25:26,545372;9,462399E-1;2,808078E-3;4,943835E-3;9,502702E-1
25/11/2021  09:25:26,545992;9,450478E-1;2,170918E-3;3,048243E-3;9,493164E-1
25/11/2021  09:25:26,546612;9,450150E-1;1,215178E-3;3,364175E-3;9,482822E-1
25/11/2021  09:25:26,547232;9,489580E-1;9,179678E-3;9,682815E-3;9,472991E-1
25/11/2021  09:25:26,547852;9,474440E-1;1,557265E-1;1,758630E-1;9,465051E-1
25/11/2021  09:25:26,548472;9,473009E-1;1,184526E-1;1,284732E-1;9,459971E-1
25/11/2021  09:25:26,549092;9,487732E-1;1,257800E-1;1,616461E-1;9,457886E-1
25/11/2021  09:25:26,549712;9,501739E-1;5,186940E-2;7,697633E-2;9,458576E-1
25/11/2021  09:25:26,550332;9,484364E-1;1,471248E-1;1,496407E-1;9,461737E-1
25/11/2021  09:25:26,550952;9,475483E-1;8,946184E-2;1,395309E-1;9,466607E-1
25/11/2021  09:25:26,551572;9,511783E-1;2,082922E-1;1,853410E-1;9,472164E-1
25/11/2021  09:25:26,552192;9,485377E-1;1,174969E-1;1,120448E-1;9,477782E-1
25/11/2021  09:25:26,552812;9,482338E-1;1,993719E-1;1,569071E-1;9,483021E-1
25/11/2021  09:25:26,553432;9,487762E-1;7,831154E-2;7,223735E-2;9,487294E-1
25/11/2021  09:25:26,554052;9,495689E-1;-1,077392E-1;-4,181410E-2;9,490279E-1
25/11/2021  09:25:26,554672;9,473546E-1;1,257800E-1;1,193112E-1;9,492027E-1
25/11/2021  09:25:26,555292;9,471072E-1;4,099533E-1;4,282927E-1;9,492518E-1
25/11/2021  09:25:26,555912;9,490474E-1;1,222756E-1;1,208909E-1;9,491719E-1
25/11/2021  09:25:26,556532;9,467615E-1;9,806350E-2;1,278414E-1;9,489922E-1
25/11/2021  09:25:26,557152;9,447021E-1;1,977790E-1;2,257803E-1;9,487352E-1
25/11/2021  09:25:26,557772;9,468181E-1;1,289658E-1;1,142563E-1;9,483898E-1
25/11/2021  09:25:26,558392;9,461416E-1;9,041758E-2;7,666040E-2;9,479676E-1
25/11/2021  09:25:26,559012;9,431523E-1;9,997498E-2;1,107811E-1;9,475021E-1
25/11/2021  09:25:26,559632;9,442998E-1;1,082581E-1;1,057261E-1;9,469962E-1
25/11/2021  09:25:26,560252;9,482487E-1;5,282514E-2;7,350108E-2;9,464680E-1
25/11/2021  09:25:26,560872;9,466274E-1;2,446103E-1;2,327308E-1;9,460073E-1
25/11/2021  09:25:26,561492;9,483440E-1;1,531778E-1;1,714400E-1;9,457127E-1
25/11/2021  09:25:26,562112;9,509846E-1;1,238685E-1;1,120448E-1;9,456453E-1
25/11/2021  09:25:26,562732;9,511455E-1;2,293185E-1;2,270440E-1;9,458533E-1
25/11/2021  09:25:26,563352;9,501918E-1;1,533758E-3;3,680107E-3;9,463451E-1
25/11/2021  09:25:26,563972;9,522631E-1;4,400978E-3;7,155359E-3;9,470625E-1
25/11/2021  09:25:26,564592;9,540781E-1;5,356718E-3;7,155359E-3;9,479342E-1
25/11/2021  09:25:26,565212;9,499921E-1;2,489498E-3;4,627903E-3;9,488963E-1
25/11/2021  09:25:26,565832;9,475870E-1;1,852338E-3;4,943835E-3;9,498256E-1
25/11/2021  09:25:26,566452;9,492173E-1;1,533758E-3;3,364175E-3;9,505505E-1
25/11/2021  09:25:26,567072;9,461893E-1;7,905358E-3;1,252620E-2;9,509521E-1
25/11/2021  09:25:26,567692;9,424818E-1;3,371034E-2;3,337771E-2;9,509676E-1
25/11/2021  09:25:26,568312;9,427917E-1;8,468314E-2;9,340479E-2;9,505459E-1
25/11/2021  09:25:26,568932;9,447200E-1;2,672295E-1;2,734860E-1;9,497056E-1
25/11/2021  09:25:26,569552;9,424788E-1;8,691320E-2;1,284732E-1;9,485735E-1
25/11/2021  09:25:26,570172;9,435875E-1;1,643281E-1;1,600664E-1;9,473121E-1
25/11/2021  09:25:26,570792;9,475513E-1;7,576290E-2;6,054787E-2;9,460855E-1
25/11/2021  09:25:26,571412;9,496703E-1;1,471248E-1;1,588027E-1;9,450912E-1
25/11/2021  09:25:26,572032;9,489013E-1;1,334259E-1;1,411105E-1;9,445129E-1
25/11/2021  09:25:26,572652;9,503229E-1;1,114439E-1;1,183634E-1;9,444287E-1
25/11/2021  09:25:26,573272;9,513511E-1;1,002936E-1;1,227865E-1;9,448104E-1
25/11/2021  09:25:26,573892;9,484960E-1;1,232313E-1;1,654373E-1;9,455603E-1
25/11/2021  09:25:26,574512;9,490980E-1;8,532030E-2;6,054787E-2;9,465150E-1
25/11/2021  09:25:26,575132;9,533956E-1;-4,306744E-2;-1,374805E-3;9,475139E-1
25/11/2021  09:25:26,575752;9,512379E-1;9,933782E-2;6,876210E-2;9,484842E-1
25/11/2021  09:25:26,576372;9,489818E-1;1,108067E-1;1,031987E-1;9,493826E-1
25/11/2021  09:25:26,576992;9,508087E-1;2,054250E-1;2,033491E-1;9,501285E-1
25/11/2021  09:25:26,577612;9,514942E-1;3,054591E-1;2,798047E-1;9,506691E-1
25/11/2021  09:25:26,578232;9,476347E-1;2,149824E-1;2,617966E-1;9,510040E-1
25/11/2021  09:25:26,578852;9,492113E-1;1,225942E-1;1,613302E-1;9,511263E-1
25/11/2021  09:25:26,579472;9,520605E-1;1,691068E-1;1,660692E-1;9,510510E-1
25/11/2021  09:25:26,580092;9,495302E-1;1,793014E-1;1,929234E-1;9,508613E-1
25/11/2021  09:25:26,580712;9,482695E-1;1,773899E-1;2,084040E-1;9,506312E-1
25/11/2021  09:25:26,581332;9,499981E-1;1,143111E-1;1,019350E-1;9,503766E-1
25/11/2021  09:25:26,581952;9,490802E-1;2,258141E-1;2,785409E-1;9,501093E-1
25/11/2021  09:25:26,582572;9,456379E-1;2,452475E-1;3,044474E-1;9,498364E-1
25/11/2021  09:25:26,583192;9,463234E-1;1,363980E-2;1,568552E-2;9,495181E-1
25/11/2021  09:25:26,583812;9,486152E-1;5,038138E-3;6,839427E-3;9,491225E-1
25/11/2021  09:25:26,584432;9,534284E-1;4,400978E-3;4,943835E-3;9,487194E-1
25/11/2021  09:25:26,585052;9,523257E-1;2,170918E-3;4,627903E-3;9,484672E-1
25/11/2021  09:25:26,585672;9,478016E-1;5,780180E-4;3,048243E-3;9,484663E-1
25/11/2021  09:25:26,586292;9,482546E-1;2,594380E-4;3,680107E-3;9,486546E-1
25/11/2021  09:25:26,586912;9,498401E-1;5,038138E-3;7,787223E-3;9,488994E-1
25/11/2021  09:25:26,587532;9,485944E-1;3,530324E-2;4,475127E-2;9,491207E-1
25/11/2021  09:25:26,588152;9,489341E-1;4,719558E-3;3,906449E-2;9,492870E-1
25/11/2021  09:25:26,588772;9,509339E-1;2,079736E-1;2,542142E-1;9,493918E-1
25/11/2021  09:25:26,589392;9,504481E-1;2,264512E-1;1,973464E-1;9,494668E-1
25/11/2021  09:25:26,590012;9,482695E-1;1,302401E-1;1,205749E-1;9,495431E-1
25/11/2021  09:25:26,590632;9,493394E-1;1,343816E-1;1,088855E-1;9,496060E-1
25/11/2021  09:25:26,591252;9,518369E-1;1,528593E-1;1,486929E-1;9,496419E-1
25/11/2021  09:25:26,591872;9,500011E-1;1,646467E-1;1,524841E-1;9,496828E-1
25/11/2021  09:25:26,592492;9,484573E-1;2,808078E-3;-1,622361E-2;9,497485E-1
25/11/2021  09:25:26,593112;9,491606E-1;1,009307E-1;1,110970E-1;9,498048E-1
25/11/2021  09:25:26,593732;9,478851E-1;1,172832E-2;1,315807E-2;9,498062E-1
25/11/2021  09:25:26,594352;9,451521E-1;8,245308E-2;6,970989E-2;9,497111E-1
25/11/2021  09:25:26,594972;9,454770E-1;2,605393E-1;2,564257E-1;9,494658E-1
25/11/2021  09:25:26,595592;9,454531E-1;4,263058E-2;1,631739E-2;9,490403E-1
25/11/2021  09:25:26,596212;9,452445E-1;2,551234E-1;2,216732E-1;9,484620E-1
25/11/2021  09:25:26,596832;9,468211E-1;1,034794E-1;1,073058E-1;9,478028E-1
25/11/2021  09:25:26,597452;9,497209E-1;4,121834E-1;3,651063E-1;9,471743E-1
25/11/2021  09:25:26,598072;9,490384E-1;1,232313E-1;1,347919E-1;9,467127E-1
25/11/2021  09:25:26,598692;9,464009E-1;1,353374E-1;1,357397E-1;9,464969E-1
25/11/2021  09:25:26,599312;9,479745E-1;1,165411E-1;1,079377E-1;9,464966E-1
25/11/2021  09:25:26,599932;9,489192E-1;1,162226E-1;1,088855E-1;9,466420E-1
25/11/2021  09:25:26,600552;9,472979E-1;1,276914E-1;1,253139E-1;9,468846E-1
25/11/2021  09:25:26,601172;9,470595E-1;1,385232E-1;1,540637E-1;9,471703E-1
25/11/2021  09:25:26,601792;9,474142E-1;2,439731E-1;2,526345E-1;9,474321E-1
25/11/2021  09:25:26,602412;9,470267E-1;2,873000E-1;3,180324E-1;9,476244E-1
25/11/2021  09:25:26,603032;9,444667E-1;1,077258E-2;1,410586E-2;9,477167E-1
25/11/2021  09:25:26,603652;9,461863E-1;4,400978E-3;5,575699E-3;9,476750E-1
25/11/2021  09:25:26,604272;9,466333E-1;9,498258E-3;1,126247E-2;9,474982E-1
25/11/2021  09:25:26,604892;9,452356E-1;9,498258E-3;1,126247E-2;9,472319E-1
25/11/2021  09:25:26,605512;9,469701E-1;5,993878E-3;7,787223E-3;9,469281E-1
25/11/2021  09:25:26,606132;9,501531E-1;-6,963020E-4;2,100447E-3;9,466542E-1
25/11/2021  09:25:26,606752;9,491725E-1;1,873708E-2;3,211399E-2;9,465111E-1
25/11/2021  09:25:26,607372;9,479417E-1;6,301970E-2;8,771802E-2;9,465626E-1
25/11/2021  09:25:26,607992;9,511246E-1;1,302401E-1;1,414265E-1;9,467977E-1
25/11/2021  09:25:26,608612;9,521707E-1;2,829448E-2;3,274585E-2;9,471972E-1
25/11/2021  09:25:26,609232;9,503796E-1;1,264171E-1;1,240502E-1;9,477550E-1
25/11/2021  09:25:26,609852;9,510293E-1;1,700626E-1;1,512204E-1;9,484232E-1
25/11/2021  09:25:26,610472;9,528771E-1;1,598680E-1;1,979783E-1;9,491288E-1
25/11/2021  09:25:26,611092;9,500517E-1;1,229127E-1;1,287892E-1;9,498168E-1
25/11/2021  09:25:26,611712;9,481324E-1;3,445238E-3;1,631739E-2;9,504151E-1
25/11/2021  09:25:26,612332;9,477450E-1;1,334259E-1;1,644895E-1;9,508168E-1
25/11/2021  09:25:26,612952;9,481175E-1;1,764342E-1;1,878685E-1;9,509450E-1
25/11/2021  09:25:26,613572;9,451909E-1;1,375674E-1;1,054102E-1;9,507859E-1
25/11/2021  09:25:26,614192;9,460522E-1;1,219570E-1;1,322644E-1;9,503568E-1
25/11/2021  09:25:26,614812;9,471817E-1;7,193994E-2;6,086380E-2;9,497103E-1
25/11/2021  09:25:26,615432;9,470565E-1;1,117624E-1;1,025668E-1;9,489538E-1
25/11/2021  09:25:26,616052;9,476496E-1;1,044351E-1;7,697633E-2;9,482115E-1
25/11/2021  09:25:26,616672;9,498103E-1;1,671954E-1;1,888163E-1;9,475927E-1
25/11/2021  09:25:26,617292;9,503945E-1;1,429833E-1;1,341600E-1;9,471948E-1
25/11/2021  09:25:26,617912;9,511485E-1;1,241871E-1;1,212068E-1;9,470865E-1
25/11/2021  09:25:26,618532;9,493275E-1;1,684697E-1;1,515363E-1;9,472713E-1
25/11/2021  09:25:26,619152;9,505614E-1;1,818500E-1;1,512204E-1;9,476806E-1
25/11/2021  09:25:26,619772;9,463115E-1;-2,841276E-2;-2,886089E-2;9,481961E-1
25/11/2021  09:25:26,620392;9,438080E-1;2,733874E-2;1,063061E-2;9,486528E-1
25/11/2021  09:25:26,621012;9,447319E-1;2,321857E-1;2,883348E-1;9,488739E-1
25/11/2021  09:25:26,621632;9,443236E-1;3,596177E-1;3,028677E-1;9,487653E-1
25/11/2021  09:25:26,622252;9,419215E-1;1,646467E-1;1,809180E-1;9,483337E-1
25/11/2021  09:25:26,622872;9,445114E-1;5,780180E-4;3,048243E-3;9,476357E-1
25/11/2021  09:25:26,623492;9,474917E-1;3,126658E-3;4,311971E-3;9,467931E-1
25/11/2021  09:25:26,624112;9,452207E-1;7,586778E-3;9,366883E-3;9,459861E-1
25/11/2021  09:25:26,624732;9,463562E-1;7,586778E-3;9,366883E-3;9,453542E-1
25/11/2021  09:25:26,625352;9,488864E-1;6,312458E-3;8,103155E-3;9,449650E-1
25/11/2021  09:25:26,625972;9,516641E-1;1,533758E-3;3,996039E-3;9,448790E-1
25/11/2021  09:25:26,626592;9,489878E-1;1,215178E-3;3,364175E-3;9,451448E-1
25/11/2021  09:25:26,627212;9,508445E-1;1,523270E-2;1,789705E-2;9,457310E-1
25/11/2021  09:25:26,627832;9,506806E-1;2,245398E-1;2,542142E-1;9,465389E-1
25/11/2021  09:25:26,628452;9,483858E-1;3,054591E-1;3,252989E-1;9,474487E-1
25/11/2021  09:25:26,629072;9,477957E-1;1,534964E-1;1,701763E-1;9,483167E-1
25/11/2021  09:25:26,629692;9,510323E-1;4,230151E-1;4,074412E-1;9,490204E-1
25/11/2021  09:25:26,630312;9,496256E-1;9,965640E-2;1,237343E-1;9,495278E-1
25/11/2021  09:25:26,630932;9,503349E-1;2,925022E-2;4,311971E-3;9,498694E-1
25/11/2021  09:25:26,631552;9,526953E-1;1,477620E-1;1,120448E-1;9,500948E-1
25/11/2021  09:25:26,632172;9,541020E-1;1,713369E-1;1,591187E-1;9,502870E-1
25/11/2021  09:25:26,632792;9,514495E-1;9,487770E-2;1,095173E-1;9,505306E-1
25/11/2021  09:25:26,633412;9,514793E-1;2,192288E-2;1,410586E-2;9,508376E-1
25/11/2021  09:25:26,634032;9,525075E-1;1,636910E-1;2,381017E-1;9,511604E-1
25/11/2021  09:25:26,634652;9,505137E-1;1,684697E-1;1,979783E-1;9,514533E-1
25/11/2021  09:25:26,635272;9,490146E-1;1,585937E-1;1,467973E-1;9,516663E-1
25/11/2021  09:25:26,635892;9,502216E-1;5,091366E-2;4,443533E-2;9,517400E-1
25/11/2021  09:25:26,636512;9,488149E-1;1,340630E-1;1,310007E-1;9,516487E-1
25/11/2021  09:25:26,637132;9,452356E-1;1,283286E-1;1,272095E-1;9,513861E-1
25/11/2021  09:25:26,637752;9,439064E-1;3,019547E-1;2,422088E-1;9,509145E-1
25/11/2021  09:25:26,638372;9,450180E-1;7,576290E-2;8,076751E-2;9,501980E-1
25/11/2021  09:25:26,638992;9,438974E-1;1,340630E-1;1,395309E-1;9,492686E-1
25/11/2021  09:25:26,639612;9,425861E-1;9,615202E-2;8,045158E-2;9,482061E-1
25/11/2021  09:25:26,640232;9,456707E-1;-9,297962E-3;-7,061581E-3;9,471000E-1
25/11/2021  09:25:26,640852;9,451164E-1;1,206827E-1;1,193112E-1;9,460644E-1
25/11/2021  09:25:26,641472;9,431434E-1;1,362931E-1;1,313166E-1;9,452032E-1
25/11/2021  09:25:26,642092;9,449256E-1;1,260985E-1;1,518522E-1;9,445526E-1
25/11/2021  09:25:26,642712;9,482278E-1;1,570008E-1;1,474292E-1;9,441272E-1
25/11/2021  09:25:26,643332;9,461237E-1;9,816838E-3;1,126247E-2;9,439669E-1
25/11/2021  09:25:26,643952;9,445680E-1;6,631038E-3;8,103155E-3;9,440659E-1
25/11/2021  09:25:26,644572;9,475095E-1;6,312458E-3;8,735019E-3;9,443438E-1
25/11/2021  09:25:26,645192;9,466751E-1;-1,014882E-3;1,152651E-3;9,447247E-1
25/11/2021  09:25:26,645812;9,441507E-1;8,965980E-4;3,364175E-3;9,451504E-1
25/11/2021  09:25:26,646432;9,495421E-1;2,489498E-3;1,032929E+1;9,455589E-1
25/11/2021  09:25:26,647052;9,483679E-1;-5,914200E-5;1,032929E+1;9,459426E-1
25/11/2021  09:25:26,647672;9,442402E-1;2,489498E-3;1,032929E+1;9,463179E-1
25/11/2021  09:25:26,648292;9,471489E-1;1,395838E-2;1,032929E+1;9,466387E-1
25/11/2021  09:25:26,648912;9,488656E-1;3,445238E-3;1,032929E+1;9,468650E-1
25/11/2021  09:25:26,649532;9,471579E-1;1,215178E-3;1,032929E+1;9,470287E-1
25/11/2021  09:25:26,650152;9,466542E-1;1,533758E-3;1,032929E+1;9,471621E-1
25/11/2021  09:25:26,650772;9,488715E-1;2,489498E-3;1,032929E+1;9,472660E-1
25/11/2021  09:25:26,651392;9,471072E-1;7,268198E-3;1,032929E+1;9,473509E-1
25/11/2021  09:25:26,652012;9,425682E-1;1,533758E-3;1,032929E+1;9,474025E-1
25/11/2021  09:25:26,652632;9,446604E-1;2,170918E-3;1,032929E+1;9,473426E-1
25/11/2021  09:25:26,653252;9,449107E-1;8,965980E-4;1,032929E+1;9,471133E-1
25/11/2021  09:25:26,653872;9,418887E-1;8,965980E-4;1,032929E+1;9,467271E-1
25/11/2021  09:25:26,654492;9,416354E-1;2,489498E-3;1,032929E+1;9,462017E-1
25/11/2021  09:25:26,655112;9,451432E-1;1,533758E-3;1,032929E+1;9,455621E-1
25/11/2021  09:25:26,655732;9,450657E-1;2,192288E-2;1,032929E+1;9,449023E-1
25/11/2021  09:25:26,656352;9,433818E-1;1,841850E-2;1,032929E+1;9,443399E-1
25/11/2021  09:25:26,656972;9,464486E-1;1,523270E-2;1,032929E+1;9,439401E-1
25/11/2021  09:25:26,657592;9,481622E-1;1,746276E-2;1,032929E+1;9,437484E-1
25/11/2021  09:25:26,658212;9,451879E-1;1,204690E-2;1,032929E+1;9,438043E-1
25/11/2021  09:25:26,658832;9,453220E-1;1,778134E-2;1,032929E+1;9,440736E-1
25/11/2021  09:25:26,659452;9,476735E-1;1,682560E-2;1,032929E+1;9,444659E-1
25/11/2021  09:25:26,660072;9,453488E-1;4,400978E-3;1,032929E+1;9,449115E-1
25/11/2021  09:25:26,660692;9,413850E-1;6,524976E-2;1,032929E+1;9,453306E-1
25/11/2021  09:25:26,661312;9,426695E-1;6,461260E-2;1,032929E+1;9,455953E-1
25/11/2021  09:25:26,661932;9,442700E-1;8,563888E-2;1,032929E+1;9,456202E-1
25/11/2021  09:25:26,662552;9,403985E-1;-4,434176E-2;1,032929E+1;9,454149E-1
25/11/2021  09:25:26,663172;9,407621E-1;1,267357E-1;1,032929E+1;9,450091E-1
25/11/2021  09:25:26,663792;9,443623E-1;2,003277E-1;1,032929E+1;9,444438E-1
25/11/2021  09:25:26,664412;9,434206E-1;2,256004E-2;1,032929E+1;9,438280E-1
25/11/2021  09:25:26,665032;9,440971E-1;-5,644780E-2;1,505885E-1;9,432934E-1
25/11/2021  09:25:26,665652;9,485288E-1;1,111253E-1;1,436380E-1;9,429443E-1
25/11/2021  09:25:26,666272;9,506418E-1;1,222756E-1;1,183634E-1;9,428935E-1
25/11/2021  09:25:26,666892;9,480549E-1;-6,218224E-2;-1,906700E-2;9,432297E-1
25/11/2021  09:25:26,667512;9,482397E-1;4,995792E-2;9,909157E-2;9,439227E-1
25/11/2021  09:25:26,668132;9,505286E-1;1,332122E-2;1,442179E-2;9,448479E-1
25/11/2021  09:25:26,668752;9,493633E-1;5,993878E-3;5,259767E-3;9,458848E-1
25/11/2021  09:25:26,669372;9,470089E-1;1,523270E-2;2,074043E-2;9,469206E-1
25/11/2021  09:25:26,669992;9,490444E-1;5,780180E-4;3,048243E-3;9,478286E-1
25/11/2021  09:25:26,670612;9,515359E-1;8,861098E-3;1,063061E-2;9,485394E-1
25/11/2021  09:25:26,671232;9,458406E-1;1,109116E-2;1,347400E-2;9,490580E-1
25/11/2021  09:25:26,671852;9,457035E-1;1,109116E-2;1,189434E-2;9,493616E-1
25/11/2021  09:25:26,672472;9,488775E-1;5,356718E-3;5,891631E-3;9,494065E-1
25/11/2021  09:25:26,673092;9,456916E-1;1,045400E-2;1,284213E-2;9,492211E-1
25/11/2021  09:25:26,673712;9,447647E-1;-6,963020E-4;2,100447E-3;9,488642E-1
25/11/2021  09:25:26,674332;9,477033E-1;-5,914200E-5;2,100447E-3;9,483775E-1
25/11/2021  09:25:26,674952;9,476526E-1;1,533758E-3;4,627903E-3;9,478394E-1
25/11/2021  09:25:26,675572;9,449405E-1;5,038138E-3;4,627903E-3;9,473439E-1
25/11/2021  09:25:26,676192;9,469492E-1;1,363980E-2;1,189434E-2;9,469290E-1
25/11/2021  09:25:26,676812;9,473426E-1;1,286472E-1;1,537478E-1;9,466049E-1
25/11/2021  09:25:26,677432;9,422195E-1;1,347002E-1;1,167838E-1;9,463690E-1
25/11/2021  09:25:26,678052;9,425771E-1;1,079395E-1;1,366875E-1;9,461521E-1
25/11/2021  09:25:26,678672;9,438170E-1;8,723178E-2;1,101492E-1;9,458623E-1
25/11/2021  09:25:26,679292;9,421420E-1;2,006463E-1;1,698603E-1;9,454729E-1
25/11/2021  09:25:26,679912;9,388428E-1;1,229127E-1;1,322644E-1;9,449849E-1
25/11/2021  09:25:26,680532;9,391885E-1;1,649653E-1;1,253139E-1;9,443684E-1
25/11/2021  09:25:26,681152;9,403568E-1;1,190898E-1;1,287892E-1;9,436113E-1
25/11/2021  09:25:26,681772;9,379338E-1;1,006121E-1;9,024547E-2;9,427598E-1
25/11/2021  09:25:26,682392;9,397012E-1;1,573194E-1;2,014535E-1;9,418798E-1
25/11/2021  09:25:26,683012;9,424520E-1;1,095324E-1;1,031987E-1;9,410534E-1
25/11/2021  09:25:26,683632;9,444458E-1;1,410718E-1;1,521681E-1;9,404104E-1
25/11/2021  09:25:26,684252;9,414774E-1;1,458505E-1;1,423743E-1;9,400693E-1
25/11/2021  09:25:26,684872;9,423894E-1;4,082398E-3;1,063061E-2;9,400452E-1
25/11/2021  09:25:26,685492;9,416771E-1;1,436204E-1;1,300529E-1;9,402604E-1
25/11/2021  09:25:26,686112;9,361784E-1;1,649653E-1;1,404787E-1;9,405844E-1
25/11/2021  09:25:26,686732;9,337704E-1;8,723178E-2;6,876210E-2;9,408190E-1
25/11/2021  09:25:26,687352;9,366493E-1;1,761156E-1;1,954508E-1;9,407693E-1
25/11/2021  09:25:26,687972;9,365212E-1;1,843987E-1;2,128271E-1;9,403803E-1
25/11/2021  09:25:26,688592;9,359043E-1;5,601094E-2;-7,429410E-4;9,397346E-1
25/11/2021  09:25:26,689212;9,391856E-1;1,229127E-1;1,180475E-1;9,389656E-1
25/11/2021  09:25:26,689832;9,427560E-1;8,532030E-2;6,655058E-2;9,382490E-1
25/11/2021  09:25:26,690452;9,416324E-1;1,315144E-1;1,085695E-1;9,377822E-1
25/11/2021  09:25:26,691072;9,450299E-1;1,939561E-1;2,011376E-1;9,377002E-1
25/11/2021  09:25:26,691692;9,502902E-1;1,204690E-2;1,473773E-2;9,380762E-1
25/11/2021  09:25:26,692312;9,496941E-1;7,586778E-3;9,682815E-3;9,389670E-1
25/11/2021  09:25:26,692932;9,490772E-1;8,965980E-4;3,048243E-3;9,403509E-1
25/11/2021  09:25:26,693552;9,510323E-1;5,675298E-3;7,155359E-3;9,420856E-1
25/11/2021  09:25:26,694172;9,496583E-1;1,852338E-3;4,627903E-3;9,439784E-1
25/11/2021  09:25:26,694792;9,440524E-1;8,965980E-4;2,416379E-3;9,458095E-1
25/11/2021  09:25:26,695412;9,433669E-1;1,841850E-2;2,074043E-2;9,473121E-1
25/11/2021  09:25:26,696032;9,453637E-1;1,363980E-2;1,852891E-2;9,482698E-1
25/11/2021  09:25:26,696652;9,429854E-1;1,624167E-1;1,401627E-1;9,486264E-1
25/11/2021  09:25:26,697272;9,406817E-1;6,779840E-2;3,527331E-2;9,484340E-1
25/11/2021  09:25:26,697892;9,432119E-1;2,439731E-1;2,782250E-1;9,477789E-1
25/11/2021  09:25:26,698512;9,432865E-1;1,503106E-1;1,240502E-1;9,468072E-1
25/11/2021  09:25:26,699132;9,388190E-1;1,547707E-1;1,234183E-1;9,456912E-1
25/11/2021  09:25:26,699752;9,416324E-1;6,206396E-2;6,939396E-2;9,445427E-1
25/11/2021  09:25:26,700372;9,445471E-1;7,257710E-2;1,388990E-1;9,434563E-1
25/11/2021  09:25:26,700992;9,424669E-1;6,429402E-2;1,057261E-1;9,425636E-1
25/11/2021  09:25:26,701612;9,413850E-1;4,071910E-2;-1,495988E-2;9,419470E-1
25/11/2021  09:25:26,702232;9,430987E-1;1,974605E-1;2,153545E-1;9,415922E-1
25/11/2021  09:25:26,702852;9,401989E-1;8,691320E-2;7,855599E-2;9,414416E-1
25/11/2021  09:25:26,703472;9,358804E-1;1,519035E-1;1,221546E-1;9,413902E-1
25/11/2021  09:25:26,704092;9,343724E-1;2,630879E-1;2,921260E-1;9,412619E-1
25/11/2021  09:25:26,704712;9,357761E-1;4,549780E-2;1,094654E-2;9,408980E-1
25/11/2021  09:25:26,705332;9,322266E-1;1,245056E-1;1,202590E-1;9,402431E-1
25/11/2021  09:25:26,705952;9,331266E-1;1,197269E-1;1,287892E-1;9,393181E-1
25/11/2021  09:25:26,706572;9,375524E-1;2,376015E-1;2,567416E-1;9,382108E-1
25/11/2021  09:25:26,707192;9,384375E-1;1,512664E-1;1,717559E-1;9,371111E-1
25/11/2021  09:25:26,707812;9,361218E-1;1,254614E-1;1,278414E-1;9,362250E-1
25/11/2021  09:25:26,708432;9,366076E-1;1,337445E-1;1,104651E-1;9,356462E-1
25/11/2021  09:25:26,709052;9,386342E-1;8,213450E-2;8,329497E-2;9,353697E-1
25/11/2021  09:25:26,709672;9,398561E-1;1,879031E-1;1,875525E-1;9,353809E-1
25/11/2021  09:25:26,710292;9,382736E-1;1,668768E-1;1,531159E-1;9,356630E-1
25/11/2021  09:25:26,710912;9,383541E-1;8,213450E-2;6,086380E-2;9,361504E-1
25/11/2021  09:25:26,711532;9,390127E-1;4,167484E-2;4,411940E-2;9,367406E-1
25/11/2021  09:25:26,712152;9,386431E-1;2,160430E-2;2,547941E-2;9,373441E-1
25/11/2021  09:25:26,712772;9,357374E-1;9,838208E-2;6,117973E-2;9,378823E-1
25/11/2021  09:25:26,713392;9,372990E-1;1,245056E-1;1,559593E-1;9,382699E-1
25/11/2021  09:25:26,714012;9,382289E-1;1,614609E-1;1,824976E-1;9,384626E-1
25/11/2021  09:25:26,714632;9,375613E-1;4,103768E-2;2,705907E-2;9,384891E-1
25/11/2021  09:25:26,715252;9,392839E-1;3,084312E-2;-1,590768E-2;9,384142E-1
25/11/2021  09:25:26,715872;9,429616E-1;1,426647E-1;1,581709E-1;9,383302E-1
25/11/2021  09:25:26,716492;9,433908E-1;4,772786E-2;4,727872E-2;9,383670E-1
25/11/2021  09:25:26,717112;9,436679E-1;5,887816E-2;6,497092E-2;9,386341E-1
25/11/2021  09:25:26,717732;9,465320E-1;1,324701E-1;1,335282E-1;9,391713E-1
25/11/2021  09:25:26,718352;9,449226E-1;-4,306744E-2;-4,434156E-2;9,399662E-1
25/11/2021  09:25:26,718972;9,413731E-1;8,277166E-2;4,854245E-2;9,409339E-1
25/11/2021  09:25:26,719592;9,407681E-1;1,401161E-1;1,224705E-1;9,418941E-1
25/11/2021  09:25:26,720212;9,414506E-1;1,302401E-1;1,363715E-1;9,426565E-1
25/11/2021  09:25:26,720832;9,372215E-1;1,933189E-1;1,970305E-1;9,431011E-1
25/11/2021  09:25:26,721452;9,352814E-1;1,650702E-2;1,884484E-2;9,431464E-1
25/11/2021  09:25:26,722072;9,360562E-1;1,077258E-2;1,221027E-2;9,427408E-1
25/11/2021  09:25:26,722692;9,338270E-1;1,140974E-2;1,315807E-2;9,419112E-1
25/11/2021  09:25:26,723312;9,323488E-1;3,126658E-3;4,627903E-3;9,407444E-1
25/11/2021  09:25:26,723932;9,347568E-1;4,082398E-3;6,207563E-3;9,393513E-1
25/11/2021  09:25:26,724552;9,376716E-1;-1,333462E-3;8,367190E-4;9,379012E-1
25/11/2021  09:25:26,725172;9,363871E-1;1,873708E-2;2,895467E-2;9,366108E-1
25/11/2021  09:25:26,725792;9,385269E-1;1,573194E-1;1,745993E-1;9,356514E-1
25/11/2021  09:25:26,726412;9,402138E-1;1,225942E-1;1,281573E-1;9,351153E-1
25/11/2021  09:25:26,727032;9,384614E-1;1,350188E-1;1,215227E-1;9,350305E-1
25/11/2021  09:25:26,727652;9,367894E-1;2,066993E-1;2,232528E-1;9,353291E-1
25/11/2021  09:25:26,728272;9,375702E-1;1,219570E-1;1,316326E-1;9,358545E-1
25/11/2021  09:25:26,728892;9,411734E-1;3,211744E-2;8,076751E-2;9,364662E-1
25/11/2021  09:25:26,729512;9,395849E-1;9,232906E-2;7,350108E-2;9,371096E-1
25/11/2021  09:25:26,730132;9,408217E-1;1,624167E-1;1,777586E-1;9,377689E-1
25/11/2021  09:25:26,730752;9,430749E-1;1,076209E-1;1,142563E-1;9,384313E-1
25/11/2021  09:25:26,731372;9,422642E-1;9,455912E-2;1,022509E-1;9,391050E-1
25/11/2021  09:25:26,731992;9,402287E-1;1,598680E-1;1,265777E-1;9,397817E-1
25/11/2021  09:25:26,732612;9,428543E-1;1,394789E-1;1,704922E-1;9,404101E-1
25/11/2021  09:25:26,733232;9,445531E-1;1,821686E-1;2,456840E-1;9,409636E-1
25/11/2021  09:25:26,733852;9,416324E-1;6,174538E-2;6,307532E-2;9,414630E-1
25/11/2021  09:25:26,734472;9,411108E-1;3,084312E-2;5,422923E-2;9,418990E-1
25/11/2021  09:25:26,735092;9,401333E-1;1,764342E-1;1,512204E-1;9,422117E-1
25/11/2021  09:25:26,735712;9,367358E-1;1,573194E-1;1,322644E-1;9,423278E-1
25/11/2021  09:25:26,736332;9,347479E-1;1,490363E-1;1,265777E-1;9,421655E-1
25/11/2021  09:25:26,736952;9,347360E-1;-3,414720E-2;-7,429410E-4;9,416577E-1
25/11/2021  09:25:26,737572;9,348880E-1;1,251428E-1;8,455870E-2;9,408127E-1
25/11/2021  09:25:26,738192;9,354870E-1;3,944478E-2;4,569906E-2;9,397281E-1
25/11/2021  09:25:26,738812;9,366165E-1;9,583344E-2;9,561632E-2;9,385564E-1
25/11/2021  09:25:26,739432;9,394955E-1;1,092138E-1;1,202590E-1;9,374750E-1
25/11/2021  09:25:26,740052;9,380680E-1;1,337445E-1;1,610142E-1;9,366507E-1
25/11/2021  09:25:26,740672;9,371739E-1;2,436546E-1;2,441044E-1;9,361690E-1
25/11/2021  09:25:26,741292;9,389471E-1;1,533758E-3;3,680107E-3;9,360118E-1
25/11/2021  09:25:26,741912;9,417546E-1;3,445238E-3;5,575699E-3;9,361368E-1
25/11/2021  09:25:26,742532;9,394866E-1;1,852338E-3;5,259767E-3;9,365208E-1
25/11/2021  09:25:26,743152;9,397786E-1;4,400978E-3;5,259767E-3;9,371073E-1
25/11/2021  09:25:26,743772;9,421122E-1;8,965980E-4;3,048243E-3;9,378038E-1
25/11/2021  09:25:26,744392;9,392750E-1;1,533758E-3;4,311971E-3;9,385324E-1
25/11/2021  09:25:26,745012;9,357195E-1;2,489498E-3;5,891631E-3;9,391968E-1
25/11/2021  09:25:26,745632;9,377193E-1;3,880762E-2;3,716890E-2;9,396604E-1
25/11/2021  09:25:26,746252;9,365420E-1;1,716555E-1;1,771268E-1;9,398348E-1
25/11/2021  09:25:26,746872;9,347032E-1;8,468314E-2;6,655058E-2;9,397119E-1
25/11/2021  09:25:26,747492;9,355168E-1;1,292843E-1;1,139404E-1;9,393172E-1
25/11/2021  09:25:26,748112;9,381663E-1;1,394789E-1;1,291051E-1;9,387221E-1
25/11/2021  09:25:26,748732;9,345959E-1;1,550893E-1;1,717559E-1;9,380474E-1
25/11/2021  09:25:26,749352;9,371888E-1;1,308772E-1;1,407946E-1;9,373950E-1
25/11/2021  09:25:26,749972;9,398710E-1;1,601866E-1;1,449017E-1;9,368464E-1
25/11/2021  09:25:26,750592;9,405476E-1;6,556834E-2;8,961361E-2;9,365093E-1
25/11/2021  09:25:26,751212;9,397667E-1;2,797590E-2;3,906449E-2;9,364681E-1
25/11/2021  09:25:26,751832;9,411377E-1;8,542518E-3;7,155359E-3;9,367266E-1
25/11/2021  09:25:26,752452;9,411019E-1;1,531778E-1;1,414265E-1;9,372313E-1
25/11/2021  09:25:26,753072;9,381097E-1;1,531778E-1;1,145722E-1;9,378914E-1
25/11/2021  09:25:26,753692;9,377550E-1;2,287862E-2;4,791059E-2;9,385668E-1
25/11/2021  09:25:26,754312;9,385627E-1;1,302401E-1;1,272095E-1;9,391145E-1
25/11/2021  09:25:26,754932;9,389710E-1;2,739197E-1;2,583213E-1;9,394644E-1
25/11/2021  09:25:26,755552;9,392601E-1;1,808943E-1;1,837613E-1;9,396259E-1
25/11/2021  09:25:26,756172;9,419245E-1;1,197269E-1;1,193112E-1;9,396614E-1
25/11/2021  09:25:26,756792;9,439034E-1;1,684697E-1;1,572231E-1;9,396801E-1
25/11/2021  09:25:26,757412;9,427351E-1;9,328480E-2;9,751191E-2;9,398018E-1
25/11/2021  09:25:26,758032;9,436948E-1;1,646467E-1;1,550115E-1;9,400882E-1
25/11/2021  09:25:26,758652;9,459806E-1;1,280100E-1;1,382671E-1;9,405431E-1
25/11/2021  09:25:26,759272;9,443236E-1;1,808943E-1;1,847091E-1;9,411533E-1
25/11/2021  09:25:26,759892;9,424132E-1;7,353284E-2;7,602853E-2;9,418630E-1
25/11/2021  09:25:26,760512;9,418678E-1;1,748413E-1;1,986102E-1;9,425516E-1
25/11/2021  09:25:26,761132;9,429735E-1;2,170918E-3;3,680107E-3;9,430988E-1
25/11/2021  09:25:26,761752;9,361099E-1;9,816838E-3;1,063061E-2;9,434166E-1
25/11/2021  09:25:26,762372;9,357135E-1;3,126658E-3;3,680107E-3;9,434009E-1
25/11/2021  09:25:26,762992;9,354185E-1;9,179678E-3;1,063061E-2;9,429592E-1
25/11/2021  09:25:26,763612;9,335468E-1;2,808078E-3;4,311971E-3;9,420924E-1
25/11/2021  09:25:26,764232;9,326021E-1;-5,914200E-5;2,416379E-3;9,408766E-1
25/11/2021  09:25:26,764852;9,332995E-1;4,400978E-3;8,103155E-3;9,394217E-1
25/11/2021  09:25:26,765472;9,338151E-1;1,459554E-2;1,505366E-2;9,378724E-1
25/11/2021  09:25:26,766092;9,313235E-1;1,114439E-1;9,182514E-2;9,363783E-1
25/11/2021  09:25:26,766712;9,336660E-1;1,088952E-1;1,246821E-1;9,350440E-1
25/11/2021  09:25:26,767332;9,368818E-1;-5,644780E-2;-3,359987E-2;9,339595E-1
25/11/2021  09:25:26,767952;9,372782E-1;1,206827E-1;1,322644E-1;9,332391E-1
25/11/2021  09:25:26,768572;9,381991E-1;1,139925E-1;9,814378E-2;9,329690E-1
25/11/2021  09:25:26,769192;9,415907E-1;1,372488E-1;1,591187E-1;9,331692E-1
25/11/2021  09:25:26,769812;9,409022E-1;2,829448E-2;2,326789E-2;9,338168E-1
25/11/2021  09:25:26,770432;9,412181E-1;1,066652E-1;1,066739E-1;9,348382E-1
25/11/2021  09:25:26,771052;9,394031E-1;1,468062E-1;1,761790E-1;9,360890E-1
25/11/2021  09:25:26,771672;9,383749E-1;1,385232E-1;1,531159E-1;9,373755E-1
25/11/2021  09:25:26,772292;9,376090E-1;2,302742E-1;2,087200E-1;9,385027E-1
25/11/2021  09:25:26,772912;9,337376E-1;3,763818E-3;5,891631E-3;9,393074E-1
25/11/2021  09:25:26,773532;9,337286E-1;7,268198E-3;9,050951E-3;9,396655E-1
25/11/2021  09:25:26,774152;9,351413E-1;1,852338E-3;3,680107E-3;9,395330E-1
25/11/2021  09:25:26,774772;9,339611E-1;1,852338E-3;3,364175E-3;9,389841E-1
25/11/2021  09:25:26,775392;9,331981E-1;1,533758E-3;3,364175E-3;9,381539E-1
25/11/2021  09:25:26,776012;9,369682E-1;8,965980E-4;2,416379E-3;9,371886E-1
25/11/2021  09:25:26,776632;9,373586E-1;3,625898E-2;3,622110E-2;9,362632E-1
25/11/2021  09:25:26,777252;9,362529E-1;2,160430E-2;2,326789E-2;9,355436E-1
25/11/2021  09:25:26,777872;9,389352E-1;1,636910E-1;1,777586E-1;9,351187E-1
25/11/2021  09:25:26,778492;9,403449E-1;1,506292E-1;1,433221E-1;9,350246E-1
25/11/2021  09:25:26,779112;9,381514E-1;1,703812E-1;1,903959E-1;9,352656E-1
25/11/2021  09:25:26,779732;9,363841E-1;5,473662E-2;4,791059E-2;9,357627E-1
25/11/2021  09:25:26,780352;9,382140E-1;2,309114E-1;3,076067E-1;9,363657E-1
25/11/2021  09:25:26,780972;9,368639E-1;2,442917E-1;2,892826E-1;9,369437E-1
25/11/2021  09:25:26,781592;9,350191E-1;1,028422E-1;4,475127E-2;9,374063E-1
25/11/2021  09:25:26,782212;9,383809E-1;1,178155E-1;1,123607E-1;9,376921E-1
25/11/2021  09:25:26,782832;9,391885E-1;1,586986E-2;-5,481921E-3;9,378157E-1
25/11/2021  09:25:26,783452;9,383511E-1;1,888588E-1;2,232528E-1;9,378601E-1
25/11/2021  09:25:26,784072;9,387653E-1;9,487770E-2;9,751191E-2;9,378958E-1
25/11/2021  09:25:26,784692;9,431583E-1;1,952304E-1;2,320989E-1;9,379753E-1
25/11/2021  09:25:26,785312;9,424192E-1;1,620981E-1;1,695444E-1;9,381777E-1
25/11/2021  09:25:26,785932;9,409171E-1;1,092138E-1;8,866581E-2;9,385586E-1
25/11/2021  09:25:26,786552;9,428156E-1;7,926728E-2;7,729226E-2;9,390915E-1
25/11/2021  09:25:26,787172;9,422374E-1;1,350188E-1;1,477451E-1;9,397127E-1
25/11/2021  09:25:26,787792;9,406131E-1;1,171783E-1;1,164678E-1;9,403548E-1
25/11/2021  09:25:26,788412;9,388279E-1;1,496735E-1;1,193112E-1;9,409230E-1
25/11/2021  09:25:26,789032;9,406370E-1;2,455660E-1;2,286237E-1;9,413176E-1
25/11/2021  09:25:26,789652;9,379398E-1;1,990534E-1;2,333627E-1;9,414876E-1
25/11/2021  09:25:26,790272;9,363692E-1;1,914074E-1;2,286237E-1;9,414140E-1
25/11/2021  09:25:26,790892;9,380054E-1;4,963934E-2;3,843263E-2;9,410889E-1
25/11/2021  09:25:26,791512;9,383392E-1;1,468062E-1;1,385831E-1;9,405587E-1
25/11/2021  09:25:26,792132;9,361427E-1;1,687883E-1;1,528000E-1;9,399163E-1
25/11/2021  09:25:26,792752;9,372156E-1;-5,914200E-5;2,100447E-3;9,392375E-1
25/11/2021  09:25:26,793372;9,398263E-1;2,489498E-3;4,943835E-3;9,385894E-1
25/11/2021  09:25:26,793992;9,387445E-1;5,993878E-3;8,735019E-3;9,380643E-1
25/11/2021  09:25:26,794612;9,378683E-1;1,533758E-3;3,364175E-3;9,377274E-1
25/11/2021  09:25:26,795232;9,427589E-1;1,215178E-3;3,364175E-3;9,375954E-1
25/11/2021  09:25:26,795852;9,454412E-1;8,965980E-4;3,680107E-3;9,377131E-1
25/11/2021  09:25:26,796472;9,418351E-1;1,533758E-3;3,996039E-3;9,381436E-1
25/11/2021  09:25:26,797092;9,437544E-1;2,160430E-2;4,032822E-2;9,388592E-1
25/11/2021  09:25:26,797712;9,438199E-1;1,608238E-1;1,376353E-1;9,397517E-1
25/11/2021  09:25:26,798332;9,398084E-1;1,311958E-1;1,278414E-1;9,406923E-1
25/11/2021  09:25:26,798952;9,374898E-1;2,634065E-1;3,028677E-1;9,415109E-1
25/11/2021  09:25:26,799572;9,395581E-1;1,570008E-1;1,578549E-1;9,420312E-1
25/11/2021  09:25:26,800192;9,392601E-1;1,213198E-1;1,155200E-1;9,421817E-1
25/11/2021  09:25:26,800812;9,377014E-1;8,691320E-2;1,013031E-1;9,420009E-1
25/11/2021  09:25:26,801432;9,388995E-1;1,302401E-1;1,284732E-1;9,415649E-1
25/11/2021  09:25:26,802052;9,392303E-1;1,216384E-1;1,161519E-1;9,409694E-1
25/11/2021  09:25:26,802672;9,367119E-1;-1,949252E-2;7,155359E-3;9,403156E-1
25/11/2021  09:25:26,803292;9,341310E-1;9,551486E-2;6,244346E-2;9,396469E-1
25/11/2021  09:25:26,803912;9,382855E-1;5,855958E-2;9,593225E-2;9,389573E-1
25/11/2021  09:25:26,804532;9,358059E-1;8,850610E-2;3,622110E-2;9,382755E-1
25/11/2021  09:25:26,805152;9,326647E-1;1,461691E-1;1,234183E-1;9,376376E-1
25/11/2021  09:25:26,805772;9,341101E-1;1,187712E-1;1,483770E-1;9,370198E-1
25/11/2021  09:25:26,806392;9,348522E-1;1,037979E-1;1,246821E-1;9,363978E-1
25/11/2021  09:25:26,807012;9,331028E-1;1,025236E-1;1,205749E-1;9,357956E-1
25/11/2021  09:25:26,807632;9,322832E-1;1,216384E-1;1,243661E-1;9,352332E-1
25/11/2021  09:25:26,808252;9,369950E-1;2,328228E-1;2,715904E-1;9,347236E-1
25/11/2021  09:25:26,808872;9,389173E-1;9,105474E-2;7,981972E-2;9,343455E-1
25/11/2021  09:25:26,809492;9,385716E-1;1,624167E-1;1,382671E-1;9,342227E-1
25/11/2021  09:25:26,810112;9,422404E-1;1,286472E-1;1,227865E-1;9,344365E-1
25/11/2021  09:25:26,810732;9,442700E-1;6,397544E-2;5,075397E-2;9,350234E-1
25/11/2021  09:25:26,811352;9,420586E-1;1,436204E-1;1,385831E-1;9,359804E-1
25/11/2021  09:25:26,811972;9,410959E-1;1,184526E-1;1,110970E-1;9,372076E-1
25/11/2021  09:25:26,812592;9,434563E-1;1,852338E-3;4,627903E-3;9,385304E-1
25/11/2021  09:25:26,813212;9,410453E-1;5,356718E-3;7,155359E-3;9,397940E-1
25/11/2021  09:25:26,813832;9,368758E-1;3,126658E-3;5,259767E-3;9,408591E-1
25/11/2021  09:25:26,814452;9,404433E-1;9,498258E-3;9,682815E-3;9,415838E-1
25/11/2021  09:25:26,815072;9,409112E-1;6,631038E-3;9,050951E-3;9,419184E-1
25/11/2021  09:25:26,815692;9,383541E-1;2,808078E-3;4,627903E-3;9,419283E-1
25/11/2021  09:25:26,816312;9,397339E-1;1,533758E-3;3,996039E-3;9,416974E-1
25/11/2021  09:25:26,816932;9,430987E-1;1,937424E-2;2,547941E-2;9,413211E-1
25/11/2021  09:25:26,817552;9,438825E-1;2,510868E-2;6,655058E-2;9,409506E-1
25/11/2021  09:25:26,818172;9,421808E-1;1,388417E-1;9,688005E-2;9,407322E-1
25/11/2021  09:25:26,818792;9,453786E-1;3,052454E-2;4,096008E-2;9,407325E-1
25/11/2021  09:25:26,819412;9,484603E-1;2,124337E-1;2,431566E-1;9,409838E-1
25/11/2021  09:25:26,820032;9,432209E-1;1,190898E-1;1,227865E-1;9,415047E-1
25/11/2021  09:25:26,820652;9,446306E-1;7,448858E-2;8,708615E-2;9,422211E-1
25/11/2021  09:25:26,821272;9,452594E-1;-1,150665E-1;-8,130560E-2;9,429921E-1
25/11/2021  09:25:26,821892;9,427887E-1;1,037979E-1;1,145722E-1;9,437028E-1
25/11/2021  09:25:26,822512;9,402883E-1;1,401161E-1;9,845971E-2;9,442482E-1
25/11/2021  09:25:26,823132;9,420288E-1;8,659462E-2;4,475127E-2;9,445242E-1
25/11/2021  09:25:26,823752;9,417188E-1;1,448948E-1;1,537478E-1;9,444966E-1
25/11/2021  09:25:26,824372;9,362231E-1;1,136739E-1;1,054102E-1;9,441892E-1
25/11/2021  09:25:26,824992;9,378206E-1;1,254614E-1;1,303688E-1;9,436058E-1
25/11/2021  09:25:26,825612;9,378504E-1;3,753330E-2;8,419087E-3;9,427623E-1
25/11/2021  09:25:26,826232;9,358417E-1;1,155854E-1;1,050943E-1;9,417370E-1
25/11/2021  09:25:26,826852;9,324620E-1;1,018865E-1;9,308886E-2;9,406024E-1
25/11/2021  09:25:26,827472;9,360652E-1;-5,581064E-2;-5,223986E-2;9,393944E-1
25/11/2021  09:25:26,828092;9,357493E-1;2,019206E-1;2,216732E-1;9,381850E-1
25/11/2021  09:25:26,828712;9,319941E-1;1,047537E-1;1,177316E-1;9,370716E-1
25/11/2021  09:25:26,829332;9,327988E-1;1,496735E-1;1,401627E-1;9,360860E-1
25/11/2021  09:25:26,829952;9,339462E-1;1,140974E-2;2,705907E-2;9,352181E-1
25/11/2021  09:25:26,830572;9,299466E-1;8,786894E-2;2,421569E-2;9,344669E-1
25/11/2021  09:25:26,831192;9,274462E-1;1,347002E-1;9,340479E-2;9,337879E-1
25/11/2021  09:25:26,831812;9,292969E-1;-1,344999E-1;-7,435510E-2;9,330896E-1
25/11/2021  09:25:26,832432;9,342472E-1;1,834429E-1;1,622780E-1;9,323578E-1
25/11/2021  09:25:26,833052;9,346436E-1;1,311958E-1;1,531159E-1;9,317176E-1
25/11/2021  09:25:26,833672;9,339969E-1;9,232906E-2;9,845971E-2;9,313248E-1
25/11/2021  09:25:26,834292;9,391677E-1;9,169190E-2;1,193112E-1;9,312684E-1
25/11/2021  09:25:26,834912;9,425831E-1;-5,708496E-2;-7,309137E-2;9,316180E-1
25/11/2021  09:25:26,835532;9,401393E-1;1,063466E-1;8,139938E-2;9,324312E-1
25/11/2021  09:25:26,836152;9,405505E-1;-7,333254E-2;-8,730831E-2;9,336569E-1
25/11/2021  09:25:26,836772;9,437097E-1;1,404346E-1;1,464814E-1;9,351450E-1
25/11/2021  09:25:26,837392;9,411496E-1;2,808078E-3;4,627903E-3;9,367453E-1
25/11/2021  09:25:26,838012;9,393912E-1;1,140974E-2;1,157841E-2;9,383037E-1
25/11/2021  09:25:26,838632;9,409588E-1;1,852338E-3;3,996039E-3;9,396506E-1
25/11/2021  09:25:26,839252;9,409201E-1;8,965980E-4;3,680107E-3;9,406762E-1
25/11/2021  09:25:26,839872;9,370666E-1;1,215178E-3;3,680107E-3;9,413434E-1
25/11/2021  09:25:26,840492;9,374689E-1;1,215178E-3;3,680107E-3;9,416254E-1
25/11/2021  09:25:26,841112;9,387117E-1;1,459554E-2;1,568552E-2;9,415236E-1
25/11/2021  09:25:26,841732;9,361129E-1;1,491412E-2;1,694925E-2;9,411078E-1
25/11/2021  09:25:26,842352;9,356390E-1;1,907703E-1;2,254644E-1;9,404654E-1
25/11/2021  09:25:26,842972;9,390842E-1;1,445762E-1;1,445858E-1;9,396821E-1
25/11/2021  09:25:26,843592;9,412301E-1;3,562182E-2;2,927060E-2;9,389004E-1
25/11/2021  09:25:26,844212;9,380739E-1;1,353374E-1;1,297370E-1;9,382855E-1
25/11/2021  09:25:26,844832;9,390246E-1;1,770713E-1;1,758630E-1;9,379139E-1
25/11/2021  09:25:26,845452;9,417754E-1;1,528593E-1;1,385831E-1;9,377808E-1
25/11/2021  09:25:26,846072;9,389412E-1;1,101695E-1;1,028828E-1;9,378709E-1
25/11/2021  09:25:26,846692;9,374302E-1;1,751599E-1;1,998739E-1;9,381268E-1
25/11/2021  09:25:26,847312;9,400171E-1;9,965640E-2;9,624818E-2;9,384406E-1
25/11/2021  09:25:26,847932;9,394806E-1;1,980976E-1;2,516867E-1;9,387380E-1
25/11/2021  09:25:26,848552;9,352516E-1;1,413904E-1;1,066739E-1;9,389782E-1
25/11/2021  09:25:26,849172;9,370487E-1;1,229127E-1;1,205749E-1;9,390919E-1
25/11/2021  09:25:26,849792;9,382438E-1;5,824100E-2;1,095173E-1;9,390323E-1
25/11/2021  09:25:26,850412;9,352575E-1;9,105474E-2;9,182514E-2;9,388227E-1
25/11/2021  09:25:26,851032;9,357970E-1;1,022050E-1;1,275255E-1;9,384949E-1
25/11/2021  09:25:26,851652;9,403926E-1;1,222756E-1;1,259458E-1;9,380914E-1
25/11/2021  09:25:26,852272;9,393793E-1;7,703722E-2;7,318515E-2;9,377221E-1
25/11/2021  09:25:26,852892;9,368162E-1;1,104881E-1;9,150920E-2;9,374910E-1
25/11/2021  09:25:26,853512;9,389114E-1;1,493549E-1;1,866047E-1;9,374081E-1
25/11/2021  09:25:26,854132;9,397906E-1;1,321516E-1;1,272095E-1;9,374454E-1
25/11/2021  09:25:26,854752;9,365957E-1;1,241871E-1;1,117289E-1;9,375821E-1
25/11/2021  09:25:26,855372;9,362798E-1;-1,058277E-1;-1,012093E-1;9,377574E-1
25/11/2021  09:25:26,855992;9,380560E-1;1,566822E-1;1,534319E-1;9,378881E-1
25/11/2021  09:25:26,856612;9,375285E-1;1,547707E-1;1,313166E-1;9,379427E-1
25/11/2021  09:25:26,857232;9,362351E-1;1,140974E-2;1,189434E-2;9,379300E-1
25/11/2021  09:25:26,857852;9,392422E-1;8,223938E-3;8,419087E-3;9,378639E-1
25/11/2021  09:25:26,858472;9,395104E-1;5,780180E-4;1,784515E-3;9,377888E-1
25/11/2021  09:25:26,859092;9,396535E-1;1,533758E-3;3,364175E-3;9,377748E-1
25/11/2021  09:25:26,859712;9,404969E-1;2,808078E-3;5,259767E-3;9,378695E-1
25/11/2021  09:25:26,860332;9,411347E-1;2,170918E-3;3,996039E-3;9,380898E-1
25/11/2021  09:25:26,860952;9,422493E-1;8,965980E-4;3,364175E-3;9,384403E-1
25/11/2021  09:25:26,861572;9,385388E-1;1,969282E-2;1,821298E-2;9,388961E-1
25/11/2021  09:25:26,862192;9,371679E-1;-4,720898E-2;9,682815E-3;9,393628E-1
25/11/2021  09:25:26,862812;9,375732E-1;1,264171E-1;1,167838E-1;9,397048E-1
25/11/2021  09:25:26,863432;9,331922E-1;1,257800E-1;1,183634E-1;9,398124E-1
25/11/2021  09:25:26,864052;9,332011E-1;1,691068E-1;1,635417E-1;9,396068E-1
25/11/2021  09:25:26,864672;9,358864E-1;1,235499E-1;1,354238E-1;9,390678E-1
25/11/2021  09:25:26,865292;9,344886E-1;8,436456E-2;3,906449E-2;9,382838E-1
25/11/2021  09:25:26,865912;9,343009E-1;9,519628E-2;6,244346E-2;9,373933E-1
25/11/2021  09:25:26,866532;9,370487E-1;1,942747E-1;2,121952E-1;9,365199E-1
25/11/2021  09:25:26,867152;9,364795E-1;8,723178E-2;7,065769E-2;9,357831E-1
25/11/2021  09:25:26,867772;9,344528E-1;9,870066E-2;8,076751E-2;9,352641E-1
25/11/2021  09:25:26,868392;9,368401E-1;-2,289202E-3;7,471291E-3;9,349668E-1
25/11/2021  09:25:26,869012;9,379011E-1;1,305587E-1;1,224705E-1;9,348712E-1
25/11/2021  09:25:26,869632;9,363185E-1;1,296029E-1;1,376353E-1;9,349690E-1
25/11/2021  09:25:26,870252;9,357642E-1;1,439390E-1;1,761790E-1;9,352169E-1
25/11/2021  09:25:26,870872;9,379785E-1;1,531778E-1;1,442698E-1;9,355403E-1
25/11/2021  09:25:26,871492;9,387057E-1;1,789828E-1;1,670170E-1;9,358987E-1
25/11/2021  09:25:26,872112;9,380709E-1;1,439390E-1;1,733356E-1;9,362918E-1
25/11/2021  09:25:26,872732;9,392124E-1;5,091366E-2;4,885838E-2;9,367153E-1
25/11/2021  09:25:26,873352;9,409082E-1;1,337445E-1;1,455336E-1;9,371644E-1
25/11/2021  09:25:26,873972;9,382915E-1;2,732825E-1;2,962331E-1;9,376407E-1
25/11/2021  09:25:26,874592;9,392809E-1;2,172124E-1;2,377857E-1;9,381168E-1
25/11/2021  09:25:26,875212;9,419066E-1;1,401161E-1;1,357397E-1;9,385575E-1
25/11/2021  09:25:26,875832;9,422493E-1;1,796200E-1;1,780746E-1;9,389796E-1
25/11/2021  09:25:26,876452;9,403002E-1;1,321516E-1;1,534319E-1;9,394181E-1
25/11/2021  09:25:26,877072;9,421390E-1;1,852338E-3;3,680107E-3;9,398656E-1
25/11/2021  09:25:26,877692;9,439153E-1;3,126658E-3;4,627903E-3;9,403080E-1
25/11/2021  09:25:26,878312;9,404731E-1;3,763818E-3;5,575699E-3;9,407496E-1
25/11/2021  09:25:26,878932;9,395521E-1;5,675298E-3;7,155359E-3;9,411531E-1
25/11/2021  09:25:26,879552;9,421271E-1;2,594380E-4;2,732311E-3;9,414465E-1
25/11/2021  09:25:26,880172;9,411943E-1;5,993878E-3;8,419087E-3;9,416088E-1
25/11/2021  09:25:26,880792;9,392273E-1;8,965980E-4;3,996039E-3;9,416591E-1
25/11/2021  09:25:26,881412;9,414148E-1;1,714418E-2;2,105637E-2;9,416048E-1
25/11/2021  09:25:26,882032;9,406459E-1;-7,705062E-3;2,732311E-3;9,414660E-1
25/11/2021  09:25:26,882652;9,378146E-1;1,420275E-1;1,152041E-1;9,412708E-1
25/11/2021  09:25:26,883272;9,374928E-1;1,675139E-1;1,619620E-1;9,410046E-1
25/11/2021  09:25:26,883892;9,411555E-1;1,506292E-1;1,411105E-1;9,406509E-1
25/11/2021  09:25:26,884512;9,419662E-1;1,273729E-1;1,044624E-1;9,402753E-1
25/11/2021  09:25:26,885132;9,410751E-1;7,671864E-2;9,403666E-2;9,399906E-1
25/11/2021  09:25:26,885752;9,434534E-1;1,764342E-1;2,118793E-1;9,398730E-1
25/11/2021  09:25:26,886372;9,434861E-1;1,104881E-1;1,385831E-1;9,399580E-1
25/11/2021  09:25:26,886992;9,404582E-1;1,069837E-1;9,940750E-2;9,402371E-1
25/11/2021  09:25:26,887612;9,403658E-1;3,116170E-2;2,326789E-2;9,406232E-1
25/11/2021  09:25:26,888232;9,438617E-1;1,656025E-1;1,347919E-1;9,410100E-1
25/11/2021  09:25:26,888852;9,423745E-1;1,123996E-1;1,174156E-1;9,413623E-1
25/11/2021  09:25:26,889472;9,415758E-1;1,289658E-1;1,262617E-1;9,416828E-1
25/11/2021  09:25:26,890092;9,441984E-1;1,299215E-1;1,449017E-1;9,419613E-1
25/11/2021  09:25:26,890712;9,431702E-1;4,995792E-2;7,950379E-2;9,422051E-1
25/11/2021  09:25:26,891332;9,387028E-1;1,155854E-1;1,041465E-1;9,424115E-1
25/11/2021  09:25:26,891952;9,394150E-1;2,618136E-1;2,188298E-1;9,425094E-1
25/11/2021  09:25:26,892572;9,401244E-1;1,050723E-1;1,234183E-1;9,424230E-1
25/11/2021  09:25:26,893192;9,375345E-1;1,235499E-1;1,218387E-1;9,421415E-1
25/11/2021  09:25:26,893812;9,383153E-1;1,459554E-2;1,094654E-2;9,416873E-1
25/11/2021  09:25:26,894432;9,375911E-1;2,479010E-2;7,444887E-2;9,410939E-1
25/11/2021  09:25:26,895052;9,386133E-1;6,493118E-2;1,031987E-1;9,404204E-1
25/11/2021  09:25:26,895672;9,387743E-1;1,232313E-1;1,000394E-1;9,397464E-1
25/11/2021  09:25:26,896292;9,397220E-1;2,140266E-1;2,137749E-1;9,391560E-1
25/11/2021  09:25:26,896912;9,410393E-1;7,894870E-2;5,359736E-2;9,387254E-1
25/11/2021  09:25:26,897532;9,391826E-1;2,606442E-2;3,242992E-2;9,385036E-1
25/11/2021  09:25:26,898152;9,398740E-1;1,037979E-1;9,688005E-2;9,384826E-1
25/11/2021  09:25:26,898772;9,425116E-1;1,296029E-1;1,325804E-1;9,386240E-1
25/11/2021  09:25:26,899392;9,408009E-1;1,264171E-1;1,139404E-1;9,389068E-1
25/11/2021  09:25:26,900012;9,401929E-1;1,149482E-1;9,845971E-2;9,392979E-1
25/11/2021  09:25:26,900632;9,417546E-1;-3,127998E-2;5,575699E-3;9,397309E-1
25/11/2021  09:25:26,901252;9,417665E-1;1,222756E-1;9,150920E-2;9,401557E-1
25/11/2021  09:25:26,901872;9,386014E-1;6,365686E-2;5,012211E-2;9,405384E-1
25/11/2021  09:25:26,902492;9,372126E-1;8,691320E-2;1,028828E-1;9,408073E-1
25/11/2021  09:25:26,903112;9,393167E-1;1,378860E-1;1,388990E-1;9,408802E-1
25/11/2021  09:25:26,903732;9,370159E-1;1,458505E-1;1,635417E-1;9,407366E-1
25/11/2021  09:25:26,904352;9,364824E-1;2,261327E-1;1,806020E-1;9,404010E-1
25/11/2021  09:25:26,904972;9,385239E-1;1,767528E-1;2,024013E-1;9,399124E-1
25/11/2021  09:25:26,905592;9,373437E-1;-2,607782E-3;5,891631E-3;9,393432E-1
25/11/2021  09:25:26,906212;9,366076E-1;2,808078E-3;4,311971E-3;9,387723E-1
25/11/2021  09:25:26,906832;9,350877E-1;1,215178E-3;2,416379E-3;9,382326E-1
25/11/2021  09:25:26,907452;9,378951E-1;8,965980E-4;3,048243E-3;9,377288E-1
25/11/2021  09:25:26,908072;9,354214E-1;1,852338E-3;4,627903E-3;9,372806E-1
25/11/2021  09:25:26,908692;9,345393E-1;5,780180E-4;3,364175E-3;9,368979E-1
25/11/2021  09:25:26,909312;9,347777E-1;1,215178E-3;2,732311E-3;9,365520E-1
25/11/2021  09:25:26,909932;9,356450E-1;4,400978E-3;6,207563E-3;9,362191E-1
25/11/2021  09:25:26,910552;9,332876E-1;8,223938E-3;8,419087E-3;9,358999E-1
25/11/2021  09:25:26,911172;9,348433E-1;-1,089086E-2;-7,693445E-3;9,355916E-1
25/11/2021  09:25:26,911792;9,365122E-1;1,130368E-1;1,028828E-1;9,353043E-1
25/11/2021  09:25:26,912412;9,358745E-1;1,894960E-1;1,644895E-1;9,350851E-1
25/11/2021  09:25:26,913032;9,386700E-1;1,646467E-1;2,030332E-1;9,349905E-1
25/11/2021  09:25:26,913652;9,414089E-1;1,165411E-1;1,249980E-1;9,350828E-1
25/11/2021  09:25:26,914272;9,422851E-1;4,231200E-2;8,329497E-2;9,354387E-1
25/11/2021  09:25:26,914892;9,408545E-1;1,331073E-1;1,076217E-1;9,360918E-1
25/11/2021  09:25:26,915512;9,409708E-1;-7,556260E-2;-7,024798E-2;9,369801E-1
25/11/2021  09:25:26,916132;9,416711E-1;1,111253E-1;1,231024E-1;9,379816E-1
25/11/2021  09:25:26,916752;9,389978E-1;8,436456E-2;8,203124E-2;9,389689E-1
25/11/2021  09:25:26,917372;9,375494E-1;1,461691E-1;1,625939E-1;9,398081E-1
25/11/2021  09:25:26,917992;9,376030E-1;1,194084E-1;1,107811E-1;9,403711E-1
25/11/2021  09:25:26,918612;9,371977E-1;3,624849E-1;4,087049E-1;9,405906E-1
25/11/2021  09:25:26,919232;9,343366E-1;1,544522E-1;1,278414E-1;9,404642E-1
25/11/2021  09:25:26,919852;9,345810E-1;1,557265E-1;1,486929E-1;9,400123E-1
25/11/2021  09:25:26,920472;9,355049E-1;1,942747E-1;2,128271E-1;9,392867E-1
25/11/2021  09:25:26,921092;9,334664E-1;8,117876E-2;9,814378E-2;9,383858E-1
25/11/2021  09:25:26,921712;9,354811E-1;1,098510E-1;1,338441E-1;9,374194E-1
25/11/2021  09:25:26,922332;9,386849E-1;1,162226E-1;1,294210E-1;9,365114E-1
25/11/2021  09:25:26,922952;9,384822E-1;2,452475E-1;2,422088E-1;9,358144E-1
25/11/2021  09:25:26,923572;9,370219E-1;1,464877E-1;1,227865E-1;9,354366E-1
25/11/2021  09:25:26,924192;9,388249E-1;1,547707E-1;1,850251E-1;9,353827E-1
25/11/2021  09:25:26,924812;9,407472E-1;-2,395264E-2;3,021839E-2;9,356098E-1
25/11/2021  09:25:26,925432;9,399664E-1;9,360338E-2;8,108345E-2;9,360820E-1
25/11/2021  09:25:26,926052;9,399545E-1;2,808078E-3;5,259767E-3;9,367439E-1
25/11/2021  09:25:26,926672;9,424669E-1;2,489498E-3;4,943835E-3;9,375176E-1
25/11/2021  09:25:26,927292;9,403151E-1;7,586778E-3;9,366883E-3;9,383376E-1
25/11/2021  09:25:26,927912;9,380471E-1;1,533758E-3;3,364175E-3;9,391253E-1
25/11/2021  09:25:26,928532;9,386849E-1;2,489498E-3;3,680107E-3;9,397656E-1
25/11/2021  09:25:26,929152;9,379994E-1;2,808078E-3;5,259767E-3;9,401674E-1
25/11/2021  09:25:26,929772;9,357999E-1;1,533758E-3;3,680107E-3;9,402937E-1
25/11/2021  09:25:26,930392;9,367298E-1;1,778134E-2;1,884484E-2;9,401377E-1
25/11/2021  09:25:26,931012;9,389948E-1;2,489498E-3;1,189434E-2;9,397450E-1
25/11/2021  09:25:26,931632;9,367030E-1;1,442576E-1;1,433221E-1;9,392238E-1
25/11/2021  09:25:26,932252;9,364556E-1;1,643281E-1;1,499566E-1;9,386726E-1
25/11/2021  09:25:26,932872;9,383421E-1;1,522221E-1;1,572231E-1;9,381472E-1
25/11/2021  09:25:26,933492;9,399694E-1;1,601866E-1;1,689125E-1;9,377117E-1
25/11/2021  09:25:26,934112;9,385716E-1;2,925022E-2;5,517702E-2;9,374428E-1
25/11/2021  09:25:26,934732;9,383541E-1;-7,938556E-2;-4,971240E-2;9,373672E-1
25/11/2021  09:25:26,935352;9,409708E-1;1,245056E-1;1,338441E-1;9,374605E-1
25/11/2021  09:25:26,935972;9,389740E-1;7,703722E-2;5,012211E-2;9,376953E-1
25/11/2021  09:25:26,936592;9,376924E-1;1,534964E-1;1,069899E-1;9,380244E-1
25/11/2021  09:25:26,937212;9,385448E-1;1,174969E-1;1,095173E-1;9,383618E-1
25/11/2021  09:25:26,937832;9,386253E-1;9,997498E-2;1,085695E-1;9,386360E-1
25/11/2021  09:25:26,938452;9,382617E-1;8,309024E-2;7,918786E-2;9,388209E-1
25/11/2021  09:25:26,939072;9,395849E-1;1,442576E-1;1,246821E-1;9,389208E-1
25/11/2021  09:25:26,939692;9,406906E-1;1,289658E-1;1,237343E-1;9,389707E-1
25/11/2021  09:25:26,940312;9,409290E-1;1,251428E-1;1,310007E-1;9,390310E-1
25/11/2021  09:25:26,940932;9,407800E-1;1,273729E-1;1,745993E-1;9,391521E-1
25/11/2021  09:25:26,941552;9,419185E-1;1,324701E-1;1,379512E-1;9,393532E-1
25/11/2021  09:25:26,942172;9,429258E-1;6,843556E-2;7,381701E-2;9,396415E-1
25/11/2021  09:25:26,942792;9,409112E-1;8,022302E-2;1,148882E-1;9,400141E-1
25/11/2021  09:25:26,943412;9,423983E-1;1,168597E-1;9,561632E-2;9,404359E-1
25/11/2021  09:25:26,944032;9,427113E-1;1,722926E-1;1,717559E-1;9,408630E-1
25/11/2021  09:25:26,944652;9,387832E-1;3,456002E-1;3,287741E-1;9,412535E-1
25/11/2021  09:25:26,945272;9,377222E-1;3,344499E-1;3,559443E-1;9,415252E-1
25/11/2021  09:25:26,945892;9,392660E-1;1,802571E-1;1,679647E-1;9,415837E-1
25/11/2021  09:25:26,946512;9,370129E-1;3,763818E-3;5,891631E-3;9,413994E-1
25/11/2021  09:25:26,947132;9,340177E-1;2,489498E-3;4,311971E-3;9,409804E-1
25/11/2021  09:25:26,947752;9,364347E-1;1,852338E-3;4,311971E-3;9,403311E-1
25/11/2021  09:25:26,948372;9,371292E-1;1,852338E-3;3,996039E-3;9,395071E-1
25/11/2021  09:25:26,948992;9,354393E-1;8,965980E-4;3,680107E-3;9,386252E-1
25/11/2021  09:25:26,949612;9,360831E-1;1,215178E-3;3,364175E-3;9,377867E-1
25/11/2021  09:25:26,950232;9,387206E-1;1,523270E-2;1,758111E-2;9,370653E-1
25/11/2021  09:25:26,950852;9,396475E-1;2,892115E-1;3,211918E-1;9,365497E-1
25/11/2021  09:25:26,951472;9,385299E-1;1,238685E-1;1,060421E-1;9,363156E-1
25/11/2021  09:25:26,952092;9,428424E-1;1,394789E-1;1,603824E-1;9,363870E-1
25/11/2021  09:25:26,952712;9,435845E-1;1,684697E-1;1,505885E-1;9,367724E-1
25/11/2021  09:25:26,953332;9,410423E-1;1,969282E-2;4,285567E-2;9,374598E-1
25/11/2021  09:25:26,953952;9,410930E-1;1,174969E-1;7,729226E-2;9,383526E-1
25/11/2021  09:25:26,954572;9,428275E-1;1,232313E-1;1,294210E-1;9,393046E-1
25/11/2021  09:25:26,955192;9,397906E-1;1,162226E-1;1,110970E-1;9,401975E-1
25/11/2021  09:25:26,955812;9,384405E-1;1,216384E-1;1,120448E-1;9,409241E-1
25/11/2021  09:25:26,956432;9,382766E-1;1,503106E-1;1,076217E-1;9,413769E-1
25/11/2021  09:25:26,957052;9,356271E-1;2,808078E-3;4,311971E-3;9,414868E-1
25/11/2021  09:25:26,957672;9,370606E-1;8,965980E-4;3,364175E-3;9,412395E-1
25/11/2021  09:25:26,958292;9,412002E-1;3,445238E-3;6,207563E-3;9,407081E-1
25/11/2021  09:25:26,958912;9,415281E-1;8,965980E-4;3,048243E-3;9,400765E-1
25/11/2021  09:25:26,959532;9,403389E-1;8,965980E-4;3,048243E-3;9,395448E-1
25/11/2021  09:25:26,960152;9,441686E-1;1,533758E-3;3,364175E-3;9,392352E-1
25/11/2021  09:25:26,960772;9,424967E-1;2,287862E-2;2,516348E-2;9,392086E-1
25/11/2021  09:25:26,961392;9,379726E-1;1,493549E-1;1,543797E-1;9,394439E-1
25/11/2021  09:25:26,962012;9,389620E-1;1,060280E-1;1,183634E-1;9,398008E-1
25/11/2021  09:25:26,962632;9,386253E-1;1,522221E-1;1,297370E-1;9,401120E-1
25/11/2021  09:25:26,963252;9,376477E-1;1,324701E-1;1,562753E-1;9,402783E-1
25/11/2021  09:25:26,963872;9,369176E-1;9,105474E-2;1,202590E-1;9,402560E-1
25/11/2021  09:25:26,964492;9,399157E-1;1,382046E-1;1,133085E-1;9,400492E-1
25/11/2021  09:25:26,965112;9,401363E-1;2,685038E-1;3,003403E-1;9,397344E-1
25/11/2021  09:25:26,965732;9,359430E-1;1,436204E-1;1,310007E-1;9,394049E-1
25/11/2021  09:25:26,966352;9,383064E-1;9,232906E-2;7,634447E-2;9,390856E-1
25/11/2021  09:25:26,966972;9,409737E-1;5,601094E-2;5,454516E-2;9,387857E-1
25/11/2021  09:25:26,967592;9,380620E-1;1,961861E-1;1,843932E-1;9,385596E-1
25/11/2021  09:25:26,968212;9,370874E-1;1,385232E-1;1,303688E-1;9,384310E-1
25/11/2021  09:25:26,968832;9,381693E-1;1,139925E-1;9,024547E-2;9,383564E-1
25/11/2021  09:25:26,969452;9,362112E-1;1,452133E-1;1,275255E-1;9,382853E-1
25/11/2021  09:25:26,970072;9,304741E-1;1,343816E-1;1,278414E-1;9,381485E-1
25/11/2021  09:25:26,970692;9,309182E-1;1,162226E-1;1,268936E-1;9,378206E-1
25/11/2021  09:25:26,971312;9,323875E-1;8,850610E-2;1,183634E-1;9,372094E-1
25/11/2021  09:25:26,971932;9,296099E-1;6,556834E-2;5,486109E-2;9,363374E-1
25/11/2021  09:25:26,972552;9,305993E-1;1,359745E-1;1,313166E-1;9,352878E-1
25/11/2021  09:25:26,973172;9,347211E-1;1,092138E-1;9,656411E-2;9,341767E-1
25/11/2021  09:25:26,973792;9,366016E-1;2,124337E-1;2,466318E-1;9,331899E-1
25/11/2021  09:25:26,974412;9,344797E-1;1,697440E-1;1,885003E-1;9,325172E-1
25/11/2021  09:25:26,975032;9,372454E-1;9,455912E-2;7,602853E-2;9,322454E-1
25/11/2021  09:25:26,975652;9,415221E-1;2,175310E-1;2,456840E-1;9,323915E-1
25/11/2021  09:25:26,976272;9,405803E-1;1,671954E-1;1,897641E-1;9,329716E-1
25/11/2021  09:25:26,976892;9,406280E-1;4,719558E-3;5,891631E-3;9,339532E-1
25/11/2021  09:25:26,977512;9,449346E-1;5,356718E-3;7,471291E-3;9,352351E-1
25/11/2021  09:25:26,978132;9,449465E-1;1,215178E-3;3,364175E-3;9,367241E-1
25/11/2021  09:25:26,978752;9,411675E-1;2,808078E-3;5,259767E-3;9,383243E-1
25/11/2021  09:25:26,979372;9,414625E-1;5,038138E-3;7,155359E-3;9,398697E-1
25/11/2021  09:25:26,979992;9,421480E-1;-5,914200E-5;2,416379E-3;9,411802E-1
25/11/2021  09:25:26,980612;9,377014E-1;1,533758E-3;4,627903E-3;9,421364E-1
25/11/2021  09:25:26,981232;9,398770E-1;4,082398E-3;5,207870E-4;9,426654E-1
25/11/2021  09:25:26,981852;9,414089E-1;8,850610E-2;5,138584E-2;9,427693E-1
25/11/2021  09:25:26,982472;9,417814E-1;9,424054E-2;6,433905E-2;9,425619E-1
25/11/2021  09:25:26,983092;9,388786E-1;2,111594E-1;1,897641E-1;9,421885E-1
25/11/2021  09:25:26,983712;9,395194E-1;9,551486E-2;9,940750E-2;9,417345E-1
25/11/2021  09:25:26,984332;9,399664E-1;1,404346E-1;1,733356E-1;9,412418E-1
25/11/2021  09:25:26,984952;9,367089E-1;2,493890E-1;2,270440E-1;9,407426E-1
25/11/2021  09:25:26,985572;9,371113E-1;5,186940E-2;1,013031E-1;9,402349E-1
25/11/2021  09:25:26,986192;9,393405E-1;1,047537E-1;1,126766E-1;9,397102E-1
25/11/2021  09:25:26,986812;9,386730E-1;9,360338E-2;7,476481E-2;9,392100E-1
25/11/2021  09:25:26,987432;9,349059E-1;1,436204E-1;1,692285E-1;9,387763E-1
25/11/2021  09:25:26,988052;9,357225E-1;8,340882E-2;9,593225E-2;9,383804E-1
25/11/2021  09:25:26,988672;9,367000E-1;3,685379E-1;3,960677E-1;9,379743E-1
25/11/2021  09:25:26,989292;9,342353E-1;1,241871E-1;1,281573E-1;9,375502E-1
25/11/2021  09:25:26,989912;9,342353E-1;1,366117E-1;1,537478E-1;9,371069E-1
25/11/2021  09:25:26,990532;9,387475E-1;1,372488E-1;1,493248E-1;9,366559E-1
25/11/2021  09:25:26,991152;9,378564E-1;1,206827E-1;1,464814E-1;9,362754E-1
25/11/2021  09:25:26,991772;9,370338E-1;1,334259E-1;1,344760E-1;9,360557E-1
25/11/2021  09:25:26,992392;9,388369E-1;1,366117E-1;1,297370E-1;9,360227E-1
25/11/2021  09:25:26,993012;9,387504E-1;1,088952E-1;8,645429E-2;9,361644E-1
25/11/2021  09:25:26,993632;9,363811E-1;1,547707E-1;1,496407E-1;9,364463E-1
25/11/2021  09:25:26,994252;9,357225E-1;1,286472E-1;1,284732E-1;9,367824E-1
25/11/2021  09:25:26,994872;9,363126E-1;2,095665E-1;1,771268E-1;9,370645E-1
25/11/2021  09:25:26,995492;9,339253E-1;1,936375E-1;2,052447E-1;9,372160E-1
25/11/2021  09:25:26,996112;9,317885E-1;1,353374E-1;1,044624E-1;9,371780E-1
25/11/2021  09:25:26,996732;9,352844E-1;2,594380E-4;2,416379E-3;9,369119E-1
25/11/2021  09:25:26,997352;9,339939E-1;2,808078E-3;4,627903E-3;9,364565E-1
25/11/2021  09:25:26,997972;9,327869E-1;5,356718E-3;9,366883E-3;9,359011E-1
25/11/2021  09:25:26,998592;9,372215E-1;2,489498E-3;4,943835E-3;9,353310E-1
25/11/2021  09:25:26,999212;9,417278E-1;1,852338E-3;4,627903E-3;9,348783E-1
25/11/2021  09:25:26,999832;9,420288E-1;1,215178E-3;3,680107E-3;9,347343E-1
25/11/2021  09:25:27,000452;9,435130E-1;1,491412E-2;1,473773E-2;9,350394E-1
25/11/2021  09:25:27,001072;9,475304E-1;1,778134E-2;2,010857E-2;9,358317E-1
25/11/2021  09:25:27,001692;9,484960E-1;1,362931E-1;1,306848E-1;9,370957E-1
25/11/2021  09:25:27,002312;9,474112E-1;1,394789E-1;7,255328E-2;9,387619E-1
25/11/2021  09:25:27,002932;9,477778E-1;1,104881E-1;1,000394E-1;9,406741E-1
25/11/2021  09:25:27,003552;9,481086E-1;8,946184E-2;1,316326E-1;9,426306E-1
25/11/2021  09:25:27,004172;9,444607E-1;6,652408E-2;3,969635E-2;9,444359E-1
25/11/2021  09:25:27,004792;9,405207E-1;9,997498E-2;1,009872E-1;9,458846E-1
25/11/2021  09:25:27,005412;9,404164E-1;1,184526E-1;1,107811E-1;9,467732E-1
25/11/2021  09:25:27,006032;9,373139E-1;1,257800E-1;1,663851E-1;9,469804E-1
25/11/2021  09:25:27,006652;9,334425E-1;1,512664E-1;1,831295E-1;9,464810E-1
25/11/2021  09:25:27,007272;9,345393E-1;1,136739E-1;1,196272E-1;9,453147E-1
25/11/2021  09:25:27,007892;9,351473E-1;1,668768E-1;1,152041E-1;9,436185E-1
25/11/2021  09:25:27,008512;9,336273E-1;1,589123E-1;1,967146E-1;9,416242E-1
25/11/2021  09:25:27,009132;9,357612E-1;8,627604E-2;2,453162E-2;9,395796E-1
25/11/2021  09:25:27,009752;9,381484E-1;1,206827E-1;1,398468E-1;9,377173E-1
25/11/2021  09:25:27,010372;9,358387E-1;1,331073E-1;1,464814E-1;9,362365E-1
25/11/2021  09:25:27,010992;9,349148E-1;5,155082E-2;4,475127E-2;9,352250E-1
25/11/2021  09:25:27,011612;9,365689E-1;1,324701E-1;1,319485E-1;9,346463E-1
25/11/2021  09:25:27,012232;9,393972E-1;-3,797016E-2;-1,022090E-2;9,344398E-1
25/11/2021  09:25:27,012852;9,374451E-1;1,675139E-1;2,144068E-1;9,345708E-1
25/11/2021  09:25:27,013472;9,364586E-1;1,197269E-1;1,322644E-1;9,349709E-1
25/11/2021  09:25:27,014092;9,395492E-1;9,901924E-2;1,161519E-1;9,355264E-1
25/11/2021  09:25:27,014712;9,387087E-1;1,117624E-1;1,000394E-1;9,361510E-1
25/11/2021  09:25:27,015332;9,382468E-1;7,385142E-2;7,855599E-2;9,367940E-1
25/11/2021  09:25:27,015952;9,402972E-1;1,742041E-1;1,569071E-1;9,374082E-1
25/11/2021  09:25:27,016572;9,410453E-1;8,965980E-4;3,048243E-3;9,379765E-1
25/11/2021  09:25:27,017192;9,389352E-1;6,312458E-3;7,787223E-3;9,385064E-1
25/11/2021  09:25:27,017812;9,412032E-1;5,356718E-3;7,471291E-3;9,389876E-1
25/11/2021  09:25:27,018432;9,378921E-1;1,993719E-1;2,005057E-1;9,393941E-1
25/11/2021  09:25:27,019052;9,370636E-1;1,522221E-1;1,382671E-1;9,396797E-1
25/11/2021  09:25:27,019672;9,383421E-1;3,020596E-2;1,726518E-2;9,397884E-1
25/11/2021  09:25:27,020292;9,424609E-1;4,900218E-2;1,543797E-1;9,397349E-1
25/11/2021  09:25:27,020912;9,434951E-1;6,631038E-3;8,103155E-3;9,396438E-1
25/11/2021  09:25:27,021532;9,422791E-1;4,719558E-3;7,155359E-3;9,396636E-1
25/11/2021  09:25:27,022152;9,432000E-1;4,400978E-3;7,155359E-3;9,398634E-1
25/11/2021  09:25:27,022772;9,421331E-1;1,215178E-3;3,680107E-3;9,402276E-1
25/11/2021  09:25:27,023392;9,410542E-1;8,965980E-4;3,364175E-3;9,406887E-1
25/11/2021  09:25:27,024012;9,391349E-1;-6,963020E-4;2,100447E-3;9,411397E-1
25/11/2021  09:25:27,024632;9,400111E-1;4,082398E-3;9,682815E-3;9,414673E-1
25/11/2021  09:25:27,025252;9,358804E-1;1,445762E-1;2,099837E-1;9,415864E-1
25/11/2021  09:25:27,025872;9,329478E-1;1,958676E-1;1,742834E-1;9,414169E-1
25/11/2021  09:25:27,026492;9,342442E-1;1,273729E-1;1,133085E-1;9,408854E-1
25/11/2021  09:25:27,027112;9,343843E-1;6,970988E-2;8,392683E-2;9,400028E-1
25/11/2021  09:25:27,027732;9,332756E-1;1,190898E-1;1,310007E-1;9,388787E-1
25/11/2021  09:25:27,028352;9,334664E-1;1,178155E-1;1,392149E-1;9,376483E-1
25/11/2021  09:25:27,028972;9,379517E-1;2,192288E-2;8,076751E-2;9,364542E-1
25/11/2021  09:25:27,029592;9,381395E-1;3,763818E-3;1,947671E-2;9,354721E-1
25/11/2021  09:25:27,030212;9,370845E-1;1,006121E-1;7,128955E-2;9,348511E-1
25/11/2021  09:25:27,030832;9,395164E-1;7,066562E-2;6,023194E-2;9,346388E-1
25/11/2021  09:25:27,031452;9,410572E-1;1,439390E-1;1,505885E-1;9,348189E-1
25/11/2021  09:25:27,032072;9,392392E-1;1,133553E-1;9,656411E-2;9,353487E-1
25/11/2021  09:25:27,032692;9,386253E-1;3,944478E-2;4,032822E-2;9,361257E-1
25/11/2021  09:25:27,033312;9,410959E-1;-1,102878E-1;-6,392934E-2;9,370070E-1
25/11/2021  09:25:27,033932;9,381037E-1;-6,963020E-4;2,484755E-2;9,378748E-1
25/11/2021  09:25:27,034552;9,353171E-1;1,108067E-1;1,170997E-1;9,386163E-1
25/11/2021  09:25:27,035172;9,366940E-1;8,372740E-2;5,991600E-2;9,391030E-1
25/11/2021  09:25:27,035792;9,376954E-1;2,538491E-1;2,355742E-1;9,392723E-1
25/11/2021  09:25:27,036412;9,367954E-1;1,041165E-1;1,177316E-1;9,391666E-1
25/11/2021  09:25:27,037032;9,386700E-1;1,464877E-1;1,531159E-1;9,388802E-1
25/11/2021  09:25:27,037652;9,413820E-1;-3,669584E-2;1,152651E-3;9,385367E-1
25/11/2021  09:25:27,038272;9,406340E-1;9,901924E-2;1,133085E-1;9,382805E-1
25/11/2021  09:25:27,038892;9,401810E-1;2,713710E-1;2,343105E-1;9,382095E-1
25/11/2021  09:25:27,039512;9,432239E-1;8,340882E-2;6,718244E-2;9,383474E-1
25/11/2021  09:25:27,040132;9,435428E-1;2,688224E-1;2,927579E-1;9,386977E-1
25/11/2021  09:25:27,040752;9,400051E-1;4,400978E-3;6,839427E-3;9,392389E-1
25/11/2021  09:25:27,041372;9,397131E-1;8,861098E-3;1,094654E-2;9,398666E-1
25/11/2021  09:25:27,041992;9,403896E-1;5,675298E-3;7,471291E-3;9,404364E-1
25/11/2021  09:25:27,042612;9,364526E-1;9,498258E-3;1,126247E-2;9,408368E-1
25/11/2021  09:25:27,043232;9,343158E-1;3,763818E-3;5,259767E-3;9,409691E-1
25/11/2021  09:25:27,043852;9,360562E-1;5,780180E-4;2,100447E-3;9,407516E-1
25/11/2021  09:25:27,044472;9,358804E-1;-5,914200E-5;1,468583E-3;9,401949E-1
25/11/2021  09:25:27,045092;9,346585E-1;2,128572E-2;1,884484E-2;9,393981E-1
25/11/2021  09:25:27,045712;9,368818E-1;5,792242E-2;8,487463E-2;9,384840E-1
25/11/2021  09:25:27,046332;9,393972E-1;-1,351371E-1;-8,130560E-2;9,375963E-1
25/11/2021  09:25:27,046952;9,368371E-1;1,178155E-1;9,182514E-2;9,368868E-1
25/11/2021  09:25:27,047572;9,374630E-1;1,318330E-1;1,262617E-1;9,364344E-1
25/11/2021  09:25:27,048192;9,391826E-1;-1,407666E-2;-2,064666E-2;9,362370E-1
25/11/2021  09:25:27,048812;9,400081E-1;-2,044826E-2;-2,127852E-2;9,362811E-1
25/11/2021  09:25:27,049432;9,370159E-1;1,200455E-1;1,306848E-1;9,365401E-1
25/11/2021  09:25:27,050052;9,380203E-1;1,257800E-1;1,679647E-1;9,369309E-1
25/11/2021  09:25:27,050672;9,390932E-1;1,133553E-1;1,136244E-1;9,373532E-1
25/11/2021  09:25:27,051292;9,352814E-1;2,287862E-2;-1,211649E-2;9,377348E-1
25/11/2021  09:25:27,051912;9,347688E-1;3,753330E-2;4,380347E-2;9,379944E-1
25/11/2021  09:25:27,052532;9,377610E-1;-9,340308E-2;-6,550900E-2;9,380613E-1
25/11/2021  09:25:27,053152;9,380858E-1;1,187712E-1;1,622780E-1;9,379573E-1
25/11/2021  09:25:27,053772;9,374659E-1;1,439390E-1;1,651214E-1;9,377748E-1
25/11/2021  09:25:27,054392;9,393376E-1;9,710776E-2;1,013031E-1;9,375992E-1
25/11/2021  09:25:27,055012;9,413582E-1;6,365686E-2;4,791059E-2;9,375071E-1
25/11/2021  09:25:27,055632;9,384822E-1;1,455319E-1;1,670170E-1;9,375637E-1
25/11/2021  09:25:27,056252;9,394210E-1;2,353715E-1;2,352583E-1;9,377698E-1
25/11/2021  09:25:27,056872;9,419900E-1;5,855958E-2;4,980618E-2;9,380822E-1
25/11/2021  09:25:27,057492;9,408694E-1;1,703812E-1;1,673329E-1;9,384822E-1
25/11/2021  09:25:27,058112;9,386372E-1;1,299215E-1;1,240502E-1;9,389437E-1
25/11/2021  09:25:27,058732;9,406072E-1;1,028422E-1;9,940750E-2;9,393954E-1
25/11/2021  09:25:27,059352;9,403449E-1;2,356901E-1;2,725382E-1;9,397766E-1
25/11/2021  09:25:27,059972;9,377908E-1;2,535305E-1;2,937057E-1;9,400589E-1
25/11/2021  09:25:27,060592;9,373795E-1;1,215178E-3;3,996039E-3;9,402006E-1
25/11/2021  09:25:27,061212;9,406727E-1;5,993878E-3;8,103155E-3;9,401731E-1
25/11/2021  09:25:27,061832;9,393137E-1;1,215178E-3;3,680107E-3;9,400211E-1
25/11/2021  09:25:27,062452;9,388071E-1;2,808078E-3;5,259767E-3;9,398201E-1
25/11/2021  09:25:27,063072;9,410542E-1;2,170918E-3;4,627903E-3;9,396221E-1
25/11/2021  09:25:27,063692;9,419185E-1;2,808078E-3;4,311971E-3;9,394829E-1
25/11/2021  09:25:27,064312;9,385865E-1;2,489498E-3;4,311971E-3;9,394512E-1
25/11/2021  09:25:27,064932;9,387683E-1;1,650702E-2;1,789705E-2;9,395042E-1
25/11/2021  09:25:27,065552;9,414655E-1;9,774492E-2;8,266311E-2;9,395828E-1
25/11/2021  09:25:27,066172;9,382348E-1;1,073023E-1;1,170997E-1;9,396627E-1
25/11/2021  09:25:27,066792;9,357672E-1;1,751599E-1;2,121952E-1;9,397090E-1
25/11/2021  09:25:27,067412;9,373080E-1;1,073023E-1;7,286922E-2;9,396436E-1
25/11/2021  09:25:27,068032;9,361755E-1;1,104881E-1;1,663851E-1;9,394175E-1
25/11/2021  09:25:27,068652;9,328733E-1;1,302401E-1;1,313166E-1;9,390249E-1
25/11/2021  09:25:27,069272;9,337108E-1;1,327887E-1;1,357397E-1;9,384541E-1
25/11/2021  09:25:27,069892;9,354512E-1;1,404346E-1;1,259458E-1;9,377221E-1
25/11/2021  09:25:27,070512;9,346168E-1;1,159040E-1;1,139404E-1;9,369164E-1
25/11/2021  09:25:27,071132;9,349535E-1;2,638300E-2;4,380347E-2;9,361443E-1
25/11/2021  09:25:27,071752;9,390634E-1;6,312458E-3;6,839427E-3;9,355033E-1
25/11/2021  09:25:27,072372;9,386610E-1;9,870066E-2;1,082536E-1;9,351022E-1
25/11/2021  09:25:27,072992;9,372126E-1;1,260985E-1;1,155200E-1;9,350139E-1
25/11/2021  09:25:27,073612;9,400051E-1;1,302401E-1;1,249980E-1;9,352231E-1
25/11/2021  09:25:27,074232;9,422463E-1;1,264171E-1;1,069899E-1;9,356879E-1
25/11/2021  09:25:27,074852;9,392034E-1;1,270543E-1;1,066739E-1;9,363768E-1
25/11/2021  09:25:27,075472;9,413969E-1;8,532030E-2;6,086380E-2;9,372175E-1
25/11/2021  09:25:27,076092;9,432894E-1;7,767438E-2;5,896821E-2;9,381216E-1
25/11/2021  09:25:27,076712;9,420049E-1;1,382046E-1;1,663851E-1;9,390404E-1
25/11/2021  09:25:27,077332;9,389859E-1;1,394789E-1;1,382671E-1;9,399159E-1
25/11/2021  09:25:27,077952;9,390902E-1;1,331073E-1;1,591187E-1;9,406369E-1
25/11/2021  09:25:27,078572;9,410930E-1;7,480716E-2;7,381701E-2;9,411103E-1
25/11/2021  09:25:27,079192;9,383034E-1;6,652408E-2;6,591871E-2;9,413237E-1
25/11/2021  09:25:27,079812;9,386998E-1;1,391603E-1;1,474292E-1;9,413021E-1
25/11/2021  09:25:27,080432;9,392362E-1;3,052454E-2;3,337771E-2;9,410784E-1
25/11/2021  09:25:27,081052;9,419215E-1;7,162136E-2;6,528685E-2;9,407291E-1
25/11/2021  09:25:27,081672;9,411287E-1;1,746276E-2;2,800687E-2;9,403756E-1
25/11/2021  09:25:27,082292;9,374808E-1;3,912620E-2;4,190788E-2;9,401021E-1
25/11/2021  09:25:27,082912;9,375434E-1;1,168597E-1;1,107811E-1;9,398883E-1
25/11/2021  09:25:27,083532;9,388011E-1;1,206827E-1;1,202590E-1;9,396691E-1
25/11/2021  09:25:27,084152;9,380232E-1;4,613496E-2;5,201770E-2;9,394225E-1
25/11/2021  09:25:27,084772;9,345691E-1;1,439390E-1;1,723878E-1;9,391439E-1
25/11/2021  09:25:27,085392;9,377014E-1;1,296029E-1;1,199431E-1;9,388055E-1
25/11/2021  09:25:27,086012;9,359102E-1;2,022392E-1;2,677993E-1;9,384018E-1
25/11/2021  09:25:27,086632;9,336690E-1;1,340630E-1;1,328963E-1;9,379508E-1
25/11/2021  09:25:27,087252;9,343038E-1;1,859916E-1;2,109315E-1;9,374450E-1
25/11/2021  09:25:27,087872;9,358327E-1;1,757970E-1;1,619620E-1;9,368862E-1
25/11/2021  09:25:27,088492;9,360682E-1;1,334259E-1;1,534319E-1;9,363316E-1
25/11/2021  09:25:27,089112;9,363900E-1;1,327887E-1;1,300529E-1;9,358621E-1
25/11/2021  09:25:27,089732;9,413552E-1;1,292843E-1;1,287892E-1;9,355601E-1
25/11/2021  09:25:27,090352;9,409320E-1;7,162136E-2;8,013565E-2;9,355255E-1
25/11/2021  09:25:27,090972;9,400856E-1;1,204690E-2;1,284213E-2;9,358225E-1
25/11/2021  09:25:27,091592;9,405267E-1;1,109116E-2;1,315807E-2;9,364136E-1
25/11/2021  09:25:27,092212;9,430033E-1;1,852338E-3;4,311971E-3;9,372055E-1
25/11/2021  09:25:27,092832;9,382199E-1;9,498258E-3;1,094654E-2;9,381011E-1
25/11/2021  09:25:27,093452;9,375494E-1;1,533758E-3;3,996039E-3;9,389621E-1
25/11/2021  09:25:27,094072;9,414268E-1;4,400978E-3;7,471291E-3;9,396443E-1
25/11/2021  09:25:27,094692;9,408337E-1;1,678325E-1;1,584868E-1;9,401093E-1
25/11/2021  09:25:27,095312;9,382140E-1;2,019206E-1;2,260962E-1;9,403958E-1
25/11/2021  09:25:27,095932;9,377431E-1;1,531778E-1;1,341600E-1;9,405109E-1
25/11/2021  09:25:27,096552;9,405237E-1;1,808943E-1;2,093518E-1;9,404488E-1
25/11/2021  09:25:27,097172;9,379040E-1;1,143111E-1;8,076751E-2;9,402519E-1
25/11/2021  09:25:27,097792;9,381991E-1;2,012834E-1;2,042969E-1;9,399748E-1
25/11/2021  09:25:27,098412;9,438080E-1;1,311958E-1;1,152041E-1;9,396766E-1
25/11/2021  09:25:27,099032;9,427262E-1;1,085766E-1;1,016190E-1;9,394731E-1
25/11/2021  09:25:27,099652;9,405207E-1;1,248242E-1;8,613836E-2;9,394684E-1
25/11/2021  09:25:27,100272;9,424192E-1;9,328480E-2;9,277293E-2;9,396603E-1
25/11/2021  09:25:27,100892;9,419572E-1;-9,308450E-2;-6,898425E-2;9,399896E-1
25/11/2021  09:25:27,101512;9,393346E-1;1,047537E-1;1,256299E-1;9,403870E-1
25/11/2021  09:25:27,102132;9,372037E-1;8,436456E-2;8,803395E-2;9,407422E-1
25/11/2021  09:25:27,102752;9,405356E-1;1,015679E-1;1,006712E-1;9,409391E-1
25/11/2021  09:25:27,103372;9,363841E-1;1,241871E-1;1,139404E-1;9,409300E-1
25/11/2021  09:25:27,103992;9,343038E-1;1,840801E-1;2,137749E-1;9,406980E-1
25/11/2021  09:25:27,104612;9,363543E-1;1,487177E-1;1,433221E-1;9,402182E-1
25/11/2021  09:25:27,105232;9,364616E-1;4,963934E-2;2,769094E-2;9,395248E-1
25/11/2021  09:25:27,105852;9,315888E-1;1,987348E-1;2,507389E-1;9,387000E-1
25/11/2021  09:25:27,106472;9,343307E-1;1,515849E-1;9,845971E-2;9,377914E-1
25/11/2021  09:25:27,107092;9,378355E-1;1,433019E-1;1,322644E-1;9,368596E-1
25/11/2021  09:25:27,107712;9,375762E-1;2,114780E-1;2,191457E-1;9,360463E-1
25/11/2021  09:25:27,108332;9,355496E-1;7,066562E-2;9,972343E-2;9,354813E-1
25/11/2021  09:25:27,108952;9,377282E-1;1,082581E-1;1,098333E-1;9,351944E-1
25/11/2021  09:25:27,109572;9,370159E-1;3,912620E-2;2,642721E-2;9,351556E-1
25/11/2021  09:25:27,110192;9,314457E-1;1,646467E-1;2,317830E-1;9,352892E-1
25/11/2021  09:25:27,110812;9,323279E-1;1,236548E-2;1,473773E-2;9,354405E-1
25/11/2021  09:25:27,111432;9,347807E-1;8,965980E-4;3,680107E-3;9,354653E-1
25/11/2021  09:25:27,112052;9,338091E-1;8,542518E-3;9,366883E-3;9,353388E-1
25/11/2021  09:25:27,112672;9,347151E-1;1,215178E-3;3,364175E-3;9,351158E-1
25/11/2021  09:25:27,113292;9,381931E-1;5,780180E-4;2,732311E-3;9,348787E-1
25/11/2021  09:25:27,113912;9,402346E-1;1,533758E-3;3,680107E-3;9,347515E-1
25/11/2021  09:25:27,114532;9,377610E-1;5,356718E-3;7,471291E-3;9,348527E-1
25/11/2021  09:25:27,115152;9,400141E-1;6,684266E-2;1,291051E-1;9,352123E-1
25/11/2021  09:25:27,115772;9,444041E-1;3,625898E-2;4,822652E-2;9,358097E-1
25/11/2021  09:25:27,116392;9,437454E-1;-2,873134E-2;1,157841E-2;9,366528E-1
25/11/2021  09:25:27,117012;9,448869E-1;3,535647E-1;3,711090E-1;9,377394E-1
25/11/2021  09:25:27,117632;9,454502E-1;1,369303E-1;1,224705E-1;9,390104E-1
25/11/2021  09:25:27,118252;9,439242E-1;2,465218E-1;2,204095E-1;9,403663E-1
25/11/2021  09:25:27,118872;9,407830E-1;3,704494E-1;3,256148E-1;9,416640E-1
25/11/2021  09:25:27,119492;9,403717E-1;1,283286E-1;1,291051E-1;9,427234E-1
25/11/2021  09:25:27,120112;9,403717E-1;1,491412E-2;4,627903E-3;9,434004E-1
25/11/2021  09:25:27,120732;9,381991E-1;3,944478E-2;4,917431E-2;9,436397E-1
25/11/2021  09:25:27,121352;9,372037E-1;6,493118E-2;6,718244E-2;9,434479E-1
25/11/2021  09:25:27,121972;9,393942E-1;1,041165E-1;8,076751E-2;9,428799E-1
25/11/2021  09:25:27,122592;9,391915E-1;1,523270E-2;2,295196E-2;9,420618E-1
25/11/2021  09:25:27,123212;9,342561E-1;1,133553E-1;1,110970E-1;9,411328E-1
25/11/2021  09:25:27,123832;9,356062E-1;1,273729E-1;1,291051E-1;9,401545E-1
25/11/2021  09:25:27,124452;9,392154E-1;7,608148E-2;4,980618E-2;9,391666E-1
25/11/2021  09:25:27,125072;9,377371E-1;1,366117E-1;1,474292E-1;9,382742E-1
25/11/2021  09:25:27,125692;9,374331E-1;1,780271E-1;2,115634E-1;9,375827E-1
25/11/2021  09:25:27,126312;9,400499E-1;1,079395E-1;1,082536E-1;9,371353E-1
25/11/2021  09:25:27,126932;9,373884E-1;6,365686E-2;7,666040E-2;9,369386E-1
25/11/2021  09:25:27,127552;9,334962E-1;2,956880E-2;4,380347E-2;9,369338E-1
25/11/2021  09:25:27,128172;9,341578E-1;1,006121E-1;9,561632E-2;9,369728E-1
25/11/2021  09:25:27,128792;9,356658E-1;1,101695E-1;8,613836E-2;9,369219E-1
25/11/2021  09:25:27,129412;9,321580E-1;1,856730E-1;2,175661E-1;9,367345E-1
25/11/2021  09:25:27,130032;9,322683E-1;7,671864E-2;2,958653E-2;9,363960E-1
25/11/2021  09:25:27,130652;9,366613E-1;9,816838E-3;1,031468E-2;9,359201E-1
25/11/2021  09:25:27,131272;9,362679E-1;1,268406E-2;1,442179E-2;9,354087E-1
25/11/2021  09:25:27,131892;9,336392E-1;1,300264E-2;1,505366E-2;9,349854E-1
25/11/2021  09:25:27,132512;9,367894E-1;5,038138E-3;6,839427E-3;9,346997E-1
25/11/2021  09:25:27,133132;9,400409E-1;8,965980E-4;3,048243E-3;9,345829E-1
25/11/2021  09:25:27,133752;9,383421E-1;2,594380E-4;3,680107E-3;9,346991E-1
25/11/2021  09:25:27,134372;9,401065E-1;9,498258E-3;9,682815E-3;9,350784E-1
25/11/2021  09:25:27,134992;9,435964E-1;1,650702E-2;1,947671E-2;9,357049E-1
25/11/2021  09:25:27,135612;9,426576E-1;1,761156E-1;2,084040E-1;9,365664E-1
25/11/2021  09:25:27,136232;9,388637E-1;7,130278E-2;5,486109E-2;9,376064E-1
25/11/2021  09:25:27,136852;9,408396E-1;2,229469E-1;2,308352E-1;9,386767E-1
25/11/2021  09:25:27,137472;9,416801E-1;7,225852E-2;5,612482E-2;9,396306E-1
25/11/2021  09:25:27,138092;9,377342E-1;3,551576E-1;3,410955E-1;9,403875E-1
25/11/2021  09:25:27,138712;9,387832E-1;6,939130E-2;1,789705E-2;9,408837E-1
25/11/2021  09:25:27,139332;9,414118E-1;8,086018E-2;8,329497E-2;9,410921E-1
25/11/2021  09:25:27,139952;9,391766E-1;1,101695E-1;9,814378E-2;9,410712E-1
25/11/2021  09:25:27,140572;9,362738E-1;1,009307E-1;1,000394E-1;9,408887E-1
25/11/2021  09:25:27,141192;9,371679E-1;1,002936E-1;9,972343E-2;9,405520E-1
25/11/2021  09:25:27,141812;9,378742E-1;3,371034E-2;8,266311E-2;9,400684E-1
25/11/2021  09:25:27,142432;9,447051E-1;8,965980E-4;3,048243E-3;9,395346E-1
25/11/2021  09:25:27,143052;9,424102E-1;1,533758E-3;3,680107E-3;9,391364E-1
25/11/2021  09:25:27,143672;9,448034E-1;5,356718E-3;6,523495E-3;9,390360E-1
25/11/2021  09:25:27,144292;9,413046E-1;1,172832E-2;1,284213E-2;9,392740E-1
25/11/2021  09:25:27,144912;9,377371E-1;-1,652042E-3;-4,370969E-2;9,397474E-1
25/11/2021  09:25:27,145532;9,381037E-1;8,340882E-2;5,991600E-2;9,402490E-1
25/11/2021  09:25:27,146152;9,383660E-1;1,742041E-1;2,080881E-1;9,405917E-1
25/11/2021  09:25:27,146772;9,355347E-1;9,710776E-2;4,854245E-2;9,406824E-1
25/11/2021  09:25:27,147392;9,349059E-1;9,901924E-2;7,002583E-2;9,404815E-1
25/11/2021  09:25:27,148012;9,387683E-1;9,328480E-2;1,028828E-1;9,400018E-1
25/11/2021  09:25:27,148632;9,385299E-1;9,933782E-2;1,025668E-1;9,393566E-1
25/11/2021  09:25:27,149252;9,390574E-1;1,905566E-2;4,506720E-2;9,387115E-1
25/11/2021  09:25:27,149872;9,404939E-1;1,095324E-1;1,193112E-1;9,382009E-1
25/11/2021  09:25:27,150492;9,412271E-1;-3,605868E-2;-2,601750E-2;9,379148E-1
25/11/2021  09:25:27,151112;9,364049E-1;1,614609E-1;2,084040E-1;9,378754E-1
25/11/2021  09:25:27,151732;9,366762E-1;3,434750E-2;-2,759716E-2;9,379926E-1
25/11/2021  09:25:27,152352;9,390604E-1;1,187712E-1;1,357397E-1;9,381362E-1
25/11/2021  09:25:27,152972;9,395194E-1;4,677212E-2;3,116619E-2;9,382545E-1
25/11/2021  09:25:27,153592;9,385031E-1;1,796200E-1;1,708081E-1;9,383641E-1
25/11/2021  09:25:27,154212;9,423447E-1;9,232906E-2;1,069899E-1;9,384934E-1
25/11/2021  09:25:27,154832;9,413195E-1;1,302401E-1;1,347919E-1;9,386872E-1
25/11/2021  09:25:27,155452;9,392183E-1;2,108408E-1;2,617966E-1;9,389734E-1
25/11/2021  09:25:27,156072;9,403479E-1;-5,326200E-2;-1,022090E-2;9,393125E-1
25/11/2021  09:25:27,156692;9,434623E-1;1,388417E-1;1,344760E-1;9,396580E-1
25/11/2021  09:25:27,157312;9,439987E-1;1,152668E-1;9,688005E-2;9,400310E-1
25/11/2021  09:25:27,157932;9,404760E-1;1,697440E-1;1,872366E-1;9,404651E-1
25/11/2021  09:25:27,158552;9,410393E-1;1,589123E-1;1,452176E-1;9,409183E-1
25/11/2021  09:25:27,159172;9,395074E-1;1,843987E-1;1,878685E-1;9,412981E-1
25/11/2021  09:25:27,159792;9,353380E-1;1,109116E-2;1,252620E-2;9,415052E-1
25/11/2021  09:25:27,160412;9,341191E-1;2,489498E-3;3,996039E-3;9,414264E-1
25/11/2021  09:25:27,161032;9,369414E-1;1,215178E-3;3,680107E-3;9,409904E-1
25/11/2021  09:25:27,161652;9,357105E-1;6,631038E-3;8,419087E-3;9,402473E-1
25/11/2021  09:25:27,162272;9,359281E-1;1,215178E-3;3,048243E-3;9,393287E-1
25/11/2021  09:25:27,162892;9,400648E-1;8,965980E-4;3,048243E-3;9,383864E-1
25/11/2021  09:25:27,163512;9,389114E-1;1,533758E-3;3,680107E-3;9,375886E-1
25/11/2021  09:25:27,164132;9,371709E-1;1,873708E-2;2,105637E-2;9,370564E-1
25/11/2021  09:25:27,164752;9,374630E-1;1,633724E-1;1,641736E-1;9,367947E-1
25/11/2021  09:25:27,165372;9,395611E-1;1,417090E-1;1,474292E-1;9,367477E-1
25/11/2021  09:25:27,165992;9,380650E-1;1,834429E-1;1,885003E-1;9,368716E-1
25/11/2021  09:25:27,166612;9,367298E-1;2,678666E-1;2,940216E-1;9,371127E-1
25/11/2021  09:25:27,167232;9,391021E-1;1,238685E-1;1,208909E-1;9,373935E-1
25/11/2021  09:25:27,167852;9,381574E-1;1,152668E-1;8,645429E-2;9,376629E-1
25/11/2021  09:25:27,168472;9,352158E-1;1,108067E-1;1,199431E-1;9,378885E-1
25/11/2021  09:25:27,169092;9,374928E-1;1,085766E-1;1,164678E-1;9,380183E-1
25/11/2021  09:25:27,169712;9,383600E-1;9,965640E-2;1,325804E-1;9,380303E-1
25/11/2021  09:25:27,170332;9,366493E-1;1,958676E-1;1,730197E-1;9,379614E-1
25/11/2021  09:25:27,170952;9,388726E-1;1,114439E-1;1,016190E-1;9,378566E-1
25/11/2021  09:25:27,171572;9,417427E-1;1,088952E-1;8,898175E-2;9,377751E-1
25/11/2021  09:25:27,172192;9,419006E-1;1,171783E-1;1,180475E-1;9,378142E-1
25/11/2021  09:25:27,172812;9,401452E-1;2,978132E-1;3,110819E-1;9,380431E-1
25/11/2021  09:25:27,173432;9,423953E-1;1,123996E-1;9,024547E-2;9,384498E-1
25/11/2021  09:25:27,174052;9,441060E-1;-7,683692E-2;-5,476731E-2;9,389956E-1
25/11/2021  09:25:27,174672;9,420228E-1;9,455912E-2;1,366875E-1;9,396555E-1
25/11/2021  09:25:27,175292;9,431106E-1;1,181340E-1;1,050943E-1;9,403806E-1
25/11/2021  09:25:27,175912;9,425414E-1;1,337445E-1;1,325804E-1;9,410965E-1
25/11/2021  09:25:27,176532;9,405774E-1;1,391603E-1;1,253139E-1;9,417285E-1
25/11/2021  09:25:27,177152;9,374212E-1;1,961861E-1;1,869207E-1;9,421818E-1
25/11/2021  09:25:27,177772;9,372901E-1;1,366117E-1;1,449017E-1;9,423451E-1
25/11/2021  09:25:27,178392;9,355645E-1;-1,106064E-1;-8,604458E-2;9,421454E-1
25/11/2021  09:25:27,179012;9,332160E-1;1,522221E-1;1,774427E-1;9,415691E-1
25/11/2021  09:25:27,179632;9,349088E-1;1,025236E-1;8,013565E-2;9,406499E-1
25/11/2021  09:25:27,180252;9,361010E-1;2,808078E-3;6,207563E-3;9,394935E-1
25/11/2021  09:25:27,180872;9,355973E-1;1,332122E-2;1,568552E-2;9,382712E-1
25/11/2021  09:25:27,181492;9,356807E-1;1,533758E-3;3,680107E-3;9,371442E-1
25/11/2021  09:25:27,182112;9,379785E-1;1,459554E-2;1,631739E-2;9,362266E-1
25/11/2021  09:25:27,182732;9,393316E-1;1,533758E-3;3,996039E-3;9,356101E-1
25/11/2021  09:25:27,183352;9,381931E-1;1,215178E-3;3,048243E-3;9,353565E-1
25/11/2021  09:25:27,183972;9,378891E-1;-1,089086E-2;-7,377513E-3;9,354494E-1
25/11/2021  09:25:27,184592;9,385597E-1;2,415294E-2;2,579535E-2;9,357998E-1
25/11/2021  09:25:27,185212;9,354214E-1;1,407532E-1;1,142563E-1;9,362872E-1
25/11/2021  09:25:27,185832;9,332756E-1;1,726112E-1;1,799702E-1;9,367593E-1
25/11/2021  09:25:27,186452;9,344171E-1;1,347002E-1;1,193112E-1;9,370570E-1
25/11/2021  09:25:27,187072;9,339551E-1;7,767438E-2;1,272095E-1;9,370943E-1
25/11/2021  09:25:27,187692;9,323368E-1;1,729298E-1;2,055607E-1;9,368705E-1
25/11/2021  09:25:27,188312;9,358089E-1;1,216384E-1;1,578549E-1;9,364358E-1
25/11/2021  09:25:27,188932;9,377580E-1;1,073023E-1;1,237343E-1;9,359078E-1
25/11/2021  09:25:27,189552;9,360026E-1;1,652839E-1;1,840773E-1;9,354465E-1
25/11/2021  09:25:27,190172;9,386610E-1;8,755036E-2;9,624818E-2;9,351662E-1
25/11/2021  09:25:27,190792;9,410572E-1;1,171783E-1;1,088855E-1;9,351332E-1
25/11/2021  09:25:27,191412;9,414327E-1;2,114780E-1;1,843932E-1;9,354036E-1
25/11/2021  09:25:27,192032;9,396863E-1;1,490363E-1;2,030332E-1;9,359822E-1
25/11/2021  09:25:27,192652;9,427232E-1;2,812470E-1;3,101341E-1;9,367954E-1
25/11/2021  09:25:27,193272;9,439749E-1;1,420275E-1;1,537478E-1;9,377601E-1
25/11/2021  09:25:27,193892;9,417963E-1;1,337445E-1;1,635417E-1;9,388160E-1
25/11/2021  09:25:27,194512;9,410244E-1;1,232313E-1;1,278414E-1;9,398716E-1
25/11/2021  09:25:27,195132;9,441239E-1;1,302401E-1;1,338441E-1;9,408182E-1
25/11/2021  09:25:27,195752;9,435398E-1;1,152668E-1;8,424277E-2;9,416094E-1
25/11/2021  09:25:27,196372;9,426457E-1;1,818500E-1;1,818658E-1;9,422512E-1
25/11/2021  09:25:27,196992;9,435636E-1;1,464877E-1;1,439539E-1;9,427457E-1
25/11/2021  09:25:27,197612;9,440911E-1;5,664810E-2;1,947671E-2;9,431016E-1
25/11/2021  09:25:27,198232;9,408068E-1;1,914074E-1;1,922915E-1;9,433350E-1
25/11/2021  09:25:27,198852;9,406698E-1;1,649653E-1;1,477451E-1;9,434281E-1
25/11/2021  09:25:27,199472;9,411228E-1;1,563636E-1;1,335282E-1;9,433471E-1
25/11/2021  09:25:27,200092;9,407860E-1;1,215178E-3;3,996039E-3;9,430994E-1
25/11/2021  09:25:27,200712;9,386968E-1;5,356718E-3;7,471291E-3;9,427203E-1
25/11/2021  09:25:27,201332;9,384703E-1;2,489498E-3;4,943835E-3;9,422300E-1
25/11/2021  09:25:27,201952;9,377997E-1;1,215178E-3;3,364175E-3;9,416381E-1
25/11/2021  09:25:27,202572;9,344081E-1;2,808078E-3;4,627903E-3;9,409501E-1
25/11/2021  09:25:27,203192;9,325186E-1;1,215178E-3;3,364175E-3;9,401413E-1
25/11/2021  09:25:27,203812;9,346168E-1;1,778134E-2;1,947671E-2;9,391820E-1
25/11/2021  09:25:27,204432;9,371441E-1;1,716555E-1;2,365220E-1;9,381259E-1
25/11/2021  09:25:27,205052;9,349118E-1;9,615202E-2;9,340479E-2;9,371102E-1
25/11/2021  09:25:27,205672;9,387802E-1;1,311958E-1;1,234183E-1;9,362675E-1
25/11/2021  09:25:27,206292;9,390723E-1;8,468314E-2;6,086380E-2;9,357008E-1
25/11/2021  09:25:27,206912;9,379577E-1;1,538150E-1;1,850251E-1;9,354754E-1
25/11/2021  09:25:27,207532;9,408307E-1;2,490704E-1;2,463159E-1;9,355881E-1
25/11/2021  09:25:27,208152;9,434265E-1;1,958676E-1;1,979783E-1;9,360110E-1
25/11/2021  09:25:27,208772;9,408426E-1;6,631038E-3;9,366883E-3;9,367209E-1
25/11/2021  09:25:27,209392;9,407323E-1;7,268198E-3;8,419087E-3;9,376378E-1
25/11/2021  09:25:27,210012;9,432745E-1;3,445238E-3;4,943835E-3;9,386326E-1
25/11/2021  09:25:27,210632;9,408814E-1;1,852338E-3;3,048243E-3;9,396024E-1
25/11/2021  09:25:27,211252;9,362589E-1;8,965980E-4;3,680107E-3;9,404425E-1
25/11/2021  09:25:27,211872;9,384614E-1;5,675298E-3;8,103155E-3;9,410102E-1
25/11/2021  09:25:27,212492;9,398442E-1;8,965980E-4;2,416379E-3;9,412257E-1
25/11/2021  09:25:27,213112;9,379517E-1;1,459554E-2;1,473773E-2;9,411321E-1
25/11/2021  09:25:27,213732;9,381544E-1;1,037979E-1;6,370719E-2;9,408165E-1
25/11/2021  09:25:27,214352;9,415698E-1;1,512664E-1;1,316326E-1;9,403722E-1
25/11/2021  09:25:27,214972;9,404522E-1;1,098510E-1;9,119327E-2;9,399253E-1
25/11/2021  09:25:27,215592;9,399128E-1;1,433019E-1;1,556434E-1;9,395866E-1
25/11/2021  09:25:27,216212;9,430778E-1;5,409946E-2;7,855599E-2;9,394084E-1
25/11/2021  09:25:27,216832;9,447796E-1;1,315144E-1;1,379512E-1;9,394355E-1
25/11/2021  09:25:27,217452;9,424669E-1;9,583344E-2;8,866581E-2;9,397092E-1
25/11/2021  09:25:27,218072;9,431345E-1;1,523270E-2;4,285567E-2;9,402007E-1
25/11/2021  09:25:27,218692;9,459330E-1;1,190898E-1;1,009872E-1;9,408328E-1
25/11/2021  09:25:27,219312;9,424997E-1;8,723178E-2;6,149566E-2;9,415415E-1
25/11/2021  09:25:27,219932;9,386581E-1;1,260985E-1;1,205749E-1;9,422274E-1
25/11/2021  09:25:27,220552;9,393495E-1;1,178155E-1;1,164678E-1;9,427258E-1
25/11/2021  09:25:27,221172;9,396654E-1;1,299215E-1;1,515363E-1;9,429112E-1
25/11/2021  09:25:27,221792;9,360592E-1;1,139925E-1;8,171531E-2;9,427551E-1
25/11/2021  09:25:27,222412;9,357046E-1;-1,057228E-2;-3,328394E-2;9,422661E-1
25/11/2021  09:25:27,223032;9,379189E-1;1,165411E-1;1,268936E-1;9,414831E-1
25/11/2021  09:25:27,223652;9,355228E-1;2,130709E-1;2,381017E-1;9,405100E-1
25/11/2021  09:25:27,224272;9,334008E-1;1,057094E-1;9,024547E-2;9,394548E-1
25/11/2021  09:25:27,224892;9,351175E-1;2,468404E-1;2,308352E-1;9,383764E-1
25/11/2021  09:25:27,225512;9,356628E-1;6,312458E-3;3,969635E-2;9,373348E-1
25/11/2021  09:25:27,226132;9,317885E-1;1,267357E-1;9,403666E-2;9,363978E-1
25/11/2021  09:25:27,226752;9,345482E-1;1,085766E-1;6,402312E-2;9,355869E-1
25/11/2021  09:25:27,227372;9,365838E-1;1,480806E-1;1,281573E-1;9,349175E-1
25/11/2021  09:25:27,227992;9,352456E-1;1,633724E-1;1,297370E-1;9,344453E-1
25/11/2021  09:25:27,228612;9,351622E-1;7,586778E-3;1,126247E-2;9,342026E-1
25/11/2021  09:25:27,229232;9,397548E-1;5,780180E-4;3,048243E-3;9,341831E-1
25/11/2021  09:25:27,229852;9,410006E-1;8,542518E-3;1,126247E-2;9,344119E-1
25/11/2021  09:25:27,230472;9,390932E-1;1,215178E-3;3,680107E-3;9,349246E-1
25/11/2021  09:25:27,231092;9,424848E-1;4,400978E-3;6,839427E-3;9,356933E-1
25/11/2021  09:25:27,231712;9,467794E-1;1,852338E-3;4,311971E-3;9,366768E-1
25/11/2021  09:25:27,232332;9,455813E-1;8,965980E-4;2,732311E-3;9,378782E-1
25/11/2021  09:25:27,232952;9,445561E-1;2,351578E-2;2,010857E-2;9,392682E-1
25/11/2021  09:25:27,233572;9,456051E-1;1,519035E-1;1,417424E-1;9,407331E-1
25/11/2021  09:25:27,234192;9,454233E-1;1,617795E-1;1,477451E-1;9,421392E-1
25/11/2021  09:25:27,234812;9,414864E-1;1,429833E-1;1,344760E-1;9,433661E-1
25/11/2021  09:25:27,235432;9,421837E-1;1,888588E-1;2,257803E-1;9,442868E-1
25/11/2021  09:25:27,236052;9,435875E-1;-2,841276E-2;3,996039E-3;9,448191E-1
25/11/2021  09:25:27,236672;9,410602E-1;1,356559E-1;1,613302E-1;9,449762E-1
25/11/2021  09:25:27,237292;9,391558E-1;8,818752E-2;9,688005E-2;9,448050E-1
25/11/2021  09:25:27,237912;9,418261E-1;1,254614E-1;1,177316E-1;9,443484E-1
25/11/2021  09:25:27,238532;9,406429E-1;7,608148E-2;4,538313E-2;9,436919E-1
25/11/2021  09:25:27,239152;9,347837E-1;7,831154E-2;8,424277E-2;9,429223E-1
25/11/2021  09:25:27,239772;9,365987E-1;1,152668E-1;1,123607E-1;9,420463E-1
25/11/2021  09:25:27,240392;9,397459E-1;1,859916E-1;1,603824E-1;9,410710E-1
25/11/2021  09:25:27,241012;9,360503E-1;2,102037E-1;2,049288E-1;9,400863E-1
25/11/2021  09:25:27,241632;9,353529E-1;9,965640E-2;7,128955E-2;9,391733E-1
25/11/2021  09:25:27,242252;9,373139E-1;9,806350E-2;1,208909E-1;9,383514E-1
25/11/2021  09:25:27,242872;9,344886E-1;8,946184E-2;8,203124E-2;9,376321E-1
25/11/2021  09:25:27,243492;9,312013E-1;2,200796E-1;2,163023E-1;9,369970E-1
25/11/2021  09:25:27,244112;9,332577E-1;1,260985E-1;1,205749E-1;9,363738E-1
25/11/2021  09:25:27,244732;9,342561E-1;2,028763E-1;1,910278E-1;9,357244E-1
25/11/2021  09:25:27,245352;9,312937E-1;1,914074E-1;1,932393E-1;9,350785E-1
25/11/2021  09:25:27,245972;9,326975E-1;1,315144E-1;9,214107E-2;9,344632E-1
25/11/2021  09:25:27,246592;9,358119E-1;1,369303E-1;1,351078E-1;9,339076E-1
25/11/2021  09:25:27,247212;9,356032E-1;1,092138E-1;1,088855E-1;9,334907E-1
25/11/2021  09:25:27,247832;9,352575E-1;1,063466E-1;9,719598E-2;9,332902E-1
25/11/2021  09:25:27,248452;9,419185E-1;1,433019E-1;1,569071E-1;9,333509E-1
25/11/2021  09:25:27,249072;9,442014E-1;1,109116E-2;1,284213E-2;9,337503E-1
25/11/2021  09:25:27,249692;9,423834E-1;2,489498E-3;4,627903E-3;9,345710E-1
25/11/2021  09:25:27,250312;9,448481E-1;5,675298E-3;7,787223E-3;9,357913E-1
25/11/2021  09:25:27,250932;9,449524E-1;5,993878E-3;7,471291E-3;9,372972E-1
25/11/2021  09:25:27,251552;9,415698E-1;8,542518E-3;9,998747E-3;9,389332E-1
25/11/2021  09:25:27,252172;9,378236E-1;1,215178E-3;3,996039E-3;9,404780E-1
25/11/2021  09:25:27,252792;9,385090E-1;1,714418E-2;2,200416E-2;9,416770E-1
25/11/2021  09:25:27,253412;9,397041E-1;1,088952E-1;7,350108E-2;9,423706E-1
25/11/2021  09:25:27,254032;9,368341E-1;1,968233E-1;1,796542E-1;9,425482E-1
25/11/2021  09:25:27,254652;9,386938E-1;2,098851E-1;1,164678E-1;9,422824E-1
25/11/2021  09:25:27,255272;9,419155E-1;9,041758E-2;1,193112E-1;9,417087E-1
25/11/2021  09:25:27,255892;9,413969E-1;6,631038E-3;-3,612733E-2;9,410327E-1
25/11/2021  09:25:27,256512;9,402406E-1;1,257800E-1;1,392149E-1;9,404412E-1
25/11/2021  09:25:27,257132;9,434414E-1;8,340882E-2;1,044624E-1;9,400355E-1
25/11/2021  09:25:27,257752;9,442461E-1;2,006463E-1;2,099837E-1;9,398766E-1
25/11/2021  09:25:27,258372;9,427113E-1;1,681511E-1;1,648054E-1;9,400006E-1
25/11/2021  09:25:27,258992;9,435785E-1;1,926818E-1;2,175661E-1;9,403748E-1
25/11/2021  09:25:27,259612;9,440047E-1;1,506292E-1;1,509044E-1;9,409175E-1
25/11/2021  09:25:27,260232;9,389918E-1;1,143111E-1;1,174156E-1;9,415229E-1
25/11/2021  09:25:27,260852;9,356688E-1;2,388759E-1;2,390494E-1;9,420217E-1
25/11/2021  09:25:27,261472;9,385984E-1;1,359745E-1;1,310007E-1;9,422238E-1
25/11/2021  09:25:27,262092;9,366642E-1;2,066993E-1;2,349423E-1;9,420480E-1
25/11/2021  09:25:27,262712;9,321968E-1;7,831154E-2;5,043804E-2;9,415115E-1
25/11/2021  09:25:27,263332;9,344976E-1;1,149482E-1;1,496407E-1;9,406401E-1
25/11/2021  09:25:27,263952;9,371023E-1;1,002936E-1;6,907803E-2;9,395151E-1
25/11/2021  09:25:27,264572;9,344081E-1;7,448858E-2;6,876210E-2;9,383076E-1
25/11/2021  09:25:27,265192;9,315977E-1;1,190898E-1;1,272095E-1;9,371573E-1
25/11/2021  09:25:27,265812;9,365659E-1;1,499920E-1;1,404787E-1;9,361187E-1
25/11/2021  09:25:27,266432;9,417158E-1;1,362931E-1;5,991600E-2;9,352846E-1
25/11/2021  09:25:27,267052;9,433133E-1;7,193994E-2;7,476481E-2;9,348447E-1
25/11/2021  09:25:27,267672;9,407383E-1;3,530324E-2;3,938042E-2;9,349463E-1
25/11/2021  09:25:27,268292;9,381037E-1;1,136739E-1;1,120448E-1;9,355477E-1
25/11/2021  09:25:27,268912;9,367715E-1;1,340630E-1;1,546956E-1;9,364304E-1
25/11/2021  09:25:27,269532;9,349923E-1;4,040052E-2;5,201770E-2;9,373204E-1
25/11/2021  09:25:27,270152;9,328405E-1;1,442576E-1;1,676488E-1;9,379809E-1
25/11/2021  09:25:27,270772;9,325723E-1;1,796200E-1;2,251484E-1;9,382507E-1
25/11/2021  09:25:27,271392;9,355615E-1;1,111253E-1;1,057261E-1;9,380875E-1
25/11/2021  09:25:27,272012;9,343098E-1;1,397975E-1;1,704922E-1;9,375857E-1
25/11/2021  09:25:27,272632;9,358089E-1;1,296029E-1;1,243661E-1;9,369067E-1
25/11/2021  09:25:27,273252;9,383213E-1;1,264171E-1;1,240502E-1;9,362185E-1
25/11/2021  09:25:27,273872;9,421688E-1;1,681511E-1;2,200935E-1;9,357038E-1
25/11/2021  09:25:27,274492;9,398293E-1;1,990534E-1;2,125112E-1;9,355293E-1
25/11/2021  09:25:27,275112;9,419632E-1;1,391603E-1;1,793383E-1;9,357613E-1
25/11/2021  09:25:27,275732;9,434116E-1;1,592309E-1;1,550115E-1;9,363675E-1
25/11/2021  09:25:27,276352;9,434891E-1;9,232906E-2;1,098333E-1;9,372813E-1
25/11/2021  09:25:27,276972;9,444875E-1;1,515849E-1;1,768108E-1;9,384158E-1
25/11/2021  09:25:27,277592;9,455783E-1;1,391603E-1;1,126766E-1;9,396725E-1
25/11/2021  09:25:27,278212;9,475990E-1;1,847173E-1;1,708081E-1;9,409745E-1
25/11/2021  09:25:27,278832;9,444041E-1;1,852338E-3;3,680107E-3;9,422610E-1
25/11/2021  09:25:27,279452;9,437275E-1;8,965980E-4;2,416379E-3;9,434378E-1
25/11/2021  09:25:27,280072;9,452386E-1;1,215178E-3;3,680107E-3;9,443918E-1
25/11/2021  09:25:27,280692;9,422851E-1;9,498258E-3;1,252620E-2;9,450552E-1
25/11/2021  09:25:27,281312;9,399008E-1;2,594380E-4;2,732311E-3;9,453863E-1
25/11/2021  09:25:27,281932;9,416085E-1;8,965980E-4;3,364175E-3;9,453489E-1
25/11/2021  09:25:27,282552;9,408843E-1;8,965980E-4;4,311971E-3;9,449683E-1
25/11/2021  09:25:27,283172;9,375285E-1;1,809992E-2;2,295196E-2;9,443226E-1
25/11/2021  09:25:27,283792;9,379338E-1;1,225942E-1;1,076217E-1;9,434718E-1
25/11/2021  09:25:27,284412;9,377967E-1;1,751599E-1;1,859729E-1;9,424671E-1
25/11/2021  09:25:27,285032;9,346585E-1;1,222756E-1;1,167838E-1;9,413734E-1
25/11/2021  09:25:27,285652;9,332637E-1;1,066652E-1;8,645429E-2;9,402263E-1
25/11/2021  09:25:27,286272;9,336005E-1;1,229127E-1;1,104651E-1;9,390304E-1
25/11/2021  09:25:27,286892;9,352069E-1;7,448858E-2;5,138584E-2;9,378222E-1
25/11/2021  09:25:27,287512;9,312669E-1;1,343816E-1;1,606983E-1;9,366734E-1
25/11/2021  09:25:27,288132;9,333591E-1;9,551486E-2;1,215227E-1;9,356295E-1
25/11/2021  09:25:27,288752;9,338240E-1;1,174969E-1;1,212068E-1;9,347166E-1
25/11/2021  09:25:27,289372;9,323547E-1;9,009900E-2;8,266311E-2;9,339714E-1
25/11/2021  09:25:27,289992;9,335409E-1;1,127182E-1;1,370034E-1;9,334112E-1
25/11/2021  09:25:27,290612;9,384465E-1;1,238685E-1;9,845971E-2;9,330556E-1
25/11/2021  09:25:27,291232;9,416413E-1;1,375674E-1;1,272095E-1;9,329930E-1
25/11/2021  09:25:27,291852;9,415549E-1;1,044351E-1;1,041465E-1;9,333429E-1
25/11/2021  09:25:27,292472;9,442253E-1;1,060280E-1;8,550650E-2;9,341545E-1
25/11/2021  09:25:27,293092;9,440226E-1;1,165411E-1;1,253139E-1;9,353850E-1
25/11/2021  09:25:27,293712;9,420437E-1;4,008194E-2;2,232009E-2;9,369118E-1
25/11/2021  09:25:27,294332;9,414983E-1;1,203641E-1;9,624818E-2;9,385367E-1
25/11/2021  09:25:27,294952;9,424043E-1;1,296029E-1;1,177316E-1;9,400475E-1
25/11/2021  09:25:27,295572;9,424699E-1;1,350188E-1;1,284732E-1;9,413019E-1
25/11/2021  09:25:27,296192;9,400826E-1;1,229127E-1;1,227865E-1;9,422314E-1
25/11/2021  09:25:27,296812;9,408337E-1;1,366117E-1;1,496407E-1;9,428003E-1
25/11/2021  09:25:27,297432;9,413940E-1;-9,977468E-2;-1,085277E-2;9,430148E-1
25/11/2021  09:25:27,298052;9,378593E-1;1,382046E-1;1,818658E-1;9,429257E-1
25/11/2021  09:25:27,298672;9,365301E-1;1,843987E-1;2,096678E-1;9,425683E-1
25/11/2021  09:25:27,299292;9,376120E-1;5,356718E-3;7,471291E-3;9,419570E-1
25/11/2021  09:25:27,299912;9,367268E-1;7,905358E-3;9,998747E-3;9,411454E-1
25/11/2021  09:25:27,300532;9,350877E-1;2,489498E-3;4,943835E-3;9,402170E-1
25/11/2021  09:25:27,301152;9,377222E-1;2,808078E-3;4,627903E-3;9,392508E-1
25/11/2021  09:25:27,301772;9,380978E-1;9,816838E-3;1,157841E-2;9,383429E-1
25/11/2021  09:25:27,302392;9,355734E-1;8,965980E-4;3,048243E-3;9,375890E-1
25/11/2021  09:25:27,303012;9,361665E-1;1,459554E-2;2,642721E-2;9,370182E-1
25/11/2021  09:25:27,303632;9,384941E-1;2,001140E-2;2,105637E-2;9,366168E-1
25/11/2021  09:25:27,304252;9,396803E-1;5,441804E-2;4,980618E-2;9,364014E-1
25/11/2021  09:25:27,304872;9,412241E-1;2,066993E-1;2,008217E-1;9,364193E-1
25/11/2021  09:25:27,305492;9,439034E-1;1,503106E-1;1,291051E-1;9,367153E-1
25/11/2021  09:25:27,306112;9,442521E-1;1,828058E-1;2,611647E-1;9,373186E-1
25/11/2021  09:25:27,306732;9,417546E-1;1,254614E-1;1,951349E-1;9,382016E-1
25/11/2021  09:25:27,307352;9,437812E-1;2,321857E-1;2,488433E-1;9,392526E-1
25/11/2021  09:25:27,307972;9,440405E-1;1,057094E-1;1,313166E-1;9,403414E-1
25/11/2021  09:25:27,308592;9,425146E-1;1,267357E-1;1,483770E-1;9,413705E-1
25/11/2021  09:25:27,309212;9,412599E-1;8,595746E-2;5,644075E-2;9,422487E-1
25/11/2021  09:25:27,309832;9,421271E-1;1,474434E-1;1,066739E-1;9,428888E-1
25/11/2021  09:25:27,310452;9,401303E-1;2,096714E-2;2,137230E-2;9,432454E-1
25/11/2021  09:25:27,311072;9,369325E-1;2,780612E-1;3,025518E-1;9,432961E-1
25/11/2021  09:25:27,311692;9,358864E-1;1,184526E-1;1,218387E-1;9,430047E-1
25/11/2021  09:25:27,312312;9,372752E-1;1,910889E-1;2,027173E-1;9,423625E-1
25/11/2021  09:25:27,312932;9,351383E-1;1,821686E-1;1,888163E-1;9,414363E-1
25/11/2021  09:25:27,313552;9,330014E-1;1,203641E-1;1,158360E-1;9,403208E-1
25/11/2021  09:25:27,314172;9,370457E-1;9,933782E-2;1,114129E-1;9,391031E-1
25/11/2021  09:25:27,314792;9,365093E-1;9,583344E-2;6,212753E-2;9,379086E-1
25/11/2021  09:25:27,315412;9,343724E-1;1,385232E-1;1,370034E-1;9,368721E-1
25/11/2021  09:25:27,316032;9,380054E-1;1,149482E-1;1,310007E-1;9,360666E-1
25/11/2021  09:25:27,316652;9,416175E-1;1,640096E-1;1,670170E-1;9,355541E-1
25/11/2021  09:25:27,317272;9,423059E-1;1,388417E-1;1,183634E-1;9,354340E-1
25/11/2021  09:25:27,317892;9,415072E-1;1,879031E-1;1,600664E-1;9,357637E-1
25/11/2021  09:25:27,318512;9,453995E-1;1,777085E-1;1,407946E-1;9,365079E-1
25/11/2021  09:25:27,319132;9,434683E-1;-5,914200E-5;2,100447E-3;9,375824E-1
25/11/2021  09:25:27,319752;9,411496E-1;4,719558E-3;7,787223E-3;9,388562E-1
25/11/2021  09:25:27,320372;9,411228E-1;3,445238E-3;4,943835E-3;9,401325E-1
25/11/2021  09:25:27,320992;9,420288E-1;1,215178E-3;3,680107E-3;9,412264E-1
25/11/2021  09:25:27,321612;9,384494E-1;1,215178E-3;3,996039E-3;9,420256E-1
25/11/2021  09:25:27,322232;9,375941E-1;1,215178E-3;3,364175E-3;9,424556E-1
25/11/2021  09:25:27,322852;9,371649E-1;1,268406E-2;1,536959E-2;9,424677E-1
25/11/2021  09:25:27,323472;9,361725E-1;1,969282E-2;1,726518E-2;9,420750E-1
25/11/2021  09:25:27,324092;9,332458E-1;-2,777560E-2;-3,902261E-3;9,413346E-1
25/11/2021  09:25:27,324712;9,357165E-1;-9,053586E-2;-4,592122E-2;9,403190E-1
25/11/2021  09:25:27,325332;9,367656E-1;9,392196E-2;9,119327E-2;9,391485E-1
25/11/2021  09:25:27,325952;9,346376E-1;1,235499E-1;1,553275E-1;9,379849E-1
25/11/2021  09:25:27,326572;9,349506E-1;-1,246239E-1;-1,258520E-1;9,369464E-1
25/11/2021  09:25:27,327192;9,380322E-1;1,327887E-1;1,493248E-1;9,360997E-1
25/11/2021  09:25:27,327812;9,360652E-1;3,944478E-2;2,389975E-2;9,355055E-1
